-0.03789772465825081
-0.14508269743956248
-0.14728637234322328
-0.1615303122832946
-0.17291116397320316
-0.17345166111397248
-0.177239415886973
-0.19515209210415682
-0.19957781955599785
-0.20273125693013475
-0.2043767093562868
-0.20955894076613504
-0.2193911985215351
-0.22672005861818434
-0.2325058938518347
-0.24105896555441372
-0.24537839465759653
-0.251264401995557
-0.2519246024112327
-0.2531287731725797
-0.25574742452544585
-0.25982364639639854
-0.26230298496243776
-0.26357847962121167
-0.26744183861282655
-0.2690267304612323
-0.2692314242137286
-0.26923987747903055
-0.2756067982602038
-0.2774112510707255
-0.2795999301589518
-0.2804375685751438
-0.2852469909661295
-0.285486280793854
-0.2865245555527508
-0.2874158370227808
-0.2878045859827599
-0.29407670039797723
-0.2942221562992389
-0.2954783556569964
-0.2987696450902149
-0.2996511268641825
-0.30270513812397437
-0.30314955704682234
-0.30444456776604056
-0.30817886365145325
-0.3084782316748585
-0.3088059176225215
-0.31066548103276664
-0.3144123614636227
-0.3163108836409315
-0.3165909525500865
-0.31755464615503115
-0.3181134528776208
-0.3195159976020932
-0.32204879583936946
-0.3240594050349854
-0.32427431315344996
-0.32438101415060977
-0.3276268755505214
-0.3298492212872556
-0.33072864085739995
-0.3316978661792505
-0.3318926356911071
-0.3322935312996833
-0.33253555600646856
-0.3327970875006066
-0.3329461138310473
-0.3343049662904074
-0.3351531182260285
-0.33583004599488503
-0.3360228482633829
-0.3365205973397224
-0.3367918770876258
-0.34263305148535683
-0.34424686397249504
-0.3448127431181427
-0.34494026075110973
-0.34581225714241426
-0.3477411280867323
-0.3501046904304417
-0.3502676232761132
-0.35151067006945597
-0.3515787011419086
-0.3518225112027039
-0.3525008000433445
-0.35266724701247465
-0.3555107288025283
-0.35666082361413487
-0.3573327220921469
-0.35841876999475064
-0.3592694028930386
-0.3593905784200615
-0.3617334411707007
-0.36185966287405336
-0.3630969395197847
-0.3635307418288752
-0.3636304352328352
-0.3650163412094116
-0.3655902035534382
-0.36572825554284305
-0.3659662666420142
-0.3662961057594657
-0.36999982139101767
-0.3703736031380579
-0.37119786417425377
-0.37630186171152785
-0.37706829349883325
-0.378368116915226
-0.37869138947858116
-0.3789072650424714
-0.37959025091673726
-0.3799049659849061
-0.38115628404674834
-0.3820002885375402
-0.38751354313826597
-0.3910793635440844
-0.3915861856653275
-0.3917907774448395
-0.392010864003404
-0.3937509400277708
-0.39436067103836114
-0.39464414782484075
-0.39492498417897204
-0.39595828338451255
-0.3968436984138903
-0.3970498391151093
-0.3973722398220616
-0.39762717351826143
-0.3983571349798711
-0.39890473934686305
-0.4004831803031266
-0.40208176851533606
-0.40248501900253036
-0.40259942216649736
-0.4030913393944502
-0.4033393876825763
-0.40347886647191444
-0.4057627092675148
-0.4060170369509508
-0.40797212700764596
-0.4087440668263298
-0.4089144082579992
-0.4096871344743376
-0.40984873038377145
-0.40990367379854814
-0.4107633037807356
-0.4115273177012
-0.41206538807521154
-0.4124631122313581
-0.41292715891013954
-0.413244584319159
-0.4140958858289082
-0.41467838186163136
-0.41474737314644533
-0.41589811669689425
-0.4172769536389751
-0.41781137391666123
-0.41809366993238783
-0.419585417476421
-0.420348240621388
-0.4227080814540386
-0.4227772056896676
-0.4231397376871973
-0.42581740995886075
-0.42639324693696834
-0.4265922194238775
-0.42671493569751134
-0.4281618968917428
-0.42835026319473646
-0.429387823843622
-0.4294268406617145
-0.4295916087219699
-0.4303119234645064
-0.43065379559993744
-0.4306689618776242
-0.4317274434006701
-0.4322347283648644
-0.43225806524515065
-0.4335082366688798
-0.4350124737626321
-0.43560167479195117
-0.4367835184526874
-0.4379838746802583
-0.4386773339045994
-0.43908154429908264
-0.441271564612786
-0.4449995543697696
-0.4494176174093809
-0.44960935676572766
-0.4499212588657645
-0.452066237938169
-0.4525148764252663
-0.45358751832654887
-0.45375197991130073
-0.4549195087744238
-0.4570373333990574
-0.45939980720118
-0.45962919264798074
-0.46081075444817543
-0.46206632734901454
-0.4632816519680273
-0.4643601429665725
-0.4644143810655426
-0.4653779925108893
-0.4653992284197513
-0.46629589276999395
-0.4694529393197808
-0.46969518049725595
-0.4706998029141687
-0.4718619269885721
-0.4736887235827112
-0.4781649784448392
-0.4829581841826439
-0.48388266429954
-0.4844986107200384
-0.48572686090805445
-0.48716584108769895
-0.48874789521503964
-0.49034461873907276
-0.49055914767086506
-0.493420776354219
-0.49425094192782937
-0.494284825026989
-0.4945777614484541
-0.4970206090030615
-0.4982463385799747
-0.49905259534716606
-0.5008500252850354
-0.5031887497752905
-0.5058728928810784
-0.5129329594069532
-0.5169661702932794
-0.5170215062486628
-0.5170530497092235
-0.5176404511210292
-0.5186928280553047
-0.5187447395195022
-0.5197117768911426
-0.5214679812197573
-0.5248391300439834
-0.524965922231786
-0.5252122278696005
-0.5257143882125612
-0.5263274808635908
-0.5283369762885476
-0.5283533331739692
-0.5290036464456989
-0.5331286916155654
-0.5337201877729398
-0.5339745908389786
-0.5358217303097743
-0.5363008026939237
-0.5383373616654435
-0.5387051653837034
-0.5409420530001322
-0.5410569386149291
-0.5410800147801638
-0.5413412001297664
-0.5414076648462469
-0.5421335659921169
-0.54640965177335
-0.5492362839480242
-0.5496006345965725
-0.55312240019191
-0.5533400651329259
-0.5540402640378943
-0.5542925755320817
-0.554336607436646
-0.5546015586723343
-0.5560250230380909
-0.5560554279234111
-0.5564587152751415
-0.5578151986002922
-0.5611426286470507
-0.5629395433017628
-0.563352363743102
-0.563656888054033
-0.5656831833228324
-0.5657039075568188
-0.5661529033161059
-0.5679280663778425
-0.5684522051364184
-0.5704485001042485
-0.5712334416806698
-0.5715235224924982
-0.5744060594588518
-0.5745231727138161
-0.578427583151362
-0.5788171131696019
-0.5794373601663778
-0.5807103996245132
-0.5807379791513085
-0.5821311285835691
-0.5830583269042628
-0.584332022823724
-0.5866664623220762
-0.5893526860113525
-0.5894169896841049
-0.5900546759366989
-0.5906422841468384
-0.5906785114611921
-0.5931108817458153
-0.5937529597431421
-0.5939737151769776
-0.5967135858420344
-0.5984830224979926
-0.5986422063239539
-0.6002695248773534
-0.6006791142660509
-0.6019879743335618
-0.6023341435445926
-0.6030391128733754
-0.6033030859460788
-0.6042599306223337
-0.6051309794187546
-0.6062985847325308
-0.6070891539300532
-0.6098016879986972
-0.6120574713004772
-0.6122467895038426
-0.6132635438908148
-0.6132816555691306
-0.6145245614300993
-0.6159383317377433
-0.616665861005711
-0.6170099049806594
-0.6177212886201838
-0.6182511538267136
-0.6205726009549494
-0.6225027612999838
-0.623329436742703
-0.6249381578496468
-0.6268350419899662
-0.6268835530139427
-0.626936599612236
-0.6272767720123132
-0.6274532448151149
-0.6276675526584897
-0.6286293756535883
-0.6296243786811828
-0.6302767410874367
-0.6306434970407053
-0.6307581904284234
-0.6316871524846419
-0.6329837979010335
-0.6337205320596695
-0.6346653997898102
-0.6363140042457316
-0.6388529321799675
-0.6403761016208086
-0.6404232302365926
-0.6407586878758593
-0.6411045856773854
-0.6445980970467124
-0.6478231977671385
-0.6488506036500136
-0.6496113201137632
-0.6507982438433323
-0.6508559381994259
-0.6542688030749559
-0.6550673179328441
-0.6573462379476268
-0.6606368142225215
-0.6619834888726472
-0.6620503491722047
-0.6634803246706724
-0.6637946218902976
-0.6649513226002455
-0.6650883555412292
-0.6666028394894965
-0.6666567400322492
-0.6666702128368229
-0.6673091788570673
-0.6676671976844469
-0.6680204180790627
-0.6687686317007205
-0.6709817051887512
-0.6711345756692546
-0.6715501366881653
-0.6767882394966104
-0.6803575001282297
-0.6810271557420492
-0.6814580475911498
-0.6824509121477604
-0.6829859738318191
-0.6845719907432795
-0.6862152388871892
-0.6867457941518051
-0.6870822340250016
-0.6880951889638709
-0.6885010622572452
-0.6887231486002179
-0.6892198114710987
-0.6901752430945635
-0.6917832907669208
-0.6921566096351199
-0.6923282439820468
-0.6925348401069641
-0.6931434642523527
-0.6931902598589659
-0.6936103937526544
-0.6940411397566398
-0.6944569661947233
-0.695919798250543
-0.6970640902540514
-0.6973485946655273
-0.6978361767483875
-0.698490085080266
-0.6996651296891893
-0.7001681998372078
-0.7004665228911146
-0.7009742200697531
-0.7009799003601074
-0.7011217797795931
-0.7016681984699631
-0.7038937527686357
-0.7079535331596389
-0.7081634439527988
-0.7093393758163984
-0.7096463849768042
-0.7098794505000114
-0.7105605868855491
-0.7107374042272567
-0.7117161678615957
-0.7122513636474347
-0.7124793814178297
-0.7137687308713794
-0.714285989128166
-0.7174987848848104
-0.7183848756498524
-0.718900864943862
-0.7201739723262335
-0.7202067766338587
-0.7202205352281352
-0.7202361644305191
-0.7207536278957767
-0.7214806796982884
-0.7217583532069765
-0.7223673422953912
-0.7231053551658988
-0.723244221881032
-0.7242436098555723
-0.7250679584083931
-0.7253792658448219
-0.7260310035198927
-0.7269794901136871
-0.7277999086969279
-0.7303080322841803
-0.7307365988381207
-0.7324265645756137
-0.7326676780757453
-0.7353570962941376
-0.7362079617256919
-0.7367730172461961
-0.736909224341313
-0.7405671775341034
-0.741571418941021
-0.7456016999979814
-0.7459903955459595
-0.7460006681891779
-0.7471100732684135
-0.7477803050229946
-0.748168559478862
-0.748992378837809
-0.7494942024350166
-0.7495000393440326
-0.749719155154058
-0.75203533873173
-0.7522841319441795
-0.7535757611505687
-0.7537796018391165
-0.7545102604815384
-0.7555371177503124
-0.7555735626225315
-0.7561069478591284
-0.7564957244321704
-0.756782989948988
-0.7592250727882401
-0.7594559436005915
-0.7608842320740223
-0.7611507475376129
-0.7622765352328619
-0.7623411230742931
-0.7628432661294937
-0.7632600989192724
-0.7646942776013425
-0.7667194336120572
-0.76743760087993
-0.7677696449682117
-0.7695668091376623
-0.7698951613099578
-0.7699178393398013
-0.7714476663013556
-0.7723866378267606
-0.7725966828210014
-0.7745945422437015
-0.7753687695600092
-0.776184885531014
-0.7762263646000065
-0.7764395244916942
-0.7770177920659384
-0.7778096302522499
-0.7778475498780608
-0.7782452225685119
-0.7784995250403881
-0.7787079115708669
-0.7829895147846805
-0.7860658603409926
-0.7879428652667814
-0.7885054070159438
-0.7896311965190156
-0.7901971034395198
-0.7913768949608008
-0.7920562722152681
-0.7953758679523162
-0.795433197915554
-0.7958803256707532
-0.7961452243228754
-0.7962287000380457
-0.7967046475969255
-0.7984247075332355
-0.7986311078071594
-0.8020241387670727
-0.8034190082141777
-0.8035431355237961
-0.8048155523836613
-0.8073408106574789
-0.8078494124929421
-0.8082951247692108
-0.8088344077446631
-0.8096093625445064
-0.8101522525151571
-0.8107580287115914
-0.8107593872894844
-0.812057708700498
-0.8127247741277743
-0.812795877782628
-0.8131490886211395
-0.8140205467740694
-0.8142365763584772
-0.817010642753707
-0.8192446869688865
-0.8198273797364285
-0.8198561382790407
-0.8230617958709243
-0.8256222108778145
-0.8276799396874708
-0.8278956729918718
-0.8288580536842346
-0.8343424568515729
-0.8353805659254167
-0.8353826068341732
-0.8388401103605118
-0.8391707142194113
-0.8398386926073726
-0.8402047504981359
-0.840240215882659
-0.8411712932089964
-0.8412047356367112
-0.8419718925142661
-0.8423277422552928
-0.8431158686677614
-0.8437437210232019
-0.8440613810505185
-0.8450844809412956
-0.8452738203108311
-0.8457733020186424
-0.8478562285502752
-0.8498150907456875
-0.8505002100020647
-0.8505782168358564
-0.8527324261764685
-0.8529764531458063
-0.8534936954577764
-0.8535972663201392
-0.854578325213879
-0.8562385361227725
-0.8590893357992172
-0.8615428879857063
-0.861895359121263
-0.8619491564376014
-0.8630405433475972
-0.8633775084412524
-0.8644955560564995
-0.8654361039932285
-0.8662543209890524
-0.8685142819304019
-0.8700280863791704
-0.870094015263021
-0.8707323014736176
-0.870854609956344
-0.8716758918017149
-0.8735821933169063
-0.874702124456841
-0.8775815261261803
-0.8787510369650342
-0.8793558180332184
-0.8793953619897366
-0.8802539519965649
-0.8815967934206128
-0.8817065425217152
-0.8820152059197426
-0.8835999257862568
-0.8839508029263925
-0.8849296718835831
-0.885154227912426
-0.8869288440328091
-0.8890080377459526
-0.8899958481391271
-0.8907382232802254
-0.8908557139337063
-0.8919202387332916
-0.8922821776941419
-0.8925915059323112
-0.8948647569864988
-0.89601354507613
-0.8961065514013171
-0.8986296625807881
-0.900222816814979
-0.9004939775913954
-0.902754931023732
-0.902927266433835
-0.9034985728561878
-0.904351077336969
-0.9049765720963479
-0.9057887081677715
-0.9058481073006988
-0.909927656466607
-0.9105104371905327
-0.9113307603014013
-0.9115220283158123
-0.9116996216277281
-0.9117006789116809
-0.9119398676557466
-0.9121692379315695
-0.9124427437782288
-0.9145768508315086
-0.9174257955913033
-0.9175400882959366
-0.9190279588103294
-0.919065760448575
-0.9242400117218494
-0.924879082611629
-0.925372409944733
-0.9256720095872879
-0.9271018696017563
-0.92719975641027
-0.9293255358934402
-0.9293256049975753
-0.9319880449329503
-0.9327937096357346
-0.9333321160326401
-0.9344930450121561
-0.935670543462038
-0.9364296812564135
-0.9365705605596304
-0.9373850975185632
-0.9374089868739247
-0.937619944413503
-0.9386985749006271
-0.9397660596296191
-0.9430832809137731
-0.9441923633483904
-0.9445166736841202
-0.9458645241601127
-0.947541742430379
-0.9505608174949884
-0.9512495655152533
-0.9551597114186734
-0.9553133621811867
-0.9554981840774417
-0.9557308331131935
-0.955980611499399
-0.9576060920953751
-0.9578363572557768
-0.9581386123318225
-0.9599474035203457
-0.9609949178993702
-0.9621538396924734
-0.9624362993571494
-0.9631032079458237
-0.964470911771059
-0.9647628547002872
-0.9647967281440893
-0.9653140798211097
-0.9664198160171509
-0.9674252436185876
-0.9684189224955162
-0.9686543537037713
-0.9690912943333387
-0.9691556515172124
-0.9693288803100586
-0.9708150950345126
-0.9712401162832975
-0.9714731983840466
-0.9737505406762162
-0.9739215769805014
-0.9740986081771552
-0.975289503345266
-0.9756586348844899
-0.9838864806418618
-0.9842238575220108
-0.9859068189625759
-0.9862678026159605
-0.9896574696758762
-0.9899097429588437
-0.9903663918375969
-0.9916012054309249
-0.9916785714094658
-0.9928048782878451
-0.9928111151925155
-0.9928488656878471
-0.9961449729744345
-0.9970002798363566
-0.998915939591825
-0.9992559225502191
-0.9993812697274345
-1.0010146756789513
-1.0013825362548232
-1.0015238732099534
-1.003926838748157
-1.0042774968605954
-1.0043609285993236
-1.005846306681633
-1.0064270310103893
-1.007104402780533
-1.007144388593068
-1.0072305966978092
-1.0091581717133522
-1.0097743446628253
-1.0118578728288412
-1.012033998966217
-1.013635625441869
-1.015969882408778
-1.0172957334667445
-1.0174196347594262
-1.0198619738221169
-1.0221860474557616
-1.0223468740781148
-1.0223673470318317
-1.0229129899631848
-1.0255828152100246
-1.0258391946554184
-1.0263018396993477
-1.0268970541656017
-1.0276432735845447
-1.027709767804481
-1.0302138151600957
-1.0306161984801292
-1.0315974042750895
-1.0321519955371816
-1.0337335392832756
-1.0343711599707603
-1.0362345315515995
-1.0370083771646024
-1.037228369878398
-1.0379745084792376
-1.0383200589567423
-1.0386709885464773
-1.0407911967777181
-1.0413189949467778
-1.042066052556038
-1.0430441573262215
-1.04332028478384
-1.0440139904618264
-1.0450369603931904
-1.0467177340760827
-1.0486104525625706
-1.05079947412014
-1.0519151920452714
-1.051971745573812
-1.0521956950426101
-1.0523857159747019
-1.0547365223368008
-1.0551796182990074
-1.0554212252241086
-1.0564401340670884
-1.057032721489668
-1.0573807777836919
-1.0576987777437483
-1.058136958008011
-1.058555884020669
-1.059407929579417
-1.0596144113951596
-1.0634844024543781
-1.0650739182019606
-1.0673582785659366
-1.0678065232932568
-1.067906368109915
-1.0687244832515717
-1.0695678263902664
-1.0697040185332298
-1.069868320785463
-1.070179007947445
-1.0727152861654758
-1.0730661902111023
-1.0734838880598545
-1.076146627465884
-1.07834671313564
-1.0785244526341558
-1.07860800717026
-1.0792761837753158
-1.080366725847125
-1.0814358227265377
-1.081647075210185
-1.0822251858189702
-1.0829161196947097
-1.0833017583936453
-1.083768356591463
-1.0843652784824371
-1.085881842672825
-1.0881620137020946
-1.0889784151998658
-1.0891646980024234
-1.0891889914870263
-1.0901043713092804
-1.0907751279883087
-1.091133847978199
-1.0912557881739404
-1.0912574101239443
-1.0922564938664436
-1.0969229442998767
-1.097031211214406
-1.0973086868013655
-1.0986305251717567
-1.098775178194046
-1.1056091096252203
-1.1063728002565247
-1.106768349185586
-1.107205828030904
-1.1116850394755602
-1.1140787890180945
-1.1157753715912502
-1.116886680800235
-1.1212654635310173
-1.122701957821846
-1.1234336743752162
-1.1246822386359174
-1.1250264186877756
-1.1250968073727563
-1.125348836183548
-1.1270800158381462
-1.1272434196434915
-1.1274366611614823
-1.1286614344322257
-1.1289385225002964
-1.129585112289836
-1.1302538024527686
-1.1321386871859431
-1.1351818939050038
-1.1415105263392131
-1.143342489997546
-1.1433778579036395
-1.1437484559913476
-1.1441572964191438
-1.1455232566222548
-1.1489074550724279
-1.1502807140350342
-1.1511030197143555
-1.1515433713793755
-1.158394355326891
-1.1595836654305458
-1.1599503234028816
-1.1632679097043972
-1.1640737175941467
-1.164583694189787
-1.170397977034251
-1.1728641521185637
-1.1739908754825592
-1.175858247280121
-1.177889108657837
-1.1782861924730241
-1.1822385787963867
-1.1847538027380193
-1.1853888295590878
-1.1863926847775776
-1.1864502429962158
-1.1891034103929996
-1.1913525357842445
-1.192615910122792
-1.1955841869115829
-1.1971924671088345
-1.198053514957428
-1.1989622376859188
-1.1993798895605974
-1.2022215388715267
-1.2037828521958243
-1.2050833592657
-1.2087200284004211
-1.2101767190865107
-1.2107596397399902
-1.2132867212806429
-1.2135369639311517
-1.2138949930667877
-1.2215316891670227
-1.2228426436583202
-1.2301666222512722
-1.2324699523548286
-1.2351221988598506
-1.2358179177556718
-1.2360789075493812
-1.2449087239801884
-1.2470741731425126
-1.2487493134103715
-1.2494421734341554
-1.2498995065689087
-1.2544578132884843
-1.2643511941922563
-1.2650280967354774
-1.2767277558644612
-1.2781412601470947
-1.2800816535949706
-1.2824656285035114
-1.2846346199512482
-1.287424363816778
-1.2883355582931213
-1.288526475429535
-1.299803044114794
-1.3007672258785792
-1.304503164254129
-1.3065465837717056
-1.309537916444242
-1.3119545578956604
-1.3121686751643817
-1.3133719166119893
-1.321564920246601
-1.3362270295619965
-1.337598443031311
-1.339273069985211
-1.342343408614397
-1.3425412603787013
-1.3443527491763234
-1.3596300234397252
-1.3612959092216832
-1.3673022730009896
-1.3685012857119243
-1.3745636961289815
-1.3749226567645867
-1.381312473366658
-1.3849585242569447
-1.3894664943218231
-1.390036165714264
-1.3963571339845657
-1.4039897297819455
-1.4041850405434768
-1.4076852798461914
-1.4100651840368907
-1.4138334517677624
-1.4155680667608976
-1.416935411747545
-1.4177879945685465
-1.4229728877544403
-1.4242818485945463
-1.4291241546161473
-1.4425123979647954
-1.446862152700002
-1.447444286197424
-1.4764841000239055
-1.477877636750539
-1.4804559846719105
-1.4824026264250278
-1.4824397787451744
-1.4827066399157047
-1.4842204650243123
-1.484490506350994
-1.4955416060984135
-1.4975902040799458
-1.5060147941112518
-1.5064198463223875
-1.5081660350163777
-1.5199353968103726
-1.5305601358413696
-1.5337274670600891
-1.5358469088872273
-1.5369274417559307
-1.5483328700065613
-1.5619535148143768
-1.5623599613706272
-1.5795078873634338
-1.5855100929737092
-1.591051975886027
-1.599098304907481
-1.612307866414388
-1.613154411315918
-1.6165810227394104
-1.6343171993891399
-1.63600093126297
-1.642575055360794
-1.651308313012123
-1.6516721956431866
-1.6523553530375164
-1.6601242423057556
-1.6684789508581161
-1.6702082864940166
-1.6713387966156006
-1.6738266721367836
-1.6794919418171048
-1.6952734123915434
-1.7052981853485107
-1.7082431018352509
-1.7103191018104553
-1.7143137454986572
-1.7421109177172185
-1.7444782078266143
-1.7658855319023132
-1.7833173274993896
-1.7837604582309723
-1.786948561668396
-1.7938609570264816
-1.7971160411834717
-1.8020161017775536
-1.8068615198135376
-1.810575706884265
-1.8211240768432617
-1.840443693101406
-1.842028796672821
-1.8786422312259674
-1.8914966322481632
-1.9029076099395752
-1.907482035458088
-1.924451470375061
-1.9497625430425007
-1.9697336554527283
-1.973286509513855
-1.9860566854476929
-1.9894517064094543
-1.9918930679559708
-1.994700975716114
-1.9991672784090042
-2.012260377407074
-2.022952660918236
-2.04039865732193
-2.0625609755516052
-2.062602423131466
-2.102549433708191
-2.1034867763519287
-2.1300931721925735
-2.13371729105711
-2.147008955478668
-2.1483938694000244
-2.16146656870842
-2.1725848019123077
-2.174930602312088
-2.1771259705225625
-2.2082946598529816
-2.2085337936878204
-2.212968200445175
-2.217922031879425
-2.2196518778800964
-2.225558966398239
-2.2295403480529785
-2.242566630244255
-2.275103807449341
-2.301493227481842
-2.306430920958519
-2.314674958586693
-2.339292526245117
-2.3605144023895264
-2.389701008796692
-2.3937582969665527
-2.408426241328319
-2.4138651490211487
-2.4333366751670837
-2.547952890396118
-2.557198792695999
-2.5867045521736145
-2.5942030251026154
-2.6045730086043477
-2.6114404598871865
-2.6386411488056183
-2.708029270172119
-2.7239489555358887
-2.7508583068847656
-2.7719737365841866
-2.780947484076023
-2.8002434819936752
-2.8122687339782715
-2.8316473960876465
-2.930320382118225
-3.0656685829162598
-3.1756885051727295
-3.2145848274230957
-3.2530460357666016
-3.4020191431045532
-3.4137167930603027
-3.9354915618896484
-4.0100178718566895
-4.0502424240112305
-4.257754325866699
-5.697758197784424
-5.707031726837158
