-1.3112935448589269e-05
-0.003640814160462469
-0.004294084821594879
-0.01692606559026899
-0.025257653556764126
-0.03627273285140594
-0.04033478866525305
-0.05300768942106515
-0.05800716392695904
-0.07104171757237054
-0.0938292484061094
-0.09667386382861878
-0.10301932245301941
-0.10655036587559152
-0.12807793666919073
-0.13161129135405644
-0.13229776699388043
-0.13344367600075202
-0.1501634563319385
-0.16079697633783022
-0.16382707180309808
-0.17578383946561693
-0.180268760479521
-0.1835670158441644
-0.1895065485691053
-0.18957498213664317
-0.19067613890209145
-0.19764273725450038
-0.19966333171275133
-0.20169642865389156
-0.20328196201142512
-0.20504403649829328
-0.20511319488286972
-0.21392076108087268
-0.21699402760077646
-0.21939895861769843
-0.2204277199828842
-0.22261170372366906
-0.2237921236115249
-0.22414514056872575
-0.2271852610982023
-0.2296341089240741
-0.23201882062354484
-0.23368882838708704
-0.23398837876844814
-0.23712535404838095
-0.2413211483282794
-0.24373342569119164
-0.24500939613619052
-0.24519639088872022
-0.24531631091958844
-0.24979673512279987
-0.24980756524018943
-0.2534585723850691
-0.2553640639101407
-0.25622879224829376
-0.25740691991522907
-0.2590860375712509
-0.2596344941606124
-0.2601489117369056
-0.260477258823812
-0.2610540743917227
-0.26438842919350675
-0.265240023455893
-0.268017000959892
-0.2690837939994203
-0.26971873063594104
-0.2699717581272125
-0.27025207000588125
-0.27524195324319106
-0.27526892449882284
-0.27589652441903517
-0.27639038633258844
-0.2766050118727435
-0.2798170106751578
-0.28026504519353196
-0.2805434000020952
-0.2850243051846822
-0.28621279799647176
-0.286445234246044
-0.28832301113369485
-0.2921747236385386
-0.2931483091476063
-0.29435074639817077
-0.29594798700418323
-0.2960854036815966
-0.29677286397782154
-0.29927772394148633
-0.30019686531774753
-0.3035634308023593
-0.3072164422517423
-0.30725462794200414
-0.3089441403417368
-0.31070263926636504
-0.3112598093211989
-0.31175222396003927
-0.3171907601774567
-0.31746352249431725
-0.31824537870124914
-0.31894485399243244
-0.3206420511162892
-0.3219633064036316
-0.3245477748219855
-0.32563238554575946
-0.3257730054214718
-0.3264740627896572
-0.3274471626469416
-0.32836600504180585
-0.32851858902722597
-0.33157070772722363
-0.33480746105778963
-0.33548186120848794
-0.3357442131382413
-0.33667610973653594
-0.3370005796839682
-0.33709439504855254
-0.33743022568523884
-0.3382603623904288
-0.33828705149353483
-0.3403467022666625
-0.3411885375578465
-0.3432473004795611
-0.34386008045042954
-0.34717769298003986
-0.3478369161899236
-0.3494927062653005
-0.3501158621095653
-0.3507832170696929
-0.3518936652690172
-0.3520849811920925
-0.35368065285082495
-0.3558942019861812
-0.3587599892521917
-0.3596582718018908
-0.3598465117721656
-0.3622663179941645
-0.36279592232313007
-0.36429172308583346
-0.36477281896143476
-0.365047549828887
-0.3669175229774737
-0.36769396214125055
-0.3703369157802727
-0.370854835334588
-0.37113439828019845
-0.37311840755440545
-0.3739205629564822
-0.3740898525963227
-0.3763481249644732
-0.3767163540340132
-0.3769116300261683
-0.3808054715394974
-0.38665538288478274
-0.38872721660882237
-0.3889079571736147
-0.39022743628922163
-0.3911668359457205
-0.39382794038392605
-0.3941419492544983
-0.3956791305996979
-0.39584571599261836
-0.3958948570460734
-0.3964144544758404
-0.3971479630796068
-0.3972927860191299
-0.39787909885247547
-0.39858846678282106
-0.3997417360777035
-0.40247195374104194
-0.40331650665029883
-0.4050931153534394
-0.4060222979114769
-0.4070527359773613
-0.4085457896414612
-0.41034347943544436
-0.4107003684050866
-0.41295967251062393
-0.41340813020776424
-0.41348370037740095
-0.41475338637570125
-0.4153267648653127
-0.41684913966508413
-0.4172352936118841
-0.4174529400524989
-0.41796099705000717
-0.4194554175677088
-0.4196749956657489
-0.42045282933759154
-0.4208075783215463
-0.4210225599235855
-0.4211801327764988
-0.4214278939697478
-0.42237826410218987
-0.4225428403369733
-0.4227838425897062
-0.4231128261599224
-0.424531262437813
-0.4245804673776982
-0.425879838798816
-0.42588896381979185
-0.42676258116262034
-0.42885983302923186
-0.42902433842391474
-0.42995933339592407
-0.43055861903768444
-0.4305929113882785
-0.4307545064715669
-0.43170308884718905
-0.4320557607570663
-0.43256593330038917
-0.4333913531852886
-0.43398686894215643
-0.43412168393551837
-0.43539898507297037
-0.4357081023710115
-0.43584969318989253
-0.435942238336429
-0.43612923968531603
-0.43653507492429827
-0.43703878549276853
-0.4384698362555355
-0.438897477107821
-0.4467233113828115
-0.4481382669764571
-0.450553719769232
-0.45064582396298647
-0.4509700170485303
-0.45097693149000406
-0.45114169601583853
-0.4512527550372761
-0.4516857098788023
-0.4543867612956092
-0.45710602179169657
-0.4584866568446159
-0.4592985052279093
-0.46140274894281674
-0.4614595613194979
-0.462132905156371
-0.46300510441263515
-0.46373581513762474
-0.4645046579341094
-0.4655971175758168
-0.4678323511965573
-0.4698256002739072
-0.4708402752876282
-0.4712338480167091
-0.4734673301378886
-0.4739534097413222
-0.47443737202723113
-0.4756962130112307
-0.47655842744279653
-0.4767907517296927
-0.4768847445936899
-0.477005022264671
-0.47748333553317934
-0.4802172491326928
-0.481648814631626
-0.4825901034404524
-0.48291398771107197
-0.48374673504648463
-0.48404231964377686
-0.48542750724591316
-0.48670970066450536
-0.48713960917666554
-0.48749842890538275
-0.48854790355544536
-0.4888393743429333
-0.4896500806013743
-0.4926645222236402
-0.5022170580923557
-0.504718063166365
-0.5051331602153368
-0.5054692038102075
-0.5067206614896551
-0.5112723186612129
-0.5114253734936938
-0.5125782359391451
-0.5127866287250071
-0.5140260169615171
-0.5140926707535982
-0.5142850037664175
-0.5143272711515238
-0.51804633505526
-0.518865581269243
-0.5223877550888574
-0.5229135295376182
-0.5245047862641513
-0.5260922121150153
-0.5291487777042979
-0.5303524136543274
-0.5312389590415276
-0.5338192783296108
-0.5352657685668115
-0.5365676961955614
-0.5434464230202138
-0.5454146838863381
-0.5461088072042912
-0.5481464543069402
-0.5487435288727284
-0.5503379762438791
-0.5523957601835718
-0.5538785327225924
-0.5567863613565956
-0.5590754509127388
-0.559691350441426
-0.5601759385317564
-0.5638555838346292
-0.5644233488943428
-0.5646607543858408
-0.5653318609502094
-0.5664103620956666
-0.5669458340853453
-0.5690074888989329
-0.5691416655916126
-0.5693843867629766
-0.5707489571401051
-0.5727000529392777
-0.5763495822669938
-0.5807910710055795
-0.5812777972896583
-0.5826666230956713
-0.5835629246314056
-0.5880951907893177
-0.5900103046558798
-0.5910936486389902
-0.5926488790557616
-0.5992967722316583
-0.6003604519646615
-0.6017579038161784
-0.6021333810082675
-0.6069639846682549
-0.6077854844209339
-0.6120668202638626
-0.6149268508306704
-0.6189618549043578
-0.6209209837122924
-0.6228257017792203
-0.624497912862959
-0.6248613827396184
-0.6248955859409762
-0.6275004162453115
-0.6285336099681444
-0.6301140722935088
-0.6303280544920459
-0.6344824432498071
-0.639362246762695
-0.6444990557049297
-0.6455945799127221
-0.6488735771272331
-0.6497990774587379
-0.6501952894364617
-0.6509350878186524
-0.6556666803856691
-0.6571906219851371
-0.6572557762265205
-0.6573772360570729
-0.6584674973040819
-0.667806640215632
-0.6681792112067342
-0.6709795063361526
-0.6712650803092401
-0.6714532307282103
-0.6715132519602776
-0.6772067644762703
-0.6779556141700596
-0.6785893571344787
-0.6801607064969305
-0.6804853560669082
-0.6809762111304736
-0.681524695828557
-0.682647128817027
-0.6834367633176347
-0.6835876655698355
-0.6911875047687014
-0.6942614167928696
-0.6979945244973871
-0.6982392382674983
-0.7011788418603828
-0.7017148389481008
-0.7058653084095567
-0.711717771179974
-0.7177733797580004
-0.7187025948078372
-0.7277515478432178
-0.7311328825089731
-0.7320697715810335
-0.7324208205100149
-0.7328004613518715
-0.7341335145873018
-0.7374828741885722
-0.7391807486613592
-0.743594489331978
-0.7438232470303774
-0.7446920569054782
-0.7466977477770342
-0.7517533615852395
-0.7531786401356969
-0.7578762265620753
-0.7618678987346357
-0.7624771231785417
-0.763469993569223
-0.7684829335582132
-0.7742667749657163
-0.7744988813181408
-0.7773060455718743
-0.7791554317809641
-0.7796677341684699
-0.781402119260747
-0.7824148437551534
-0.7832713091280311
-0.7850538399070501
-0.7972998097538948
-0.8040726529434323
-0.8197512347251177
-0.826512228863846
-0.8267968595027924
-0.8294762820005417
-0.8303150130834963
-0.8341220413683914
-0.8378914445638657
-0.8395483760784069
-0.8400317688679529
-0.8435320637305267
-0.8449785346165299
-0.8522940066510013
-0.8622611314058304
-0.8626375744740168
-0.8628727253526449
-0.8734246417880058
-0.879598462022841
-0.8950002603814937
-0.9003514223732054
-0.9123775650397874
-0.9177874530266438
-0.9184809923171997
-0.9233219432644546
-0.9316896075781967
-0.9344078619033098
-0.9370469519247612
-0.9457424541469663
-0.9522629040293396
-0.9605649374425411
-0.9631858691573143
-0.9650744646787643
-0.9663852453231812
-0.9692580847069621
-0.988274206267306
-0.9894388124346734
-0.9922016245157769
-0.9926310181617737
-0.9964287622909372
-0.9994551079968611
-1.00163739657728
-1.0023085894063115
-1.0057418155483902
-1.0225288677029312
-1.0239258348941802
-1.0239277761429548
-1.0260571263331388
-1.0444231872679666
-1.0725577914254245
-1.0770867752532165
-1.078081975846241
-1.0807019658386707
-1.0843724820879288
-1.0878586411476134
-1.09481975750532
-1.130238401889801
-1.139816495683044
-1.1608737343922257
-1.1695775650441647
-1.1767935186624527
-1.2037316635251045
-1.2194984316825868
-1.2212250871074501
-1.221800612906615
-1.2250052185601816
-1.2323674499988555
-1.2611746404436417
-1.273484074510634
-1.2743828172485034
-1.2862810765703518
-1.3398213684558868
-1.342776237676541
-1.3428101142247517
-1.3705984354019165
-1.3937951221790474
-1.4861279886681587
-1.4863828296462696
-1.4912292764832575
-1.5202413629740477
-1.5548564312048256
-1.5910026834656794
-1.6183308367617428
-1.6472135107736297
-1.652719710022211
-1.6776184439659119
-1.7154402857025464
-1.728948055456082
-1.7355256991977512
-1.7411845475435257
-1.7451808253924053
-1.7626451924443245
-1.819539973163046
-1.8262639790773392
-1.826640967745334
-1.8430190007375131
-1.9904371897379558
-2.1334948671756138
-2.1962644507487616
-2.260695247154217
-2.2662556966145835
-2.2845660050710044
-2.3181371092796326
-2.5986628234386444
-2.706413686275482
-2.8317206501960754
-2.87928569316864
-2.9127200674265623
-2.914904832839966
-2.91495859058341
-2.916931950390184
-2.9349292516708374
-2.9545872807502747
-2.9609436988830566
-3.004745304584503
-3.147230386734009
-3.148377314209938
-3.150713860988617
-3.1855918392539024
-3.2343318462371826
-3.242082878947258
-3.2977699041366577
-3.3492648601531982
-3.4129125387771637
-3.774234215496108
-3.8514657095074654
-4.001929158286657
-4.003044027587748
-4.004643253982067
-4.2018771870061755
-4.304529728367925
-6.08193302154541
-14.454217910766602
-15.110708236694336
-15.380010604858398
