-0.0009557374008484961
-0.014416892547160387
-0.030477257154416293
-0.050835429574362934
-0.05623915055766702
-0.057288073759991676
-0.0579373158456292
-0.06174932109812895
-0.06697426550090313
-0.07412390647223219
-0.07947204659181548
-0.10277290968224406
-0.10379225120414048
-0.1045153853337979
-0.10539171453565359
-0.11147322412580252
-0.11275109648704529
-0.12682161524426191
-0.1405695818248205
-0.1432569149605115
-0.14714586529880763
-0.15960419285268776
-0.16106463323599812
-0.1616465484839864
-0.16488944180309772
-0.16525420309820524
-0.17125514863679805
-0.1739905752862493
-0.1820151535794139
-0.18385214823647403
-0.18395115283492486
-0.1851018207380548
-0.18657855013160976
-0.18678239240252878
-0.18860081553187533
-0.18916521999053656
-0.18979469695477746
-0.1900710165500641
-0.19409028440713882
-0.19411960306266943
-0.19527598517015576
-0.19673464392932752
-0.19759239543318266
-0.2051800265098791
-0.2115336641769058
-0.21428569502895697
-0.21728897921275347
-0.21770821617974434
-0.21842436015504063
-0.21889766433297098
-0.22465188013544926
-0.22815414225832292
-0.22899578931641631
-0.23245840259672454
-0.23347575527926287
-0.23529636745532864
-0.23696921786500347
-0.23940036183274868
-0.24066205052622536
-0.24475686689975432
-0.24535008566454053
-0.24629676226010946
-0.2466065483832998
-0.25202437642177467
-0.25260824014549144
-0.254188966100628
-0.25463260888742906
-0.2553647215827368
-0.25594201527296956
-0.256718618074575
-0.25943846671725623
-0.26040116025251336
-0.2623967709433701
-0.26411643790613326
-0.2664254745235667
-0.27203466386085245
-0.272320244461298
-0.27318789282192785
-0.2753411738365685
-0.2771505303680897
-0.2783434406996498
-0.2840683508547954
-0.2840690413889076
-0.28641674648970367
-0.2880490916994404
-0.28908546851501643
-0.2893990594505605
-0.29190230639651416
-0.2926282435655594
-0.2968550231307745
-0.2983764158561826
-0.298561696707884
-0.3011853177366512
-0.30438477002058384
-0.30480917517706985
-0.3085004894985884
-0.3107484290725552
-0.3117607763284468
-0.3134144264245954
-0.3134982200855221
-0.3146195473163971
-0.3149945812765509
-0.31581298960372806
-0.31975548920066404
-0.31997951707671746
-0.3248302568681538
-0.3261220209727374
-0.32622949488359154
-0.32668970461236313
-0.3275947316738893
-0.3277850801823661
-0.32959083910405623
-0.3301205147028668
-0.33033378090476617
-0.330493700876832
-0.3322521197842434
-0.33259209792261835
-0.33290246907854454
-0.33581253913386416
-0.3362343990177448
-0.33724412584508007
-0.33750467442441734
-0.33789885809852016
-0.33872141941849676
-0.3401089863968082
-0.3430302714308103
-0.3440248877353345
-0.3441713774111122
-0.3453359385799558
-0.34678357373923063
-0.34697701083496213
-0.34755325631703304
-0.34854598191741387
-0.35159007059410213
-0.35460651461035014
-0.3551177468034439
-0.356505627639126
-0.35734375593892764
-0.3580144672494498
-0.35837333151721396
-0.35917599770307007
-0.35987457099181486
-0.36054309602412915
-0.36055988334774086
-0.36210387883087
-0.36542351342933743
-0.36679509556456147
-0.3702575912640896
-0.3703797813839628
-0.3713694026775877
-0.372380313789472
-0.37242224243366057
-0.37294732229784133
-0.37459436354693026
-0.378027288398395
-0.37859316009416943
-0.383552120726866
-0.38392026900473863
-0.38416726315238825
-0.38540732068940997
-0.3867021887563169
-0.3872664150549099
-0.38730275870849645
-0.38758569402853027
-0.3882418864273599
-0.38903583127536573
-0.39046918419990106
-0.39225409154055846
-0.3927897890098393
-0.39457004025462084
-0.39464448620856274
-0.3946854599635117
-0.39576590718206717
-0.39679943994851785
-0.39792313297705995
-0.3993192259222269
-0.4010829935848181
-0.4022660672332374
-0.402689005041288
-0.40597966592758894
-0.4065418387530372
-0.4081982780335238
-0.40831077289767564
-0.4101406492176466
-0.4129796758449326
-0.4134106824058108
-0.41443700727541
-0.4147055309731513
-0.41784961158409717
-0.4182438413845375
-0.4199496429331096
-0.42038993192254565
-0.4212765657963852
-0.4213167804603775
-0.4228771314291017
-0.422920331802743
-0.42369720715785286
-0.42413503416820375
-0.42534512226443943
-0.42741595627740026
-0.42845225206110626
-0.42983052958734336
-0.43026470549132984
-0.43033045664843583
-0.43135349842486903
-0.4320386208386885
-0.43216886516246533
-0.43277719201432774
-0.4336621192599931
-0.43396288164389163
-0.4339933479204774
-0.43463915726169944
-0.4362400960591104
-0.4397643270208391
-0.4402923968931039
-0.44135216007125566
-0.4437417387796034
-0.4447578076273203
-0.4472548793883756
-0.4475387082557063
-0.4476057274732739
-0.44883770397947437
-0.449213942451304
-0.44951049568044255
-0.45046723491614105
-0.45048922928981483
-0.4511437615379691
-0.452319690515651
-0.45484252758324145
-0.45554175683193737
-0.45575572000816467
-0.45601178440265355
-0.45689912820234896
-0.45836009179765824
-0.45962575379235204
-0.4602607020875439
-0.4602944531490923
-0.4606184063789745
-0.46131065891434747
-0.4641792758447991
-0.46560074872589513
-0.4661716457215204
-0.46680045121077757
-0.4680374268597613
-0.46821499219783747
-0.4695203031671034
-0.47028053427735966
-0.47297730881837197
-0.47990684867836536
-0.4811298065993469
-0.4815085122361779
-0.48154227118939164
-0.48168848078239535
-0.48320372588932514
-0.4840524153680437
-0.4849334487743262
-0.4873775257211592
-0.4876686540315859
-0.4877784192794934
-0.4901134821494842
-0.49050846265017756
-0.49076899234475196
-0.4931864499979253
-0.4943672507070005
-0.4956172420497751
-0.4962756815366447
-0.4979118747370584
-0.4990766088697525
-0.502123272969454
-0.5021523440227611
-0.5026065025789043
-0.5028072498842246
-0.5035269479999746
-0.503745237365365
-0.5050450298779955
-0.5054403611458838
-0.5060957916799907
-0.5069442272942979
-0.5075379428453743
-0.5077415331680741
-0.5088698323233984
-0.5090941681992263
-0.5096192738274112
-0.5113048210041597
-0.5117342119920067
-0.5117701291819685
-0.5124069609575801
-0.5145218576570707
-0.5147883657676479
-0.51609870250104
-0.5204717327142134
-0.520734247576911
-0.5221722553367727
-0.5223877634187895
-0.5225031009564797
-0.5246413826942444
-0.5246943049908926
-0.5261465303980069
-0.5263907890766859
-0.5272404429916706
-0.5288251207792201
-0.5288784508535173
-0.5297035691328347
-0.5310955418030322
-0.5319690839054861
-0.533753618575117
-0.5343203820709732
-0.535681319568539
-0.5364921693690121
-0.5376849557376571
-0.5382179687614552
-0.5382686222179068
-0.5383820145620525
-0.5386387150873715
-0.5387274769891519
-0.5393575330316607
-0.5436275781539734
-0.5442579407244921
-0.5445786118507385
-0.5446330354943711
-0.5452453531324863
-0.5454152410849928
-0.546066737966612
-0.5461518116450558
-0.5465719004033963
-0.5478999908421732
-0.5505191793883049
-0.550993331335485
-0.5511119291186333
-0.5524499285704223
-0.5536098974989727
-0.5543537211293975
-0.5574930181610398
-0.5575633731454478
-0.5577529175830672
-0.5583376584880171
-0.5585814786867963
-0.5591800408437848
-0.5599422769155353
-0.5612358820092466
-0.5617806676775217
-0.5619865481276065
-0.5621088533951024
-0.5632203140606483
-0.5641832812769281
-0.5650073673043933
-0.5650997116863437
-0.5658709332346916
-0.5659697014568482
-0.5667996648699045
-0.5674138165906899
-0.5675071825561039
-0.5684712527145166
-0.5685472791301436
-0.5697831645346014
-0.570006067212671
-0.5705396401296768
-0.571502061596766
-0.5717917073015997
-0.5730869956372772
-0.5739768823608756
-0.5758059975341894
-0.5767355382309428
-0.5777088602383932
-0.5779153569601476
-0.5785387385403737
-0.5789386667311192
-0.5829051315959077
-0.5830903555421779
-0.585184316499448
-0.5854786981944926
-0.5863010788816609
-0.5870984519521395
-0.5872463261708617
-0.587485673149266
-0.5876671232593557
-0.5893728563355075
-0.5897915533365449
-0.5909436482121236
-0.5926688015460968
-0.5938981547689763
-0.5975510104559362
-0.5981123930929849
-0.5992662771604955
-0.6003056448826101
-0.6005295287817717
-0.6022703628987074
-0.6052286167056687
-0.6083539187675342
-0.6092450525611639
-0.610762865149549
-0.6108538378030062
-0.6112528656609356
-0.6112668216228485
-0.611848533176817
-0.6132006091730935
-0.6151361068089803
-0.6187140090822141
-0.6200949639314786
-0.6214661057456397
-0.6216981708625099
-0.622148145979736
-0.6228659536157336
-0.6232898118129621
-0.6242301748980853
-0.6248803366906941
-0.6255688765086234
-0.6256952046727141
-0.6263981205411255
-0.6271156899040632
-0.6281707820715383
-0.6284996223361564
-0.629077864012548
-0.629571835187887
-0.6301411688327789
-0.6303022553523382
-0.6316756457090378
-0.6328023538475723
-0.6329737536476127
-0.6349231069907546
-0.6355936284325513
-0.6357529312372208
-0.6380495784804225
-0.6381018745929136
-0.6391416366456906
-0.6393059765299162
-0.6417867466807365
-0.641915010358207
-0.6435137079097331
-0.6441882204817375
-0.6443193070923111
-0.6458298619254492
-0.6481161885991847
-0.649117865732738
-0.6499317091786199
-0.6501493960618973
-0.6506535550579429
-0.6509281976946762
-0.6517028038256935
-0.6523624782760938
-0.6547885438277652
-0.6568467418546788
-0.6584242516430094
-0.6605017521263411
-0.6619703454050198
-0.6625352942113144
-0.6630191576282064
-0.6631521428098495
-0.6633602855727077
-0.6638342695161035
-0.6643591944593936
-0.6658565156161785
-0.6659528990276158
-0.6663849925555821
-0.6678257706953445
-0.6681419208516137
-0.6691542863724559
-0.670251869992353
-0.6728781432223817
-0.6729028611508612
-0.6730694652845463
-0.6742427800782025
-0.6754234156105667
-0.6767124645848526
-0.6772390533199845
-0.6785570053117616
-0.6787075506456729
-0.6794927144655958
-0.6795967552810908
-0.680340523648458
-0.6804980967297323
-0.6814928920357488
-0.6820634461255395
-0.6856623821950052
-0.6881890937700902
-0.6904185722944223
-0.6937989419326186
-0.6940296048851451
-0.695962722102801
-0.6962323631892408
-0.6964828087584465
-0.6974996111045281
-0.6979202721035108
-0.6982155279672172
-0.6996368074323982
-0.7010682997801765
-0.7027558831841468
-0.703015364240855
-0.7031319837202318
-0.7031544744968414
-0.7031715837850546
-0.7043281118385494
-0.7051292212369541
-0.7051975261420012
-0.7072536919265986
-0.7074795378271429
-0.7125560178288391
-0.7142735972738592
-0.7148490291173485
-0.7164862109833242
-0.7171760462224483
-0.7175542279265846
-0.7196547385974554
-0.722270853802911
-0.7252385920562249
-0.729046912677586
-0.7321942040725844
-0.7327679699131598
-0.7334720012642113
-0.7350259008152145
-0.7360620636027306
-0.7390867410382876
-0.7434856444597244
-0.7481496240167568
-0.750132689718157
-0.7512547050913175
-0.7546167840648975
-0.7552647122647613
-0.7568845977075398
-0.7569954609149135
-0.7592016798218393
-0.7612955085933208
-0.7615684869349935
-0.7631157539784909
-0.7658489380031824
-0.7664010828094823
-0.7701652768446365
-0.7707877526991069
-0.7729303032159806
-0.7729477242350445
-0.7732556324481266
-0.7751282849349082
-0.7778647515390601
-0.7781876520408938
-0.779513506218791
-0.7796671495307237
-0.7811091267503798
-0.7815402381432554
-0.7821948667755351
-0.783241355419159
-0.7842656566450993
-0.78439428396523
-0.7846594209666364
-0.7847115489228025
-0.7888003217362893
-0.7941700415685773
-0.7990281376987696
-0.8029301365216573
-0.803221216541715
-0.804270476847887
-0.8048379981937615
-0.8061743122525513
-0.8083297758651801
-0.8087297459504044
-0.8098783776121519
-0.8102403405500809
-0.8159374518203549
-0.8162074891539911
-0.8169674243843467
-0.8198403516041708
-0.8201940892264247
-0.8244983796030283
-0.8253990372080201
-0.8260968504639875
-0.8312502594302974
-0.8319404003559612
-0.8329520672559738
-0.8340638649339477
-0.8346256276903053
-0.8374471354763955
-0.8399900438380428
-0.8416887253522873
-0.8447102839240151
-0.8470936757512391
-0.8484169121831655
-0.8502240766247269
-0.8505658378708176
-0.8506935257464647
-0.8576707806540195
-0.8582497822427285
-0.8612432917580009
-0.8620064597990778
-0.8647546288993908
-0.8684149384886647
-0.8712723378303053
-0.8741163097923467
-0.8750796765089035
-0.8756113208946772
-0.8767236197988192
-0.8784273243509233
-0.878806872246787
-0.8790485300123692
-0.8796072310185992
-0.8835085352882743
-0.8843302582390606
-0.8843540598948797
-0.8868915876373649
-0.8874282262598475
-0.8885539144976065
-0.8933612852645941
-0.8961986675858498
-0.8963138032442657
-0.8972044274168394
-0.8982820857915309
-0.9010784360580146
-0.9011506289243698
-0.9070105273288694
-0.9115128512494266
-0.9138934323098511
-0.9147008509109062
-0.9168984049132892
-0.9249375717481598
-0.9259294867515564
-0.928493479751296
-0.9347553541883826
-0.9347979323938489
-0.9402381461113691
-0.9458487024530768
-0.9517394091380993
-0.9520890024257824
-0.9529569417238235
-0.9574647628225994
-0.9580546465294901
-0.9664707470898671
-0.9668203939994177
-0.9740988476201892
-0.978429968286946
-0.9804457724094391
-0.9817247669678182
-0.9886757784656116
-0.9930890089453897
-0.9933603011220384
-0.9968565489922184
-1.00446762879983
-1.0089012240059674
-1.016340714134276
-1.0246649440718023
-1.030869302021702
-1.0319881679497485
-1.039770602248609
-1.0485301479930058
-1.0559689700603485
-1.0582469304402669
-1.060400070156902
-1.0640003569424152
-1.0647696995409726
-1.072309226617411
-1.0735423993319273
-1.073789792523409
-1.0741003406644831
-1.08339274674654
-1.0911072106532174
-1.095897681079805
-1.0980139505118132
-1.1139225043356418
-1.1163086012602434
-1.1192832565588258
-1.1303995823662263
-1.133509434670321
-1.1407876859108608
-1.1533610459106665
-1.1563877082533307
-1.1615243355433147
-1.1757370233535767
-1.1855442363137072
-1.1898786533623933
-1.194006621837616
-1.2078497573578109
-1.2081307470798492
-1.208552452627887
-1.2130230883395479
-1.2133774012327194
-1.2136651203036308
-1.214340368906657
-1.2242432236671448
-1.2320795495877974
-1.2374055426444859
-1.2460049119157095
-1.2518913775869958
-1.2565452684648335
-1.2602050984278321
-1.2616868515809376
-1.2786741852760315
-1.2788239570581936
-1.2957026362419128
-1.3004946149885654
-1.3083418222765129
-1.3208282466124122
-1.3261774547863752
-1.3274415731430054
-1.3514413386583328
-1.3616518750786781
-1.362531678673501
-1.3648638671341662
-1.3896499760448933
-1.3963475657316546
-1.4044903892871778
-1.4065586522221565
-1.4112984197480338
-1.4144895753124729
-1.4238620350515703
-1.438204013587286
-1.4693286776697885
-1.4698778353631496
-1.5107676095503848
-1.5118230330874212
-1.5130472047516377
-1.5242114507418592
-1.5334662944078445
-1.5545657475789387
-1.5617565059947083
-1.5824626982212067
-1.5840210298338206
-1.590547427535057
-1.5980042964220047
-1.6023102190811187
-1.6099058249732479
-1.6110609471797943
-1.6234947554767132
-1.6263712621682014
-1.7360197454690933
-1.7412435710430145
-1.7524498011916876
-1.7686665952205658
-1.855241259559989
-1.8653109902516007
-1.866928053398927
-1.8732038097514305
-1.8743124678730965
-1.8747126723562058
-1.8820499940775335
-1.8872115294313214
-1.9112192789713542
-1.9131794025888667
-1.935163738943326
-1.950305146475633
-1.9586212799573939
-1.9839386840661366
-2.003804087638855
-2.0434839328130088
-2.0811071122686067
-2.0879915431141853
-2.0944592654705048
-2.1213193223811686
-2.1702811419963837
-2.181407183408737
-2.1961290538311005
-2.2387934401631355
-2.3074648710899055
-2.317579574882984
-2.3473687954247
-2.3893605191260576
-2.3930468410253525
-2.4458027799846604
-2.452529788017273
-2.4641773998737335
-2.4761730022728443
-2.5027243345975876
-2.5485501875227783
-2.607964066788554
-2.6493637561798096
-2.6589453481137753
-2.693321791040944
-2.713076591491699
-2.7161502838134766
-2.773800441529602
-2.7757872752845287
-2.8274234327667123
-2.859697639942169
-2.9216032712720335
-2.923378932158812
-3.1433667306555435
-3.1843469496816397
-3.1972885131835938
-3.283715544617735
-3.3652397791544595
-3.3730618158976235
-3.471536819706671
-3.4730961486930028
-3.5243440866470337
-3.673741896947225
-3.7492684523264566
-3.963876947760582
-4.054523944854736
-4.132541646249592
-4.175814676331356
-4.183939377466838
-4.33705472946167
-4.388122022151947
-4.443734645843506
-5.2961039543151855
-5.322816610336304
-5.863755702972412
-5.872461795806885
-6.139358043670654
-7.001671552658081
-7.145345211029053
-7.37864351272583
-7.847775936126709
-7.8763346672058105
-8.086407661437988
-8.81897759437561
-9.741436958312988
