-0.005255929194390774
-0.08674414549022913
-0.2625305311172269
-0.27067137393169105
-0.28496193420141935
-0.29620299868318917
-0.30339149516172864
-0.3151353471638525
-0.31967262805846985
-0.3271696150464856
-0.33757445949996856
-0.3396086218208075
-0.35058988877572117
-0.3518913059184949
-0.3545469077765189
-0.3554271180376721
-0.3563425339234527
-0.3576709359077199
-0.35819380141245866
-0.363483422933596
-0.3667258122105799
-0.367324819181314
-0.3687838837504387
-0.3700997056439519
-0.3708459949031329
-0.3746204204610823
-0.37505000606056693
-0.3765994322143103
-0.38065099611412734
-0.3818937982691245
-0.3824303172385463
-0.38390651400442477
-0.3847969346679747
-0.3872917627891654
-0.38774016241742565
-0.3891922257294377
-0.3917295038700104
-0.3944779618510178
-0.39540095028600525
-0.39607184163846626
-0.3964665183428161
-0.397397426320822
-0.3975887653245793
-0.3989327506961949
-0.39975319465156645
-0.4004513343248982
-0.40168590284883976
-0.4038051551178796
-0.40418870840221643
-0.40589333772765135
-0.4075531980964694
-0.40800966815557965
-0.40928332651611754
-0.4103297406807542
-0.41158856433217544
-0.41188566941259935
-0.4139047307627542
-0.4146474786314436
-0.4168097678300304
-0.4182682848069817
-0.4190029501914978
-0.42818722607834
-0.4286428047576919
-0.4294532830050836
-0.43044645181642127
-0.43131857378304833
-0.43244915874674916
-0.4342824367895013
-0.4354156357554817
-0.4357561320066452
-0.43688164968890225
-0.43801428470760584
-0.4403546342626214
-0.4408364241709933
-0.44189275310574366
-0.44695899164718056
-0.4471445291856071
-0.45105905680074576
-0.4532258255141122
-0.4557042634114623
-0.45668469939846545
-0.4585260918713175
-0.45897115927866916
-0.45974199208042893
-0.4625427752201046
-0.4688832952556873
-0.47000271707241026
-0.47175916793445744
-0.4719796124845743
-0.4746737409004709
-0.4759398953562292
-0.47758525734146434
-0.49054853718553204
-0.4912720409804024
-0.49173303595965817
-0.49602643769402577
-0.4997362302286395
-0.49979198375617023
-0.5003401283692155
-0.5003863757010549
-0.5025195933376381
-0.5039273323657524
-0.5065805343911052
-0.5068925555795432
-0.508781062439084
-0.5104414078368185
-0.5133572511840612
-0.5141597678108761
-0.5149169094446633
-0.5165342564384142
-0.5176597120395551
-0.5182388017885386
-0.5195793601218611
-0.5213875459972769
-0.5240162735572085
-0.5265077289193869
-0.5306524932384491
-0.5355963651556521
-0.5364748717596134
-0.5415735129370458
-0.5423428308218717
-0.5451049679890275
-0.5467068827614033
-0.5505825951695442
-0.5531328650657088
-0.5609195814176928
-0.5639741528041972
-0.5643521494542559
-0.5786190918491533
-0.5822540301208695
-0.5844755472498946
-0.5855647381395102
-0.5867820312627233
-0.5868767852163208
-0.5882792826741934
-0.5931809358298779
-0.596694479836151
-0.5987366797402501
-0.6047663425153587
-0.6073820277117192
-0.6078183602541685
-0.6112998962402344
-0.6119395704299677
-0.6135980191756971
-0.6158289413899183
-0.616714902887387
-0.6279165607670115
-0.6280603620689362
-0.6309924965898972
-0.6337787322700024
-0.6363431697245687
-0.6379895702314874
-0.6381972878201244
-0.6399319919624499
-0.6400056291662622
-0.6421260917143498
-0.645995776867494
-0.6473448904774463
-0.650019533194912
-0.6526420868208839
-0.6527858297835337
-0.6533442512154579
-0.6549932580507759
-0.6561235010623931
-0.6585699038696475
-0.6619309668636156
-0.6627376886550337
-0.6643590484990886
-0.6646492363264164
-0.6655768313095904
-0.6678482785064261
-0.6690045550752145
-0.6725274052005261
-0.673958317218681
-0.676174399064621
-0.6777193333125777
-0.6844434482045472
-0.6890914152775492
-0.68937007119306
-0.6901897042989731
-0.6924815659411252
-0.6938276742585003
-0.7006309365646707
-0.7011001377599314
-0.7022567839465208
-0.7022624259989243
-0.7054457122576423
-0.7084976211190224
-0.7088862890814198
-0.7090423163026571
-0.7097362021838004
-0.7107417170424014
-0.7131524309515953
-0.7165731706449555
-0.7170337685383856
-0.7179001172383627
-0.7185504631224003
-0.7229534331709146
-0.7279510140419007
-0.7315203249454498
-0.7363409708195832
-0.7373215634475595
-0.737630108371377
-0.7405780028551817
-0.7430750212166458
-0.7455077490012627
-0.7479379835228125
-0.7512078881263733
-0.7520094215869904
-0.7524222540003913
-0.7528780080998937
-0.7592741269618273
-0.7645069123245776
-0.7670520577165816
-0.7675131317228079
-0.7807089059746691
-0.7810830612267766
-0.7815263969823718
-0.7818920457336519
-0.7833707222404579
-0.7843126580119133
-0.7864809053717181
-0.7922219348007015
-0.8002069757785648
-0.8048723684623837
-0.8124086194272552
-0.8148807202815078
-0.8234219652949832
-0.8304574040230364
-0.8307597248815
-0.8405451861520609
-0.8502013636752963
-0.8515343765417734
-0.853604550473392
-0.8602187774059448
-0.8856482982635498
-0.892479955063512
-0.8949709143489599
-0.898216350376606
-0.901884288103743
-0.9162907746310035
-0.9197541276613871
-0.9202647358179092
-0.9225399017333984
-0.9278770213325819
-0.9611418200656772
-1.0030870642513037
-1.0378918666392565
-1.05593391507864
-1.0680996080239613
-1.0726698897778988
-1.081283912062645
-1.1204428672790527
-1.120708887775739
-1.1357070982456208
-1.3173925317823887
-1.3533680935700734
-1.4427189647685736
-1.459004957228899
-1.4862349145114422
-1.5132351703941822
-1.528231984935701
-1.6715094111859798
-1.6906688809394836
-1.6968226432800293
-1.6972563564777374
-1.7011478543281555
-1.7590775936841965
-1.9799881726503372
-2.127023546025157
-2.1726516957084336
-2.290357828140259
-2.6352235078811646
-3.1188721656799316
-3.141266107559204
-3.570895954966545
-3.5849748365581036
-4.6386847496032715
-5.913613796234131
-6.468485355377197
-6.6336846351623535
-7.425441265106201
-10.63426685333252
-11.135493278503418
