-0.0006845449970569462
-0.035662207868881524
-0.07461718066285054
-0.07628464215667918
-0.07979789655655622
-0.13285631810625395
-0.15368263516575098
-0.15703910414595157
-0.18219167898808206
-0.19826182443648577
-0.22821126272901893
-0.22928740344941617
-0.2391919121146202
-0.25399999879300594
-0.2599225990008563
-0.27387788298074156
-0.2831863323226571
-0.2846395934207572
-0.31526696655367104
-0.32243492901325227
-0.34720291872508824
-0.3502655277649562
-0.3643166999099776
-0.3672740362584591
-0.3686366993933916
-0.3752079630891482
-0.38552505522966385
-0.38822343572974205
-0.40532984878664136
-0.40715379988412476
-0.41264096442318987
-0.4198264752825101
-0.42059817457837717
-0.426216630730778
-0.42783875024178997
-0.42895170822739603
-0.43222424098187023
-0.4356025687635078
-0.438575704652294
-0.43895638883113863
-0.43913077637941267
-0.439375541114714
-0.44104769996677834
-0.4439740225672722
-0.44907822379027496
-0.4507050203603946
-0.4528615479021727
-0.461456420365721
-0.4615770302247256
-0.4615827933885157
-0.464576791782747
-0.46635621003806593
-0.4694734745644382
-0.46959743898427403
-0.47404998872015214
-0.47494934009591816
-0.47947858770688373
-0.48093185771722347
-0.4862899159391721
-0.4889237256720662
-0.489597845201691
-0.4901390141910977
-0.4903118587390054
-0.49206239530550583
-0.4943089418375166
-0.4952978524896834
-0.49548953638545107
-0.4980129396749867
-0.49939486384391785
-0.49999177859475213
-0.5010919488332648
-0.5022763547312934
-0.5055062234401703
-0.5080984009610903
-0.5082572388087606
-0.5086181230843068
-0.512306734547019
-0.5137609414756298
-0.5140086760123571
-0.514124421402812
-0.5144237929156849
-0.5158286781774627
-0.5166484037705231
-0.5178371106740087
-0.5222255034386762
-0.5226860728114844
-0.5236769839964557
-0.5240075681358576
-0.5241851758744035
-0.5247526534250937
-0.5262974661443598
-0.5288961440178186
-0.5305937430821359
-0.5313406650509153
-0.5337540800849508
-0.5343577343970537
-0.5353122812695801
-0.5375998711401951
-0.5376282145380569
-0.5409158219117671
-0.5413464289158583
-0.5421703401952982
-0.5424074310576543
-0.5435198726881936
-0.5439461742011594
-0.5456897682909455
-0.5461637977237842
-0.5498978266783524
-0.5513438658995761
-0.5527428917586803
-0.555037216283381
-0.5552287899578611
-0.5564409254648126
-0.5569262524484657
-0.5574951000860893
-0.5580353385070339
-0.5599270652746782
-0.5606716991298728
-0.5635869210172031
-0.566257725831949
-0.5675315395928919
-0.5694342906612696
-0.5711738304307801
-0.5717522203922272
-0.5736499710215462
-0.5737572547375749
-0.5738145976953092
-0.5751099586486816
-0.576249367557466
-0.5780083428960227
-0.583380855852738
-0.5851876732194796
-0.5875295847654343
-0.5892123885685578
-0.59142949712259
-0.592976155648516
-0.5932371103812734
-0.5965861976146698
-0.5976879219524562
-0.6007071352902461
-0.6018827019466294
-0.6053080568788574
-0.605607264438355
-0.6078481376171112
-0.6084567517973483
-0.6112310732714832
-0.6186925347428769
-0.6197352917310234
-0.6197691887035035
-0.620264433324337
-0.6218674081148947
-0.6228153724223375
-0.6238669475230078
-0.6259005997950832
-0.6265025306493044
-0.627924165713921
-0.628690478907499
-0.6295559797435999
-0.6305966032668948
-0.6311119006325802
-0.6338632870465517
-0.6340482731660207
-0.6359963607043028
-0.6367146032862365
-0.6390784569084644
-0.6431488427850935
-0.6483288651681505
-0.6496133343316615
-0.6507630449381064
-0.6515366324082217
-0.6534860263578594
-0.6554112208208868
-0.6597508862614632
-0.6635993556830928
-0.6637122749040524
-0.6648496722264099
-0.6659823545681623
-0.6670999016612769
-0.671211765747069
-0.6723812623055313
-0.6731883890926837
-0.6739129214547575
-0.6747973039746284
-0.6756696639155658
-0.6765098102390766
-0.6783648344821164
-0.6834374200989259
-0.6930043759279215
-0.6934154007583857
-0.6940513170945147
-0.6976985914200972
-0.6997304332700358
-0.7032238343332816
-0.7133693844079971
-0.7137957630115316
-0.714310348033905
-0.714392464607954
-0.7207845853907722
-0.7212611067727015
-0.7238693480729126
-0.7243674248456955
-0.7274203905496203
-0.7309627474791467
-0.7314417265183495
-0.7353520234926315
-0.7365491315722466
-0.7394929539805162
-0.7419738163735019
-0.7443854727704698
-0.7470351275987923
-0.7489867933094502
-0.7493068304346789
-0.7499929666519165
-0.7511918021859053
-0.7624227615694205
-0.764976982165882
-0.7681759411158661
-0.7733768516752336
-0.7758056159176964
-0.7761331551841327
-0.7767192721366882
-0.7767348663506305
-0.7782863505184651
-0.7783027552827464
-0.7783088370013739
-0.7785093209682161
-0.7786101737022234
-0.7805929549150668
-0.7821716709683338
-0.7832187189911068
-0.7846417424405682
-0.7871636513051011
-0.7891976177692414
-0.7942435779499218
-0.797212651274167
-0.7979815416038036
-0.7987546587362886
-0.8077020939877805
-0.808153131522704
-0.8087528347969055
-0.8094924470143658
-0.809659605845809
-0.8103954161488218
-0.8106593374628573
-0.813339851796627
-0.8149644895223901
-0.8186897802483549
-0.8198233225630247
-0.8225608741243681
-0.8267847238341346
-0.8321070287908826
-0.8353325776309551
-0.8415637210709974
-0.8457015756517648
-0.8458282711168673
-0.848687319085002
-0.849377344761576
-0.850979746133089
-0.8542538404464721
-0.8551809933269396
-0.8594093741655039
-0.860995493297066
-0.8683108998045913
-0.8772448389790952
-0.8779040521809033
-0.886557779321447
-0.889870581527551
-0.89553895406425
-0.8965750736097107
-0.8986411973767515
-0.8993135702453161
-0.9013844668865204
-0.9050960689783096
-0.9054761074483395
-0.9058611317227284
-0.9063579099518912
-0.9065908091142774
-0.9090121342257286
-0.9095883145928383
-0.9103094296795982
-0.9172355949878692
-0.9201747284969315
-0.9320214820094407
-0.9332247094104165
-0.9363780530402437
-0.9404024813945094
-0.9440469239397269
-0.9475234458222985
-0.9495208109063762
-0.9516457080220183
-0.9631306727727255
-0.9678872087970376
-0.9689075861126184
-0.9693900346755981
-0.9711220562458038
-0.9743221641256241
-0.9797044755890966
-0.9809989137769056
-0.993612922495231
-0.9967732578516006
-0.997780641540885
-0.9984072828665376
-1.0075354774792988
-1.010508538223803
-1.0121962964268667
-1.0127709778025746
-1.0139646923376455
-1.0241515814430184
-1.0383726228028536
-1.0437764465808868
-1.051682971113433
-1.0567627626901062
-1.0654269456863403
-1.0707080496682062
-1.0739064700901508
-1.0765953295243282
-1.079612847417593
-1.0976843474698919
-1.1024298812262714
-1.1079072542488575
-1.1170806895941496
-1.1200777177000418
-1.1240829261234746
-1.1299850002755052
-1.1348302317317576
-1.1390563155202051
-1.142467943194788
-1.1427060082554816
-1.1474296927452088
-1.1526013873517513
-1.1537335719913244
-1.1741976936658223
-1.1755016148090363
-1.1849167674857501
-1.1873819126631133
-1.1892079744720832
-1.1961509257555007
-1.1970839767716825
-1.197871635959018
-1.2075899835262034
-1.2153525948524475
-1.2189338076452259
-1.2275713779032231
-1.227976317644458
-1.2345411732870464
-1.2369346171617508
-1.24204017718633
-1.251040185491244
-1.2526204962050542
-1.2561946165673858
-1.2577944113872945
-1.2638168300230366
-1.27014919067733
-1.2763025243766606
-1.2867288191669755
-1.2882004529237747
-1.3034429581214984
-1.3231634884796222
-1.3331783913075923
-1.3523765607546507
-1.3533086056510608
-1.3553783102077432
-1.370860219723545
-1.3930676961317658
-1.394092642598682
-1.4113125206204131
-1.412494339553329
-1.4145770370960236
-1.4497835682122968
-1.4515763400122523
-1.4560928184655495
-1.4650693703701512
-1.4724484561011195
-1.4961352312238887
-1.5013350198045372
-1.5112441850360483
-1.5126440456581556
-1.5224775150418282
-1.5304187883027933
-1.5325101253887017
-1.5415882518781083
-1.5594499618164264
-1.5597941428422928
-1.5606001040765218
-1.5654831580322934
-1.698143704129117
-1.701582916546613
-1.7022208063863218
-1.7056440114974976
-1.7084449231624603
-1.7317533668662821
-1.7478125598281622
-1.7478368680749554
-1.7514614257961512
-1.7633889224380255
-1.7656645327806473
-1.7812913842499256
-1.78142533544451
-1.807590385278066
-1.8557485127821565
-1.8639374002814293
-1.8946118578314781
-1.9060324518941343
-1.917189409956336
-1.9348786274592082
-1.963179830648005
-1.9670149832963943
-1.9734972026199102
-2.0405623664458594
-2.0698313489556313
-2.093707145191729
-2.1075408160686493
-2.1193912426630654
-2.2360273810724416
-2.2429206057762108
-2.268508827954065
-2.2738569577534995
-2.294539162510773
-2.297536568095287
-2.5116719901561737
-2.8113530836999416
-2.9830857117970786
-3.008112506940961
-3.0285866004414856
-3.06523060798645
-3.1730389804579318
-3.2075965993863065
-3.2407690250547603
-3.3051275412241616
-3.4538202062249184
-3.483489751815796
-3.59061598777771
-3.6184619062405545
-3.705632983968826
-3.804312695438663
-4.217159032821655
-4.224564075469971
-4.232238937169313
-4.413608222578962
-4.42236328125
-4.738837828859687
-4.9229402909986675
-5.9712815284729
-6.166276216506958
-6.678297519683838
-7.768077850341797
