-0.00026925752172246575
-0.012066173045241158
-0.021872698796505573
-0.03137793544010492
-0.038238990819081664
-0.044584693076709904
-0.05399592637841124
-0.055376406716927055
-0.06950889030278111
-0.07338558932921539
-0.08246297389268875
-0.10341809969395399
-0.10736983380931113
-0.12415643502026796
-0.1331052073053018
-0.13527288959721773
-0.14852896230877377
-0.15224257747953138
-0.15633253023649255
-0.16308124363422394
-0.1681862877138139
-0.168834621720589
-0.16906804279197887
-0.17058246587981152
-0.1864142177910253
-0.1876110031328911
-0.19307001449672295
-0.20443290976181744
-0.2150956615805626
-0.2166258081451815
-0.22159342396753345
-0.22219147684518248
-0.2226806930557359
-0.2256007231771946
-0.22903181612491608
-0.24186408847162966
-0.244592469278723
-0.2466292377001082
-0.24831700350401578
-0.2486193092445319
-0.24934611469507217
-0.24994023392597833
-0.2546352222561836
-0.25536142464742234
-0.26355281381838724
-0.26628060545772314
-0.26643872791464673
-0.2677589199128728
-0.26981377619085833
-0.27234090806523453
-0.27354585324792424
-0.27604340046673315
-0.27869735448427946
-0.2789835364324972
-0.2790083736181259
-0.27905550617207253
-0.279679153750364
-0.27974090751376934
-0.2845523971132934
-0.2846631397017821
-0.28849427608411937
-0.2897668238296471
-0.2908685871289991
-0.292529156902674
-0.2935926363841759
-0.29403855021311237
-0.2967035149534543
-0.2971822602751975
-0.29727364211693647
-0.29738459174889914
-0.2995731830596924
-0.2997098276973702
-0.30064630302681156
-0.3014475492294878
-0.30186820079688914
-0.30188471320434473
-0.3021598745779354
-0.30286063594394363
-0.3063729206332937
-0.30771883092820645
-0.30850014202911147
-0.3093900927247887
-0.30994408300030046
-0.3103665398245669
-0.31133944656608037
-0.3123005673642857
-0.31267898556819523
-0.31276468723566114
-0.3149311365712636
-0.31689717794593575
-0.3173650946054194
-0.3183404923828285
-0.31887970899697393
-0.3205036677827593
-0.32080313878153294
-0.32114608278607193
-0.3252939611673355
-0.3258088939270237
-0.3262697739992291
-0.3269459618631864
-0.32778585549272066
-0.3281050622300245
-0.3308479099919518
-0.3317434831338081
-0.3330035295603011
-0.336347282467094
-0.3375239959685132
-0.3410067605000222
-0.3419735287106596
-0.3427706468452622
-0.3432468328998463
-0.34420210811573987
-0.3466370180249214
-0.34678857385661105
-0.34950722099650494
-0.3505703628274205
-0.3510102561644196
-0.35182644288539044
-0.35233119489324355
-0.35441528408975703
-0.3559217076958157
-0.35741666378252657
-0.3581328809843399
-0.3584137501602527
-0.36090522262222496
-0.3615490526542999
-0.3617201442167344
-0.36362615033350365
-0.3643476629406091
-0.3647744434128981
-0.36581939713788514
-0.36780949445584643
-0.3700206500827335
-0.3707530009560287
-0.37151884080012676
-0.37331383928124395
-0.37411204461330694
-0.37433637979311724
-0.37477124265642486
-0.37493043597039233
-0.37595559215405955
-0.3761128107216791
-0.3761172977586587
-0.3802966809023928
-0.3810443941814204
-0.3815126568078995
-0.3842256038321163
-0.3846641625277698
-0.38764648240208366
-0.3894442960930367
-0.3898080000653863
-0.39009568907786163
-0.3937598371230171
-0.39394021309607735
-0.39546482830580015
-0.4008511496867868
-0.40436508509519625
-0.40534745750483125
-0.405598878278397
-0.41106789727096577
-0.41267299867758994
-0.41283014953868197
-0.4170400119069705
-0.4179215822950937
-0.41841326573921833
-0.41901419645000715
-0.41904052377988893
-0.4204046441116493
-0.42111252344731276
-0.42420587418164357
-0.42580764142621774
-0.4284181691681234
-0.42864009816964554
-0.4316846033441295
-0.4318955861708673
-0.4337497001106385
-0.43468362507863073
-0.43513717500900384
-0.43728843022420605
-0.44085306941269664
-0.4412916768859658
-0.44186684355372563
-0.4424445723852841
-0.4450577331174697
-0.4459853465668857
-0.44660096264366683
-0.44932084158062935
-0.44956499056206667
-0.4496493436236051
-0.4496705813216977
-0.4508450707726297
-0.45105268292486317
-0.4513917538424721
-0.4522398336391364
-0.4526355548259744
-0.45415410430481035
-0.4552556810279687
-0.45539349900759085
-0.4554610911640339
-0.4556688501761528
-0.4576867403048449
-0.4582950760135039
-0.45906015455070054
-0.4600399051560089
-0.4614638199098408
-0.46351683969260193
-0.46426983280010364
-0.4644543991631104
-0.4665783794596791
-0.4669392551295459
-0.4676691735835953
-0.4684014522483469
-0.4686447426987191
-0.47164492914998846
-0.4727549043849909
-0.47282182273920625
-0.47457422024732904
-0.4751372031266025
-0.47583548496477307
-0.4769400989379002
-0.47764632707694543
-0.4778847235138528
-0.4786237160494693
-0.479319207239314
-0.47954237880185246
-0.479595785062494
-0.4802554096095264
-0.481221255948185
-0.4816588185596629
-0.4817238533833006
-0.4818444610224105
-0.48350495547783795
-0.48401874614864937
-0.48580248102662155
-0.4860476081791733
-0.4867787221070709
-0.48880317742587065
-0.4890640784934577
-0.4891257683565982
-0.48962574135512116
-0.49070995027536163
-0.49083562834130134
-0.4909612144033114
-0.49116280791026334
-0.4940096170143483
-0.4951870492659509
-0.49959879844391253
-0.5007669893748243
-0.5035017319023609
-0.5058437196234341
-0.505939662007482
-0.5066577826510184
-0.5077159434645182
-0.5126075058506103
-0.5130154066053885
-0.5132860840983793
-0.514667736100299
-0.514825914800167
-0.5150440699297987
-0.5150928857343388
-0.5157959110640351
-0.5159595112781972
-0.5159956414085173
-0.5167875754957397
-0.5171265359967947
-0.5188788923745354
-0.5214357345897346
-0.5214934349060059
-0.5216256749408785
-0.522414697526579
-0.5257410248224106
-0.5266442665427652
-0.5267516622940699
-0.5292723945652446
-0.5321127340939711
-0.5328941483582769
-0.5334392776712775
-0.533676726769449
-0.5350284640444443
-0.5373621295605387
-0.5375620397244347
-0.5438194545567967
-0.5448193543457559
-0.5478564389050007
-0.5479279159979862
-0.5483612912939861
-0.5488217532634735
-0.5491018849570537
-0.5493458024924621
-0.5513494163751602
-0.5538096549838277
-0.5549422261305154
-0.5572924365755171
-0.5576026210692362
-0.5592631138861179
-0.5622296256013215
-0.5629063528807213
-0.564003829844296
-0.5640540724911262
-0.5656644862944328
-0.5661009714240208
-0.5669494426428255
-0.567116156751581
-0.5700199976563454
-0.5703382505336776
-0.5707018547691405
-0.5712587358818079
-0.5720425793302378
-0.5722085600201454
-0.5733821496251039
-0.5741260316488999
-0.5764671814424218
-0.5778734952582454
-0.5781388237664942
-0.5782255218364298
-0.5784619150916115
-0.5784780750182108
-0.5794683898246149
-0.580435474852233
-0.5816367922151195
-0.5839960289498171
-0.5843120744430053
-0.5877312004312054
-0.5895423218607903
-0.5918160615183297
-0.5918167221492955
-0.5926107660634443
-0.5931287774947123
-0.5938129749681268
-0.5962788350880146
-0.5965619172493462
-0.5980058535933495
-0.5999173315036993
-0.6006069802679121
-0.6027241721749306
-0.6033903096045833
-0.6038863668218255
-0.6043961226940155
-0.6070384161284892
-0.6078547352954047
-0.6086451036131216
-0.6092074289917946
-0.6106127813821202
-0.6107457291800529
-0.6109119512968593
-0.6123682841813812
-0.6153094354750854
-0.6165575124323368
-0.6168263539827118
-0.6186590346927836
-0.6193733434710238
-0.6200083425374032
-0.6205276288092136
-0.6229212043274727
-0.6238527790410444
-0.6253166715787302
-0.626783409237396
-0.6290092160925269
-0.6294419127516448
-0.6298735986153284
-0.6300392307522189
-0.6308596393486369
-0.6309319428401068
-0.6327304444275796
-0.6339037310099229
-0.6340731776203029
-0.6346258660778403
-0.6376759437844157
-0.63921623385977
-0.6437528297537938
-0.644654949557864
-0.6471047289669514
-0.6480019828304648
-0.6485849203541875
-0.6513933936754862
-0.6516139902174473
-0.6537199204321951
-0.6544462144374847
-0.6545560168651718
-0.6569130312418565
-0.6582410352304577
-0.6596476948063354
-0.6600953826370338
-0.6610391246420997
-0.6613923907279968
-0.6649160921573639
-0.6654989176119367
-0.6660242080688477
-0.6722920637577772
-0.6725859869271517
-0.6733027499701295
-0.6746639715773719
-0.6759974109125324
-0.6767304886132479
-0.6777247091005039
-0.6787784233689308
-0.6823917031288147
-0.6826003458764818
-0.68340318260598
-0.6850231092976173
-0.6867085590958595
-0.68790172766118
-0.6880127282740431
-0.6897356569766998
-0.6926690131888456
-0.6927793936338276
-0.6937714549047607
-0.6948572325830659
-0.6970798969268799
-0.6974272044192601
-0.6976752218382899
-0.6980531040753704
-0.6989120568874309
-0.7055387264292221
-0.7057087287151566
-0.7069310709096802
-0.7085759615034072
-0.7089907541871071
-0.7116382444898287
-0.7125824764370918
-0.7141652554273605
-0.7152173615992069
-0.7155599407113706
-0.7161197426903527
-0.7169655334932031
-0.722209438754362
-0.7231143023818731
-0.7279025997049757
-0.7289575835706533
-0.7305004163936246
-0.7312847536988556
-0.732039297639858
-0.7323273666203022
-0.734693213738501
-0.735330412723124
-0.7354273691773414
-0.7388575175777078
-0.7399431020021439
-0.7400299772620201
-0.7404291876009665
-0.7449838384054601
-0.7457310423254967
-0.7499617472290993
-0.7505399380500118
-0.7508364893496037
-0.7515487119555473
-0.7531316592103394
-0.7599957598881288
-0.7606912337858895
-0.7630350843071938
-0.7664449599105865
-0.7672055211539069
-0.7678521946072578
-0.7685665860772133
-0.7691881880164146
-0.7718161973004628
-0.7793440135012913
-0.7830413863994181
-0.7831647583904365
-0.7855767880876859
-0.7857613344938728
-0.7954173697253282
-0.7966195285320282
-0.8042243277387959
-0.8053672015666962
-0.8069948628544807
-0.8147453144192696
-0.817724850943445
-0.8296056832574928
-0.8333732437043052
-0.8385272690627191
-0.8401930321706459
-0.8454292019208273
-0.8455101648966471
-0.8467639461159706
-0.8472654679790139
-0.8502560377120971
-0.85420438934428
-0.8547518279713889
-0.8571857285642182
-0.8618148771929555
-0.8630329929292202
-0.8631657883524895
-0.8634387740554909
-0.8636818790885931
-0.8649140104651452
-0.8707321614143438
-0.8732142448425293
-0.8747542741267742
-0.8764018773531111
-0.8833981389179826
-0.8843588883367678
-0.8903704658150673
-0.8927788894623518
-0.8932375922799111
-0.8960942076519132
-0.89804095417882
-0.9035146683454514
-0.9070102656260133
-0.90996677304221
-0.9120185426436365
-0.9132392108440399
-0.9145187556743621
-0.9162731431424618
-0.9201311735877036
-0.9234465509653091
-0.9246872663497925
-0.925083855787913
-0.9250964298844337
-0.9293182171881199
-0.9311662753420283
-0.934730764478445
-0.9378512054681778
-0.9420422599650919
-0.9436358894236037
-0.949719401076436
-0.9511378084176353
-0.95365409408696
-0.9553013257682323
-0.9599436499993317
-0.9610823086862054
-0.964189530609292
-0.9644900485873222
-0.9718227812554687
-0.9735769076006753
-0.9811434391885996
-0.9824877646751702
-0.9902704315609299
-0.997683167384821
-0.9997999096910158
-1.000596190802753
-1.0158473998308182
-1.0191132979733604
-1.0192163474857807
-1.0196506512147607
-1.0198282670074452
-1.0321233868598938
-1.0379531184832256
-1.0424951890483498
-1.0518130050040781
-1.0530968201273936
-1.0600683549419045
-1.0647554090246558
-1.0805479595437646
-1.0815990964571636
-1.0830925938983758
-1.0840679295361042
-1.0889509916305542
-1.0946070137433708
-1.095108479571839
-1.096835351549089
-1.1047795311836428
-1.1102411759396393
-1.115694237407297
-1.1199387361605961
-1.1202569815019767
-1.1247261464104668
-1.129156914850076
-1.1404301226139069
-1.159268656745553
-1.160806390515063
-1.1641796873882413
-1.1690071523189545
-1.175172319014867
-1.1829895849029224
-1.2007312029600143
-1.2035881482064723
-1.204479585091273
-1.204613200078408
-1.204806278149287
-1.205230103949725
-1.209499254822731
-1.210468789562583
-1.2152575935251662
-1.2172600130240123
-1.2217523058255513
-1.2219852805137634
-1.2286331169307232
-1.2431313349322106
-1.2443066358566284
-1.2447057217359543
-1.2454933881759644
-1.259115779073909
-1.2661711435842637
-1.2748181025187175
-1.2950597524642944
-1.2962977774441242
-1.305851973593235
-1.312775253628691
-1.319786483095959
-1.330799651145935
-1.3472184538841248
-1.3475671131163836
-1.3522493143876393
-1.35472477436997
-1.3884018063545227
-1.389268085360527
-1.392033751308918
-1.4004884958267212
-1.4091090834699571
-1.4103827150150512
-1.4235592099954375
-1.42450612783432
-1.4293999345585082
-1.4319139023621876
-1.434824532829225
-1.4368027448654175
-1.4494381348292034
-1.4555140398442745
-1.479035476843516
-1.4831770807504654
-1.4990229969844222
-1.4992211759788916
-1.5058266901178285
-1.5097065344452858
-1.510814130306244
-1.5285277764002483
-1.5471703211466472
-1.5618031499543577
-1.585149321705103
-1.5924774669110775
-1.5931573053821921
-1.6478784700739197
-1.6511892875035603
-1.6527031436562538
-1.6763554215431213
-1.682760663330555
-1.709481676419576
-1.7172076217830181
-1.7260377705097198
-1.7270706593990326
-1.7338526351377368
-1.799839686602354
-1.8055824637413025
-1.8582094579469413
-1.8604931384325027
-1.8718234598636627
-1.8936362266540527
-1.909938022494316
-1.9861926510930061
-2.0053098499774933
-2.0157046169042587
-2.043302603143578
-2.043826828710735
-2.044680655002594
-2.051007479429245
-2.0614121748755374
-2.0756155252456665
-2.0798655614780728
-2.0931305826743483
-2.1173271224834025
-2.1186859150766395
-2.141700342297554
-2.149930775165558
-2.1599761247634888
-2.1833056012789407
-2.1842837473377585
-2.201581157743931
-2.207373340924581
-2.2125920057296753
-2.2268695970997214
-2.229280970757827
-2.25798299908638
-2.275676041841507
-2.302823483943939
-2.330769270658493
-2.3422968781087548
-2.3548852801322937
-2.383835017681122
-2.4017176628112793
-2.463806923944503
-2.5033488042342165
-2.623213231563568
-2.6472766790539026
-2.657550096511841
-2.711751401424408
-2.72333891193072
-2.764534890651703
-2.8871341589838266
-2.9140582305844873
-2.9356276988983154
-3.02605539560318
-3.0593985714670757
-3.113160252571106
-3.220612049102783
-3.384147882461548
-3.406856656074524
-3.4308415055274963
-3.5150074906414375
-3.5588335938518867
-3.600976586341858
-3.6014046669006348
-3.622323155403137
-3.6828907132148743
-3.6837592124938965
-3.930617168545723
-3.9606057964265347
-4.069507598876953
-4.107524394989014
-4.3353424072265625
-4.336778322855632
-4.675369739532471
-4.90960693359375
-5.126042723655701
-5.843899250030518
-6.066243648529053
-6.557599067687988
-7.985321521759033
-10.051538467407227
-10.310321807861328
-10.591363906860352
-10.853963851928711
