-0.00010191874753218144
-0.04096300276148668
-0.042437261591355004
-0.0452547529093863
-0.0598612702417035
-0.06142986042954135
-0.07146498266730532
-0.07270029766977536
-0.07392389803968806
-0.07682362371391112
-0.08848470769660821
-0.09510313055902235
-0.0965551607731868
-0.09873395785689354
-0.09882411985730803
-0.10038991678530351
-0.10071821715161926
-0.10277243587259477
-0.10587944697127227
-0.11266194304880628
-0.11363352090120316
-0.11364190814138056
-0.11484377488413126
-0.11793323645588316
-0.11984002228124382
-0.12086473155068234
-0.1219190316320919
-0.12214423006989819
-0.12285808289867749
-0.12360703931240853
-0.12459490507606258
-0.12462622433664212
-0.125752817016064
-0.12874536458787134
-0.13190663689691517
-0.13309579023623427
-0.13596256940400053
-0.13807194574023923
-0.139038705323037
-0.139369040716853
-0.14122952813226675
-0.14164853099276087
-0.1429426284387773
-0.147522790171206
-0.14755598169611922
-0.1479767857510726
-0.15296697786001298
-0.1601358042210753
-0.1610608543781462
-0.16565273036790132
-0.16654709312510363
-0.1671501974845313
-0.16959345477100993
-0.17209836311582422
-0.1739045875193142
-0.17390662593074543
-0.1747884831495006
-0.17594083200653743
-0.17612857696909892
-0.1762270188025598
-0.17692827021703092
-0.17788590676619045
-0.17842053658864643
-0.17897022316764474
-0.18155105952992018
-0.18217522075323198
-0.18477521227951696
-0.1848291095921013
-0.18593755610788018
-0.1869310618730615
-0.1883526473422535
-0.19178911559151857
-0.19189901190381015
-0.19246090313593608
-0.19322470418533472
-0.19468832221952287
-0.1960516170323605
-0.1961950122791992
-0.1966553615522571
-0.19770174771547316
-0.19793725794170314
-0.19818363669349992
-0.19869952175539657
-0.1991423492274862
-0.19989086058922112
-0.20025973987744314
-0.20605380041524768
-0.20699993244469111
-0.2079416657293905
-0.20868712548170454
-0.2108614180663153
-0.21373740869118893
-0.21570106331879893
-0.21708881178195347
-0.2171559990863557
-0.21788500475668116
-0.21797448924007767
-0.21837332099676132
-0.21880969032645226
-0.21887313501171662
-0.21894025141955353
-0.2220059399457211
-0.22216639847071443
-0.22250496280420456
-0.223774716790453
-0.22397199773766374
-0.224478193883402
-0.22512226866655
-0.22515561914066823
-0.22535636981397147
-0.22661866662703617
-0.22704359500590696
-0.22802753379489885
-0.22820936079349344
-0.22828724345366222
-0.2285933823982873
-0.22926186344147936
-0.2295405290594014
-0.22969413149962747
-0.23169659290062206
-0.23330010884160401
-0.2338515445111656
-0.23424077163269885
-0.234445710332011
-0.23451652366174536
-0.23576406782699955
-0.2365578133836347
-0.23687405758703658
-0.24113794456911006
-0.2414961977461644
-0.2428232416557421
-0.2434902480773758
-0.24350581475847927
-0.24539408165340623
-0.2456160374601192
-0.2461192815866866
-0.2487367331981659
-0.2516671929974109
-0.25190411381117883
-0.2521466265122096
-0.25220828647909205
-0.2530732083376108
-0.25373066030442715
-0.2563949133821687
-0.25907760201881946
-0.25956494086487475
-0.25976049433470155
-0.2597787911772035
-0.26159802451729774
-0.2619294165773738
-0.26457198139916865
-0.26501826949606766
-0.26516762607548117
-0.2662086051649466
-0.2663246705832713
-0.2668091700703883
-0.2676301675150171
-0.26789826889788465
-0.2686260235530296
-0.269082805995519
-0.2694193372610698
-0.2714494764877429
-0.2731053850636218
-0.273590230570075
-0.27423763719141586
-0.2750892094391446
-0.2759562999805894
-0.27697745031910015
-0.27825856818993056
-0.2788174897432327
-0.28200205672328593
-0.2831745390551684
-0.28331167716532946
-0.2845263583002179
-0.2858617380261421
-0.2876447454198367
-0.287859131586697
-0.28888833425491256
-0.288918053141515
-0.2891233964269304
-0.2902468092372601
-0.29186411455157213
-0.29322103197327465
-0.29396749711096554
-0.2940493352823751
-0.2950055023987564
-0.29821270210671474
-0.29948592066648416
-0.30062513384521106
-0.30201977901160715
-0.3041974201913029
-0.3044666846593221
-0.3048803989423504
-0.30555802992394093
-0.3061689916507021
-0.3064476280131722
-0.3076703885121138
-0.3095523636459095
-0.30990079415049293
-0.310524651943615
-0.31084505151375197
-0.3128125181157742
-0.31430514578818247
-0.3157549963621875
-0.31636780872941017
-0.31738647293354916
-0.3176531562117816
-0.319956053696842
-0.32060829796521373
-0.32083195845234214
-0.3219330315478146
-0.3230918548845996
-0.32328710040518444
-0.32333980683033586
-0.32387127539631266
-0.324321706513209
-0.3253782645167251
-0.3271544888266362
-0.32733820255857105
-0.3280189071811037
-0.32945773769631614
-0.32947675028408413
-0.33190051256679
-0.33312193445162847
-0.33666343393192305
-0.3370123013118246
-0.3370674865366482
-0.3398062600021184
-0.3401370895638441
-0.3404480142950585
-0.34093839538394377
-0.34246150512137774
-0.34294443537959735
-0.34315038570033113
-0.34587989263104646
-0.34764089963088435
-0.3481535126086328
-0.34921893805346826
-0.3514176985869805
-0.3543318644620336
-0.35510438944006256
-0.35569812029492215
-0.3567927051982325
-0.35777583718299866
-0.36038604964564264
-0.3626853829837273
-0.3630827653234721
-0.3636331831415494
-0.3667455580462047
-0.366972667722924
-0.36733402737879717
-0.36764242593199015
-0.3683717983589708
-0.36952354913955787
-0.3708329586014669
-0.37121473469934635
-0.37266077533058706
-0.3731066683820548
-0.37459600923466496
-0.3746051032212563
-0.37670977973903064
-0.37714500659391587
-0.377550302905244
-0.3781189037836157
-0.37860032163653157
-0.38071240964973185
-0.3818346659827512
-0.3848136120251183
-0.384914138797155
-0.3873140464653261
-0.38910095501487374
-0.3891284122320131
-0.38972052212466224
-0.3924176030725773
-0.3939816605998203
-0.39677679160700385
-0.3977289916292648
-0.40107289147549635
-0.40132063813507557
-0.4015975836331823
-0.4030676266216915
-0.4044081169704441
-0.4056707574054599
-0.40662978501059116
-0.40900763149966224
-0.41063161941056026
-0.4115030107088387
-0.41152891361465055
-0.41269902872643016
-0.4127397391324242
-0.4133766120064436
-0.41399382227905335
-0.41640096419723704
-0.4181999755382435
-0.41875241211464526
-0.4200809569156263
-0.4201875027250234
-0.4223744399043628
-0.42307089914538665
-0.4247540559254048
-0.42652300652116537
-0.4265442989833121
-0.4268816606433177
-0.42729112940173763
-0.43081919848918915
-0.4319304333378871
-0.43290875998458694
-0.4336876614950597
-0.4358167621706213
-0.4392097859759815
-0.4396086186170578
-0.44204762585650315
-0.44390295045903055
-0.4444273960776627
-0.4456041575390878
-0.4473975946505864
-0.448514860886563
-0.4506795044996709
-0.451552875955323
-0.4516167030669749
-0.45194865441977133
-0.4527104968825976
-0.4540208227565472
-0.4545102957360869
-0.4546574522640596
-0.4546682380702502
-0.45575120225548743
-0.4566816873848438
-0.45745355163671775
-0.45764319551277105
-0.45789782211068086
-0.4593017496168613
-0.4593953225473797
-0.45978633910417555
-0.46038358910785365
-0.4604003435588311
-0.4606746724578746
-0.46105949530389334
-0.4616314553537393
-0.46189485165359656
-0.4637198277216937
-0.4665049228684178
-0.46745707044389273
-0.4695707484343984
-0.4727024313211182
-0.4746341525266568
-0.47521211286075415
-0.47591841716712224
-0.4767013680961251
-0.47785310063688435
-0.4781889021396637
-0.4791178817071745
-0.4801598142978037
-0.48114017538027837
-0.48155766719073656
-0.48286488659869065
-0.4829365587351536
-0.48560925107449293
-0.48851835172224256
-0.4937935201561486
-0.49447304345770654
-0.49570337552318555
-0.49609967241606984
-0.4961157760990318
-0.501041424421904
-0.5010458090631744
-0.5035969203454442
-0.5056782352328127
-0.5118691867333837
-0.512500301333057
-0.518474099226296
-0.5191785139213607
-0.5204508128110319
-0.5206860895268619
-0.5220450609922409
-0.5220583354239352
-0.5243167282067589
-0.525559932069882
-0.5256616426631808
-0.5279316676896997
-0.5283468249193296
-0.5286834815880346
-0.5296382554957676
-0.5313112002590464
-0.5332799482580061
-0.5343956245383846
-0.5357697686646133
-0.5377278867617861
-0.5388933455792798
-0.5393254445982165
-0.5396846327930689
-0.5430747298877152
-0.5446696678575661
-0.544981217632691
-0.5461711839889176
-0.5503815848496743
-0.551205096906051
-0.5519736529371585
-0.5532792674688002
-0.5536720620002598
-0.5538937852995028
-0.5539360411930829
-0.5588116677744048
-0.5599053314770572
-0.5683629280410856
-0.5692075592742185
-0.5701813190862595
-0.5703181804403559
-0.5705942373904691
-0.5708584673702717
-0.5723696343484335
-0.5789960789034012
-0.5791587647981942
-0.5794919140978891
-0.5798900094996498
-0.5802083117887378
-0.5819319295696914
-0.5832364363595843
-0.5838992260396481
-0.5873580798506737
-0.5903509940835647
-0.5907336523814593
-0.5927021860934474
-0.592834682824711
-0.5955770290124097
-0.5956669973325915
-0.5957092861717683
-0.5991513348184526
-0.5995763737397889
-0.6008954023958007
-0.6014350828093787
-0.6053904456396898
-0.6056304686819203
-0.6069954282471112
-0.6070941264430681
-0.6086014832900193
-0.610131611675024
-0.6113859843018064
-0.6114099177510247
-0.6116556811517512
-0.6118040632572956
-0.6134793910176263
-0.6145867138818305
-0.6145914263906889
-0.6166638620197773
-0.6193828803487123
-0.622011311352253
-0.6260955050587654
-0.6327625006928833
-0.6335547547205351
-0.6366681296494789
-0.6378425795701332
-0.6415317380407941
-0.6416907911854131
-0.6423991803079844
-0.6505325635274252
-0.6529234221263323
-0.6532096677547088
-0.6545965360322347
-0.656728420034051
-0.6583182615504484
-0.665415990566948
-0.665697492659092
-0.6668160538538359
-0.6676762861510118
-0.6687386692196015
-0.6691768566767374
-0.6704136282205582
-0.6715024196762696
-0.6812919337923328
-0.6824413008871488
-0.6833033685280887
-0.684366074996069
-0.6865589961409568
-0.6870471540347353
-0.6902976774668786
-0.693968116909673
-0.6975414514541626
-0.6982544551789616
-0.6984537054474155
-0.7006138607859611
-0.7018954156277081
-0.7063497938681393
-0.7125767229260944
-0.7130730459164332
-0.7260518036487534
-0.7262531369924545
-0.7266621965294083
-0.7282879666425288
-0.7289887140505016
-0.7325447022914886
-0.7325942596009034
-0.7333594799041748
-0.733607909331719
-0.7351228073239326
-0.7397529408335686
-0.7437423918396234
-0.7451484955847263
-0.7462075697258115
-0.7463662416983728
-0.7513958373710921
-0.752481646835804
-0.7557150070538877
-0.7559352550655604
-0.7582822069525719
-0.7598985001444817
-0.7632342204451561
-0.7647548491756121
-0.7649442519932563
-0.7655412255488045
-0.7667420815676451
-0.7676288858056068
-0.7677233871072531
-0.7686749616903918
-0.7703126412816346
-0.7713078171014786
-0.7720064554014243
-0.7761978586980453
-0.7806040775030851
-0.7810492645949125
-0.7828950474504381
-0.7840494018048048
-0.7927694145270531
-0.7953308496624232
-0.8013858143240213
-0.8073641294613481
-0.8073762330808677
-0.8228059882918993
-0.8238286215928383
-0.8263898169000944
-0.8332324420593472
-0.8379385106686641
-0.8386009988781552
-0.8389960024505854
-0.8407963067293167
-0.8413942449215938
-0.8508679606020451
-0.8523505603079684
-0.8572899252176285
-0.8581336245454926
-0.8589139388891959
-0.8605001561764766
-0.8629814307714696
-0.8636172351903042
-0.8647065907716751
-0.8795901586612066
-0.8808831125497818
-0.8901567890619239
-0.8928723484277725
-0.8952964916825294
-0.9027838206384331
-0.9059893374020854
-0.9096682204787309
-0.9156527370214462
-0.9189440807353498
-0.9193087518215179
-0.9235957066218058
-0.9351808950304985
-0.9388608004837806
-0.9414083957672119
-0.9454946131445467
-0.9459447835882505
-0.9465005099773407
-0.9541825180640444
-0.958629381974788
-0.9588926862925291
-0.9598171164592108
-0.9657325223088264
-0.9687092110980302
-0.9714762972046932
-0.9765278423825899
-0.9851101456879405
-0.9855435160118051
-0.9909183382987976
-0.9912303537130356
-1.0007717087864876
-1.0022356609551935
-1.009849346242845
-1.0337669650713603
-1.0358696686370032
-1.0392164550721645
-1.0458845694859822
-1.0474077835679054
-1.049349268277486
-1.0572044551372528
-1.0671403457721074
-1.0689811648002692
-1.0699488818645477
-1.0780463516712189
-1.0819378979504108
-1.0826872984568279
-1.0840183310210705
-1.0902691022492945
-1.0962138765025884
-1.1008079890161753
-1.1060564028365272
-1.107070691883564
-1.1139264876643817
-1.1216276834408443
-1.1222229646518826
-1.129363511999448
-1.13138647377491
-1.1335637271404266
-1.1350682654551096
-1.1355662954350312
-1.1438730855782826
-1.1464756801724434
-1.150511826078097
-1.1523640975356102
-1.1748910794655483
-1.199238697687785
-1.2005813901541842
-1.2074654052654903
-1.207746452651918
-1.211576722911559
-1.2158192051574588
-1.2201879676431417
-1.2225214298814535
-1.2276783691985267
-1.2421706904258047
-1.2444942543903987
-1.2484952211380005
-1.2569256946444511
-1.258194585641225
-1.264820784330368
-1.2762138644854228
-1.3065636157989502
-1.317579568674167
-1.3294736444950104
-1.3305012807250023
-1.3355642010768254
-1.3538977354764938
-1.3621839260061581
-1.381832242012024
-1.4043578505516052
-1.427900937696298
-1.4479823969304562
-1.4539397930105527
-1.459995523095131
-1.4627459819118183
-1.486002614100774
-1.501622201234568
-1.5049786667029064
-1.5335812866687775
-1.5398098304867744
-1.5467303407688935
-1.5524417931834857
-1.5842763632535934
-1.598068016115576
-1.6199195981025696
-1.626029873887698
-1.6413914263248444
-1.6447621071711183
-1.653042180929333
-1.6609344189055264
-1.663632245734334
-1.6669841669499874
-1.667015858925879
-1.6724104285240173
-1.6901758909225464
-1.7224081307649612
-1.7316741168809433
-1.7341963946819305
-1.7348661333322526
-1.7458420395851135
-1.7467932179570198
-1.8077992275357246
-1.8133675456047058
-1.8135150372982025
-1.82579730078578
-1.830216970294714
-1.8474310152232647
-1.8586007982492447
-1.8758760869503022
-1.8931945102243237
-1.9175444543361664
-1.927688091993332
-1.9319451451301575
-1.9634447035023186
-1.982103854417801
-1.9840598963201046
-1.9931748645334058
-1.9990850687026978
-2.0231936275959015
-2.037366598844528
-2.060751040776571
-2.0676326975226402
-2.0835517747327685
-2.160670168697834
-2.1717649698257446
-2.1762835085392
-2.228728061914444
-2.279222786426544
-2.2855341136455536
-2.310630065202713
-2.4212214946746826
-2.423920154571533
-2.4324079155921936
-2.4610900282859802
-2.4752462685108183
-2.505456620454788
-2.510303576787313
-2.5645261531074843
-2.5646599531173706
-2.5685803095499673
-2.746836225191752
-2.7713920967653394
-2.8495939491937556
-2.941817283630371
-2.9632533310602107
-2.9973526000976562
-3.0157933309674263
-3.072527624317445
-3.1318179685622454
-3.3942753672599792
-3.4696877002716064
-3.536898612976074
-3.597567558288574
-3.6041619777679443
-3.62172269821167
-3.6827799479166665
-3.8526150385538735
-3.9509342908859253
-4.081295728683472
-4.129154682159424
-4.172741651535034
-4.2021902203559875
-4.245597839355469
-4.3283843994140625
-4.378660023212433
-4.441368738810222
-4.516948438831605
-4.51765775680542
-4.8294830322265625
-5.934715509414673
-15.233437538146973
-15.62842845916748
-18.2534236907959
