-9.994702121218779e-05
-0.01816800220902337
-0.02065320359542966
-0.03184244047276203
-0.04099430333978186
-0.054986529707088984
-0.055110597296979744
-0.055988457946412495
-0.06649204680514724
-0.08862599817800287
-0.09681202651699057
-0.09914199443297396
-0.11347214906708862
-0.12809771154970803
-0.14687364205504613
-0.15114341966363654
-0.15242567666427648
-0.15451029349278259
-0.1578915294630825
-0.1666620036768178
-0.1698169337986523
-0.1701533107937697
-0.17067825016120727
-0.17708121716350433
-0.17881532371211506
-0.17937126577210608
-0.18015511333942413
-0.1816288220725255
-0.1945405293909026
-0.19828552028775165
-0.20193722843153714
-0.2039161882712262
-0.205933215736874
-0.20671516318369396
-0.20814924987063044
-0.21180867797374675
-0.2138988528192769
-0.21859007665474267
-0.21865541506565478
-0.22268581103221172
-0.2232634679837377
-0.22722008669619953
-0.2282996633085921
-0.2298406644370306
-0.23003150942450487
-0.23098880797624588
-0.23417062089881804
-0.23592859308144445
-0.2361114686250385
-0.23693322152496243
-0.24023564740619796
-0.24112127989219395
-0.2455639850474256
-0.24580785313490594
-0.24780475205395341
-0.2478921144890257
-0.24821580145612074
-0.2498554645415433
-0.25148290619486263
-0.25170224975608513
-0.2536578833536785
-0.25535279996229293
-0.2554424416548879
-0.25600793158782714
-0.25710904625793773
-0.2572517021020447
-0.257955280612419
-0.2584378953712666
-0.2597054992353686
-0.2600195277063062
-0.2629882957064478
-0.26434753431749414
-0.2652794051869023
-0.26823272094362666
-0.2684039320641318
-0.2688238482565765
-0.26925369290633855
-0.26926019885945185
-0.2718087848883815
-0.27227720494071644
-0.27245769913797285
-0.27265747436747306
-0.27467449798454247
-0.275276032526687
-0.2759946100607793
-0.2770111026071246
-0.27802488123073404
-0.27810167521238327
-0.27950427425246827
-0.2795115548433354
-0.2829623359379184
-0.28473473827034185
-0.28620100554226724
-0.28843660153021017
-0.2897494372155016
-0.29213804999956966
-0.2930217228070712
-0.29502442463611245
-0.29516110015618974
-0.2960019265956326
-0.2962938739789607
-0.29728896423087764
-0.29763080133017183
-0.29919367110996026
-0.3026499294678994
-0.30459091204366473
-0.3062237955782585
-0.30702190617253916
-0.3077156690414858
-0.3079528858264287
-0.30821399599735455
-0.309603999319368
-0.3107175733282901
-0.31304667675503595
-0.31380867111940347
-0.31396849001603755
-0.31431368399571225
-0.3143505820320541
-0.3152182511985302
-0.3153775729486341
-0.3169218329607235
-0.31731441361595597
-0.31735279054504223
-0.31938116786413856
-0.31948475877258414
-0.31998369809707405
-0.3211886873468716
-0.3247627062009997
-0.324980791553777
-0.32501016733167537
-0.3259594385795545
-0.32600006461143494
-0.32676174782499956
-0.3280067660803406
-0.32868191039984496
-0.33323672004043486
-0.33402972620135957
-0.3376182451447214
-0.3392247154454979
-0.3392645666826013
-0.3415770748615614
-0.3421903715776959
-0.3434676181168442
-0.3441399381201308
-0.34458629900472815
-0.3447733358955572
-0.3450143604793306
-0.34728707098868955
-0.3474897085189905
-0.34939508407387265
-0.35015501902497753
-0.3510515016054358
-0.35107372026722883
-0.35185766186145884
-0.35188066251112105
-0.3522762160391693
-0.35227813579694783
-0.3527543300394811
-0.3528239522126796
-0.3547720707094385
-0.35491433876185335
-0.35602212961748236
-0.3563821609843387
-0.3565485474052821
-0.3585560718798632
-0.3617129204651519
-0.36383562108191037
-0.36428807645825145
-0.36906098230750656
-0.36906451768138027
-0.3707224261343048
-0.3714146161316876
-0.37298712053234057
-0.37429820420220494
-0.3749331150363986
-0.3776995166117558
-0.3783902988299815
-0.37917394989302977
-0.3823233273575776
-0.3826151683249231
-0.3842248221393675
-0.3857034447049955
-0.3869986692863847
-0.39008829239753595
-0.3909838572661531
-0.3916163608228054
-0.39455269460449927
-0.39500940893740333
-0.3952492171665622
-0.3952569470748095
-0.39537800342908114
-0.39742594954440946
-0.3974843222690161
-0.3980320132492731
-0.4017818137799587
-0.4022972822989658
-0.40365695192303974
-0.40435831611976025
-0.4063255351835023
-0.407189178159566
-0.41439939944385173
-0.4151155667075525
-0.4163272859383113
-0.41799148984706563
-0.41806551105139533
-0.4210194132303684
-0.42142354051714953
-0.42181020742279995
-0.4239621013402939
-0.4266750495478066
-0.42740003568015555
-0.4300948471631244
-0.4314942048755673
-0.4326536344257382
-0.4339860375815192
-0.43494830329695194
-0.435883741958859
-0.4383486820540049
-0.4391578759707045
-0.43923280625180505
-0.43955876194432947
-0.44086038475088735
-0.44134815899970803
-0.44296011067926316
-0.44331249186587723
-0.44450106040433707
-0.4454710666250293
-0.445503902582459
-0.4460974034645915
-0.4484119659884666
-0.45023125677380094
-0.45140506284733134
-0.4537736936471977
-0.4548774125054251
-0.4558430323376683
-0.45628719368687315
-0.45657926046984204
-0.4570800184208679
-0.45768196918045306
-0.4584324065079244
-0.45992395786257767
-0.46047913432096266
-0.4617101821807226
-0.4617749872579225
-0.46178295864956453
-0.4634755614291193
-0.4644598553415043
-0.46770529262653326
-0.4702707058749809
-0.4726680923291819
-0.47279220988638926
-0.473764868724776
-0.4767444264143535
-0.4770403562223591
-0.4773421275894748
-0.478088894742541
-0.4821388628333807
-0.4834915232162749
-0.4858410012629939
-0.48606246985414275
-0.4866215597121446
-0.48714446079191676
-0.48770744055484555
-0.48946402678266165
-0.4899668922647777
-0.49096371413906087
-0.49161588881783147
-0.4941237113837665
-0.4943424633917554
-0.49562684782234595
-0.495823123181847
-0.4962918977042755
-0.4977920422014271
-0.4980672088034339
-0.4996019859487812
-0.5037639631814882
-0.5041480645075832
-0.5041752497927519
-0.5106334275023983
-0.5126980043945195
-0.5166488858157265
-0.5181575093415859
-0.5182316492573363
-0.5210979977382522
-0.5223609387157886
-0.5241710033781715
-0.5258789947256405
-0.5337741815746767
-0.5340355264372192
-0.5341736160589754
-0.5374204366962658
-0.5396757296518103
-0.5405251988558746
-0.54163740866118
-0.5429392902650331
-0.5463615152693819
-0.5464243233201387
-0.5464464378429107
-0.5471389312297106
-0.5479148479168998
-0.549117819100502
-0.5523726340357358
-0.5528482203262683
-0.5539398156106472
-0.5548397774936608
-0.5560498956058707
-0.5614037166611296
-0.5624045919643541
-0.5627818963490426
-0.56289727306284
-0.5632047996706555
-0.5659905568981066
-0.5708425641059875
-0.5709875119246112
-0.5743353320277593
-0.5751744657754898
-0.5825750718351108
-0.5857369204362234
-0.5864680135382514
-0.5884257387226626
-0.5899513533804376
-0.5901622951030732
-0.5903718361867983
-0.5903927873836656
-0.5923092135528046
-0.5930915446942435
-0.5942203750212988
-0.5946441909763772
-0.5966870641956726
-0.598034992814064
-0.5990137204989878
-0.59907163396322
-0.6024748653483888
-0.6074870015893664
-0.6097035482525826
-0.6104307960194979
-0.6106916162447078
-0.6131554611686832
-0.6134774396923603
-0.6138811819255352
-0.6144630046551811
-0.6157099846168327
-0.6222668464557273
-0.6241992377132735
-0.6279872212556483
-0.6293308706954122
-0.6315008339782556
-0.6319444188265777
-0.634001279870669
-0.6346640802221373
-0.6355491361609845
-0.6394235059036874
-0.6427905678749084
-0.643071623790694
-0.6443332286542045
-0.6465061620207658
-0.6485114227980375
-0.6512164870897929
-0.6513831551492331
-0.6520897380425594
-0.6588843607071718
-0.6592856324277818
-0.6596902539687497
-0.6638047404907411
-0.6646547626733081
-0.6698345225304365
-0.6716094871434076
-0.6729185433318199
-0.6733482034136833
-0.6773684226451829
-0.6784478842413851
-0.6867344840429723
-0.6871524809801258
-0.6877075753094081
-0.6906191134739856
-0.7000166521257947
-0.7021727655082941
-0.7127397134900093
-0.7178250718279647
-0.7204200547421303
-0.723576284168909
-0.7252713851630688
-0.7303900271654129
-0.7365374093875289
-0.7406536370399408
-0.7433580632011095
-0.7440201721183209
-0.7456012257433031
-0.7591777642567953
-0.7652523098506663
-0.7658337272969185
-0.7747470529084204
-0.7759152889251709
-0.7770289670673568
-0.7857805828728791
-0.7892599666756688
-0.7899297816717308
-0.8023445418493793
-0.8036518484354019
-0.814033820546039
-0.8226904273033142
-0.849216103553772
-0.8504059861103693
-0.8521573603153229
-0.8568666785334548
-0.859368627141248
-0.8597166478633881
-0.8599135975042979
-0.861799720365525
-0.8635669217910618
-0.867577097621203
-0.868227006494999
-0.871364167961292
-0.9070989191532135
-0.911620557308197
-0.9169099777936935
-0.9181885659458203
-0.9207007884979248
-0.9272639650043857
-0.9275041229557246
-0.9305157102644444
-0.9420041016169957
-0.9477347649633885
-0.9516232790597964
-0.9541753128170967
-0.9558255293464754
-0.964448447804898
-0.9668217764701694
-0.967277817428112
-0.9780532717704773
-0.9848760440945625
-0.9892477609682828
-0.9909510910511017
-0.9967707246541977
-1.0073085178931553
-1.0110140349715948
-1.0173111918071907
-1.031946401895766
-1.040124874414687
-1.0450887630383174
-1.0567589811980724
-1.0660157732199878
-1.0670749805867672
-1.0732327431906015
-1.079034000635147
-1.079402145347558
-1.0830276046581275
-1.084123079975446
-1.0872280967123515
-1.1002152000255592
-1.1078096241690218
-1.1082965234915416
-1.1091230156380334
-1.1157000483945012
-1.1245554486910503
-1.1321668386459351
-1.1395016319584101
-1.1587477301557858
-1.1627733707427979
-1.1648681393562583
-1.1650637052953243
-1.1666666689949163
-1.1746383588761091
-1.1908715844154358
-1.1910040905804635
-1.1933125257492065
-1.201065182685852
-1.2025915682315826
-1.2130251787602901
-1.2371283173561096
-1.2390407025814056
-1.2396771535786684
-1.2460489082150161
-1.2607523007318377
-1.2717110328376293
-1.273258262546733
-1.2814727624257405
-1.2883604092756287
-1.291820764541626
-1.2940648297468822
-1.2969401329755783
-1.3023554421961308
-1.319555143515269
-1.349636157353719
-1.3613125135501225
-1.3714869618415833
-1.3735798597335815
-1.3788198626910646
-1.3840879797935486
-1.3877539932727814
-1.3916382392247517
-1.3958222270011902
-1.3995815465847652
-1.404089633996288
-1.448830559849739
-1.465189684725677
-1.4750712911287944
-1.4766425862908363
-1.4781878590583801
-1.4835942313075066
-1.4862260532099754
-1.4917278836170833
-1.5207044184207916
-1.530208595097065
-1.5383415222167969
-1.5457139698379252
-1.5683534611016512
-1.5737709403038025
-1.6230379939079285
-1.6370172357885167
-1.662278652191162
-1.670253316561381
-1.6774187088012695
-1.6888070084775488
-1.7141322294871013
-1.717506319284439
-1.7864293223246932
-1.7939169325400144
-1.8195365965366364
-1.8276589512825012
-1.9236093759536743
-1.952731043100357
-1.9749866053462029
-1.9762147068977356
-2.1307650059461594
-2.180781304836273
-2.198558682925068
-2.23991459608078
-2.2516418794790902
-2.2758716394503913
-2.2872826698294304
-2.438661277294159
-2.4431829231325537
-2.4552189707756042
-2.4746081233024597
-2.4943408519029617
-2.508410692214966
-2.510326564311981
-2.5128213326679543
-2.570495456457138
-2.6109126785595436
-2.679122358560562
-2.755294739326928
-2.7825008183717728
-3.4251078367233276
-3.437694092746824
-3.710213746977388
-3.7844380140304565
-3.984662175178528
-5.321033000946045
-5.803883043117821
-6.175994396209717
