-0.004483755508166117
-0.030770089477300644
-0.042201703084477536
-0.09034406975843012
-0.14500384405255318
-0.14713292568922043
-0.1532281544059515
-0.16081140711903572
-0.1993418880738318
-0.2267141505726613
-0.2353136551433376
-0.2780269496142864
-0.2960508080931114
-0.29707357968436554
-0.3003107488155365
-0.30481296830294013
-0.3119404686197716
-0.3154062352453669
-0.3191557045146409
-0.3370509136778613
-0.34272514190524817
-0.35349919952984366
-0.3652990603127125
-0.3883978320285678
-0.392296020689173
-0.3975181128896241
-0.3992308185635401
-0.40505694252594066
-0.41161188832158024
-0.41408026013155713
-0.41416310498898384
-0.41833361335253966
-0.4207133678263863
-0.42179899448819924
-0.42204468052036
-0.42492331854545656
-0.42962236552395755
-0.42975862781961705
-0.4332076593723503
-0.4354450151355088
-0.4387172630855015
-0.4394040610641241
-0.44052136883097276
-0.44086831994354725
-0.4436434097297024
-0.45329054152326925
-0.45609730442002827
-0.458347310873625
-0.4591310623142382
-0.46051226179891575
-0.4610020751715638
-0.4613274254609548
-0.4619561541165846
-0.4620695685993673
-0.46466535948113435
-0.46580623244517483
-0.4678911494091153
-0.4681466004345566
-0.47126822939179347
-0.4736899441507246
-0.4753596742327015
-0.4756851635102066
-0.47688791783210555
-0.48090179415561984
-0.4810182089917362
-0.48205073220837535
-0.48215985018759966
-0.4827310048699887
-0.4838433017139323
-0.4849082995390615
-0.4890364096098547
-0.49118785160736966
-0.49353922804351896
-0.49432605512103894
-0.4949961069794191
-0.49720846416088393
-0.5041125465982726
-0.5062117421378692
-0.5095139069067638
-0.5107539410043197
-0.5108201348839794
-0.5110983076447155
-0.5113985046627931
-0.5127314259298146
-0.5135616076050792
-0.5144089803216048
-0.5149355074471056
-0.5166484453474023
-0.5185686904587783
-0.5208772016363219
-0.5211440596994223
-0.5217853428912349
-0.5221980181300924
-0.5244724777100297
-0.5277839863486588
-0.53215585217965
-0.5325096752018329
-0.5326812904095277
-0.5370603959308937
-0.5373320862418041
-0.5391889089784984
-0.5397114835679531
-0.5398412065696903
-0.541659735662742
-0.5424206686884645
-0.5434334192957196
-0.5460053115020855
-0.5490398583197555
-0.5499359864393877
-0.5499579822644591
-0.5509101500967517
-0.5521688949889861
-0.5537118053995073
-0.5539912280704206
-0.5539960306736508
-0.5555723540277945
-0.5565352321524794
-0.5577692413436515
-0.5581369433202781
-0.5593590249107885
-0.559917903904404
-0.5607908775959264
-0.5609576409602036
-0.56161224715073
-0.5633504551702312
-0.5635286865259619
-0.568625990444651
-0.5697701574279241
-0.5698639329445238
-0.578354383711345
-0.5802058894187212
-0.5829383937389139
-0.5853372853663232
-0.5885380856925622
-0.5905459605985217
-0.5956007678061723
-0.5969977413899161
-0.5982968101277948
-0.5985118008218706
-0.5988376893413564
-0.6005194489844143
-0.6018126478033642
-0.6042181871453067
-0.6057012207456864
-0.6072988915314758
-0.6079998554972311
-0.6095628272742033
-0.6096058907703712
-0.6215537374373525
-0.622843868052587
-0.6235561490757391
-0.6281944502455493
-0.629987439301658
-0.6316982449165413
-0.6324289344095936
-0.6346253919016037
-0.6393732129072305
-0.6438388765673153
-0.6444731209841039
-0.6476446231051037
-0.6495348725667489
-0.6499368872415895
-0.650420549698174
-0.6549044625833631
-0.6556157533248718
-0.6562315202650747
-0.6563572533195838
-0.6565737078587214
-0.6580603290967701
-0.6601209178566932
-0.6601631271187216
-0.6620468127563072
-0.6622335048053752
-0.6623151435283944
-0.6635011249066641
-0.6637092158198357
-0.6667602235684171
-0.6669102410863464
-0.6690374813346274
-0.669490156074365
-0.6733271435213586
-0.6770072504878044
-0.6774802069283195
-0.6798237247532919
-0.6811856043835481
-0.6848019286990166
-0.6853786766529083
-0.6866861243421832
-0.6888432502746582
-0.6907171108177863
-0.6908596856053919
-0.6931283426626275
-0.6931596240028739
-0.6931618103602281
-0.6941702242475003
-0.6967894941568374
-0.6973841117694974
-0.6987183526158333
-0.6999879055656493
-0.7038734342437237
-0.7132197494114129
-0.7149970792233944
-0.7156350648147054
-0.7179260216265296
-0.7242702503378192
-0.724935445520613
-0.7253116052597761
-0.7275680359452963
-0.7322943421313539
-0.7328768071674858
-0.7340131956575946
-0.7358078397810459
-0.7485245235094969
-0.749614374525845
-0.7537714675068855
-0.7601124627722634
-0.7627874199301005
-0.7656178556382656
-0.767028053291142
-0.7712860142928548
-0.7721308533634458
-0.7742301181424409
-0.77612866909476
-0.7780758376632418
-0.779936530868872
-0.7799613720853813
-0.7959345082441965
-0.7961875519715249
-0.8036069348454475
-0.8065991271287203
-0.8116812951862812
-0.8125414230395108
-0.8152070229213374
-0.8176737104542553
-0.8183531513437629
-0.8214484949906667
-0.8292759604693856
-0.8296789713203907
-0.8422985796059947
-0.8440010592807085
-0.8536851836575402
-0.8624320134986192
-0.8627933718264102
-0.8679675083840266
-0.8754430990898981
-0.8844902962446213
-0.8848934931059679
-0.8911875635385513
-0.8923696473240852
-0.9127196848392487
-0.9140939190983772
-0.915826540440321
-0.9178091720677912
-0.9226976391582866
-0.9231149916137967
-0.9231943525373936
-0.9298733547329903
-0.9313398912549019
-0.9346674857661128
-0.9355381583794952
-0.9364102594554424
-0.942608407802052
-0.9550224818910161
-0.9580373044850098
-0.9666040241718292
-0.9793629460036755
-0.9802552238106728
-0.9866695124364924
-0.9883125498890877
-0.9921103161242273
-1.0049462964137394
-1.0051276918966323
-1.0086159470180671
-1.0132573327670495
-1.0134485196322203
-1.0187341740820557
-1.0190537237961377
-1.0386778910954793
-1.040552930906415
-1.0496752219540733
-1.050462590152165
-1.05377440713346
-1.0571081471695964
-1.0777738891541957
-1.0834723701700568
-1.0841330103576183
-1.0900571644306183
-1.0904943992694218
-1.106821946799755
-1.1079584551709039
-1.1223011978087016
-1.1227495926949713
-1.1583174566427867
-1.1700930618681014
-1.1741726994514465
-1.1864804706225793
-1.1909230053424835
-1.19314294308424
-1.1981547675095499
-1.1988625533995219
-1.2034531484047573
-1.2092108633369207
-1.2123776923399419
-1.230129823088646
-1.2309364130099614
-1.275458887219429
-1.2961847599362954
-1.3011857271194458
-1.3179797466312135
-1.3265382936224341
-1.3540620009104412
-1.3786980664978425
-1.3903222121298313
-1.391804111073725
-1.4006177578121424
-1.446524068315436
-1.4502535043284297
-1.4908597024041228
-1.527905821800232
-1.661152683198452
-1.69699161251386
-1.708965539932251
-1.7330915927886963
-1.765794958298405
-1.87233098068585
-1.909334685653448
-1.9668792865704745
-1.9866632602643222
-2.1318349838256836
-2.171141699887812
-2.2087966203689575
-2.216467281182607
-2.2297298908233643
-2.237206518650055
-2.2394029200077057
-2.2924638390541077
-2.3278959691524506
-2.4019998013973236
-2.577189764007926
-2.666001796722412
-2.6717162132263184
-2.6766692735254765
-2.681386321783066
-2.7065560817718506
-2.7370243072509766
-2.7387285232543945
-2.768796145915985
-2.793061375617981
-2.7952264109626412
-2.8782699615694582
-2.8891333517773696
-2.924847424030304
-2.9963873624801636
-3.101816028356552
-5.887871742248535
-6.708327293395996
-7.6248626708984375
