-0.0017416798509657383
-0.0023243695904966444
-0.00304398281923568
-0.007130979181965813
-0.015176041915401584
-0.027304657211061567
-0.0584616024668018
-0.08197245989867952
-0.08596025462793477
-0.12182945385575294
-0.1250899029213802
-0.14658605679869652
-0.15817032021004707
-0.15823107874995104
-0.1794947517802939
-0.18106811871984974
-0.18171500337439284
-0.18489789474930754
-0.18651751664219773
-0.19064641570512322
-0.2105205692096206
-0.22195225208997726
-0.22567421909964955
-0.23259476944804192
-0.23318656581169409
-0.2601776835654164
-0.2602026481844304
-0.2775102612329647
-0.2782090024099619
-0.280210765867701
-0.2870703011518344
-0.2882724784641242
-0.28913317182559695
-0.2923440230855097
-0.2939885379928455
-0.2947150835709181
-0.32428707226063125
-0.3246942819096148
-0.3314345503107082
-0.3325506408388416
-0.3390685543376354
-0.34811169575259554
-0.3503570149455649
-0.35286823766218733
-0.3541666033367316
-0.3555967900125931
-0.3557620256867722
-0.3624635820975527
-0.363019464793615
-0.3631657164543867
-0.37060280285125674
-0.37151671423796667
-0.3734688211494965
-0.38408034419020015
-0.3870160780546333
-0.38773780056508256
-0.3882768127368763
-0.38881875000273186
-0.3892147139246975
-0.3894470899249427
-0.38982517750991974
-0.39163505676801186
-0.39473859667850775
-0.3979668252369655
-0.3986107192467898
-0.3994468537159264
-0.3996640001423657
-0.4018509113312965
-0.40591406344333336
-0.40915621011517944
-0.41196313699765597
-0.41364037711173296
-0.4138920474123451
-0.421915259983507
-0.4227757798944367
-0.42520054956330566
-0.4252949201084751
-0.4312227936616788
-0.43141767662434305
-0.43171956192236394
-0.4324890596966725
-0.43327957922010685
-0.4349335835722741
-0.4357106102718811
-0.4359950106590986
-0.43633314967155457
-0.4386706233024597
-0.43992597609758377
-0.4404576464337023
-0.44514959413209
-0.4480794453815179
-0.4493327556992881
-0.4510629495032065
-0.45673705541685194
-0.4567473651841283
-0.457429103830691
-0.4587109102940303
-0.4595653229283926
-0.46160890595056114
-0.46165434012866835
-0.46269589045550674
-0.4630996553314617
-0.46678455639630556
-0.46798469861678316
-0.47047206689603627
-0.47373026275108715
-0.4740015665684041
-0.47567216945546015
-0.4767021928582835
-0.4770920738577843
-0.477343922896398
-0.4791667202047797
-0.480932990288628
-0.48173697136865357
-0.48249135685986594
-0.4835200677480316
-0.4850281602703035
-0.48539973651769774
-0.49033330004547476
-0.4909072810783982
-0.491345121525228
-0.49241250776685774
-0.492475835111171
-0.4925599239510727
-0.49523389009118546
-0.49563974229386076
-0.49777850115464795
-0.497971966822206
-0.500559152621362
-0.5012260366784176
-0.5023071760854995
-0.5025444593280554
-0.5029146280139685
-0.5065276575507596
-0.5084242345848906
-0.5110932755102112
-0.513069192621445
-0.5130715847481042
-0.51346164001734
-0.514364224858582
-0.5147156181151836
-0.5155019267074986
-0.5159471675287932
-0.5167281889589503
-0.5172922546709222
-0.5173000646505638
-0.5175491234232836
-0.5182645552558824
-0.519053756906942
-0.5199700549793695
-0.5200233358191326
-0.5204063666798174
-0.5213421709219498
-0.5227119494011276
-0.5230881321347423
-0.5251547046621757
-0.5253761362328078
-0.5267678191594314
-0.5273867482719652
-0.5278397593647242
-0.5294401227895703
-0.5301219583489001
-0.5306054906668578
-0.531118048251503
-0.5317360040332589
-0.5332239166309591
-0.5335417526463667
-0.5338243831938598
-0.5355422103893943
-0.5357522356926518
-0.5369846834801137
-0.5370369475082649
-0.5372928430636724
-0.5382010956127488
-0.5421738297009142
-0.5421951009982877
-0.5422281244148811
-0.5428488760720939
-0.5434972585353535
-0.5437334536885222
-0.5460797913838178
-0.547027840356653
-0.5473583880151031
-0.5476779616105237
-0.5490407241353145
-0.5500181911380163
-0.5523205173594761
-0.5526665813429281
-0.5529406350154508
-0.5536203649199496
-0.5536397667601705
-0.5537058397788893
-0.5541563133398691
-0.5543860426914762
-0.5550374082688775
-0.5553890972708663
-0.5560112528883937
-0.5578815494405313
-0.5594793365035912
-0.5596558742553872
-0.5607707219896838
-0.5613429075592649
-0.5613713077597952
-0.5621590416994877
-0.5623784967913077
-0.5628959433358561
-0.5630658426729497
-0.5631269556324696
-0.5647251134117445
-0.5650024485722598
-0.568671173612529
-0.5696381711228469
-0.5701004366079966
-0.5709481959172991
-0.5715695211547427
-0.5718309351837628
-0.5728226187121537
-0.5733330370392651
-0.5743351336781416
-0.5753492571206557
-0.5782169126905501
-0.5783908207803506
-0.5796120551516651
-0.5804969182616333
-0.5812711326972299
-0.5818464459909591
-0.5825749307870864
-0.5834402335652461
-0.5843111899359008
-0.5843273562689623
-0.5856440939329332
-0.5866106984405113
-0.5875211847596802
-0.5898573607951403
-0.5901862587954383
-0.5922052394598722
-0.5937300500642907
-0.5956152746453881
-0.5956742593345032
-0.5957662264499959
-0.5969475505501032
-0.5971222865498729
-0.5977637920462128
-0.59905534884375
-0.600525257794221
-0.601160316975438
-0.6014984918551313
-0.6015008856669407
-0.601780484081246
-0.6017828852830766
-0.6019457090314972
-0.6020240151722517
-0.6024004395585507
-0.6024446937824703
-0.6028652569012982
-0.6028919819661457
-0.6030506042880006
-0.6034513739063047
-0.603578592534177
-0.6043069308677028
-0.6043649265775457
-0.6044326938688755
-0.6049599805164376
-0.6051212154667486
-0.6056338525247864
-0.6072678265161813
-0.607670190744102
-0.6077851083064161
-0.6097926555084996
-0.6098608180318479
-0.6117016598582268
-0.6125319750669102
-0.6129787300967358
-0.6130487915224876
-0.6134798841085285
-0.6142421502445359
-0.6145274611189961
-0.6148743601515889
-0.6159950996261614
-0.6176713417387671
-0.6178635058458894
-0.6179223468916462
-0.6189765514693512
-0.6205511300358921
-0.6208239553496242
-0.6216775307664648
-0.6217466809579896
-0.6222107312059961
-0.623059475258924
-0.6234940389695112
-0.6242707931327459
-0.6248939355912929
-0.6254212204366922
-0.6258662303702699
-0.6280630828372927
-0.6305866569280625
-0.6307898595751751
-0.6309349190339382
-0.6311377569800243
-0.6320844846595719
-0.6322561325505376
-0.632370099131214
-0.6333052198926452
-0.6350630599074065
-0.6354394717927789
-0.6355783693351051
-0.635744343112622
-0.6358782915132386
-0.636010570556391
-0.6366613030965839
-0.6372557315302806
-0.6373983677476645
-0.6388824578607455
-0.6394728756235314
-0.6397469845906016
-0.6397733353078365
-0.6399743803776801
-0.6404153209179639
-0.6405975864165359
-0.6423926860507991
-0.6425215283961734
-0.6426868703992417
-0.6429830577172753
-0.6433922270578998
-0.6442292580613866
-0.6443101811804809
-0.6456692996434867
-0.646785013477451
-0.6477499400498345
-0.6478004114081463
-0.6478189973212365
-0.6482764263119962
-0.6485867100321533
-0.6485899086110294
-0.6490473609708716
-0.6491509135812521
-0.6512891015736386
-0.6516950646387571
-0.6547566394729074
-0.6558098363457248
-0.6559486000177761
-0.6568031746898598
-0.6571739319435437
-0.6578935701400042
-0.6580102731887665
-0.6585159943039928
-0.6587437890203935
-0.6587627207422081
-0.6588931278437721
-0.6605834102915001
-0.6620166027918458
-0.6643499148194678
-0.6646626066406801
-0.6656466242857277
-0.6663726876606233
-0.6668080314411782
-0.6679889911652676
-0.6680819044937379
-0.6681079571135342
-0.6702782113312019
-0.6727915640092559
-0.6738449081312865
-0.6740178000181913
-0.6747975159826941
-0.6754636654181273
-0.6756188092753291
-0.6757590664085
-0.6758257007459179
-0.6758713060407899
-0.6760723604162194
-0.67727127574229
-0.6775104728423886
-0.6783354950253851
-0.6784991960448679
-0.678704979904675
-0.6797028880359398
-0.6821305561324051
-0.6824314533267171
-0.6853891031205421
-0.686164588966806
-0.6875908327056095
-0.6881420410576539
-0.6888892853603465
-0.6894501972083862
-0.6919068121577665
-0.6935214805416763
-0.6938570484489901
-0.6941727399659742
-0.6944863956252282
-0.6955727338624585
-0.6962992027401924
-0.697415100382932
-0.6975700754502957
-0.6997139086015522
-0.7004089364781976
-0.7034339763865773
-0.7057395534486406
-0.70590860506689
-0.7062911265171491
-0.7063722166099718
-0.7071279499214143
-0.7078955837182308
-0.7110354233154794
-0.7124709340070391
-0.7128016277103078
-0.7136865673948907
-0.7140940257464535
-0.7158465130237995
-0.7162822800601134
-0.7168488700034297
-0.7193452164530754
-0.7208152383565902
-0.7211722250602179
-0.723090848326683
-0.7246948331681778
-0.7258177176117897
-0.726506481710304
-0.7297769729048014
-0.7311616337305168
-0.7323160306550562
-0.736258444925105
-0.7372482581330198
-0.7372631194690863
-0.7375212278372297
-0.737697284668684
-0.7379883646965026
-0.7399860952864401
-0.7411925255437382
-0.7417887003076348
-0.7426675125956536
-0.743113450902073
-0.744018859363028
-0.7445572044234723
-0.7479448349447921
-0.7494906771415637
-0.7500374651669214
-0.7500846538459882
-0.7523398312041536
-0.7529117116937414
-0.7553992328854898
-0.7559689537156373
-0.7565441018583182
-0.7589690456516109
-0.7602645604289137
-0.7629798121218171
-0.7639459572965279
-0.7644603691684703
-0.7659533598925918
-0.7659676596289501
-0.7660289657743353
-0.7680042736697942
-0.7709626738214865
-0.7781712710857391
-0.778999745787587
-0.7854009640092651
-0.7861574604741892
-0.7863402082242829
-0.7867513559564637
-0.7930385089324167
-0.8001762501274546
-0.8001866205406258
-0.8007240517706578
-0.8035857977345586
-0.8111213147640228
-0.8171092934374299
-0.8173543477823841
-0.8181473191361874
-0.8205412001504252
-0.8247478618674601
-0.8291031382977962
-0.8306382260634564
-0.8321317358873784
-0.8322498294292018
-0.8330639008432627
-0.8332200467702933
-0.8349740725631515
-0.8364543177788922
-0.8367270012386143
-0.8394958075950854
-0.8447702827203708
-0.845653570878009
-0.8473335949820466
-0.8530533671379089
-0.8535372860729694
-0.8558503938955255
-0.8640970479464158
-0.8642920653025309
-0.8647400000016205
-0.8661369064175233
-0.8680870893100897
-0.8684748009778559
-0.8687114539206959
-0.8707336102476498
-0.8738757272561392
-0.8789375629276037
-0.879752675643734
-0.8826018702238798
-0.8829068094491959
-0.8853894018175197
-0.8857631864848372
-0.8918083249591291
-0.8931530341506004
-0.898360968392808
-0.9020463824039325
-0.9054509084671736
-0.9077649878066344
-0.910410165587174
-0.9156017967499792
-0.9214465857483447
-0.9236227656016126
-0.9441357829891786
-0.9469669936224818
-0.9474425464868546
-0.9495983421802521
-0.9529806790607316
-0.9539017502218485
-0.955767249274585
-0.958434458822012
-0.9612558441973912
-0.9654712837322482
-0.965943055493491
-0.9728375080740079
-0.9747017567666868
-0.9884523069486022
-0.9895786662236787
-0.9904766663288077
-0.9911951391647259
-0.9920641750097274
-0.9945344348088838
-0.9984597746903697
-0.9990676138550043
-1.0003269833202164
-1.0004435070077307
-1.0052304330414958
-1.006641447544098
-1.0077331009088084
-1.0162451394329157
-1.0195985390339046
-1.0203403333822887
-1.0211547315120697
-1.0238395108728062
-1.0336691103875637
-1.037030892757078
-1.0392592611855693
-1.045876330429954
-1.0517133446410298
-1.0518049670848995
-1.052703022044928
-1.0527476420005162
-1.0536805152893067
-1.058501270657871
-1.0602338455306988
-1.0630689648290474
-1.0643904263924924
-1.065260823816061
-1.06921854801476
-1.0701149857923156
-1.0706304628401995
-1.0736334301618626
-1.0838938597589731
-1.0840875430963934
-1.0846524039904277
-1.0860627402047005
-1.0910099763423204
-1.0918266382068396
-1.0988320242613554
-1.1040989480291803
-1.10629293591046
-1.1091986782848835
-1.1105771814181935
-1.1268060505390167
-1.1278460137546062
-1.1283101737499237
-1.1289895835465618
-1.1304275803850032
-1.1343477308750152
-1.1355201303958893
-1.1364863440394402
-1.1378921091556549
-1.1465060640126468
-1.1539843790233135
-1.1554935202002525
-1.1631958273549874
-1.1726867910474539
-1.1768147945404053
-1.1812067911960185
-1.1812414973974228
-1.1924395906971768
-1.1984841041266918
-1.2059737890958786
-1.2065017711283872
-1.208829840645194
-1.211230555200018
-1.2128728292882442
-1.2247567176818848
-1.2333901936654001
-1.236647315575586
-1.2410197854042053
-1.242223600546519
-1.2447146792546846
-1.2878562211990356
-1.2960298396646976
-1.3029201328754425
-1.303748311533127
-1.305135726928711
-1.3057803114255269
-1.3076289109885693
-1.33207777425802
-1.3421792775858195
-1.350532405078411
-1.3604392335982993
-1.3620698650677998
-1.3779248088394525
-1.3789004844923813
-1.3803101629018784
-1.3862816095352173
-1.3867529776568215
-1.391446848710378
-1.4029670049552805
-1.4078204482793808
-1.411241693655029
-1.4161919188530494
-1.4186388216912746
-1.4269782155752182
-1.4470711436704733
-1.449364726121227
-1.4607691876590252
-1.4696214199066162
-1.486492062555044
-1.536975344022115
-1.5405370779335499
-1.546287218729655
-1.5462913711865742
-1.5611983835697174
-1.5627666041254997
-1.5698482242102425
-1.5747009015729418
-1.591372431255877
-1.5939682150104393
-1.5984692269315322
-1.6047743875533342
-1.6078587903175503
-1.6420149986127701
-1.647199273109436
-1.6539660409713786
-1.6575732082128525
-1.6618149548768997
-1.701360635459423
-1.715925082564354
-1.7665980169549584
-1.7712733745574951
-1.786133635789156
-1.803031332558021
-1.8060188423842192
-1.8266234993934631
-1.831842417930602
-1.853232555091381
-1.8654665146023035
-1.8685525953769684
-1.879429226120313
-1.904634267091751
-1.9054528772830963
-1.9125070571899414
-1.9167192578315735
-1.935762420296669
-1.9427369530312717
-1.9884470535907894
-2.0102874347940087
-2.0147602216651044
-2.0466391866405806
-2.066396879265085
-2.0814342498779297
-2.0888323206454515
-2.1504008869330087
-2.1679126024246216
-2.184368073940277
-2.2141589522361755
-2.241410532849841
-2.2635585218667984
-2.2685135829960927
-2.279409408569336
-2.319943006252288
-2.344979421235621
-2.349120855331421
-2.3491842134972103
-2.4604286352793374
-2.489623785018921
-2.5615463443100452
-2.6069267773806737
-2.8390538692474365
-2.9243914582766593
-2.935436099767685
-3.154926061630249
-3.227154493331909
-3.281923830509186
-3.352219820022583
-3.417117780074477
-3.4956114180386066
-3.496569871902466
-3.714493989944458
-3.7442634105682373
-4.070056507363915
-4.169572340324521
-4.185103416442871
-4.213991597527638
-4.2176935859024525
-4.413974154391326
-4.423112261691131
-4.428464651107788
-4.499493360519409
-4.731567144393921
-5.720552921295166
-5.730865001678467
-5.74408483505249
-9.854181289672852
-10.016298294067383
-10.14785385131836
-10.37313461303711
-10.391712188720703
-10.505590438842773
