-0.01231005392037332
-0.034108543768525124
-0.044688291692485414
-0.05086760739504825
-0.05936490232124925
-0.06115306655410677
-0.07543820538558066
-0.08439160288415021
-0.08731401309099358
-0.11162832788457829
-0.1258463610574836
-0.12830216685930887
-0.14556510816328228
-0.16045040093983212
-0.1630502371408511
-0.17225406558385917
-0.18356020891224034
-0.19928724449127913
-0.22111393697559834
-0.22205513711087405
-0.22390695102512836
-0.22856896247581712
-0.23233050089038443
-0.23319110897864448
-0.24241699532140046
-0.24854164641227625
-0.2705102009698749
-0.2836837333577153
-0.28456770318249863
-0.2867458400549367
-0.29018129693738753
-0.29201996717477285
-0.2976816188544035
-0.3117239270359278
-0.3230451007530064
-0.3241274584350841
-0.33315273001790047
-0.3343554572202265
-0.33940389880444854
-0.34129547226863605
-0.34483006366062907
-0.34565848554484546
-0.345844707784376
-0.34650776683702134
-0.3554964531067526
-0.3561299337074161
-0.3568000907078385
-0.3575710696459282
-0.3647354079876095
-0.36896255472674966
-0.3725844903383404
-0.3744911625399254
-0.37636935436166824
-0.37708342450787313
-0.37978340676054356
-0.38018660832728657
-0.3802031578088645
-0.38320582066080533
-0.38594332354010213
-0.3893937722210207
-0.3910682309884578
-0.39142697942443194
-0.4010049609292764
-0.4042509270366281
-0.40618195658316836
-0.4099255509674549
-0.4124342967600872
-0.4125113643905414
-0.4129336286267197
-0.41543057825603885
-0.41787905323805963
-0.4184555203653872
-0.418741892158453
-0.4192114259848105
-0.41944269712369603
-0.42038656863864854
-0.42142056602252914
-0.428169605069949
-0.4305700204805126
-0.43157513085752724
-0.4317094021632026
-0.43395172525358955
-0.4340511369984597
-0.4341265254886821
-0.4350245316271429
-0.43592869117856026
-0.43593941405415537
-0.4376425388036296
-0.4391801493641521
-0.4420758833322907
-0.44276825088600164
-0.44429033674948315
-0.4451076779514551
-0.4464185129618272
-0.4465020068300267
-0.44772746425587684
-0.4479358926016305
-0.45160631473797064
-0.45297299096649835
-0.45336498945835046
-0.4544132355450919
-0.455055370926857
-0.45514045575899736
-0.45652443918931696
-0.45738164740256393
-0.45772907845417243
-0.4580337786529627
-0.45879214672515023
-0.4592336326604709
-0.4597326349163347
-0.4618145262124017
-0.462888221274345
-0.46302870909650146
-0.46350658365658354
-0.46429727657232434
-0.4651855019425663
-0.4654965388774872
-0.46641791742295025
-0.4675136042226638
-0.46824294104174313
-0.4696425946562418
-0.4730577709124191
-0.4737290411510251
-0.474274618284835
-0.4743439244921319
-0.4743900584289804
-0.47582923842128366
-0.47624375589657575
-0.4764110698364675
-0.47764255608975265
-0.47788070489724094
-0.4783628357574344
-0.47955528665625025
-0.4798423173752698
-0.4801993158471305
-0.4847811790998094
-0.4870846720208647
-0.48881027995375914
-0.4896283641490819
-0.49100790568627417
-0.49122410443507963
-0.49219756736420095
-0.4944642146833108
-0.4945744667202234
-0.4946190432267031
-0.49506730240370544
-0.49588467373202244
-0.4981496980320662
-0.4985798944634063
-0.49991534364579077
-0.5007076585354905
-0.5015143328195403
-0.5016568091814406
-0.5028728916123509
-0.5034634602655258
-0.5035524258079628
-0.5041540752863511
-0.5075223679468036
-0.5076762011740357
-0.508064485527575
-0.5092350672283728
-0.5094667668017792
-0.5106402287104478
-0.5123700061812997
-0.5139556052163243
-0.5139763057231903
-0.514926164643839
-0.5152573793062142
-0.5154309085019949
-0.5155407830025069
-0.5167040145024657
-0.5170325881668499
-0.5173943844603618
-0.5174013836064356
-0.5184547941898927
-0.5188615672911207
-0.5193946447171685
-0.5199739801593952
-0.5204912271712803
-0.5207475603674538
-0.5210278655868024
-0.5214552265630724
-0.5224225357485314
-0.522495493106544
-0.5226452111576995
-0.5231788933354741
-0.5235776377197069
-0.5259795355261303
-0.5269912656263581
-0.5270875090267509
-0.527309216827584
-0.5274798501777695
-0.5279528682162478
-0.5286626927554607
-0.5293723247596063
-0.5296193428512197
-0.5314786984728506
-0.532492005133203
-0.5327070839703083
-0.5329492132748581
-0.5332993989577517
-0.5335303318803198
-0.5341591686973798
-0.5341927941772155
-0.5346500617582933
-0.5353421738545876
-0.5353523281195925
-0.5358853640323302
-0.5358994274865836
-0.5374031652911351
-0.5377686889717422
-0.538131874528647
-0.5381847406701686
-0.540327706138487
-0.5407727794425393
-0.5418706350194823
-0.5424795541789775
-0.5440593236271525
-0.5446101075245274
-0.545457761734724
-0.5459249303676188
-0.5471516966019407
-0.5481543563306331
-0.5495332527905703
-0.5537323273543734
-0.554310642182827
-0.5544451792957261
-0.5565147407352924
-0.5573440030611192
-0.5579975567234214
-0.5594830438494682
-0.5603580715666924
-0.5605929371631646
-0.561391469427488
-0.5642133296234533
-0.5656913510058075
-0.5661042116116732
-0.5668330956250429
-0.5695959251566693
-0.5698814156154791
-0.5700911530681575
-0.5716535953300385
-0.5733318374528048
-0.5743832877778914
-0.5749007916310802
-0.5756378196878359
-0.5757186400393645
-0.5761122239410825
-0.5766838572453707
-0.5796092858848473
-0.5798277923313435
-0.5826615865031878
-0.582840563962236
-0.5829917051829397
-0.5830144072798166
-0.5835270244569983
-0.5839875020707647
-0.5842922293202719
-0.5851118565769866
-0.5851316274040275
-0.587154539979317
-0.5874208452813845
-0.587774206379739
-0.589263649812589
-0.5897885181597973
-0.5908822764952978
-0.5925398152321577
-0.5938966561108827
-0.5940409493632615
-0.5956399030792454
-0.5965300681335586
-0.59661710774526
-0.5967857790237758
-0.59767212281521
-0.5979815415048506
-0.5980338412337005
-0.5987792544053971
-0.5991557639092207
-0.599484663743559
-0.599696593891297
-0.6003366887569428
-0.6012967454347139
-0.6015836807200685
-0.6018237983807921
-0.6025849839206785
-0.6030419923365116
-0.6043928699671395
-0.6047708279336803
-0.6047785170376301
-0.6050240027252585
-0.6058874413785007
-0.606238825712353
-0.6072366189430741
-0.6096678621002606
-0.6100550189614296
-0.6102176131680608
-0.6111102371942252
-0.611134008381187
-0.6117028147758296
-0.6118830830643052
-0.6122651232406497
-0.6129593895748258
-0.6137070584453694
-0.6138338552167019
-0.6140366426383976
-0.6142419818788767
-0.6170152416452765
-0.6177648135538524
-0.6186113283038139
-0.6198570421838667
-0.6218003400546663
-0.6218238315648503
-0.6218509513252813
-0.622703272666383
-0.623198288216372
-0.6309176529990509
-0.6316011568997055
-0.6316838141065091
-0.6325853115413338
-0.6326010639479916
-0.6346841292504809
-0.6384271604940295
-0.6388113194843754
-0.6388821863155398
-0.6392815143335611
-0.6395561155597014
-0.6428564617410302
-0.6429937031352893
-0.6449358134873604
-0.6471977366600186
-0.6527842232847915
-0.6528206352435518
-0.6530585482250899
-0.6534297397127375
-0.6553290754349695
-0.6582423837648498
-0.6583006294444204
-0.6597123036626726
-0.660128093091771
-0.6609288603067398
-0.6623809241240711
-0.6631202450953424
-0.6657682958990335
-0.6661209493875504
-0.6663276181396214
-0.6674599495017901
-0.6683685426764628
-0.6691546505317092
-0.6711478988581803
-0.6712527869967744
-0.6713058504741639
-0.6765006469931905
-0.6776138278073631
-0.6795592749757426
-0.6798151413793676
-0.6801377528657516
-0.6811533512340652
-0.6830508533554772
-0.6858723467060676
-0.6929644053801894
-0.6936621546745301
-0.6950272957328707
-0.6999039703773128
-0.7033030720194802
-0.7081175718146066
-0.7083933406642505
-0.7114526797668077
-0.7132870154561136
-0.7144199158297851
-0.7148504876531661
-0.7199252735590562
-0.7204431841519181
-0.7217691366871198
-0.7219194583594799
-0.7239981347229332
-0.7251338313023249
-0.7257953967899085
-0.7289102037902921
-0.7290104858577251
-0.7338102803405491
-0.7378571112557049
-0.7399441093439236
-0.7401843031735292
-0.7403793394166444
-0.7480994045734406
-0.7498121932148933
-0.7525872071273625
-0.7541107252473012
-0.7608390415553004
-0.7609671179088764
-0.7646159334544791
-0.7648988533765078
-0.7694179833763175
-0.774992524087429
-0.7752973705743594
-0.776035515916495
-0.779601740754313
-0.7797008760273456
-0.7806269704480655
-0.7822959923318454
-0.7824620988353023
-0.7858107463366145
-0.786294174802606
-0.7889844936629137
-0.7914056356595311
-0.7944866467267275
-0.8052788683213293
-0.8057153758127242
-0.8063210844993591
-0.8145271692025874
-0.8165484629571438
-0.8231656098738312
-0.8246937369306883
-0.8273964500054717
-0.8286213258650605
-0.8300015632477071
-0.8307612096890807
-0.8428876938298344
-0.8534266103736379
-0.8637005055323244
-0.8716551161293561
-0.8877121289260685
-0.8949673537397758
-0.8954440141096711
-0.8958746346179396
-0.8959784673837324
-0.8963976016578575
-0.9051257218234241
-0.9178759076166898
-0.9276202617582385
-0.9300408259034156
-0.9378485346678644
-0.9445293456315994
-0.9545889794826508
-0.9648713039544722
-0.9650911077857017
-0.9652894288301468
-0.9653823490565022
-0.9673007439511517
-0.9771019808637599
-0.9827905078418553
-0.987761527299881
-0.9885063717762629
-0.9914343066047877
-0.998630677931942
-1.0021741191546123
-1.0203483402729034
-1.0224237740039825
-1.0229117944836617
-1.0329052289016545
-1.040455242851749
-1.046232096850872
-1.0523203387856483
-1.0618952792137861
-1.0813676923513413
-1.0823994278907776
-1.0913603007793427
-1.1027748584747314
-1.104833960533142
-1.107218623161316
-1.1147103873081505
-1.1210628986358642
-1.1246223390102386
-1.124840384721756
-1.159175284827749
-1.161727249622345
-1.1626469306647778
-1.1692797545110807
-1.1771292746067048
-1.1846235604413475
-1.2008775849826634
-1.2150505781173706
-1.2249297069696088
-1.2337353699142113
-1.2657307147979737
-1.2925916159680735
-1.3193926406092942
-1.3249295925100644
-1.3392744578110676
-1.368843351257965
-1.3741706161138911
-1.3791328084965546
-1.3904613836978872
-1.3931143246591091
-1.4184702585140865
-1.4560695042212803
-1.462489478290081
-1.4787631928920746
-1.4855184335028753
-1.512884452783813
-1.5968324691057205
-1.6186875700950623
-1.6213395272692044
-1.6239622831344604
-1.650821337942034
-1.6706652032832305
-1.709684133529663
-1.7123594284057617
-1.8119632651408513
-1.817255973815918
-1.8441387116909027
-1.866821361084779
-1.9175453782081604
-1.9341882816515863
-1.978931039571762
-2.0366566572338343
-2.0598023391794413
-2.0650668889284134
-2.132637917995453
-2.2789808064699173
-2.320835506077856
-2.322584742369751
-2.442063609138131
-2.525195522233844
-2.88112410902977
-2.978126222267747
-3.111085543874651
-3.242194470949471
-3.3455640450119972
-3.391062632203102
-3.436570432037115
-3.4749031104147434
-3.6685564517974854
-4.67636251449585
-5.271516799926758
-5.361732006072998
-5.503580570220947
-5.573429584503174
-5.708565711975098
-5.7946553230285645
-6.7816033363342285
