-0.0002966649772133678
-0.0008160626166500151
-0.002804119198117405
-0.00851493637310341
-0.014636005740612745
-0.018778252725799877
-0.02018687619420234
-0.03963141795247793
-0.05362199860974215
-0.07047509169206023
-0.08195173009153223
-0.09010295875486918
-0.09326536863227375
-0.10781842978515972
-0.1187253960755091
-0.14469292902504094
-0.1497039582391153
-0.16215442074462771
-0.1713865322089987
-0.17225420475006104
-0.17877360596321523
-0.18337791729718447
-0.20323226694987775
-0.20353878978639842
-0.20469058961940131
-0.21746558416634798
-0.23237375902244822
-0.2328830116894096
-0.232923049130477
-0.24085248222885033
-0.24688611614207426
-0.2543570393994742
-0.25561259608366527
-0.25729694491851013
-0.26704571617301553
-0.2706703324595135
-0.2769707164661668
-0.28213888593018055
-0.2822872799089445
-0.2832262371419347
-0.29051900464609
-0.2936487238621339
-0.3019260857938207
-0.30771743664809037
-0.30877158435760066
-0.30904418552885404
-0.3121542641893029
-0.3129918815626297
-0.3191480493793885
-0.3191787675023079
-0.3199356892085537
-0.32951547764241695
-0.33095181388489436
-0.3317772194095596
-0.33592818390849666
-0.33615661606577657
-0.3393424961915506
-0.34254355072334874
-0.3477273253723979
-0.3490191059318022
-0.3496801126715986
-0.34983878801195434
-0.3502797507448122
-0.3516007755845619
-0.35360069391678955
-0.353694935832108
-0.3541726782579125
-0.35469509976683183
-0.35512768948036766
-0.3563680324397056
-0.3583462265271105
-0.3584912156686187
-0.35899946835291174
-0.3605689875095979
-0.3618322902003801
-0.3633116311793856
-0.3640643957303837
-0.3645245369730724
-0.36598912548506635
-0.3680992975598201
-0.36902112923562524
-0.36914962431668147
-0.3696691647055559
-0.3709357547959371
-0.3712687931557443
-0.37483525102854603
-0.37543205361143916
-0.3755060789278812
-0.3782765414982446
-0.3800979375858636
-0.38024040684103966
-0.3805210246968532
-0.3818160221313259
-0.38444935638426614
-0.3844938520601967
-0.38787288372130957
-0.3897466113558039
-0.3915177343515097
-0.392825998340009
-0.39301708498782384
-0.39461566529518255
-0.3967315030233574
-0.3982854713918641
-0.3984126150608063
-0.39858168226783164
-0.40085136859367293
-0.4022754478168541
-0.40252067803923075
-0.4034094027989671
-0.40438290542344757
-0.4048379145620856
-0.4054132917275031
-0.405782088637352
-0.4059736044408055
-0.4077650632680161
-0.4077779079088941
-0.4087103107837417
-0.4121321290032938
-0.4125238293141592
-0.41272972278157893
-0.414583804551512
-0.4147758137987694
-0.4148680363340597
-0.4154218544091026
-0.41599622163762845
-0.4170121045317501
-0.41870575569191715
-0.41874165015638265
-0.42093517062603497
-0.4226692227594968
-0.42306358606502825
-0.4240806343092117
-0.4241943730378774
-0.4263294768526167
-0.42763981594249517
-0.42928982748562705
-0.42984654967273983
-0.43076785547236796
-0.4325165456781785
-0.4332880099994197
-0.43464396816367906
-0.4352019243274948
-0.4403601352344541
-0.4404524703409565
-0.4405289080614845
-0.44157451109495016
-0.44334883158179844
-0.4442027548357146
-0.444525494473055
-0.4449539997481874
-0.4453414740034662
-0.4454451414239884
-0.4461093981750309
-0.452079646945931
-0.4531076376760294
-0.45436250356336433
-0.45482496331533184
-0.4558662696598241
-0.4566460539121181
-0.45958236795074
-0.45958545776084064
-0.4602312215470842
-0.4613088440382853
-0.4615606475426295
-0.4626214597199578
-0.4638369437274782
-0.4640596901794197
-0.467249384499155
-0.4696128702489659
-0.46969119729474185
-0.47028259297367186
-0.4718480163460804
-0.4734154043576887
-0.47350499253453954
-0.4736535041593015
-0.474267634395801
-0.4762285336619243
-0.4768763445240135
-0.47699937543698717
-0.47945768425577423
-0.48269856796186006
-0.4830140091013163
-0.4839848878327757
-0.4843584601767361
-0.4853242848374066
-0.48666302896001273
-0.48673218093776643
-0.48948118104453897
-0.48995546385148453
-0.49022143564652654
-0.4909305346147728
-0.494267936928996
-0.4945718262650189
-0.49733185741287245
-0.49775468385113136
-0.4988379222573712
-0.5005791316923153
-0.5013920393673919
-0.5015197186122268
-0.5027699683792889
-0.503890884569211
-0.5054656242020428
-0.5060252616425384
-0.5078955570119433
-0.510593046117574
-0.5116729438304901
-0.5123601673791806
-0.5161772022968054
-0.517747307162998
-0.5188075451712523
-0.5194211756877068
-0.5199660658836365
-0.5213488945737481
-0.5220140310797005
-0.5233771726489067
-0.5235666748550203
-0.5246785370633006
-0.5265747164050117
-0.5273932139389217
-0.527710884809494
-0.5278376881895518
-0.5295556024130847
-0.5306386561819818
-0.531433923553171
-0.5315723721621052
-0.5322480933500628
-0.5336057070942063
-0.534287219052203
-0.5360559081686113
-0.5368064096352706
-0.5374759830333965
-0.5396095816977322
-0.5407179324538447
-0.5430619730905164
-0.5444799538701772
-0.5450830604881048
-0.5458799237788369
-0.5466460019233637
-0.5482906848192215
-0.5483740080768863
-0.548697632815068
-0.5487467658465903
-0.5488047700950119
-0.5490310685769751
-0.5497107829898595
-0.5499960305671927
-0.5502632828429341
-0.551293629873544
-0.5523178096000965
-0.5532656247087289
-0.5534852451843714
-0.5539322599943262
-0.5552280034042067
-0.5554865416042352
-0.5564229223055008
-0.5592646601624438
-0.5594632728441086
-0.5625584531917411
-0.5639259370250834
-0.5640023539567159
-0.5643738962502943
-0.5648043256107484
-0.5655266683548689
-0.5668913482125694
-0.5670511370473024
-0.567497206479311
-0.5681857531308196
-0.5682563480671282
-0.5692661597471064
-0.5698991519398987
-0.570086026127683
-0.5713820970720715
-0.5716777565539815
-0.5719026163634326
-0.5761361311570826
-0.5771760127599919
-0.5783000619412633
-0.5794354345552468
-0.5804351848782972
-0.5804618039013197
-0.5812155496031564
-0.5812350384270152
-0.582832321364549
-0.5849373458884657
-0.5852015053387731
-0.5876833730162616
-0.5878421213768888
-0.589112831762759
-0.5898798075310575
-0.5918257156808977
-0.591850958040191
-0.5923947256345016
-0.5928644171825991
-0.5935816287994384
-0.5942641175869439
-0.5971763738431036
-0.5975303633931617
-0.599262815309755
-0.5997494421894771
-0.6002196753397584
-0.6003235466778278
-0.6003538490273058
-0.6034184343686017
-0.6040084297969265
-0.6043260179460048
-0.6046335988073788
-0.6052121732209343
-0.605496082384343
-0.6059656699653715
-0.607364393208627
-0.6073827466520015
-0.6080705917198569
-0.6091597000558977
-0.6104113173722807
-0.6104966268118005
-0.6112504636929814
-0.6113630181644112
-0.6116322626010515
-0.6140808246191227
-0.614905729268988
-0.6155857699257987
-0.6166861648060149
-0.6176225113773398
-0.6176493185572326
-0.6191397634102032
-0.6211503163164404
-0.6216008058458101
-0.6229853222030215
-0.6235193282365799
-0.6256419371871743
-0.6336354083032347
-0.6343399908962764
-0.6377810049028916
-0.6387073316339714
-0.6426050581794698
-0.6427285487815324
-0.6467797016724944
-0.6509943949058652
-0.6513569572707638
-0.6514327693730593
-0.651740962069016
-0.6539603680786159
-0.6559518629478084
-0.6574369303882122
-0.6635802456876263
-0.6639689337462187
-0.6686619631538633
-0.6692655163092746
-0.6710472708000452
-0.6717047549989528
-0.6717223608866334
-0.6765182763338089
-0.678809022830267
-0.6789500994724221
-0.6805068501222801
-0.6806429349369585
-0.680669126505646
-0.681071362743387
-0.6813564540119842
-0.6825805886765011
-0.6833776472402471
-0.6845081450818624
-0.684637502870626
-0.6866443837643601
-0.6884187143296003
-0.6935340724157868
-0.6953206551032574
-0.6955004004347656
-0.6961166504770517
-0.6974013442522846
-0.698252889239128
-0.6991685635395065
-0.699401785255759
-0.6995218998442093
-0.7017071621492506
-0.7019218048779294
-0.703054990049471
-0.7037404858740046
-0.7060572086484171
-0.706150502897799
-0.7080622259972087
-0.708100781624671
-0.7102788378018886
-0.7107288570453724
-0.713077962398529
-0.714882753478984
-0.7149292142081928
-0.7154714259619747
-0.7178971762664982
-0.720314332342241
-0.7228789863642305
-0.7264974489619362
-0.7307204448326956
-0.7313068451637972
-0.7326129348803079
-0.7350127161480486
-0.7360366761386103
-0.7365486548583516
-0.7366860112306313
-0.7368922550314372
-0.741480353375664
-0.7421666189446114
-0.745816630932192
-0.7484003710560501
-0.7499066907912493
-0.755204419294993
-0.7561602067823211
-0.7625949847279117
-0.762804638594389
-0.7700901458374574
-0.7716223156603519
-0.7719587660394609
-0.7802901069323221
-0.780349344946444
-0.7830872646133814
-0.783598438703588
-0.7839544502397379
-0.7868925799775752
-0.787478362022537
-0.7884359469947716
-0.7892452434295721
-0.7906085898478826
-0.7912153118053943
-0.7912256836891174
-0.7918641675496474
-0.7942070682765916
-0.7961260284292107
-0.7985720525379293
-0.8015734509099275
-0.8058740505748574
-0.8066319217250566
-0.8067448225192493
-0.8087156977918413
-0.8103002751246094
-0.8105384923465964
-0.8140894641692284
-0.8146555425337283
-0.8153516330057755
-0.8173341738552803
-0.8178821072069695
-0.8187591978607492
-0.8222122019118009
-0.8228706196144534
-0.8284012586809695
-0.8308433500610085
-0.8330963300541043
-0.8336705105379224
-0.8341128312051296
-0.8359313231388418
-0.8394230008125305
-0.8413061955943704
-0.8427256247294801
-0.8431358387072881
-0.8463143715634942
-0.850096583366394
-0.8501900136470795
-0.8521696999450796
-0.8535246766793231
-0.8540482741470138
-0.858605746315637
-0.8597612977027893
-0.8625530933961272
-0.8679779542144388
-0.8693199741654098
-0.8698677501670318
-0.8729846726637334
-0.8730859919964774
-0.8756548465711863
-0.8777544377604499
-0.8780671744898427
-0.8795609714754391
-0.8843765805164973
-0.8848189115524292
-0.8855738377231839
-0.8871554811485112
-0.888991660636384
-0.8937908558378694
-0.8949939615093172
-0.8956220035906881
-0.8977485709391269
-0.8984905297734908
-0.8987316475915057
-0.9162686144312223
-0.9169952190481127
-0.9180929269641638
-0.9198939165580668
-0.9233660463457151
-0.9258499480997368
-0.9283088445663452
-0.9296789988875389
-0.9458163123345003
-0.9462281797208231
-0.9474954344332218
-0.9488750133663416
-0.9496102730433146
-0.9524144445895217
-0.9569368427852168
-0.9571544150618138
-0.9614833531493787
-0.9628576521043821
-0.9668998748820741
-0.9742474446871451
-0.9752339830544466
-0.9835740476846695
-0.9846140005226646
-0.9850075077265501
-0.9857756892015459
-0.9915770499239442
-0.9916334155714139
-0.9978344509848588
-1.0050922445952892
-1.0115808843402192
-1.0128042068332435
-1.0179905360768315
-1.0196346051059664
-1.0197478972970404
-1.021998979151249
-1.0282220980152488
-1.0289152041077614
-1.0302605405449867
-1.040098886191845
-1.0443239303305745
-1.0475871665476006
-1.0499723077413032
-1.0508192660795017
-1.0520184887223878
-1.0606075389514444
-1.072149963251182
-1.0762098183234532
-1.0772588248364627
-1.0806497186422348
-1.0856355279684067
-1.100723303699245
-1.1008913085928984
-1.109478611126542
-1.111945282202214
-1.1138222878798842
-1.1230187751352787
-1.1247380757057626
-1.1260661466047168
-1.1313478162221144
-1.1363850429013838
-1.1386886544118169
-1.1407561654923484
-1.1509701212247212
-1.1509886185328166
-1.157925411792738
-1.1631002007135456
-1.1639650201657787
-1.1663538491619485
-1.1679887534784419
-1.1704026792325417
-1.172917827963829
-1.1736158430576324
-1.1754890001378953
-1.1775483265519142
-1.1851397257830416
-1.1891871794883628
-1.192816327015559
-1.2304990614453952
-1.2364130499107497
-1.2364409720111225
-1.2372370539233088
-1.2503934735044215
-1.2637825216952479
-1.2726226544805936
-1.274333377679189
-1.275543048104737
-1.2786490408936515
-1.2848907199047972
-1.2888005624214809
-1.292553787662958
-1.294946612790227
-1.3040360622107983
-1.3164891532311838
-1.322450963780284
-1.3225828328286298
-1.3274597168367888
-1.335963104647817
-1.3367903331721511
-1.3433411872893986
-1.366972481366247
-1.375118900599773
-1.3752231539498705
-1.3921588361263275
-1.3947408596674602
-1.3952922821044922
-1.3957935301582438
-1.4014301746792626
-1.4027458159107482
-1.4028727246331982
-1.4191691110512086
-1.423928692820482
-1.4401187025010587
-1.4463019727845676
-1.4611772312084212
-1.4627794325351715
-1.4901594448834659
-1.505130966193974
-1.508302460052073
-1.5266381170561847
-1.534070860594511
-1.5473275097707908
-1.5715526342391968
-1.572330973984208
-1.578351984731853
-1.5839554471895099
-1.5956975320974986
-1.596608038933482
-1.6130817461526021
-1.6313459443460618
-1.6377685628831387
-1.6432811813428998
-1.6530587077140808
-1.6660229302942753
-1.6680664577055722
-1.679080877394881
-1.6885107792913914
-1.6951261605801327
-1.69778573513031
-1.708147943019867
-1.713314950466156
-1.7160305976867676
-1.720151511952281
-1.7220862843096256
-1.735618102713488
-1.7954943478107452
-1.7982573686167598
-1.8017115195592244
-1.8020790815353394
-1.8080753882726033
-1.8221001848578453
-1.8301114439964294
-1.8389750781158607
-1.8400596976280212
-1.8402442783117294
-1.840559720993042
-1.8975932586472481
-1.9090520571432232
-1.914312498178333
-1.9259853983918827
-1.9396478831768036
-1.9486753577366471
-1.9556744173169136
-1.9614338796333566
-1.9659428546826045
-2.012672543525696
-2.0202712416648865
-2.0325174033641815
-2.04745551943779
-2.063018905930221
-2.0736231803894043
-2.1170333380190036
-2.1329941460862756
-2.158452970751872
-2.204213973134756
-2.213301152922213
-2.2452485465522236
-2.2938913283869624
-2.328229408027255
-2.3303847312927246
-2.394605136476457
-2.3973978757858276
-2.402854649194827
-2.4580289917066693
-2.5135799273848534
-2.535744071006775
-2.543915326396624
-2.562304655710856
-2.5764967501163483
-2.5798255999883017
-2.6158012500964105
-2.6461649537086487
-2.735196272532145
-2.7403931288669505
-2.7441555256955326
-2.74942817290624
-2.778610327281058
-2.8202544250525534
-2.8387966752052307
-2.8858884922228754
-2.9259289894253016
-2.9357468630187213
-2.958354580681771
-3.0056434865109622
-3.0158436371323964
-3.05528757100304
-3.198650020174682
-3.2115413572173566
-3.217550282366574
-3.2637325598237417
-3.334370794473216
-3.497976541519165
-3.506208239744107
-3.507089308463037
-3.544175695007046
-3.5566752701997757
-3.5769619687926024
-3.5934008471667767
-3.6109832525253296
-3.6579020023345947
-3.7823857373247542
-3.7854561612621183
-3.8006836248872182
-3.849936935584992
-3.9531396627426147
-4.580024890135974
-4.602302074432373
-4.64208459854126
-4.709836085210554
-4.847590605417888
-4.951078989543021
-4.979642445221543
-5.163535435994466
-5.1664168039957685
-5.18405818939209
-6.179194450378418
-6.485495567321777
-6.53712272644043
-6.662781715393066
-6.727816104888916
-6.8243184089660645
-6.858304023742676
-7.0510053634643555
-7.5255701541900635
-8.361438989639282
