-0.007640073061338626
-0.014819763648119988
-0.016352882841601968
-0.020079221129890357
-0.08394527745743592
-0.1092460562940687
-0.16357610310478776
-0.2140512264915742
-0.22162313348547155
-0.2400654339967332
-0.25107748417940456
-0.26356901918234144
-0.2667995020747185
-0.2700811662105918
-0.2875004727329643
-0.30193821701808093
-0.3019618974859472
-0.30687334494867735
-0.3096988103582892
-0.3123451233668422
-0.3144279772714829
-0.3150847643846646
-0.31579251176611123
-0.3205326938183974
-0.3237166863582388
-0.3258550921184
-0.3282563399036561
-0.3358499219887343
-0.3375150137138729
-0.347616971464041
-0.3513436527668091
-0.3516600651317276
-0.3532666502933774
-0.3574708365429248
-0.35942626905723174
-0.36345789469151685
-0.3637474160641432
-0.36404850427890423
-0.3653372234465288
-0.3659040717659347
-0.37762848591144293
-0.37774769577784656
-0.3808805526350625
-0.38277895848688787
-0.39722838507921554
-0.3979795197446947
-0.39889849000230077
-0.40049824359319997
-0.4014792371716946
-0.4031335377945156
-0.40328416826923785
-0.4035298805683851
-0.4069361280084195
-0.4081630217833663
-0.4082610331242904
-0.41136293354838926
-0.4155914963456932
-0.41780673618498676
-0.41786750928720723
-0.4220572224217752
-0.424334075472143
-0.4306554014290834
-0.4325260358129847
-0.43289690848022083
-0.433595871418624
-0.4347475721351657
-0.4401253738984575
-0.4408318339410471
-0.45491701195714995
-0.4562868779414982
-0.46528448388273874
-0.4708371455417364
-0.4780312768686729
-0.47997097619099804
-0.480134262302373
-0.4822748334550931
-0.48652520622923284
-0.48690010235877706
-0.48936354046944824
-0.490736807747881
-0.4922299914062023
-0.49318605437874796
-0.4940986707522825
-0.49432229436933994
-0.4944629476716121
-0.49518158141614144
-0.4959220230650519
-0.4966324883826019
-0.4970414962648647
-0.49843400344252586
-0.5003340196351929
-0.5009701023144382
-0.5025891214609146
-0.5034339913732505
-0.5073352566995548
-0.5086155065606969
-0.5131323584185858
-0.5138767940391388
-0.5186804667289835
-0.5205793742494358
-0.521181958097764
-0.5214728671126068
-0.5223119206202682
-0.5238581616528487
-0.5308372548734042
-0.5319989872368751
-0.5336345801333664
-0.5341553006786853
-0.5359210952107484
-0.5359849077986406
-0.537363191667181
-0.5374424838061843
-0.538926355924923
-0.541283565802801
-0.5415117985772667
-0.5415436748575996
-0.5433740135194967
-0.5437726005520528
-0.5440822476674313
-0.544237284709724
-0.5475506945513189
-0.5483894921089814
-0.5562717286212492
-0.5581630907004832
-0.5586597542508874
-0.5616015725148221
-0.5624154814962822
-0.5639439455371758
-0.5641228796271857
-0.5644684151018737
-0.5679122939389865
-0.5682534302717873
-0.568290002644062
-0.5703309878706933
-0.5714848810540778
-0.5734883048761941
-0.5747286994534079
-0.5784255435952218
-0.5810216509174401
-0.5825873265452434
-0.5860651204767726
-0.5880394577252446
-0.5897673417426371
-0.5912979226139012
-0.5952277541335207
-0.5975054272403213
-0.5982385358103783
-0.5988082596595632
-0.6037296481144949
-0.6041774622164666
-0.6048677911778213
-0.6068462147765482
-0.6068501177738653
-0.60689184529474
-0.6081433480867418
-0.6113128388034446
-0.6194052743833579
-0.6199426813982427
-0.622420735803189
-0.6268461302546106
-0.6296915972488932
-0.6310249274093722
-0.6312657708767802
-0.6317613716528285
-0.6334546885116197
-0.6361188658939985
-0.6368040538897427
-0.6373496778375868
-0.6379551561169339
-0.6384890646378543
-0.6419320150307612
-0.6429043138865381
-0.643462059367448
-0.643512419735392
-0.6437447955011687
-0.6442991412914125
-0.644727015774697
-0.645612425679019
-0.6480331673907737
-0.6509720795632651
-0.6510484261310922
-0.6521918087576827
-0.6527578550490684
-0.6548746183204154
-0.655530389631167
-0.6556719844476901
-0.6577604273666761
-0.6634547344753324
-0.6642417885429625
-0.6643358200152372
-0.6648532662658908
-0.6677972433961259
-0.6678305584937334
-0.6679360257068765
-0.6695236667657809
-0.6713159013539552
-0.6725618937821959
-0.6780972571788879
-0.6793509599002492
-0.6874801872416154
-0.6880529170448426
-0.6897040790853074
-0.6899350198301752
-0.691044432122726
-0.692847619051463
-0.6939172341255471
-0.695626429875847
-0.6964813728506366
-0.6965688236941787
-0.698041232641117
-0.7009300554636866
-0.7018283235258422
-0.704358827881515
-0.7045681341551244
-0.7052619566093199
-0.7063850391035279
-0.7067969907129736
-0.707285026088357
-0.7084728684800211
-0.7122439297032542
-0.7125522188434843
-0.7142089493572712
-0.7186736574433532
-0.7190093701174192
-0.7203407776942186
-0.7223486394754478
-0.7254362013579035
-0.7263396605849266
-0.7264180412518423
-0.7330361912609078
-0.7332455572264734
-0.7338026563326517
-0.7339539381628128
-0.7377284886431881
-0.738634144621236
-0.7398792710679117
-0.7436497183633037
-0.7438734094842706
-0.7454132938601106
-0.7481616381119238
-0.74980189125381
-0.7540135446922958
-0.7545279015596154
-0.7574958296285735
-0.7580263348289817
-0.7600931935536209
-0.7607911490427796
-0.7615226204041392
-0.7619705283626294
-0.7632550021808129
-0.7643432356417179
-0.7677057846449316
-0.7681317293354368
-0.7689029290340841
-0.7699821166261245
-0.7772029124510785
-0.7779472174239345
-0.7819089343829546
-0.7820217137535413
-0.7835649031829754
-0.7849779422394931
-0.7867234122029252
-0.7868211170820619
-0.786833209451288
-0.787123545713257
-0.789535248620758
-0.790079831303696
-0.7909411810862366
-0.7937822956591845
-0.7941360793702188
-0.7946935494223403
-0.7967249185247864
-0.8000463996140752
-0.8016357617855717
-0.8026276705786586
-0.8054201816428557
-0.8110155324451626
-0.8113912384491414
-0.8165443659469019
-0.8169002024224028
-0.8203389815553237
-0.820951927365968
-0.823507876187149
-0.8237455576244328
-0.833372949695331
-0.8370732251237819
-0.8389472311246209
-0.8391835348484165
-0.8397767892133238
-0.8430661495967797
-0.8438077786316475
-0.8445704683751197
-0.8459965618029754
-0.8518444133515004
-0.8591729797707457
-0.8594374712149147
-0.8605329906373905
-0.8614306302042678
-0.8638672344386578
-0.8644584208814194
-0.871261347547665
-0.871799062737929
-0.8735371920338366
-0.8761216831076631
-0.8785158600658178
-0.8842853681999259
-0.8854787803837099
-0.8876017676666379
-0.8915871958561183
-0.8923566862606094
-0.8942989438110089
-0.8958415599384656
-0.8970454936497845
-0.8992923120968044
-0.8995122234337032
-0.9010355558712035
-0.9021156678042773
-0.903135423141066
-0.9059939939025854
-0.9088837922317907
-0.9101820912079087
-0.9112626396430036
-0.9126758668571711
-0.9144625933840871
-0.9147039642557502
-0.9150656908750534
-0.9158730133882879
-0.9171277478511911
-0.9185051902544729
-0.9196760463528335
-0.9351004420313984
-0.9406619097280782
-0.9473805977031589
-0.9512369228323223
-0.9670024150284007
-0.9692652983241714
-0.972305225697346
-0.9746397957933368
-0.9769484400749207
-0.9771966549642457
-0.9789998382329941
-0.9792188117280602
-0.9820793926715851
-0.9847355240157672
-0.9884305811073217
-0.9932945035507146
-0.9953914865851402
-1.0024095978587866
-1.003652331943158
-1.0036563128232956
-1.0051310152048245
-1.005284607410431
-1.00577103625983
-1.0061859808865847
-1.012131205201149
-1.0170508978356207
-1.0205381974577903
-1.0232950951904058
-1.0241606645286083
-1.0321877263595525
-1.0337478195401673
-1.0368600403307937
-1.0389578063040972
-1.0534520829096437
-1.054716095328331
-1.056333051994443
-1.057424594465622
-1.0691775530576706
-1.0766598895230952
-1.0793070395787556
-1.0934930872645054
-1.1149674141779542
-1.11541801225394
-1.1352814180510384
-1.1370233796536922
-1.1372805845318
-1.1418813691464795
-1.1423053920346622
-1.1445993472756526
-1.1486427594863926
-1.1532679200172424
-1.1565010422036721
-1.1574208221863955
-1.1928360797464848
-1.1968827281768124
-1.2044435757852625
-1.2078740254975855
-1.2234904170036316
-1.2307441929976146
-1.2312071849526547
-1.2317220948636531
-1.2491901715596516
-1.2551980018615723
-1.2730705440044403
-1.2809483696270036
-1.2936077391107876
-1.293968491256237
-1.3183204531669617
-1.3348247408866882
-1.3391730586687725
-1.3454280998557806
-1.3589239517847698
-1.367913888534531
-1.3693026540180047
-1.3930301604171593
-1.407371067442
-1.4077905019124348
-1.4168905675411225
-1.4258696759740512
-1.430247962474823
-1.4443933401877682
-1.448044776916504
-1.4531832766260777
-1.4648178219795227
-1.466055328398943
-1.4733621813356876
-1.5016306011530105
-1.5047138333320618
-1.5058894290123135
-1.5142297831674416
-1.523816077664378
-1.5307223573327065
-1.5318905842141248
-1.5535346964839847
-1.5759338935216267
-1.5855083018541336
-1.596956451024328
-1.6625847419102986
-1.6643850008646648
-1.6714847087860107
-1.6848349372545879
-1.7409230729565024
-1.7578596562962048
-1.789256788790226
-1.7977253791104886
-1.806543879210949
-1.8392350852489472
-1.8711870908737183
-1.894458931684494
-1.8993256092071533
-1.9295698404312134
-1.9723123759031296
-2.0483705759048463
-2.106362283229828
-2.113973379135132
-2.119615395863851
-2.1910080164670944
-2.1951078469865024
-2.25353733698527
-2.2750920355319977
-2.2850075364112854
-2.285663366317749
-2.289362132549286
-2.296371102333069
-2.3925976753234863
-2.4084545373916626
-2.4301133155822754
-2.4550874431928
-2.47752400363485
-2.4952272176742554
-2.5531232555707297
-2.739827588200569
-2.887639045715332
-3.124167323112488
-3.1488436460494995
-3.245694398880005
-3.3519012052565813
-3.4743666648864746
-3.5623990094754845
-3.588391661643982
-3.6518609523773193
-4.032301425933838
-4.280183550610673
-4.312479496002197
-4.625596758618485
-4.642421006819859
-4.771211385726929
-4.99382472038269
-5.474248483777046
-5.596192836761475
-6.6729416847229
-6.826972484588623
-7.311944484710693
-7.452517032623291
