-0.004238916386384517
-0.006464534439146519
-0.007468360709026456
-0.011852029943838716
-0.025593595998361706
-0.025873012219866116
-0.04735619025304914
-0.06633063321351074
-0.06908818023900191
-0.07935614010784775
-0.08706750888710044
-0.09282768951379694
-0.10391051919820408
-0.10991915177631502
-0.11333827591604656
-0.11396017984952778
-0.11922874379282196
-0.12981286165692532
-0.12992686038487591
-0.1396478107975175
-0.152424240950495
-0.15362797848065385
-0.15504296571016313
-0.1709101232154353
-0.17172864178064629
-0.18813374214288262
-0.19518773975287332
-0.19579268852248788
-0.19740429340994783
-0.20253676716820337
-0.20682570664212108
-0.21106011918163858
-0.21479954281156616
-0.2158593974309042
-0.2262220300734043
-0.227849019303297
-0.238051530719531
-0.23894243051763625
-0.2390208520926535
-0.2479699496179819
-0.2547030484046055
-0.2550581395626068
-0.2553117660184701
-0.2588793560086439
-0.26168231413131643
-0.2619188394552718
-0.262504757224815
-0.262766488103403
-0.2646290463421287
-0.26600729099785286
-0.2667299137479858
-0.27117234878242014
-0.2713285693898797
-0.2728693219833076
-0.27290250152643575
-0.27430732704104027
-0.2758224036777392
-0.27600038377568126
-0.28211353301802383
-0.2833069749176502
-0.2867929116357118
-0.2892690795303609
-0.29377724220311
-0.29469685498042963
-0.2951207760052057
-0.2958545536449593
-0.2985724572031556
-0.2987102359184064
-0.2989930674851745
-0.29985364330932496
-0.3006564596980752
-0.3034073510207236
-0.30753423906862737
-0.3097190910124482
-0.31377211436629293
-0.3155609804845881
-0.3155753024750286
-0.31691132568812463
-0.3173327230033465
-0.3173762773936191
-0.31811699581642944
-0.31861015619983063
-0.3200450603865277
-0.32038334384560585
-0.32082605413094056
-0.3221059891909949
-0.32319838234084625
-0.3235500619500979
-0.3244353048503399
-0.3256147814293702
-0.3263872711716734
-0.327951745595783
-0.32800855448003857
-0.32841199844215924
-0.3300111997620358
-0.3305426351726055
-0.33069819041633136
-0.3328919696128544
-0.3342531493731907
-0.33499902982397806
-0.33551411755615845
-0.33780662655946797
-0.3384154212820119
-0.3389399052409863
-0.3419846654869616
-0.3455887093207465
-0.3468096231663367
-0.3472618105192067
-0.34838665535207836
-0.3494501767813095
-0.3506875802607586
-0.35207582276892097
-0.353717724035327
-0.3540849238706869
-0.3573659729974514
-0.3576749563217163
-0.3580931772339357
-0.35854994381467503
-0.3585922068783215
-0.35998488249606453
-0.36023218026902115
-0.3608468738384545
-0.36088504339568317
-0.3613140480592847
-0.36252408782602286
-0.3630636000307277
-0.3655172537546605
-0.3678387925028801
-0.3678944263633134
-0.36851039905392097
-0.37073012497073604
-0.3713978808373213
-0.37158289965656066
-0.3721890488717084
-0.37252423823035014
-0.3733306891388363
-0.3737449806077197
-0.37382761269275633
-0.37679094904368476
-0.3778440974652767
-0.3781461941660382
-0.3823994253606846
-0.38364095061034376
-0.3859237693719074
-0.38729931520564215
-0.3878822925966233
-0.3899080853540606
-0.390562671194655
-0.3905845155720325
-0.3916787229478359
-0.3923204718157649
-0.3930788062668095
-0.3954792277913334
-0.396977096474681
-0.39874670383142075
-0.3996073724512826
-0.4007317059847992
-0.4007912590059277
-0.40088768481897813
-0.4012038447628064
-0.4021270517259836
-0.4025964226780666
-0.4030734598636627
-0.4030862535453505
-0.4036454866974964
-0.4038682307116687
-0.40416361670941114
-0.404460934883294
-0.4045314468288173
-0.40455597164109347
-0.40935930858540814
-0.41019943275896364
-0.410469651321182
-0.41157261106289095
-0.4132254136327122
-0.4134395197007166
-0.41401592921465635
-0.41447277525987697
-0.4146469699019993
-0.41509410390992546
-0.41690545477104024
-0.4170531476459776
-0.4183351720169991
-0.4186550106969662
-0.41959507300311494
-0.41979545475915075
-0.4208294332027435
-0.4216780042661412
-0.4217274820766761
-0.42265561498788884
-0.42325762783487636
-0.42348029352724553
-0.425026448816061
-0.4255894335607688
-0.4268337994115427
-0.4270852516638115
-0.42715539410710335
-0.4272982461584939
-0.42734520741422394
-0.4275859579211101
-0.4294391646424252
-0.429692663019523
-0.43048845294729937
-0.43296014415624084
-0.4332744258766373
-0.4345191807563727
-0.43656721086073147
-0.4386204800393898
-0.4424119664821774
-0.4432770705149908
-0.44384554946529015
-0.4442876206400494
-0.4444101845266149
-0.4455790691194125
-0.4457597686559893
-0.44600584098758794
-0.4480542956152931
-0.4481586500601574
-0.44828137954963104
-0.44870515898542684
-0.4503232692950405
-0.4507761175998233
-0.45090778038970064
-0.4511034595197998
-0.45241383587320644
-0.45273277573287485
-0.454256757566327
-0.4542788126111393
-0.4568997997169693
-0.4570443719276227
-0.45878388009279863
-0.4590479973703623
-0.459452408262425
-0.45945439173374325
-0.46150363027118146
-0.46217309757123765
-0.46231408492894843
-0.46246560920068686
-0.46320480707800016
-0.4653206810859653
-0.4665184748359025
-0.46672338399803265
-0.46676675271656776
-0.46689299676800144
-0.4677088375826349
-0.4690721077844501
-0.46928902125606936
-0.470132227987051
-0.4701822300752004
-0.4712705281563103
-0.47200867885840125
-0.4724970496899914
-0.47257171290564454
-0.4732015474466607
-0.47400809203584987
-0.47617815941703157
-0.4787898926426553
-0.479066478763707
-0.4790904169094574
-0.47912558875977995
-0.4793865568935871
-0.47953539714217186
-0.47996201958845963
-0.4800541739511703
-0.48025136429350823
-0.4817351749516092
-0.4822265748710682
-0.4823242050333647
-0.48279858473688364
-0.4828291932741801
-0.4838319579139352
-0.48403758369386196
-0.48403815769124775
-0.4850685633053737
-0.48559152500820346
-0.48767692217370495
-0.4881463877714446
-0.48837728392598884
-0.48847914934158326
-0.4897505916758544
-0.49040378849604166
-0.491434280657106
-0.4922333089634776
-0.49643615550012327
-0.49701955809723586
-0.497123739880044
-0.49762552635770085
-0.4990129917860031
-0.5004196202789899
-0.5005975122718761
-0.5018335712142289
-0.5018920913405184
-0.5021780253853649
-0.5024311883737229
-0.5028015013784171
-0.5050555593666753
-0.5056264882700311
-0.5089338968973607
-0.5096086806817246
-0.5096629941894207
-0.5102013191208243
-0.5113331352476962
-0.5119107405771501
-0.5164728909730911
-0.5171692208580984
-0.5174980130589878
-0.5180739928566088
-0.5182338426044831
-0.519020798216973
-0.5190616428347615
-0.5201638593207463
-0.5207774026526345
-0.5212572195321425
-0.523217202563371
-0.5249979067593813
-0.5257832545321435
-0.5313178965062924
-0.531651321121899
-0.5350266686132685
-0.5351407457556989
-0.5361914484994486
-0.5363566947053187
-0.5364853097125888
-0.5366464201360941
-0.5373571758779386
-0.5378543280763551
-0.5404912289697676
-0.5421012667601255
-0.5425870074759587
-0.5443781651556492
-0.5455218481132761
-0.5461472697090357
-0.5462374614551664
-0.5470076405908912
-0.5480459255166352
-0.5492467649580378
-0.5492959391558543
-0.5503212909291809
-0.5504439156114435
-0.5508278922902213
-0.5537466728793723
-0.5544563098083017
-0.554460077236096
-0.555729052317994
-0.5574439599828717
-0.5576916190329939
-0.5587123022525615
-0.5619024079060182
-0.5619652717141435
-0.5627085163723677
-0.5627965641518434
-0.5637761607940774
-0.5648647736348461
-0.5683581942700714
-0.5717980324822877
-0.5720093587620391
-0.5731118045126399
-0.5735237096669152
-0.5740690036489267
-0.575877945125103
-0.5765937861055136
-0.5767625556521428
-0.5781932559795677
-0.5794594348408282
-0.5819669308673058
-0.5865230305571458
-0.5867347032638334
-0.5907431319355965
-0.5909404631704092
-0.5912225535939797
-0.5920638654691478
-0.5936657890677453
-0.5939992857830865
-0.5964966569902442
-0.5966541446978226
-0.5969619825482368
-0.6007552744510273
-0.6009096849229536
-0.6019498773717454
-0.6025241311118796
-0.6041990393035425
-0.6072257201054266
-0.6076706871390343
-0.6094031599156248
-0.6103019196540117
-0.6109692896716297
-0.6141763997550768
-0.6178342923521996
-0.6186927226779517
-0.619026141507285
-0.6193456364174684
-0.6231017004077634
-0.6256719267500254
-0.6269037273103515
-0.6280658000760013
-0.6287074408610351
-0.6292737789252507
-0.6305567457207611
-0.630669491365552
-0.6320093302056193
-0.6326751029118896
-0.632803721842356
-0.6335176284919726
-0.6335949194284954
-0.6336013141054926
-0.6370874753047246
-0.6397362082997071
-0.6419052663841285
-0.642154206027044
-0.6423282215837389
-0.6430812329053879
-0.6435391204431653
-0.6463508414033439
-0.646964127314277
-0.6474187083076686
-0.6484328542047968
-0.6495687249033446
-0.6505214060656727
-0.6533116966493253
-0.6552272612025263
-0.6553332006558776
-0.6625983995285684
-0.6628531813621521
-0.6636978629477588
-0.6650541570205759
-0.6670350130647421
-0.6672353148460388
-0.6683590954635292
-0.669667054588596
-0.6722955792987099
-0.6775305522605777
-0.6787821808175067
-0.6867086786983742
-0.6874693825042674
-0.6884609774521474
-0.6888044108119276
-0.6895911156704339
-0.6943357459385879
-0.702959084068425
-0.704542533690983
-0.7085060473531485
-0.7110437587317493
-0.7133862922588984
-0.7140564260383447
-0.714420270442497
-0.714903060197165
-0.7167684798284123
-0.7184405409997063
-0.7189171572681516
-0.7202691639773547
-0.7238147056971987
-0.7249590406815211
-0.7256288534845226
-0.7294291033494201
-0.7301319355222707
-0.7327213755176801
-0.7343215405941009
-0.7363044261932373
-0.7391474905190989
-0.7406664057023591
-0.7407079358585179
-0.740843219216913
-0.74245042540133
-0.7447293464626584
-0.7459939348378352
-0.7488534843626743
-0.7494008615612984
-0.754224897212615
-0.7592285747329394
-0.7602607469540089
-0.7642972446978092
-0.7680142531171441
-0.7757294438779354
-0.7799278274178505
-0.7839968191925436
-0.7858437893058484
-0.7897835132898763
-0.8061103403568268
-0.8064763684757054
-0.8105421508662403
-0.8107067734623948
-0.8111636457033455
-0.8124081038016205
-0.8139607738761697
-0.8143310630694032
-0.8157218417359723
-0.8169007515922809
-0.8200843455269933
-0.8214611411094666
-0.8231218722648919
-0.8268126897513867
-0.8273427367210389
-0.8291258115787059
-0.8328406393527985
-0.8346631679063042
-0.8375902295940452
-0.8381804809905589
-0.838403602441152
-0.8397955552985271
-0.8439527160177628
-0.8564115637913347
-0.8639229475520551
-0.8673391425982118
-0.8703102305531502
-0.8715187392842311
-0.8757231859490275
-0.8812466661135355
-0.8840386990457774
-0.8855015197768807
-0.8912682756781578
-0.8916550129652023
-0.8960375911197983
-0.8977385729558591
-0.8995866510085762
-0.9011830279584198
-0.905174201936461
-0.9053770050406456
-0.9089272940376153
-0.9231895059347153
-0.9246101776758829
-0.9267240408342332
-0.9271173469722271
-0.9315488724969327
-0.9336454591248184
-0.9434901446111326
-0.9443306910456158
-0.9444046760909259
-0.9447166696190834
-0.9447260610759258
-0.9578618764877319
-0.9652087390422821
-0.9726149598136544
-0.9727205522358418
-0.9763469249010086
-0.9808712818970283
-0.9896313384961104
-0.9926106270868331
-0.9971276580821723
-0.9992794748395681
-1.0031650853343308
-1.0051273486809804
-1.0076594440848567
-1.011247937315299
-1.0129067204892634
-1.0244629963999614
-1.025325819849968
-1.025590021861717
-1.028843065102895
-1.0298111621581483
-1.0342117324471474
-1.0403235773555934
-1.0425041143316776
-1.0430095195770264
-1.0538279050961137
-1.0566920853161719
-1.057438437640667
-1.0691039338707924
-1.0693233542144298
-1.0698747543501668
-1.072881745795409
-1.0753207672484375
-1.0795026176298659
-1.0917144243915875
-1.1020308900624514
-1.1048709340393543
-1.1049048391068936
-1.1064051914339263
-1.1185816874300751
-1.120131822846209
-1.1211745506540562
-1.1219315538182855
-1.1287524939647742
-1.1357621848583221
-1.1538989659398795
-1.1578675752712622
-1.1934165451675653
-1.2036762299248949
-1.2260380387306213
-1.2459106656412284
-1.290524035692215
-1.29715254277653
-1.2975539211183786
-1.2994322180747986
-1.3014115194479625
-1.3027237877249718
-1.304472138484319
-1.3125855922698975
-1.3334055593392502
-1.3599603772163391
-1.3727436065673828
-1.3741452097892761
-1.3772971630096436
-1.3793489187955856
-1.3976518521085382
-1.4486381814682059
-1.4553732872009277
-1.4783214584791236
-1.4793994824091594
-1.4831668324768543
-1.4843390434980392
-1.4931554592663556
-1.513722042242686
-1.5185369735118002
-1.522261197285843
-1.5244010786215465
-1.531069964170456
-1.5637595653533936
-1.5710964482277632
-1.5748966323832672
-1.5793221592903137
-1.5842719475428264
-1.5904484645967993
-1.5919284848496318
-1.5986627340316772
-1.5997936328252156
-1.6013716658198973
-1.604871133963267
-1.6050666272640228
-1.6065269112586975
-1.6181157510727644
-1.622101309709251
-1.6271355748176575
-1.6286269905976951
-1.6838333308696747
-1.6846799706108868
-1.7015446318934362
-1.7027487556139629
-1.7153696715831757
-1.7354792250941198
-1.7506956813740544
-1.7828959501130157
-1.790739406904322
-1.7974704504013062
-1.8198323047836311
-1.8344608545303345
-1.8362916628830135
-1.837560827533404
-1.854062185389921
-1.8796265311539173
-1.9525676319996517
-1.9552536681294441
-1.9646442951634526
-1.9788123959054549
-1.9974560737609863
-2.001849412918091
-2.0243384412800274
-2.0243703946471214
-2.035468777269125
-2.04451372474432
-2.07197172815601
-2.0866693556308746
-2.2074104994535446
-2.2227628771215677
-2.235859662294388
-2.2434099465608597
-2.2660443387925624
-2.320863501013567
-2.3215545415878296
-2.323951235972345
-2.348294964816887
-2.3574780337512493
-2.4095124565064907
-2.410168766975403
-2.591558575630188
-2.7537352703511715
-2.757198918843642
-2.7632092932860055
-2.790687332802918
-2.9416792367895446
-3.0846174160639444
-3.1740482250849404
-3.3264497220516205
-3.4057231719295182
-3.4296672344207764
-3.557045522960834
-3.5919548163656145
-3.8541646003723145
-4.002992630004883
-4.042054548161104
-5.0584704875946045
-5.1168787479400635
-5.496942579746246
-5.600979648530483
-6.946942329406738
-7.061254501342773
