-0.01727716566529125
-0.12375866994261742
-0.13908792162934938
-0.14803829230368137
-0.2135736532509327
-0.23667783112614416
-0.3398340307176113
-0.3420566159342839
-0.34967405045474015
-0.3502840297296643
-0.3568783160299063
-0.3593137208235395
-0.363303750652172
-0.3659451530776486
-0.36832477152347565
-0.3723834278993309
-0.3737066717887366
-0.38388122580945494
-0.38631751156412064
-0.3882159591691258
-0.38844921734099364
-0.3966714129783213
-0.3967354106458111
-0.4041966976531382
-0.40706121838755077
-0.4078442587898197
-0.40866446145810187
-0.4100070062559098
-0.4110303459068139
-0.4214185153444608
-0.4276724581917127
-0.4277628109363529
-0.4279020503454376
-0.42933530849404633
-0.43304093554615974
-0.4336190544556649
-0.43613071768544615
-0.4396306826383807
-0.44273287021658486
-0.4456172581994906
-0.4470336214484026
-0.4473297168617137
-0.4519261770474259
-0.45429430715739727
-0.4591652065515518
-0.4598931885899647
-0.46150994091294706
-0.46215991996642614
-0.4635323529450775
-0.46448060983259765
-0.46462705805897714
-0.46465038042515516
-0.46496824257668445
-0.4657933106645942
-0.4679176992858234
-0.46827974791328114
-0.4707224369049072
-0.4709471366368234
-0.4717854351778938
-0.47998902860402676
-0.48033665092144573
-0.48062251353721047
-0.482323049713159
-0.48532255920064116
-0.4867439728230238
-0.4873520436070474
-0.48820097475814134
-0.4886269353009993
-0.49425998085644096
-0.4975093466346152
-0.49944261740893126
-0.5000773438790428
-0.5006628420203925
-0.5017169198021293
-0.5023391008377075
-0.503120387159288
-0.5054010177097682
-0.5083522900580041
-0.5088265013556728
-0.5095413001133772
-0.5100034572720428
-0.5112445583323609
-0.5119552363952001
-0.5135182352879872
-0.51470637624152
-0.516232181340456
-0.516823033698269
-0.5216565800830721
-0.5217167433351279
-0.5243742498599826
-0.5341456702534253
-0.5346875656396151
-0.5352905034669675
-0.5368160591668649
-0.5373988431878388
-0.5374066000804305
-0.5392919536232232
-0.5414257217780687
-0.5430187903263647
-0.5432662243126996
-0.5433821400532637
-0.5439296713331714
-0.5446328886446281
-0.5540690473280847
-0.5542519803806816
-0.554667849233374
-0.5549309746258788
-0.5576651924703684
-0.5608083945466206
-0.561548680317803
-0.5622156584350806
-0.5623728670179844
-0.5624606555423022
-0.5643326379358768
-0.5648045465350151
-0.5681537621551089
-0.5695790345343994
-0.5696422070264816
-0.5697563380002976
-0.5711816238860289
-0.5733046875231795
-0.573743082972942
-0.5740380038817724
-0.5746135372668505
-0.574711577901932
-0.5757616125047207
-0.5758199021220207
-0.5759096636126438
-0.5764685119793285
-0.5765023788747689
-0.5772275166948222
-0.5786114931106567
-0.5797396614216268
-0.5822144063810507
-0.5834841141477227
-0.5848284145551068
-0.5865006716921926
-0.5877194334869273
-0.5885598849919107
-0.5898625974077731
-0.5904337735130236
-0.5907294949930575
-0.5920285307068337
-0.5930181013213264
-0.5931972991675138
-0.5956750858042922
-0.5959227686481816
-0.5985621605597605
-0.5995325914007568
-0.6044604242132563
-0.6053634235369307
-0.6062993208567301
-0.6075870459899306
-0.6082963698676654
-0.6092231448739767
-0.6094190494881736
-0.6098689937165805
-0.610325933932992
-0.6126234315840217
-0.6135916697482268
-0.6151609401451423
-0.6151803185123506
-0.6175593129475601
-0.6186068622278981
-0.6214079460284362
-0.6258997534023365
-0.6268357499502599
-0.6275946625974029
-0.6284053213894367
-0.6287456386619144
-0.629206422680559
-0.6292755059853551
-0.6304044448253181
-0.6306002885103226
-0.6316804192733558
-0.63174345409165
-0.6327396302949637
-0.6341398975678852
-0.6355133096803911
-0.6361797087682555
-0.6367411704733967
-0.6367826255348822
-0.6402413239935413
-0.6406377851963043
-0.6417025977279991
-0.6429603088181466
-0.6438507239654427
-0.6457195415471991
-0.6468168151165757
-0.6497616916894913
-0.6512341905385256
-0.6518925279378891
-0.6524749109521508
-0.6528960909286979
-0.6536000191162412
-0.6539612182726463
-0.6542516201734543
-0.6543196425773203
-0.655029283836484
-0.6563951627661785
-0.656476873671636
-0.6605069105114255
-0.6638272475684062
-0.6684517315123231
-0.6689582480816171
-0.6696354145080678
-0.6708987848833203
-0.6723246842622757
-0.6745322559561048
-0.6756085274275392
-0.6766823656373442
-0.6767872281372547
-0.6773842469789088
-0.6786099392920732
-0.6801256628500091
-0.6816760040819645
-0.6853868408527758
-0.687294370882834
-0.6875552096171305
-0.6878701086259551
-0.7013770083325322
-0.7014036180917174
-0.701852310448885
-0.7027500601751464
-0.7030102396383882
-0.7062272686511278
-0.7075243802475077
-0.710250929929316
-0.7111773189157248
-0.711641016541622
-0.7138683460652828
-0.7140699664596468
-0.7148491307355774
-0.7181792696161816
-0.7184104900807142
-0.7187863259576261
-0.7196182528354448
-0.7210977334529162
-0.722242480273255
-0.7250973176560365
-0.7256164585550626
-0.7265341492103679
-0.7270498640835286
-0.727831425704062
-0.7310326556675136
-0.7322095851931307
-0.7335762319465479
-0.733900330396584
-0.735379065014422
-0.738394273178918
-0.7392664491198957
-0.7393258381634951
-0.7411859000412127
-0.7437327226830853
-0.74410557418596
-0.746008459548466
-0.746388703584671
-0.746689791791141
-0.7474059924626579
-0.7477934081107378
-0.7487835548818111
-0.748957551217505
-0.7495521702027569
-0.7503254770667159
-0.7526519120567374
-0.7533277347683907
-0.7538204099982977
-0.7546219412636544
-0.7548506248276681
-0.7573313024385195
-0.7574527520686388
-0.7585779641910145
-0.7596693258577337
-0.7674914140254259
-0.7684708712105122
-0.7686389301504407
-0.7693049885332585
-0.7698493149235017
-0.770155937760137
-0.7727719223126769
-0.7728716254234314
-0.7746584609150886
-0.7779089510440826
-0.7782476196298376
-0.7787095787934959
-0.7803708789352741
-0.7815688791219145
-0.782295217551291
-0.7884001292288303
-0.7896526455879211
-0.7903078397115072
-0.7963317446410656
-0.797034011170682
-0.7999784948304296
-0.8017594816163183
-0.8025513142347336
-0.803034393892934
-0.8056260860175826
-0.806340959505178
-0.8063631068604687
-0.8097443361766636
-0.8130380359245464
-0.8152568364981562
-0.8207983039319515
-0.8216854168567806
-0.821883337572217
-0.8236267104744911
-0.8247596834387098
-0.8286507068467992
-0.8297999044880271
-0.8304119545966386
-0.8350628677078269
-0.8352529630064964
-0.8369459733366966
-0.8419455813709646
-0.8454271974507719
-0.8489015127066523
-0.849386178702116
-0.8499087889989217
-0.8499363869428634
-0.854366643819958
-0.8583159940317273
-0.8699987947940826
-0.8726056814193726
-0.8729294542223215
-0.8733294359990396
-0.8746869323982133
-0.874877271708101
-0.8767705127829686
-0.8769361384523412
-0.8775989530100063
-0.8843118308318986
-0.8847815610157946
-0.8848404309246689
-0.8863197796357175
-0.886370783050855
-0.8905395288020372
-0.8913052865304053
-0.8919301353394985
-0.8922532222233712
-0.8949153621991476
-0.8968260125257075
-0.8976581533040319
-0.9012882618699223
-0.9118598733200796
-0.920051255573829
-0.9219759044547876
-0.93052738904953
-0.9321797452867031
-0.9410658416648706
-0.9467333130952384
-0.9468347162008286
-0.9474961848929524
-0.9475939338509407
-0.9478726277011447
-0.9483545071312359
-0.9517972157336771
-0.9563782578334212
-0.9570645885542035
-0.9575929413549602
-0.9588079946115613
-0.9612035403028131
-0.963851026026532
-0.9708058243720896
-0.9721708201936313
-0.9729048680100176
-0.9789231326431036
-0.982763908803463
-0.9828128188050219
-0.9832713715732098
-0.9864429748720593
-0.9867158539127558
-0.9870163286104798
-0.9913514653841654
-0.9975757688516751
-1.0010528941638768
-1.004070599896035
-1.004816194375356
-1.0080967985093594
-1.0106579903513193
-1.0128540629521012
-1.014003193564713
-1.0140168781702716
-1.0158815049566328
-1.0171804493293166
-1.0182865370685856
-1.0183227509260178
-1.0222077704966068
-1.0226472967437334
-1.0228439394850284
-1.026306013856083
-1.031850638400231
-1.0327889658510685
-1.0347405280252653
-1.036728186532855
-1.038663897042473
-1.0410419803112745
-1.0428039684359516
-1.047041561640799
-1.0477449539383608
-1.0596356165063168
-1.0625505795598857
-1.0716296330094337
-1.0747208766639234
-1.0782428522195135
-1.0797353523472946
-1.080864807058658
-1.0838513192720711
-1.0948077610560827
-1.095367705821991
-1.1013057052956097
-1.108540072105825
-1.1116755837574601
-1.1118776882067323
-1.1220733642578125
-1.1245713591575623
-1.1284342957660556
-1.1310078036040068
-1.1327375508844852
-1.1330975443124771
-1.1340843973947423
-1.136172039966498
-1.139218951575458
-1.139232116440932
-1.140430905468141
-1.1425316107148926
-1.1425564602638285
-1.1441310575631047
-1.1595107028260827
-1.160118008730933
-1.1721624086300533
-1.1737335965037345
-1.1788867467216082
-1.1898707108838218
-1.1902127712965012
-1.1940277480623789
-1.1950823355998312
-1.2151553741922336
-1.2202843402822812
-1.2374807579132419
-1.237998665155222
-1.2413401224960883
-1.2591645171244938
-1.2634156892697017
-1.2741369642317295
-1.2965953029692172
-1.2983095063827932
-1.3000220408042271
-1.3083090260624886
-1.328234788030386
-1.3345562829636037
-1.3355040350928902
-1.336434680968523
-1.3462319714017212
-1.3514913767576218
-1.352142333984375
-1.3657196867279708
-1.376250196248293
-1.3843183383345603
-1.4080721663311124
-1.410066834030052
-1.4317229688167572
-1.4660957660526037
-1.4671168327331543
-1.471886717248708
-1.4931857228279113
-1.4994717468507588
-1.5040651423235734
-1.5114267356693745
-1.5215545669198036
-1.5349472576441865
-1.549251139163971
-1.5619029141962528
-1.5640434225400288
-1.5698957294225693
-1.5699510139723618
-1.5728779911994935
-1.59854329272639
-1.6034806358317535
-1.6052021145820619
-1.6183404922485352
-1.6210275838772457
-1.6277174557160055
-1.6290977222844958
-1.664896350664397
-1.665590486090098
-1.6918486976064742
-1.6930950284004211
-1.709847239467005
-1.7205906361341476
-1.7206744998693466
-1.7301197052001953
-1.7318480759859085
-1.7586807555829485
-1.7955930978059769
-1.8118565703431766
-1.8280649022199214
-1.8365802895277739
-1.8452215790748596
-1.851543664932251
-1.900457255775109
-1.9204875528812408
-1.9586950242519379
-1.9587587490677834
-1.9660060405731201
-2.0080010890960693
-2.013575866818428
-2.0205023922026157
-2.093422770500183
-2.102234084159136
-2.1229646801948547
-2.124756336212158
-2.132580884421865
-2.139147460460663
-2.166435974960526
-2.1814496852457523
-2.2286170162260532
-2.2332185208797455
-2.239040791988373
-2.241556704044342
-2.245646602124907
-2.270673851172129
-2.31621110253036
-2.34101140499115
-2.349133051931858
-2.3681298941373825
-2.3747763335704803
-2.393897967878729
-2.395473579565684
-2.4074102342128754
-2.420074897352606
-2.421199694275856
-2.4245193749666214
-2.4545753598213196
-2.4631789177656174
-2.4634219594299793
-2.5238057300448418
-2.52549284696579
-2.573696553707123
-2.5819668918848038
-2.590649962425232
-2.7198073118925095
-2.7311083351572356
-2.767980406060815
-2.7688362300395966
-2.7985004058573395
-2.805628389120102
-2.815143585205078
-2.8200082778930664
-2.85572549700737
-2.894529342651367
-3.012562183663249
-3.0206565856933594
-3.158738980690638
-3.2804620265960693
-3.3725573980482295
-3.3905147910118103
-3.4274280071258545
-3.56419038772583
-3.6076464251382276
-3.6523882150650024
-3.8098573934286835
-3.811195135116577
-3.999829126521945
-4.413593769073486
-4.673980236053467
-4.790844440460205
-4.877793788909912
-5.02794075012207
-5.276736259460449
-5.699436902999878
