-0.001998809864744544
-0.08254123665392399
-0.11734731214892236
-0.13894333287235996
-0.14639313462569387
-0.1495025405191492
-0.19836800236953422
-0.22825026750797406
-0.2295069191022776
-0.23614127617474878
-0.2429211986205928
-0.2739953672280535
-0.2759448995483054
-0.27849247510312125
-0.28495861432182007
-0.2879245361819973
-0.29215640925289527
-0.2945075063189506
-0.2960416787219318
-0.3024419201760288
-0.3060546521920742
-0.3144191162136849
-0.3213920225389302
-0.32660309690982103
-0.3300560448519213
-0.3349618499923963
-0.33585577803508687
-0.33622890578529524
-0.3368447215529159
-0.3376890756742796
-0.3448009040686884
-0.34798100229818374
-0.3483920117947631
-0.3526628848520838
-0.3532787999836728
-0.3574791739145959
-0.3576645444809401
-0.3588528652493551
-0.3670055313139326
-0.3675880066418488
-0.37037717178463936
-0.37278182012960315
-0.37578944861888885
-0.3766647069911414
-0.3768428269965322
-0.3823970122130504
-0.3842960726469755
-0.38447017649499077
-0.384932643501088
-0.38511261365575983
-0.3853015810086885
-0.38796969992108643
-0.39040771987856715
-0.39492494764272124
-0.39630307025026923
-0.39676524327660445
-0.39783174476833666
-0.39950330592691896
-0.4006234128777578
-0.40063214980598005
-0.40707799635929404
-0.4071441501404883
-0.4072708620224148
-0.4089275249668087
-0.4128599125891924
-0.4147164342769732
-0.41611425602359303
-0.4192585097984053
-0.4197082328300894
-0.42010271634803975
-0.42110980981578905
-0.4224660086386263
-0.42468986101448536
-0.42559070472738575
-0.42671986611707036
-0.42706856625154616
-0.42782275037219125
-0.42944918495889467
-0.43076848345143454
-0.4330701058109601
-0.43411263171583414
-0.43652343111378805
-0.43902542866853767
-0.43943720665301955
-0.43985002240515314
-0.440239030867815
-0.44078681803916375
-0.44094497769438024
-0.44200870596493286
-0.44324901487561874
-0.4434172873568189
-0.44429669226519763
-0.4449933514697477
-0.44725182555664916
-0.45030846845475025
-0.4527079339022748
-0.45324018468731775
-0.4546838626265526
-0.45862360251279216
-0.45936528833699414
-0.459744572321969
-0.4624042995274067
-0.46295050874662896
-0.4634477640502155
-0.4651630349457264
-0.4656958466467376
-0.4658843814395368
-0.4667824977077544
-0.46852723433420623
-0.4690060233060649
-0.4692302840790944
-0.47100204605279333
-0.47345354977167314
-0.48138832645490764
-0.48283424845431
-0.4829713127745146
-0.4859238856089568
-0.48616110356166387
-0.4870397443924698
-0.48863493979297346
-0.49216178664937615
-0.49226576276123524
-0.49360677702352407
-0.49599131672331015
-0.4960341220042513
-0.49632394377113087
-0.49732249812223017
-0.4975719875423238
-0.4982000935382934
-0.49843369119076264
-0.5004641483537853
-0.5018371561629464
-0.5035704818179841
-0.5042883101933902
-0.5043200645527072
-0.5050713052041829
-0.5056203187559731
-0.5059205424040556
-0.5119729231875049
-0.5128425456117839
-0.5154168068298272
-0.5156855436143815
-0.5162381657486483
-0.5176199651282332
-0.5176377357690528
-0.5182711877725803
-0.5214986134669743
-0.5222112990741152
-0.5247769076377153
-0.5250069701578468
-0.525371918122255
-0.525474253434697
-0.5257798895366829
-0.5260819995310158
-0.5269774496555328
-0.52947333229046
-0.5344681536246624
-0.535125088809582
-0.5368855707347393
-0.5373890267733908
-0.5389741411729321
-0.5398931850001893
-0.5404504129130926
-0.5407012385101553
-0.5407589425643285
-0.544993880672943
-0.5454679135145852
-0.548601617400079
-0.5502504442337779
-0.5503116552071232
-0.5510792256879916
-0.5547789502825724
-0.5553948095885062
-0.556489457671075
-0.5584868490695953
-0.5589302642736584
-0.5592421706145009
-0.5600718727644562
-0.5608365364106638
-0.5616486253469096
-0.5626568043685088
-0.5626880027353763
-0.5627484565227581
-0.5634413316845894
-0.5640620959482996
-0.567414990067482
-0.5687595670664385
-0.5689447037875652
-0.5706031760200858
-0.5752002717927098
-0.576534608275526
-0.5766596420202404
-0.5794279570885313
-0.5795259553053458
-0.581193675359353
-0.5832211408647708
-0.5847233285506567
-0.5848511084791775
-0.5851970852485725
-0.5856245949507866
-0.585878684723563
-0.5884257021049658
-0.5885802883364158
-0.5893239945095653
-0.5916347496968228
-0.5956406285723915
-0.5964101632790906
-0.600039835812317
-0.6002966478466988
-0.6006463714740955
-0.6010411980690221
-0.601210331366201
-0.6021246913005598
-0.6021820034583243
-0.6029437619533079
-0.6029712313537184
-0.6041912269332291
-0.6050811767578125
-0.605400730855763
-0.6056015830794682
-0.6061597904190421
-0.6074355110009632
-0.6074903754310476
-0.6105007603413536
-0.6115003765693733
-0.6121270768344402
-0.6136349461157806
-0.6139460609488196
-0.6157276260200888
-0.6157957713367068
-0.6177007659737553
-0.61908434662554
-0.6193028675625101
-0.6204195125527414
-0.62298351303131
-0.624733766976393
-0.625322163507173
-0.6258648016955703
-0.627784305941397
-0.627954061458339
-0.6280360872980155
-0.6291554619092494
-0.6297234428969783
-0.630588598176837
-0.6306052643922158
-0.6307036768009241
-0.630706461412566
-0.6315325382332014
-0.6351258853217587
-0.6372125482841511
-0.6383054492995143
-0.6411803041313154
-0.6422567549679015
-0.6452890005584777
-0.6456719230461333
-0.6468612622469664
-0.6473029839107767
-0.6478939407946503
-0.6485108557273633
-0.6485362665553112
-0.6496790417780479
-0.650047993087875
-0.6537528973135691
-0.6539295852184296
-0.6539340463599989
-0.6541971245547756
-0.656506146925191
-0.6565572073062261
-0.6581844221800566
-0.6590684142678843
-0.6595906240676414
-0.6605745855718851
-0.6629578980417656
-0.6633350893389434
-0.6633459739387035
-0.6639485072344542
-0.6663746478273728
-0.6679640666892132
-0.6679651935895284
-0.670113428219338
-0.6714027958951192
-0.6717901588708628
-0.6725424790987745
-0.6733481409028172
-0.674336789001245
-0.6760443082700173
-0.678820053653908
-0.679455182235688
-0.6837487469920234
-0.684434119425714
-0.6845554187893867
-0.6903272296331124
-0.6925157047068999
-0.6944420300424099
-0.6951903132488951
-0.6969527450758809
-0.6971937745809555
-0.6974126864224672
-0.7003217389544716
-0.7028752597980201
-0.7033296176712611
-0.70416971729137
-0.7050944922698869
-0.7081565306935873
-0.708178247581236
-0.708978459239006
-0.7107228079306273
-0.7111672946732142
-0.7139027507342689
-0.7159630373120308
-0.7183242840017354
-0.7185841518221423
-0.7191432827385142
-0.7199617577716708
-0.720392322360567
-0.7224639803171158
-0.7225482217553589
-0.7227588654537352
-0.723323845440973
-0.7235528205057397
-0.7253553022757842
-0.7271674177609384
-0.7294302349367751
-0.732138518379846
-0.7340526468768884
-0.734542369027622
-0.7387520065094577
-0.7390347030635894
-0.7396650504734781
-0.7475368876475841
-0.7483906481148941
-0.7513095593700806
-0.7535979670938104
-0.755792000098154
-0.7605046407086775
-0.7617773592472077
-0.7629749858984723
-0.7630854097660631
-0.7637455521358384
-0.7650758776944713
-0.7652284606792819
-0.7655400624498725
-0.7682224788836071
-0.7691783086163924
-0.7702953710686415
-0.7715045803702701
-0.7717310180451022
-0.7733920551836491
-0.7741696566808969
-0.7749740038998425
-0.7750759678892791
-0.7757701829075814
-0.7766189020127058
-0.7777558597954339
-0.7780756186693907
-0.7785120459415743
-0.7798824210185558
-0.7827121632198113
-0.7836167470319196
-0.7838803680613637
-0.7855660810600966
-0.7878054643848112
-0.7918290690785008
-0.7933153776451946
-0.7939538749633357
-0.7946708667711088
-0.7964877613412682
-0.7967367018562592
-0.7996821155150732
-0.8000428460538387
-0.805036640925599
-0.8131362786516547
-0.8148703811384621
-0.8198740285166753
-0.8206263770844089
-0.8221960118001638
-0.8238845797410855
-0.8267841871827841
-0.8272153426493917
-0.8339715152978897
-0.8383513002190739
-0.8398204185068607
-0.8413186252117157
-0.8415760329381945
-0.8441865964632598
-0.8443371867761016
-0.8480381642778715
-0.8566972076892853
-0.8636260987259448
-0.8695689089047598
-0.8765820364933461
-0.8777504009194672
-0.8786262731466975
-0.8892347499728203
-0.8916125254084667
-0.8921432553657463
-0.894576957821846
-0.8947852606264254
-0.8990266041031906
-0.900017778078715
-0.9044931180754551
-0.90493657393381
-0.907554722896748
-0.9188024252653122
-0.9208462523030383
-0.9216386700669924
-0.9221828145075001
-0.9232695177197456
-0.9261579280719161
-0.9305444937199354
-0.9316481153170267
-0.9372761998325586
-0.9419656260870397
-0.9427998840808869
-0.9568411945171343
-0.9640341016463936
-0.9681032028980553
-0.9766895437302688
-0.9773801503082117
-0.983386633079499
-0.9869174296967685
-1.0032213125377893
-1.005170742670695
-1.0055525993924828
-1.0076566338539124
-1.010153990611434
-1.0273911580443382
-1.0287816636005624
-1.0322943069040775
-1.0347474828983347
-1.0371617209166288
-1.0394909225287847
-1.0399309909669683
-1.0428876540856435
-1.0569874749061354
-1.0675120366504416
-1.094607174396515
-1.1003689443071683
-1.1008872153858345
-1.1055020292599995
-1.1082599006476812
-1.116233229637146
-1.1190837585600093
-1.1202217657119036
-1.1296446522076924
-1.1379913027797426
-1.145932581066154
-1.151282327226363
-1.1578226749183418
-1.159074934781529
-1.1662141494452953
-1.1792305056005716
-1.1878994901974995
-1.1996027061715722
-1.202020220553095
-1.2040071822702885
-1.2066246593603864
-1.2368669261535008
-1.2409753998120625
-1.2572590731084348
-1.2727873825157683
-1.2734246468171477
-1.287973662217458
-1.2995112910866737
-1.299934091605246
-1.3033931106328964
-1.3052962601184845
-1.3164325118064881
-1.3623314748207729
-1.3940938313802083
-1.401138573884964
-1.4343868071834247
-1.4385492727160454
-1.4561416159073512
-1.4612370394170284
-1.4809344778768718
-1.4859043980017304
-1.5062153140703838
-1.5276056996857126
-1.5394772551953793
-1.5745954662561417
-1.583168625831604
-1.6056324789921443
-1.6333882212638855
-1.6616806859771411
-1.6720622181892395
-1.681316361820791
-1.696796884573996
-1.7230756566859782
-1.738614466227591
-1.7391406923532486
-1.7844228674657643
-1.8048182725906372
-1.8167385011911392
-1.8619553707540035
-1.8912617762883503
-1.8961714655160904
-1.8966640383005142
-1.8986101785994833
-1.8998944759368896
-1.9229676623363048
-1.9384106965735555
-1.947035789489746
-1.9750012755393982
-1.9969384670257568
-2.0216587260365486
-2.0335399508476257
-2.0414286295272177
-2.0456333439797163
-2.045912317931652
-2.075204700231552
-2.137041211128235
-2.160046376287937
-2.1692274808883667
-2.2614431778589883
-2.3027286529541016
-2.3332479000091553
-2.335692286491394
-2.3570257425308228
-2.3811334371566772
-2.432892918586731
-2.4412762094289064
-2.4931323528289795
-2.5766536658629775
-2.629391670227051
-2.6513799031575522
-2.6740341186523438
-2.709519624710083
-2.953918695449829
-2.9930431842803955
-3.2293040603399277
-3.2666331827640533
-3.3051882088184357
-3.504779726266861
-3.547387734055519
-3.7450311183929443
-4.691781997680664
-5.059263706207275
-5.250187397003174
-7.479528427124023
-10.371424674987793
-11.413076400756836
