-0.0367366811260581
-0.05795770382974297
-0.07368546479847282
-0.11720266255239646
-0.19806263595819473
-0.20787941765904958
-0.21432654773816467
-0.2178649827837944
-0.2761814861247937
-0.29022417590022087
-0.3043038845062256
-0.3141275704547297
-0.31655933960740057
-0.3342922136071138
-0.33545803270923596
-0.34160226228943263
-0.34481255896389484
-0.3544647843576968
-0.3557353001087904
-0.35733935236930847
-0.3580437656491995
-0.3726788488113218
-0.3896109719758897
-0.39614087619966915
-0.4025298822671175
-0.40644737787079066
-0.4073163001157809
-0.4097362048923969
-0.4098617582737158
-0.4110854686005041
-0.4190530142514035
-0.43019223425058456
-0.4409462100205322
-0.44206492020416394
-0.4424339855904691
-0.4449045077763003
-0.44878637401335353
-0.4566547106951475
-0.4623085502127651
-0.4635219995980151
-0.46653033733435945
-0.4676412569048504
-0.46898938140366225
-0.4699190661975175
-0.4744045265639822
-0.47445318638725
-0.48272871832887176
-0.48349315774976276
-0.48402693166572136
-0.48667835202748955
-0.48791695984066663
-0.488430033566186
-0.4885883922688663
-0.4921573995263316
-0.49216343809794955
-0.4924447130308383
-0.4964895000060399
-0.49767349908749264
-0.4997863481936899
-0.5033447168857997
-0.5034389317734167
-0.5035804512509559
-0.5037209554662695
-0.5050494705986542
-0.5062244501378801
-0.5064799806180721
-0.5111344191763136
-0.5116813432105118
-0.5213972345650704
-0.5218632101314142
-0.5236321552573437
-0.5241615890990943
-0.5263697703679403
-0.5276460230350495
-0.5284101875232798
-0.5291451452451839
-0.5301130950184805
-0.5316726506616061
-0.5318579375743866
-0.5350416884023655
-0.5356340803671629
-0.5363608010113239
-0.5382253080606461
-0.5394959542542123
-0.53962147468701
-0.5406008823742418
-0.542236915435007
-0.5467912365068179
-0.547916610352695
-0.5620111852352109
-0.5646276354091242
-0.5649798172138011
-0.5663252323089788
-0.5686487828570534
-0.5696149006890621
-0.5711686972528696
-0.5743521519005299
-0.5793800109195217
-0.5829824927786831
-0.5857524913550879
-0.5903940548173036
-0.5914453217475157
-0.593359498010527
-0.5943244220023709
-0.6001732031145366
-0.6015758418273739
-0.6059132516384125
-0.6076589967789394
-0.6077631392050534
-0.6083554446697235
-0.6102621116442606
-0.6105924110859633
-0.6109904039883987
-0.6139218759955838
-0.6156797671260742
-0.6207065908594005
-0.6247039584171338
-0.6257946285606886
-0.6299333404749632
-0.630405567213893
-0.6310299113002226
-0.6318075379222137
-0.6381173335742764
-0.6387141894549131
-0.6399209417402745
-0.6405636094510555
-0.6445327631484431
-0.6446484036083954
-0.6450794984226983
-0.6515655916184186
-0.652463685721159
-0.6528414111872525
-0.653880207299153
-0.6542653061915189
-0.6546428501605988
-0.6553566050198343
-0.6611468883541723
-0.6617047988644723
-0.6632840047532227
-0.6646686079911888
-0.6657608434557915
-0.6663964934123214
-0.6673779160482809
-0.667768677836284
-0.6709414105862379
-0.6714385513216257
-0.6725262297121744
-0.6729764565825462
-0.6736809064866975
-0.6761674810892145
-0.6782550116380056
-0.678451810446719
-0.6790594620979391
-0.6796308170014527
-0.6813666522502899
-0.6833586211316287
-0.6834667855550328
-0.686529760112171
-0.6866264084819704
-0.6875302967548903
-0.6877037758206237
-0.696070139551739
-0.697670966386795
-0.6993374973535538
-0.6997433481737971
-0.7002249542209837
-0.7004003931528132
-0.7014341657580829
-0.7063581053744201
-0.7088131244194561
-0.7115878746198077
-0.7121879163508614
-0.7122982559868922
-0.712594573199749
-0.7135699759154315
-0.7136262263211393
-0.7137041153619066
-0.7161707563791424
-0.7189838339334529
-0.7202728369350856
-0.7211320174059698
-0.7228274408252522
-0.7229544700433811
-0.7233072478789836
-0.7244045892730355
-0.728061987979648
-0.72841292727066
-0.7299155309796334
-0.7300384101191801
-0.7311782061762642
-0.7318653515540063
-0.7319841459800955
-0.7327564071331706
-0.7327860175780523
-0.7342525745431582
-0.7343343476299197
-0.7355177857513938
-0.7371086691273376
-0.7376693939594487
-0.737681782245636
-0.7379760484521588
-0.7384866351882616
-0.7434502430260181
-0.7446057401991167
-0.7458445915342762
-0.7467112778977025
-0.7476073210476898
-0.7481131237465888
-0.7481624704475204
-0.749674706836231
-0.7513568312694717
-0.7516559009465189
-0.7529627606272697
-0.7533207353096388
-0.7536199453946514
-0.7544847762079111
-0.7578576430678368
-0.7580195605754853
-0.7582817350824674
-0.7588574007153511
-0.761027418076992
-0.7618560965056531
-0.7648794718510804
-0.7652927450835705
-0.7654332891106606
-0.7654400177088974
-0.7668272977073988
-0.7686093249358237
-0.7722265149156252
-0.772450631391257
-0.7734788283705711
-0.7742889889826378
-0.7745048554691797
-0.7745940263266675
-0.7749064763387045
-0.7754036500409711
-0.7755977536241213
-0.77717599645257
-0.7815437016988118
-0.7823976665838726
-0.7846126335352892
-0.786946002393961
-0.7870212708200727
-0.7873848873132374
-0.7878417809261009
-0.7882608603686094
-0.7891439743340015
-0.7896286846371368
-0.7904136879369617
-0.7916558111319318
-0.7917808225999275
-0.7924190813727263
-0.7925424401958784
-0.7948823561924251
-0.7952141188085079
-0.7953069515448684
-0.7975809903194507
-0.7987400516867638
-0.7995968506771273
-0.7998187340229325
-0.8006431002169847
-0.8011531815198916
-0.8030985693136851
-0.8057231527442733
-0.8065067827701569
-0.8066477116663009
-0.8083404226428164
-0.8089123095075289
-0.8095241459791745
-0.814875651417034
-0.8149091070517898
-0.8151589510962367
-0.8157517611980438
-0.8163692613714375
-0.8164486690823521
-0.8169902910788854
-0.8178149990271777
-0.8182842638343573
-0.8185294790393007
-0.818610118702054
-0.8191817740444094
-0.8205514873067538
-0.8232684077423377
-0.8235244353612264
-0.8236836477687272
-0.8239110465011825
-0.8260536358284298
-0.8260796740651131
-0.8288190841674805
-0.8295601680874825
-0.8301800487356054
-0.8308689974146546
-0.8323403537273407
-0.8330521841853624
-0.8340124124661088
-0.8354157366686397
-0.8354904696345329
-0.8358154609799385
-0.8366114646196365
-0.837803466618061
-0.8380874832704043
-0.8401800064103944
-0.8414706473777187
-0.8420199535685242
-0.8428477361798287
-0.8429280934589249
-0.8446718262774604
-0.8465736418962478
-0.8479148894548416
-0.8509146357860623
-0.8510614037513733
-0.8516246676445007
-0.8520248495042324
-0.8523274213075638
-0.8531978976679966
-0.8549756616353988
-0.8566105410456657
-0.8576471164822579
-0.8607630424201489
-0.8623078651726246
-0.8628163431837622
-0.8646220060930189
-0.8662495563005317
-0.8693176866217982
-0.8699345266446471
-0.8700712446589023
-0.8701013706522644
-0.8709213106582562
-0.8713367634190945
-0.8733269859092414
-0.8746302637737244
-0.8746457696193829
-0.8748980067670346
-0.8750571974960621
-0.8771028392016887
-0.8772127435076982
-0.8780459792663654
-0.8784759030677378
-0.8813451617956162
-0.8815168539683024
-0.8835165806987788
-0.8839772790670395
-0.8850063756108284
-0.887664076686633
-0.8890751016908325
-0.8895001212755839
-0.8918527215719223
-0.8922764744929736
-0.8923034990827242
-0.8932080119848251
-0.8945444935234264
-0.8968523164861836
-0.9013143628835678
-0.9039552174508572
-0.9052209686293887
-0.9055024511180818
-0.905549014504585
-0.9057329220065314
-0.9067937420415026
-0.9078304680064321
-0.9086422160617076
-0.9099197605624795
-0.9100590129964985
-0.9109170324169099
-0.9157870225608349
-0.9176326260901988
-0.9217696562603427
-0.924509431279148
-0.9254927441943437
-0.925898312125355
-0.9272581603311535
-0.9280956552247517
-0.928210209403187
-0.9293776609003543
-0.9294033548503648
-0.9322759137488902
-0.9348460794135462
-0.9358931363094598
-0.9379555981606245
-0.9396666983608156
-0.9433249533176422
-0.9475405837098757
-0.9480062357979477
-0.9483085888932692
-0.9536040110720528
-0.9544067397713661
-0.9557531476020813
-0.9566507339477539
-0.9577746790503928
-0.9613370183855295
-0.9624210659946714
-0.9624739430844784
-0.9635658959547678
-0.9638950228691101
-0.967990945625518
-0.9693223236439129
-0.9702991489320993
-0.9707764356086651
-0.9710835005555835
-0.9752226966898888
-0.9756771008524083
-0.9768306057279309
-0.9791569772642106
-0.9796552484234174
-0.9800337634389709
-0.9811412330184665
-0.9816221677116118
-0.9823224196831385
-0.9825603572858704
-0.987696611987693
-0.9893486077780835
-0.9895834121853113
-0.9896711707115173
-0.9908303436305788
-0.9912578670514954
-0.99304423853755
-0.9932885956019163
-0.994170823179257
-0.9943529005265899
-0.9943752897786908
-0.9944726462875094
-0.9969182486335436
-1.0003654559453328
-1.0041800848499407
-1.0049464248120785
-1.006092481315136
-1.0062722985943158
-1.0079233438125812
-1.0100644204765559
-1.012758146557543
-1.0131802360216777
-1.0138519302010536
-1.0161410371462505
-1.0166942942887545
-1.0202674271713477
-1.0222221886118252
-1.0255434811115265
-1.027679281309247
-1.0308145822750197
-1.0337400782853365
-1.0363245581587155
-1.03635972738266
-1.0370979718863964
-1.0377903208136559
-1.0425355339830276
-1.043098873225972
-1.0438048069675763
-1.0451818630099297
-1.0474343709647655
-1.0481922413455322
-1.0490814950317144
-1.0491350814700127
-1.0512755853789193
-1.0544584608740277
-1.056656030671937
-1.058312065899372
-1.0623112296064694
-1.063660914344447
-1.0643393136560917
-1.0668700080778863
-1.0670405227690936
-1.069716900587082
-1.071070272475481
-1.0729643427075644
-1.0742639377713203
-1.0757511893752962
-1.0772043961499418
-1.0796326696872711
-1.0825984254479408
-1.0861608535051346
-1.08772029230992
-1.0884584526841838
-1.0896981358528137
-1.0912582874298096
-1.09195888787508
-1.0922240520827473
-1.096133720909711
-1.0967379659414291
-1.0994607761967927
-1.1001390307210386
-1.1013561602681876
-1.1039718341082334
-1.1130745527999741
-1.1150298714637756
-1.1175183256676133
-1.1183044620686107
-1.119809353351593
-1.1198463216423988
-1.1203490272164345
-1.1205232789119084
-1.1213145626243204
-1.1256501881612673
-1.1262499714891117
-1.1267663720581267
-1.1278250552597455
-1.1281056225649082
-1.1282259884756058
-1.1336611903139524
-1.1418442192176979
-1.1422096909955144
-1.1422370541840792
-1.1459905604521434
-1.146511325240135
-1.1467823177576064
-1.148807976927076
-1.151680901646614
-1.1556897397552217
-1.1581361017056875
-1.1604876650704279
-1.1605174717578022
-1.1619417816400528
-1.1640382909349032
-1.1668378710746765
-1.1724625151604413
-1.176516329129559
-1.1786071749187872
-1.1798891872167587
-1.1806303355842829
-1.1893529742956161
-1.1894106231629848
-1.192533902451396
-1.194761410355568
-1.1951508589554578
-1.1970328440268834
-1.1984934355261632
-1.2070527859032154
-1.208643770643643
-1.2126372181119223
-1.215815607458353
-1.2197439298033714
-1.2201173028775625
-1.2202390676829964
-1.2204194085465536
-1.2215160876512527
-1.2272601388394833
-1.228520970259394
-1.2316846925791145
-1.2322219014167786
-1.2327560467852487
-1.233949501812458
-1.2340411841869354
-1.2357308460133416
-1.2393596669038136
-1.2425873052328824
-1.2430027489151274
-1.2442219116621547
-1.2453436019519966
-1.2472621717024595
-1.2477321437792852
-1.248005902976729
-1.2509472329508176
-1.2515848625274277
-1.2518259386221569
-1.260182609160741
-1.2618245507280033
-1.262137871507649
-1.2626955034211278
-1.2636863068910316
-1.2649324983358383
-1.2741697281599045
-1.2795818969607353
-1.283545067195188
-1.2850041510537267
-1.289187740534544
-1.290885469837829
-1.2917218406995137
-1.2942319611708324
-1.2944762707791395
-1.2948567462153733
-1.2958313778508455
-1.3052489779889584
-1.3053518265485764
-1.3054721751250327
-1.3072386980056763
-1.3099329055597384
-1.3108864799141884
-1.3114891449610393
-1.3126158230006695
-1.31374525030454
-1.3161327581231792
-1.3184402510523796
-1.3229265082627535
-1.3236382126808166
-1.3263340592384338
-1.3350564390420914
-1.3422389949361484
-1.3437490064340334
-1.34397771799316
-1.3446764908730984
-1.349173659626912
-1.353075622394681
-1.353482695089446
-1.3573830417978268
-1.3708011241895812
-1.3708501074995314
-1.3710184734554787
-1.3716071397066116
-1.3729698018481333
-1.3873926394929488
-1.4006555639207363
-1.4088550930221875
-1.414336083829403
-1.414925992488861
-1.4210432767868042
-1.421826183795929
-1.4227742590010166
-1.4247501542558894
-1.4256110787391663
-1.4261031705620033
-1.426151594767968
-1.4291610916455586
-1.4299388527870178
-1.433443933725357
-1.4345069626967113
-1.4352137446403503
-1.4360215906053782
-1.4483984948860273
-1.448443315923214
-1.4497566048055888
-1.4598068485211115
-1.4611185491085052
-1.462700977921486
-1.4651418924331665
-1.465907946228981
-1.467659254713605
-1.4703826593856018
-1.4742883685976267
-1.4757914051413537
-1.479928307235241
-1.4835338741540909
-1.4836247712373734
-1.4901460409164429
-1.4999368786811829
-1.5043946355581284
-1.50581213417463
-1.5096621662378311
-1.5122060069988947
-1.5132734775543213
-1.5180935636162758
-1.5193994641304016
-1.531790481507778
-1.5398484617471695
-1.5398568660020828
-1.5505605869693682
-1.5549935748179753
-1.5596191457339696
-1.5698022171854973
-1.5732660353183747
-1.5794934034347534
-1.5844081167131663
-1.5846931748092175
-1.5937381563708186
-1.5974777936935425
-1.6158890664577483
-1.616763138771057
-1.6175362773938105
-1.6206183061003685
-1.620869253362928
-1.6241770293563604
-1.6248396039009094
-1.6292664767242968
-1.6497857964464597
-1.6502756433827537
-1.6561806201934814
-1.6643080562353134
-1.666936993598938
-1.6762754867474239
-1.6937201023101807
-1.7049670602594102
-1.7093480016504015
-1.7318085506558418
-1.7368338561306398
-1.7396832052618265
-1.7605814735094707
-1.770983699709177
-1.7751670330762863
-1.7830729130655527
-1.7853543907403946
-1.7890885397791862
-1.7945625901222229
-1.7973769903182983
-1.8006687064965565
-1.8051653504371643
-1.8098890781402588
-1.8117473363876342
-1.8204563021659852
-1.8388934880495071
-1.8412832021713257
-1.8459352428714435
-1.876123469589012
-1.8925095200538635
-1.9092331528663635
-1.913647792169026
-1.9158761724829674
-1.921546831727028
-1.9529383505384128
-1.9601450537641842
-1.96822223563989
-1.9721666627696581
-1.980541668832302
-1.9975503206253051
-1.9994353652000427
-2.005635380744934
-2.047956310212612
-2.062811866402626
-2.070184111595154
-2.0763020239770413
-2.082381535321474
-2.0831970125436783
-2.098617802063624
-2.1089060058196387
-2.1415054351091385
-2.1548684000968934
-2.1716595788796744
-2.182856634259224
-2.1981093287467957
-2.1983171813189983
-2.200595887377858
-2.2036389112472534
-2.2090524087349572
-2.2211394265294073
-2.224463514983654
-2.2412993172183633
-2.2464343309402466
-2.2478440046310424
-2.2540591657161713
-2.290042355656624
-2.3126358054578304
-2.321115414301554
-2.3223941763862967
-2.3356773275882006
-2.3392091274261473
-2.377394735813141
-2.379726782441139
-2.4005810499191282
-2.4122539281845095
-2.4254282315572104
-2.4457051306962967
-2.4480441759030023
-2.4546223084131875
-2.517782010138035
-2.533590237299601
-2.535627743601799
-2.544215007685125
-2.584334045648575
-2.6559360465034842
-2.7027758359909058
-2.737963069230318
-2.7733609130373225
-2.789140462875366
-2.8977314879884943
-2.9137296279271445
-2.9785887400309243
-2.989825576543808
-3.001667123287916
-3.0218044221401215
-3.163685619831085
-3.2239772441098467
-3.313631057739258
-3.3548004627227783
-3.8928009271621704
-4.465054035186768
-4.904848337173462
-5.030636310577393
-5.034764766693115
-5.931276321411133
-6.426265239715576
