-9.881961887003854e-05
-0.006442449050155119
-0.01837781538051786
-0.0285338442236025
-0.03648352669491336
-0.03869431099731931
-0.08422462944872677
-0.0870047532953322
-0.1095152769913901
-0.11738861053891014
-0.1235187177426269
-0.1245268201611907
-0.1657868326077505
-0.16954816715830626
-0.19514121800279505
-0.20294741263335578
-0.20940380280461052
-0.20963627262162018
-0.22188059533280985
-0.2311706141452305
-0.23584436223063676
-0.2540578217216535
-0.2554149069441741
-0.2608550790316965
-0.2704176884377375
-0.27205757196939623
-0.27384942325685796
-0.28198745228962707
-0.28834222372897783
-0.2910726045301999
-0.29341305937423384
-0.2940676105132297
-0.30168256304859825
-0.3107386990989653
-0.3139201449514076
-0.3144067318639827
-0.3298750051320667
-0.33695875642588363
-0.34113691860774353
-0.3420434685327068
-0.34332650816068055
-0.34373624767913497
-0.344094598029551
-0.354910758882761
-0.35492113956489546
-0.35648912165015645
-0.36044592108382856
-0.36926229475066064
-0.37553096508736417
-0.3781095732758786
-0.3835676786418642
-0.3842020410113037
-0.38737733187153933
-0.3891446604180341
-0.3912013204872993
-0.3922714785646479
-0.3951757525404294
-0.3960074976624431
-0.3993910769633658
-0.4027202127545024
-0.40471338066304774
-0.405927429375879
-0.40726708214996116
-0.4130169208427625
-0.4181156598031521
-0.42091185474904097
-0.4212718824255717
-0.42179983885337907
-0.42256822499257396
-0.4243253184083317
-0.4276713579092757
-0.4282792128622532
-0.4302502669394016
-0.44032083669056493
-0.4420542879961431
-0.4435500625113491
-0.44398095994256437
-0.4445806439034641
-0.4469079675228776
-0.4471686067263363
-0.4502265050044419
-0.45250023771077397
-0.45584198911674323
-0.4583175960465774
-0.46314625730738046
-0.4648001205176115
-0.47337792901554265
-0.48560803132131697
-0.48835607008077203
-0.48972053211182354
-0.49078591394936666
-0.49169634762729403
-0.49512487722521265
-0.4998535633327005
-0.5074864360568527
-0.5107794789892068
-0.5138161555597824
-0.5148122337971017
-0.51527850090393
-0.5202091870454751
-0.5216510450312247
-0.5263676593016758
-0.5267363736343214
-0.5289500030047358
-0.529072092846036
-0.5299566397443414
-0.5330522434249159
-0.5361368597485126
-0.541005872288484
-0.5411626910494566
-0.548182749436819
-0.5490475920353219
-0.5535320160535775
-0.558321516145952
-0.5610634374435384
-0.5638491851277649
-0.5682131836165354
-0.5716416865734573
-0.5728964712422263
-0.5741606231604237
-0.5744754390146297
-0.5760726745611464
-0.5787640090857167
-0.5798138675836526
-0.5799700589850545
-0.5830301350554995
-0.5838591394571268
-0.5846457351607179
-0.5850130333565176
-0.5881686029581032
-0.5886350494809449
-0.5913270196431768
-0.5958225280977786
-0.5985066511906812
-0.6044740802929576
-0.6094576409086585
-0.6120605888590944
-0.6181614245230905
-0.6201821326145104
-0.6205328893316618
-0.621993627219581
-0.6252256731404486
-0.6262938085322579
-0.6292074249126017
-0.6376550106479044
-0.6400056169368327
-0.6413258906719016
-0.6453830497212039
-0.645585909485817
-0.6485777480527759
-0.6524798727306915
-0.6543616606421503
-0.6606558719649911
-0.6626572708273135
-0.6665299597079866
-0.6678640900203457
-0.671264954842627
-0.6746185658965184
-0.6747136014280765
-0.677932702665809
-0.678551941339312
-0.6789071855645699
-0.6804365811071226
-0.6805331363780338
-0.6831235539478561
-0.6841748417848268
-0.6851416669253793
-0.6860997177980608
-0.6861798330727551
-0.687121044373877
-0.6872424209410652
-0.6881184285780364
-0.6886514230198892
-0.69006498797656
-0.6915337838232517
-0.6965497007544741
-0.6970044399349717
-0.7012964612311827
-0.7015934872615617
-0.7020491454095463
-0.7030443388968706
-0.704558895089172
-0.7081886430738046
-0.7094151143883837
-0.7101323343813419
-0.7128235120191955
-0.7168587958171534
-0.7187775820561342
-0.7201234835389186
-0.7211307456891518
-0.7213412510852019
-0.7226592854175788
-0.7230585109442472
-0.7238429639754551
-0.7258478509262204
-0.7261513579636812
-0.727204946987331
-0.7273440406742421
-0.7298657652922379
-0.7309925136715174
-0.7318293118271334
-0.7318389683729037
-0.7365401247516274
-0.738893024623394
-0.7393925366977543
-0.7398620227218738
-0.7406827894970774
-0.7416174509484866
-0.7428865776164457
-0.7432160730417569
-0.7435873492310444
-0.7441653107071033
-0.7454784234656654
-0.7475136322900653
-0.7477821235146962
-0.749510089642015
-0.7510650669227128
-0.7530526009255222
-0.7562324590981007
-0.7563315578736365
-0.7575230738148093
-0.7581899504289408
-0.7585773057391634
-0.759992822006877
-0.7657885181353145
-0.7660386978781649
-0.7672549779907109
-0.7731909479253873
-0.7788743147287857
-0.7790546454489231
-0.7853954587397831
-0.785858599236235
-0.7887546919115115
-0.7887985331850359
-0.7911623424384743
-0.7917126865274137
-0.7923269523712604
-0.7933501503284788
-0.7940490203909576
-0.7940822835304201
-0.7952487766742706
-0.7976288971706078
-0.7992600674740971
-0.7995900596407327
-0.8060348059584044
-0.806070470975505
-0.8080703437860522
-0.8105083395494148
-0.8118652478442527
-0.8132801633845601
-0.8141005482975743
-0.817894035442309
-0.8185257830514274
-0.8196152754535433
-0.8210879204330518
-0.821376148419014
-0.8237653263120592
-0.827288062001268
-0.8296176793587051
-0.8297494223807007
-0.8323616477145515
-0.8325126508716494
-0.8336285895966284
-0.8362875794326621
-0.8386024068231168
-0.840826969061579
-0.84256983328272
-0.8436599373817444
-0.844820645722476
-0.8477488990562657
-0.8586805692563454
-0.8589527664333582
-0.8608085997955641
-0.8611522019685557
-0.861565615090987
-0.8616690194273057
-0.8622214925926528
-0.8625128157436848
-0.8625975127021471
-0.8637862713076174
-0.8643801229191013
-0.8644505646079779
-0.8649474828089296
-0.8652219288051128
-0.8658925341442227
-0.8675979736837602
-0.8692561846692115
-0.869521985472602
-0.8722416967153549
-0.8755520215878884
-0.8756651878356934
-0.8810290966344916
-0.8847668130312942
-0.8855399720370769
-0.8897310669271974
-0.8910495638847351
-0.9001491364091635
-0.9093094757861562
-0.9102148967212997
-0.9108491197228432
-0.9139679416852339
-0.9151195434853434
-0.9173704485310736
-0.9222218774533618
-0.9283455729484558
-0.9368012795845667
-0.9415713593363761
-0.9433562836347846
-0.9436878399657351
-0.9451024553272873
-0.9466682169120759
-0.9501600148159923
-0.9522739934424559
-0.956134511800524
-0.9565234430874865
-0.9569780069141416
-0.9571118623550449
-0.9602099835562209
-0.9604600468077339
-0.9619468077085912
-0.9638094113740537
-0.9654623229405029
-0.9671278967020603
-0.9737647991627455
-0.9806199216594299
-0.9848563965409994
-0.9864527283768568
-0.9875787893931071
-0.9883723814818268
-0.989526483660134
-0.991747910156846
-0.9927485943771899
-0.9938930993899703
-0.9947141744196415
-1.0004938781261443
-1.004494597017765
-1.0098348219725495
-1.0115485886732738
-1.013511513049404
-1.0160500921257254
-1.0167491038176422
-1.0168287567794323
-1.0189688934791092
-1.0221465920069022
-1.023052210221067
-1.0238306291478996
-1.027848121585391
-1.0310467568693236
-1.0325056350557134
-1.0350639415264595
-1.0356059244700841
-1.0360794024712627
-1.0371296867728232
-1.0433264067241907
-1.0440793793823104
-1.0445130854845046
-1.047217719256878
-1.047948478840226
-1.0513901074106495
-1.054081956545512
-1.060168908509825
-1.0622432827949524
-1.0640915001609497
-1.0645475971784133
-1.0684548667864875
-1.0746846197871491
-1.0747812750651065
-1.0767794990291197
-1.0770185240544379
-1.0779456198215485
-1.0847433305898448
-1.0854518441483378
-1.091234041377902
-1.091677333189485
-1.0946141871172586
-1.0950384971996148
-1.0977044544415548
-1.098872378883243
-1.1197888632304966
-1.1252362284964572
-1.1298488314884405
-1.1300000130819778
-1.1335092522203922
-1.133541430139707
-1.139779497558872
-1.145635822787881
-1.1493008248507977
-1.151145650073886
-1.1513205990195274
-1.158079729355086
-1.1595209557563066
-1.1601362967242796
-1.165462404373102
-1.1669383952394128
-1.1890842244029045
-1.1969292890280485
-1.2296673009250298
-1.230521238271401
-1.2456230956720122
-1.2493800073862076
-1.2508251033723354
-1.2508825603872538
-1.258602038025856
-1.2652170572429895
-1.277088503042857
-1.2793728742748498
-1.2878042398806429
-1.288813211822084
-1.2981101745118697
-1.301672719083647
-1.3044127374887466
-1.310542696021333
-1.317222535610199
-1.322509488623057
-1.329141700019439
-1.3299014368094504
-1.338790874928236
-1.3443787745200098
-1.3533042781054974
-1.368689666191737
-1.3748875732223194
-1.3783265749613445
-1.3812558263540269
-1.392141729593277
-1.4191515096296956
-1.427907497227554
-1.4345367588102818
-1.4599484255886637
-1.4620751291513443
-1.4691668190062046
-1.4780961733777076
-1.4943557599249289
-1.4952092359308153
-1.5014957648236305
-1.5151139991357923
-1.5214481996372342
-1.544412410259247
-1.5547382193617523
-1.566403998244953
-1.5742767360061407
-1.5771193901697795
-1.6033755200915039
-1.611443607012916
-1.6123853536943595
-1.6161462664604187
-1.6168737684686978
-1.6910672737285495
-1.6918556491533916
-1.7039654126390815
-1.706009592115879
-1.7100834608078004
-1.749074748950079
-1.7612415949503581
-1.7719696462154388
-1.8257495146244764
-1.8435017466545105
-1.852379560470581
-1.8713404834270477
-1.8722230239460866
-1.8881763493021329
-1.9153817743062973
-2.0508331656455994
-2.055423082411289
-2.0914350748062134
-2.236742672324181
-2.3560687069354267
-2.3618390560150146
-2.3712555542588234
-2.415294331808885
-2.427794933319092
-2.498227337918555
-2.5034518241882324
-2.5267791179079118
-2.7620617151260376
-2.7698121070861816
-2.8809247834724374
-2.99465811252594
-3.0098260074058394
-3.0234585544094443
-3.1011404991149902
-3.1044580898160348
-3.1076674461364746
-3.2144293785095215
-3.220150101929903
-3.2688363790512085
-3.337515354156494
-3.43485613912344
-3.466646223886346
-3.473794460296631
-3.5787828211905435
-3.579737514257431
-3.5993777215480804
-3.626388907432556
-3.626426891423762
-3.640697130613262
-3.8172377347946167
-3.894502028822899
-3.911176562309265
-3.9151507510614465
-4.027788519859314
-4.057662753388286
-4.3296556367349694
-4.340713848061569
-4.349799767136574
-4.4555875062942505
-5.087795746318686
-5.124581033531285
-5.1429067850112915
-5.146801948547363
-5.2520341873168945
-5.358051638739805
-5.5112595851533115
-5.664406061172485
-6.765733957290649
-7.265162467956543
-7.558526992797852
-7.570985317230225
-9.549469947814941
-11.048347473144531
-11.103378295898438
-12.364233016967773
