-0.007199783547548577
-0.019592625554651022
-0.033378096763044596
-0.03357741655781865
-0.0389426575275138
-0.06269148411229253
-0.07187315014501412
-0.0832793383160606
-0.09598046327300835
-0.10304996205700769
-0.10480145942419768
-0.11938708461821079
-0.13491373622673564
-0.1399011299945414
-0.1454290407942608
-0.1606090624488636
-0.19341334268184646
-0.2020848772931808
-0.2059773158398457
-0.21735618238696286
-0.2305937229906895
-0.23413766734302044
-0.24668745247181506
-0.24773825155571103
-0.2509601131702463
-0.25393782431880635
-0.2569385119015351
-0.25783991831121966
-0.26047340730560553
-0.2620956324506551
-0.26429313900215284
-0.2701474705478176
-0.27071895034168847
-0.27101070900275576
-0.27199609903618693
-0.2720516050855319
-0.28757273009978235
-0.28836237359791994
-0.2895719153457321
-0.2900897264480591
-0.2916106189497643
-0.2982913310115691
-0.2984861924390619
-0.2988656305276111
-0.300874151624149
-0.3020441566623049
-0.3030689374233286
-0.30344805945642295
-0.3043581227269757
-0.3054777110616366
-0.30775943263239847
-0.30808508542499374
-0.30849413890391586
-0.30908897496944215
-0.3103757200193026
-0.3112852084827864
-0.31326144468039274
-0.3151457013412325
-0.31555392031077645
-0.3171613553745879
-0.3172349170781672
-0.32065629377861377
-0.3230224427718081
-0.32464970693108625
-0.3251147035068994
-0.3253498699690681
-0.3275804235919983
-0.3282579639595371
-0.329395236392604
-0.329503613851557
-0.32979229179545655
-0.3307045895246496
-0.33260546654855716
-0.3328773856904133
-0.3340295349739285
-0.33405635573269266
-0.3354767899856799
-0.3396520146925468
-0.34225139395857695
-0.3429985869443044
-0.3442408704548143
-0.34510492632286444
-0.34615689207313827
-0.3489083992317319
-0.3489799086544359
-0.35261764801855733
-0.35455446289011483
-0.35702011789544486
-0.3589751381382701
-0.3605167493224144
-0.3609460076938073
-0.3631276074394753
-0.363979488856987
-0.36460796195185846
-0.36545315171436715
-0.36706516195554284
-0.36749800174341846
-0.37126719272109093
-0.3713413533488555
-0.3724888804769892
-0.37490227576841684
-0.3766984115354717
-0.37717918244223775
-0.37740943861987303
-0.378976375123279
-0.3807490973713963
-0.38608895330689846
-0.3864799475297332
-0.387296008825863
-0.3894565196460462
-0.39001832070061937
-0.3906131468247622
-0.3927562244934961
-0.3955253980950349
-0.3987019659834914
-0.4006484403766485
-0.40654205210093
-0.40888488596482647
-0.40954455276951196
-0.4096229560818756
-0.41182414488866925
-0.4131356345989678
-0.41320622112188077
-0.41542288071650546
-0.4165313333893816
-0.41691061535051893
-0.4172053125745151
-0.41759614907205106
-0.41875415661423987
-0.42070391195981455
-0.4238335345742396
-0.42457013446255587
-0.42478103919919313
-0.42729966519400475
-0.42913079261779785
-0.42926779787521807
-0.4301337481738301
-0.4330367538809696
-0.4331902250210987
-0.4333692643687957
-0.43463514745235443
-0.43481286994938273
-0.435154273766481
-0.4364931099116802
-0.4365017473852883
-0.43666259706434274
-0.4378619126509875
-0.4382200494059362
-0.44271568361727986
-0.4464099991351499
-0.4521852677377562
-0.4523680832935497
-0.45341704164942104
-0.4537878554123877
-0.4538969098590314
-0.45498616465192754
-0.4550385910551995
-0.45623972523303347
-0.458160820962803
-0.4606638482849424
-0.46433839832686563
-0.46444628667086363
-0.46733559016138315
-0.4681307923048735
-0.47017099242657423
-0.4710076894883638
-0.4715623993958746
-0.47220556141110137
-0.4732591812033206
-0.4755913389381021
-0.4756048409534352
-0.4784600042272359
-0.4787165716406889
-0.483932115972857
-0.484227983513847
-0.4846661291318014
-0.4848103021271527
-0.4852720253402367
-0.4876945620169863
-0.48788785451324657
-0.4894941672682762
-0.49090942507609725
-0.4921493118080044
-0.49295444289843243
-0.4931856724433601
-0.4933538381010294
-0.4934660519162814
-0.494567147269845
-0.49557034519460536
-0.4982045680905382
-0.49821056264918295
-0.4985641933279112
-0.49881694587529635
-0.498818652290437
-0.4989495942912375
-0.49933494930987116
-0.5006863737507956
-0.5015575354336761
-0.5026473930209048
-0.5029384488973301
-0.5034809514647349
-0.5036079159006477
-0.5038017813219793
-0.5041994228959084
-0.506399666890502
-0.506655151772845
-0.5077541976497741
-0.5078162962687202
-0.5082587511424208
-0.5083414297114359
-0.5083936798619106
-0.5084152317140251
-0.5085721792032322
-0.5110728248125977
-0.5111619207180209
-0.5134283277827004
-0.5144192355995377
-0.5150181285571307
-0.5151280425052391
-0.5153803080320358
-0.5159216312548289
-0.5168831794419222
-0.5176297258585691
-0.5207093055162113
-0.5227974151726812
-0.5238166644425788
-0.5244434363755863
-0.5254923886516027
-0.5264090623008087
-0.5273292184062303
-0.5274177288170904
-0.529160429345211
-0.5293494727312853
-0.5295604365877807
-0.5302235252771061
-0.5360244793581924
-0.5363581830635666
-0.537522207479924
-0.5378280937671661
-0.5408949036500417
-0.5418982952833176
-0.5467934687621891
-0.5487153828144073
-0.548886366511902
-0.550275738351047
-0.5522828429405179
-0.5527160440235295
-0.5530396605841815
-0.5539688639756706
-0.5568097385694273
-0.5570725128054619
-0.5571341086179018
-0.5580872879509116
-0.5594963375478983
-0.559655282413587
-0.5602598221041262
-0.5610504010226578
-0.5610816730186343
-0.5619957026293767
-0.5627875835634768
-0.5631145724993465
-0.5652601110438505
-0.5674282255349681
-0.5674788102507591
-0.5685734143480659
-0.5710751360165887
-0.5711676268838346
-0.571992976590991
-0.573263086786028
-0.5734216165728867
-0.5749904273876122
-0.5813240725547075
-0.5842349736019969
-0.5878248611309876
-0.5881096579134464
-0.591611485183239
-0.5916525450302288
-0.5925236077047884
-0.5951733829764029
-0.5954435831268451
-0.5972816021660239
-0.60042630125665
-0.6012890056840011
-0.6016389855316707
-0.6018063200948139
-0.603946697851643
-0.6044402550905943
-0.6049678802490235
-0.6076442892663181
-0.6077402347698808
-0.6083432994782925
-0.6090228751094805
-0.6095800404436886
-0.6123902328739254
-0.6128926230594516
-0.6131937416891257
-0.615916169869403
-0.617261826642789
-0.6185162064619363
-0.6198864374309778
-0.6203568149358034
-0.6205756332026795
-0.6207278380669388
-0.6214794093476874
-0.6244601803898279
-0.624905196717009
-0.625012674058477
-0.6265329003334046
-0.6271945592015982
-0.629014702164568
-0.6301127504557371
-0.6306912864820333
-0.6318313789864382
-0.6338800184229123
-0.6370405734383634
-0.637271617888473
-0.6400691589806229
-0.6433564617505504
-0.6450634276028723
-0.6452325197557608
-0.6503594658825023
-0.6506401291117072
-0.6520644469186664
-0.6522195612390836
-0.6533400150947273
-0.6535862696036929
-0.653662642996226
-0.6545752047354149
-0.6553950509211669
-0.6559861049056053
-0.6576493494212627
-0.658587078563869
-0.6591126176839074
-0.6607000845833682
-0.6613358048101267
-0.6618553012609482
-0.6622123658657074
-0.6624422980472445
-0.6632740814904017
-0.6647993493825197
-0.6660744439810514
-0.6662545403620849
-0.6672278544089446
-0.6672456441576489
-0.6693689243402332
-0.6694593504071236
-0.6697822570800781
-0.6701327364891767
-0.6720578530337662
-0.6763668023981154
-0.6767261102795601
-0.677832591580227
-0.6855337083339691
-0.6887948219664395
-0.6888637899731597
-0.689014280680567
-0.6905749502059605
-0.6920008578703606
-0.693836672231555
-0.694150260965606
-0.6955930132470611
-0.6962672307156026
-0.6983456105226651
-0.7000198247842491
-0.7041328620165587
-0.7100390195846558
-0.7122629419551231
-0.7132506747439038
-0.714671325054951
-0.7151805106550455
-0.7155073294083455
-0.719395134326381
-0.7216729140636744
-0.7231600408558734
-0.7233373485505581
-0.7291652608662844
-0.7369146723940503
-0.7369298022822477
-0.7380178893605868
-0.7406515311449766
-0.7413488652557134
-0.7504778815847304
-0.7505021163960919
-0.7517304402620842
-0.7520837137009948
-0.7546778478426859
-0.7552947679715645
-0.7555660427931477
-0.760256519773975
-0.763595020212233
-0.7646763166800762
-0.7673987659654813
-0.7684990484267473
-0.7708831627193528
-0.773943513534808
-0.7783583424752578
-0.7800690141506493
-0.7813993428135291
-0.78148579545733
-0.7834764206781983
-0.7849200926721096
-0.7870567870494496
-0.7870629034703598
-0.7890347063803347
-0.7890438308939338
-0.7895031153224409
-0.7908112187578809
-0.8025151189649478
-0.8044962670654059
-0.8071293102111667
-0.8080932386219501
-0.8083674238166876
-0.8083688862518303
-0.8118303899769671
-0.8124317922878878
-0.8138734418898821
-0.8190685258305166
-0.8197578930994496
-0.8220934385433794
-0.835466188689073
-0.8391448327805847
-0.8410976754967123
-0.8420012359108243
-0.8443551994860172
-0.8447230584237592
-0.8451500446535647
-0.8501480569442114
-0.8516745277281318
-0.852859898270773
-0.8531128045171499
-0.8579179274383932
-0.8579275166615844
-0.8619195179780945
-0.8671270799823105
-0.8706108789358821
-0.8756304793447877
-0.8773116568724314
-0.8786893149837851
-0.8787346790943827
-0.885132057669883
-0.8970811566105112
-0.8984808877576143
-0.8989834244878564
-0.9075713974113265
-0.909608479278783
-0.9105586205712624
-0.9118188897458216
-0.9127491593826562
-0.913090938815003
-0.9133198565493027
-0.9205186407863428
-0.9294064946006984
-0.9322281756571361
-0.9323072017868981
-0.936133568524383
-0.9477660622602949
-0.9505209922790527
-0.9543212732921044
-0.95668726527947
-0.9642656606156379
-0.9661096043419093
-0.973276817239821
-0.9755077563847104
-0.976874016225338
-0.9827878375848135
-0.9898255694657564
-0.9943944625556469
-0.9945589043200016
-0.9991156021909168
-1.0007581777172163
-1.0040384009480476
-1.0084542266558856
-1.011623543431051
-1.0144926930467288
-1.0297822219630082
-1.0441666604951023
-1.0451286112268765
-1.0512835365176822
-1.056989448145032
-1.067753687190513
-1.0729284048235666
-1.0898333910852671
-1.1020366450150807
-1.1024247407913208
-1.1084576894839604
-1.116055789629172
-1.1192454162519425
-1.1219310444430448
-1.1366743026301265
-1.1385184565765991
-1.1464123671175912
-1.1634616081913312
-1.1761899140353005
-1.1880024274190266
-1.1932756503423054
-1.1939454656482364
-1.1956473082304
-1.2181542521963518
-1.2213814485585317
-1.228619329424368
-1.2297271504998206
-1.2382578977849334
-1.2722983044222929
-1.3132028015596526
-1.3356663947924972
-1.3430956240044907
-1.3432039400562643
-1.3821331728249788
-1.3854017734527588
-1.396493980428204
-1.4034451507031918
-1.4454454898834228
-1.4671580387512222
-1.46866307745222
-1.487723469734192
-1.5067990301176906
-1.5126355823304038
-1.520601898431778
-1.5851256443420425
-1.5881572126643733
-1.5935983888339251
-1.6088544577360153
-1.6548538021743298
-1.6593088201091934
-1.6637760736048222
-1.665580540895462
-1.6865934333764017
-1.7586113798121612
-1.7656417123507708
-1.7657940493275721
-1.7901906035840511
-1.821179496496916
-1.8537175117526203
-1.9230739694088697
-1.9538210416212678
-1.9785747130711873
-2.0774707922537345
-2.083342535266032
-2.086148881353438
-2.142490976024419
-2.236712315119803
-2.2748391224304214
-2.284100651741028
-2.301888569335764
-2.321465030312538
-2.3460720714356285
-2.4148035686618337
-2.4195711142383516
-2.424113407731056
-2.439219497842714
-2.458199380664155
-2.4654399944702163
-2.476882368326187
-2.4863113802081593
-2.5405096067115664
-2.562258243560791
-2.5870689090515953
-2.6430561542510986
-2.7056931550614536
-2.7229077285155654
-2.7243963181972504
-2.7664268016815186
-2.8217383495066315
-2.9526024863298517
-3.146345238405047
-3.207501789787784
-3.23845773935318
-3.2516158744692802
-3.2791714668273926
-3.383265972137451
-3.431719402986346
-3.553953230381012
-3.606384754180908
-3.7994437217712402
-3.912294387817383
-3.9338340759277344
-4.354825635906309
-4.4361797771416605
-4.914952278137207
-5.469155788421631
-5.944423675537109
-7.364026069641113
-8.143848419189453
-8.157878875732422
