-0.0013105990510666743
-0.003797018915065564
-0.0056097574706655
-0.005967495607910678
-0.007566363405203447
-0.01573195814853534
-0.016671911274897866
-0.01935146562755108
-0.030674172565340996
-0.04498556815087795
-0.05296852216124535
-0.05307184644819548
-0.05945067526772618
-0.07137945271097124
-0.07286001276224852
-0.0805027196998708
-0.09346900507807732
-0.09624897312702767
-0.0966382937385788
-0.1046006733449758
-0.10476053101592697
-0.10623597320227418
-0.11246969995166485
-0.11852444337758546
-0.12090591426628332
-0.12257911637425423
-0.12602465126999757
-0.1334201704843768
-0.1405320770572871
-0.14547062572091818
-0.1454796035374914
-0.14783549349522218
-0.1493835374712944
-0.1546050663552402
-0.16601193639507983
-0.17018344815975675
-0.17398398310303623
-0.19022713894290583
-0.1905762478709221
-0.19104123960714786
-0.19112461805343628
-0.19747749840219816
-0.20087574794888496
-0.2037850689763824
-0.2060149297467433
-0.21001421453547664
-0.21051431382268979
-0.21153688832418993
-0.21216112278125365
-0.21591395227837243
-0.21837762463837862
-0.22267376836362018
-0.2227100917189091
-0.22769621898769402
-0.2306694396039737
-0.23201319275216925
-0.2349397283862345
-0.23711669957265258
-0.23849526487174444
-0.23855473333969712
-0.24000210647604295
-0.24080730322748423
-0.24133711867034435
-0.24248671935250363
-0.24455575458705425
-0.24518767508561723
-0.2463564291311842
-0.24859355778608005
-0.2505288760876283
-0.25359615683555603
-0.25411440020234294
-0.2571293175997198
-0.26032697648915926
-0.2614571302741145
-0.26310033411977607
-0.26374591960484395
-0.2637841110782964
-0.2682067022746196
-0.2683507341585937
-0.269487210130319
-0.27088676432904324
-0.27114386118614675
-0.2723383229356841
-0.2726745416135638
-0.2743622865527868
-0.2749940074164543
-0.27566635608673096
-0.27646742314100264
-0.27652374327881263
-0.2766498515369389
-0.27750560616210956
-0.28020025519654157
-0.28242568778140204
-0.28431769101298415
-0.2866437281492316
-0.28965472597628833
-0.29112233439518603
-0.2927636883627308
-0.2941699561391336
-0.29445106361526996
-0.29794337479397653
-0.2990739026831256
-0.30037859622825636
-0.30041567768369404
-0.30071643508272244
-0.3010756841918919
-0.3015159620145563
-0.30262913437802225
-0.30432362016290426
-0.30461582558096517
-0.30512438155710697
-0.30639361913199537
-0.3069402291605781
-0.3074721248121932
-0.30879418707142275
-0.3111425226612482
-0.31140137782495003
-0.31170721473608864
-0.312196136417333
-0.31303886523366803
-0.31316199835418956
-0.31369909889811726
-0.3154209798872034
-0.3162359655480395
-0.32041432763799094
-0.3216980328186764
-0.3218369783494598
-0.3231309500406496
-0.3234427042329689
-0.3238624822348356
-0.3250667789638101
-0.3256388487511272
-0.3260976017219946
-0.32625523488760727
-0.3288808054199762
-0.32918742299079895
-0.32930551132853403
-0.33035361424741233
-0.3303684681836953
-0.33142884459486033
-0.33205279592423015
-0.3338585772567471
-0.33404341539634125
-0.33541498868144115
-0.33762255593991053
-0.3382395353546599
-0.33857283613340566
-0.33974627148321207
-0.3404311335013647
-0.34051773684662595
-0.34132516365498305
-0.3418323064688593
-0.3419105750217568
-0.34232640942597453
-0.3446897733881633
-0.345180390891619
-0.34534655360147115
-0.34591461016264347
-0.34655549444452
-0.34713634924264625
-0.3472393277370429
-0.3474430384646569
-0.3476308456447441
-0.3478970141467554
-0.34844504776992835
-0.3488973865605658
-0.34910683535013554
-0.3493466074105527
-0.3493656157515943
-0.3510221346962051
-0.3515718901856852
-0.3522390671027097
-0.3530565145847504
-0.35385832075417056
-0.3539070079159934
-0.35537045395800043
-0.3582959177770785
-0.3588315360248089
-0.3591488794813813
-0.35930199373524374
-0.35998045606538653
-0.36068774255857405
-0.36108232162854015
-0.36157340899302176
-0.3622151560913335
-0.3632857283438271
-0.3646827290082001
-0.3647733872154883
-0.36496675732944694
-0.36500271382101346
-0.36595790254796157
-0.36603350252283107
-0.3666703114286065
-0.36687070970074276
-0.3670112816616893
-0.36773788307349337
-0.36843692687115337
-0.3687382633409773
-0.36904809000043315
-0.37020650317135734
-0.3704897571085894
-0.370647728895872
-0.37071824207669124
-0.37113491195163484
-0.37134913937188685
-0.37203689845218835
-0.3723929864031056
-0.3726209376820407
-0.373056038881519
-0.3733280980261043
-0.37335335236437256
-0.37382939010987887
-0.37421728001500015
-0.37433218669830237
-0.37499876850883346
-0.3758904063773419
-0.37615674594417214
-0.3762477814702184
-0.37729184889394674
-0.3776125332165975
-0.37830036073683004
-0.37940169236972
-0.37971245852531865
-0.38072982989251614
-0.38119978844292746
-0.3826279051204705
-0.3826523770675218
-0.3831554574021341
-0.38515192704896134
-0.38533738179830834
-0.3855493277593268
-0.3860186740467294
-0.3867722688656714
-0.3868510705818023
-0.38804066386073827
-0.3883123673731461
-0.3888968856830616
-0.3892622302053496
-0.38947735940643685
-0.38952225039247423
-0.38974198338433375
-0.3900688510491616
-0.390156215197666
-0.3919120848950115
-0.39237471022035764
-0.3947905482600049
-0.39491521529853346
-0.3952149365601751
-0.3954380154144019
-0.3964178121066652
-0.3968054592399615
-0.39685753610036856
-0.39702225928037177
-0.3980384215101367
-0.39830851238803006
-0.39875944283703574
-0.39895696551320725
-0.3990663587464951
-0.3993679386173123
-0.39978401626770693
-0.3999615702778101
-0.40017636576473403
-0.40254850140031934
-0.40258857226217515
-0.4026447825950031
-0.4027024818850415
-0.4033136084675789
-0.4033396797502697
-0.40533518698066473
-0.4058218324956085
-0.4062754081179654
-0.40671972566633485
-0.40677760038104016
-0.40806821712017566
-0.4081120023074618
-0.4081313093213664
-0.4087397822411731
-0.4093489954640453
-0.40938366446789587
-0.40967265081902343
-0.41015582614550916
-0.4106548773389394
-0.41119966929060564
-0.4114350369685174
-0.4117671483436425
-0.41309597410834514
-0.4132737415226681
-0.4134972641331842
-0.4151447028416442
-0.41578079597093165
-0.41627533732389566
-0.416305740858661
-0.41643304871977305
-0.41677688108220534
-0.41683592825575033
-0.4172571529084558
-0.41769253343550694
-0.4182008984175304
-0.4186062260186705
-0.4196290882187895
-0.42016436146222985
-0.4203531869803555
-0.4207938983050149
-0.42091094786155736
-0.421701397000496
-0.4229652969283052
-0.4230434112250805
-0.42305504336254673
-0.4237369259748448
-0.42399174241290893
-0.42399400508212337
-0.4246721714735031
-0.42511053202906623
-0.42565284785167834
-0.4257454871613946
-0.42631910017225894
-0.42641942568921615
-0.4269423180254914
-0.42704773176875377
-0.42718747281469405
-0.4273746821896306
-0.428367865155451
-0.43025820929971004
-0.4310899663949385
-0.4311208551128705
-0.43131961873732505
-0.4321432759364446
-0.43253840780198516
-0.43306158857885746
-0.43347122202976607
-0.4339600204490125
-0.43443590210933636
-0.43496166666348773
-0.43504824629053473
-0.43560249730944633
-0.4362004806870656
-0.43666269853711126
-0.4377595530127615
-0.4388398885639617
-0.44003984824795384
-0.4411192372630467
-0.44162090416066346
-0.44256370687383295
-0.44364173154139686
-0.44407774445911247
-0.4454289029041926
-0.44552280036732556
-0.44592716125771403
-0.44616220872073126
-0.44687402041329605
-0.44735015109181403
-0.4474832293471991
-0.4478322430513799
-0.44787013899890316
-0.448042810872721
-0.44816508474676603
-0.4488160712644458
-0.4488246403634548
-0.44959955468457335
-0.4511887746242185
-0.4523884064074082
-0.4536275114165619
-0.4549792367821176
-0.4554462324013002
-0.45555780444992705
-0.4556009820662439
-0.45592198710073717
-0.4560876618488692
-0.4561955394003437
-0.45660094911145277
-0.45696179079823196
-0.4578059956722427
-0.4586982185865054
-0.4594729830111776
-0.4597183510195464
-0.46052298389258794
-0.46141325707139913
-0.4614310920587741
-0.4617001299435894
-0.46240419960425544
-0.46289870906621217
-0.46376906196625595
-0.46599949792855316
-0.4662468016451587
-0.4663924370688619
-0.46710779153675375
-0.4676292459364049
-0.47042621711734683
-0.47109147513401695
-0.47179984674585285
-0.4726799178336348
-0.47282852879725396
-0.47298079170286655
-0.4730427310802042
-0.47338978585321456
-0.47350868145003916
-0.4737734261646189
-0.47386303305393085
-0.475709301219987
-0.4763633321817906
-0.47841657074168326
-0.47895970444242647
-0.4790629518227231
-0.47932857637060805
-0.47968228002804714
-0.48105606886444247
-0.4811391856055707
-0.48136096690238145
-0.4823662108600339
-0.4826283149421215
-0.48301431940247613
-0.4838366865296848
-0.4845125262498956
-0.4853628713948031
-0.4858137565257493
-0.4865496285594418
-0.48712982042343356
-0.48770031797030244
-0.4888347696978599
-0.4895992204779759
-0.48985238031711
-0.49078678727382796
-0.490904726088047
-0.49109498830512166
-0.4913231862253724
-0.49298766255378723
-0.49335800591506995
-0.49413123341842685
-0.49439326298713804
-0.4949520556256175
-0.495009889672344
-0.49534626491458766
-0.4955430063302629
-0.49558119853082433
-0.4961309366626665
-0.4962522202249602
-0.49635265374349224
-0.49800493698830905
-0.49932652940042316
-0.5002929794638475
-0.5017054072755854
-0.5020784016281444
-0.502082469368664
-0.5029578432513517
-0.5037689035137495
-0.5044954245843526
-0.5046943128108978
-0.50478252934085
-0.5049956461604371
-0.5053105566041821
-0.5054132240125909
-0.5057916930980153
-0.5067121759057045
-0.506901319091412
-0.50701142194157
-0.5073557419840654
-0.5088459119142499
-0.5096449392537276
-0.5103346207825881
-0.5104900659727198
-0.5126824267281336
-0.5139701374407325
-0.5164081823080778
-0.5168392799740874
-0.5173261516860553
-0.5192407658169031
-0.5200387205307683
-0.5201237525790929
-0.520199181199132
-0.520499253179878
-0.5215626465009148
-0.5219022526451025
-0.5225271413967546
-0.5230801233206875
-0.5232489226048949
-0.5234340173192322
-0.5244087023311295
-0.5249519811218811
-0.5261019862567385
-0.5271874458820094
-0.5290628576444255
-0.5293545247974786
-0.5294338042270587
-0.5298937164221166
-0.5300263291638758
-0.5307135277867524
-0.531716410536319
-0.5321662574075162
-0.5323610593461328
-0.533190980926156
-0.5332880562969616
-0.5334605149000708
-0.533472818728428
-0.5362799548477467
-0.5371965203317813
-0.5378947171072165
-0.5380379216383315
-0.5382214793935418
-0.5382430119439959
-0.5385871675421691
-0.5393778919242322
-0.5395984361918332
-0.5406786784529686
-0.5434916402612414
-0.5436391041924556
-0.54429088987672
-0.5448124907545409
-0.5455619898683735
-0.5466805726816043
-0.5468088178708318
-0.5496294728592537
-0.5499062578426674
-0.5503359316951699
-0.5520851649074757
-0.5524073326960206
-0.552492980638312
-0.5539704759398268
-0.5547670888045104
-0.5548409568081196
-0.5553643490808705
-0.555414853990078
-0.5559275838546455
-0.5570226681884378
-0.5572302913205931
-0.5572484757285565
-0.5574249472313871
-0.5579803041182458
-0.5582766764176389
-0.5584117196683239
-0.5588731865088145
-0.5590077354152325
-0.5599159116723708
-0.5599805605969677
-0.5599888615648855
-0.5605805025746425
-0.561328815529123
-0.5619547302601859
-0.5620139447040856
-0.5626287752363298
-0.5627070618793368
-0.5630416149972006
-0.5630531454458833
-0.5631246079497941
-0.564571384806186
-0.5647326642647386
-0.565116293883572
-0.5660486867030462
-0.5664498698743046
-0.5665271510370076
-0.5671060744673013
-0.5683116855099797
-0.5692027345972343
-0.5692037236876786
-0.5701346135964351
-0.570892433118489
-0.5718485776447374
-0.5719899400486611
-0.5729873074432315
-0.573064720210823
-0.574798183554473
-0.576335277440866
-0.5773629002611745
-0.577495979424566
-0.57890264953312
-0.5796388713448929
-0.5802062920301978
-0.5817748140543699
-0.5820431904867291
-0.5825167356358308
-0.5831469860859215
-0.5834406903013587
-0.5842877164896991
-0.5847242262636427
-0.5854943460290087
-0.5856414240940163
-0.5868694974342361
-0.5876785088396846
-0.5879612777692577
-0.5884522691369056
-0.5886730717288123
-0.5888108293353677
-0.5889715731609613
-0.58987151151523
-0.5900392793784184
-0.59114093791383
-0.5911748845130205
-0.5918727263682134
-0.592238062992692
-0.5925471849207368
-0.5929761295847129
-0.5934930149465799
-0.5938043830812805
-0.5954526155837812
-0.5958125439938158
-0.5963136707349415
-0.5966021463274955
-0.5976186444750056
-0.5983424381095878
-0.5999699467065511
-0.600475077633746
-0.6030792544285456
-0.6032807802694151
-0.6036200907805728
-0.6036432888358831
-0.6039669714712849
-0.6044590178477977
-0.6047341192315798
-0.6048775513966879
-0.6051332900145402
-0.6055376889707986
-0.6085222430992872
-0.6087067028973252
-0.6088742391272847
-0.6089411381632089
-0.6090669280383736
-0.6093770064144337
-0.6098364426676804
-0.6107550821470795
-0.6121265982394106
-0.6121657533415904
-0.6176850972697139
-0.6177524402737617
-0.6192006077423381
-0.6203119347420787
-0.622521293364116
-0.6238507709325253
-0.624120403919369
-0.6265244814567268
-0.626634552453955
-0.6272644475102425
-0.6281167924404144
-0.6299896088894457
-0.6333967628223556
-0.6336361004246606
-0.6344682919213179
-0.636982489406364
-0.6378591330721974
-0.6382664995443894
-0.6392473889780896
-0.6406990312039852
-0.6420126653143338
-0.6421826252979892
-0.642294076138309
-0.644658081419766
-0.6455449971059958
-0.6480841654120013
-0.648678583758218
-0.6537396692567401
-0.654206120595336
-0.6549177467823029
-0.655051005538553
-0.6557043859735131
-0.6567518689359227
-0.6568588078435924
-0.6569537028670311
-0.6604450598311814
-0.6605090585847696
-0.6630108793162637
-0.6661861582348744
-0.6662175669625867
-0.6675442636478692
-0.6675874539359938
-0.6680774440368017
-0.6690508415922523
-0.6715076909807977
-0.6725615554799637
-0.6730512421345338
-0.6747718136757612
-0.6760943159461021
-0.6761688785627484
-0.6772419879562221
-0.6775311094243079
-0.6781875975430012
-0.6824041353538632
-0.6835684833786217
-0.6838640686124563
-0.6840443497834107
-0.6844688087803661
-0.6856725858524442
-0.6859241265803575
-0.6862347670830786
-0.6883448899413148
-0.6895338127009488
-0.6907033757971865
-0.6925163835287094
-0.6928654637719903
-0.6929671703837812
-0.6941618071092913
-0.6953185669165881
-0.6972291690297425
-0.6986550621688365
-0.6988257882883773
-0.7005393481813371
-0.7007137443870306
-0.7031552534964349
-0.7033392749726772
-0.7034708652936388
-0.7067525579164234
-0.7113957068262001
-0.7127929322421551
-0.7141822092235088
-0.7151132009457797
-0.7158677712082863
-0.7159636132419109
-0.7165670016664081
-0.716931510786526
-0.7170500950887799
-0.7172458323517016
-0.7204619463134024
-0.7214328774018213
-0.7238680782320444
-0.7242707984754816
-0.7242741106078029
-0.7255418545433453
-0.7261328008025885
-0.7278745356533263
-0.7315111747011542
-0.7339896140620112
-0.7341867789727985
-0.7353316936641932
-0.7361029898282141
-0.7403381079435348
-0.7418464124202728
-0.7439094260334969
-0.7467796283308417
-0.7469938425347209
-0.7482484206993831
-0.7497701004737921
-0.7502464736462571
-0.7516961642249953
-0.7547001386992633
-0.7562611264487108
-0.7620160095393658
-0.7625857641299566
-0.7645709229012331
-0.764842050416129
-0.768005126906145
-0.7681965472540468
-0.7710730725957546
-0.7752931804861873
-0.776410837036868
-0.777379400562495
-0.7781383047501246
-0.7804282516008243
-0.7873535193502903
-0.789816749665988
-0.7914587580307852
-0.793093223090788
-0.7935543549247086
-0.793705298432282
-0.7948196403682232
-0.7951273517683148
-0.7956814478550639
-0.7996856559600148
-0.7996997814625502
-0.802276760712266
-0.8028721288777888
-0.8077643462456763
-0.8099343896901701
-0.8112574023479182
-0.8125697622696558
-0.8171992900445022
-0.8198693741869647
-0.8203762823832221
-0.8204218903556466
-0.8205698585758606
-0.8207487314939499
-0.8212525392882526
-0.8227278708751934
-0.8230193206109107
-0.8260320071130991
-0.8293471042066812
-0.8299101660959423
-0.8308531164269274
-0.8340702694840729
-0.834078362584114
-0.836423228494823
-0.837237854488194
-0.8378408749898275
-0.8419780224561692
-0.8425333419814706
-0.8468308920661608
-0.8492689416161738
-0.851219654083252
-0.8522239197045565
-0.8607944238465279
-0.8634823209916552
-0.8636662624776363
-0.8644706805547079
-0.8678187166473695
-0.8690973427146673
-0.877512710983865
-0.8776766220107675
-0.8837014343589544
-0.8838468465954066
-0.8855311200022697
-0.8865954271168448
-0.88766281803449
-0.8944937027990818
-0.8955113052856177
-0.8961322394898161
-0.8980712722986937
-0.8989045590162277
-0.9002560554072261
-0.9004160016775131
-0.9010549008846283
-0.9030154100619256
-0.9035772299394011
-0.9058107829963168
-0.9068714343011379
-0.9143531317822635
-0.9157447218894958
-0.9181698014338812
-0.9209712371230125
-0.9240863882005215
-0.9287211708724499
-0.9288107473403215
-0.9292644113302231
-0.9296501483768225
-0.9313044846057892
-0.9315937384963036
-0.9330822136253119
-0.9354795425351767
-0.9394257270323578
-0.9403761227925619
-0.942279358394444
-0.9435128480195999
-0.9439980635652319
-0.9495523571968079
-0.9545515576998392
-0.9673439171165228
-0.9674674705020152
-0.9739263941592071
-0.9761127196252346
-0.9779097652062774
-0.9805618822574615
-0.9845750681124628
-0.9852791079028975
-0.9899072547753652
-0.9963552780449391
-0.9976447173394263
-0.9991866648197174
-1.0028841892878215
-1.0146731585264206
-1.0149757613738377
-1.0159981520700967
-1.016156479716301
-1.01850163936615
-1.0229413472115993
-1.0294108130037785
-1.0363411521539092
-1.0380786259969075
-1.039443323854357
-1.0409260192885994
-1.0438139787875116
-1.0506722396239638
-1.0570657216012478
-1.057104979455471
-1.0624951074132696
-1.063277597015258
-1.070583035548528
-1.074506829182307
-1.0846401154994965
-1.0849584160372614
-1.0873401015996933
-1.0889469219982857
-1.1028294749557972
-1.1177862830809318
-1.1223261756822467
-1.127643020823598
-1.129318442195654
-1.1335197096923366
-1.1357289589941502
-1.1432962336887915
-1.1446803311506908
-1.1465165172703564
-1.1588684659451247
-1.1595687468846638
-1.1659558564424515
-1.180150493979454
-1.185993356630206
-1.1956870490685105
-1.197665919860204
-1.2025934495031834
-1.2028691691036026
-1.2058264861116186
-1.210379555200537
-1.2132960955301921
-1.21416474878788
-1.2247386227051418
-1.225817108526826
-1.232639045927499
-1.2331530256196856
-1.234880658487479
-1.252631712704897
-1.256855179866155
-1.2723140202462673
-1.275979369878769
-1.3006632506847382
-1.3102190333108108
-1.3217221200466156
-1.3239381089806557
-1.354395244891445
-1.3596377621094387
-1.3645431911572814
-1.3648152923211456
-1.3670110168866814
-1.3775816448032856
-1.3852189728058875
-1.4113872945308685
-1.4156673314670722
-1.4230769872665405
-1.4312421311624348
-1.442305655994763
-1.449070488102734
-1.4512296040775254
-1.451881298981607
-1.4586733158212155
-1.4754438598950703
-1.4822957642754773
-1.484252892434597
-1.505522803713878
-1.5322186881676316
-1.536541424691677
-1.543856743723154
-1.5464446519811947
-1.5715432488941588
-1.5802241675555706
-1.5818856021214742
-1.601967990398407
-1.6122213516112727
-1.6212431569583714
-1.6218873188481666
-1.6272570006549358
-1.6286939084529877
-1.6452773331354063
-1.655393173918128
-1.6798291405042012
-1.6827050559222698
-1.6924091689288616
-1.6993109285831451
-1.7000713113811798
-1.7449690848588943
-1.7663839883171022
-1.805845532566309
-1.8065006453543901
-1.809824025258422
-1.8147862452703218
-1.8388892645016313
-1.8394279964268208
-1.841978581622243
-1.866668352857232
-1.898051381111145
-1.9118392386784155
-1.9852834939956665
-1.9891163408756256
-1.9924231864861213
-1.9984304596825193
-2.045472939731553
-2.0542459785938263
-2.0562193560278197
-2.0634938962757587
-2.078377208827684
-2.1377496651839465
-2.144096463918686
-2.165240153670311
-2.1713881967783286
-2.2643200600674995
-2.2782739590038545
-2.287113308906555
-2.321202046237886
-2.3538003113499144
-2.3543975797947496
-2.389516018331051
-2.4100975072942674
-2.4215247593820095
-2.5181069783866405
-2.559679290279746
-2.600863665342331
-2.6342546939849854
-2.6923282722345903
-2.695833206176758
-2.7288961932063103
-2.7710633277893066
-2.944768700748682
-3.0366941168904305
-3.04539954662323
-3.09784235060215
-3.31496251601493
-3.3473855354241095
-3.3546500452794135
-3.508930242169299
-3.510117498226464
-4.093583619702258
-4.16133451461792
-4.261634111404419
-4.482842981815338
-4.815415979130194
-4.978716576151783
-5.323639989597723
