-0.0055510420352220535
-0.03022464143577963
-0.03231976710958406
-0.034776914049871266
-0.04182470589876175
-0.05582582205533981
-0.07656654186066589
-0.07747953569300339
-0.08384688477963209
-0.08725905586034059
-0.1060846047475934
-0.11406861323242386
-0.11446521058678627
-0.13128863299789373
-0.14415634889155626
-0.15904146854882129
-0.16156310588121414
-0.16345096303120954
-0.17253510068985634
-0.17268414236605167
-0.18312258250807645
-0.19065159356978256
-0.21002811565995216
-0.2140154354274273
-0.22268269903725013
-0.2237239715953668
-0.24393023963202723
-0.263754994381452
-0.26414893398759887
-0.27532844493786496
-0.27725827337708325
-0.29866155811275047
-0.314166549194072
-0.32314802194499254
-0.3246955935444151
-0.33031674810788697
-0.33579458319582045
-0.34488593094574754
-0.34755630893050693
-0.3521047751419246
-0.35669005527678466
-0.35962644266952076
-0.3667775573267136
-0.3768922028131783
-0.383285004645586
-0.3836781911086291
-0.39332333510756146
-0.3941965236638983
-0.39662302026990803
-0.3979811750145422
-0.40142326057539324
-0.4044355843964565
-0.40537433094707215
-0.4112106342567131
-0.412242118109134
-0.41339440037624847
-0.41543392272433266
-0.41823566965952824
-0.421653164390591
-0.42212900817394255
-0.42302388632670046
-0.42443392431596294
-0.4260183998073141
-0.4273930225411759
-0.42755471693817526
-0.4281922587418064
-0.4323415520484559
-0.4335469906936851
-0.43513869986636566
-0.4352256986690918
-0.4356601936863093
-0.4364512977423146
-0.43760391864161646
-0.43797131484388957
-0.4387873697909527
-0.4390110745249937
-0.44022816377691926
-0.4412359035147044
-0.44446908001048974
-0.44742630667072564
-0.4506636694073677
-0.45165639536248314
-0.45175646950045356
-0.45373986288905144
-0.4565783828480302
-0.45839312680713507
-0.45899073038758204
-0.46127449099149087
-0.4640516823468109
-0.4647552341402843
-0.4711848497390747
-0.47168282710481435
-0.47380262944433427
-0.47797351381536024
-0.4784752650658548
-0.4787559966556728
-0.4790270992089063
-0.48052839909488443
-0.48113488487918704
-0.481691161316121
-0.4821923327399418
-0.48338876804336905
-0.4845366269873921
-0.4876395557133947
-0.4922007421652476
-0.49390545004046416
-0.49440112352167487
-0.498730485100532
-0.5002773204995763
-0.5062143109040335
-0.5064647519029677
-0.508978976123035
-0.5091324535760042
-0.5096192339949898
-0.5105997061994123
-0.5107778710468361
-0.5121832120588378
-0.5154921395905231
-0.5155619021505118
-0.5182932008756325
-0.5192411348107271
-0.5196075742344626
-0.5196707181166857
-0.519718157726207
-0.5197318742672602
-0.520492951075236
-0.522590379944692
-0.5229247770981774
-0.5240284341736696
-0.5240305252722465
-0.5242010862695881
-0.5242030567460461
-0.5245244084258697
-0.5248292646878823
-0.5262850320277115
-0.5268512007314712
-0.5275619866850321
-0.5280615921531405
-0.5309202548116445
-0.5316561268908637
-0.5321058402041672
-0.5321614211774431
-0.5329334097914398
-0.5340733912997637
-0.5356497776228935
-0.535854586005573
-0.5359464948996902
-0.5379305526585085
-0.5380605788280567
-0.5381991390138865
-0.5382423980881867
-0.5411251903278753
-0.5417463445453905
-0.5418552537739743
-0.5420141785871238
-0.5459104253271411
-0.5466480523289647
-0.5481377296149731
-0.5488980544731021
-0.5491645479381987
-0.5498403902165592
-0.5508452882724149
-0.5533694793353788
-0.5539393492043019
-0.5562814876146149
-0.5592635199427605
-0.5597044847506497
-0.5597894489765167
-0.5620348901221794
-0.5633696543820271
-0.5634808004646662
-0.5651551075279713
-0.5667582110173124
-0.5668743083056492
-0.5671631362420158
-0.5673402274399996
-0.5676602226578527
-0.5703507517464459
-0.5715771179446685
-0.5720560760004446
-0.5724211965687573
-0.5726828534970991
-0.5732156896689654
-0.5738028357503936
-0.5745187633936959
-0.5758585544837708
-0.576530733352734
-0.5786505514822368
-0.5790991021320224
-0.5793753613950685
-0.5797227081377059
-0.5804434182452193
-0.5815172190914917
-0.5819451898336411
-0.5830774892820045
-0.5854361054487527
-0.5855332870474633
-0.585542687214911
-0.5893664390646985
-0.5913326632516045
-0.5927613117964938
-0.5933774565346539
-0.5961260720747911
-0.5965756102581509
-0.5971770932831403
-0.5989431492551895
-0.5998954639237907
-0.6009742993628606
-0.6049521751701832
-0.605554359901968
-0.6076156212858712
-0.6088404776029555
-0.6089534120925236
-0.6112226770880321
-0.6118066293711308
-0.6124598061433062
-0.6126469166742431
-0.613425621308852
-0.614014006095628
-0.6157642647003134
-0.6159387931424695
-0.6178550379816443
-0.6213462457526475
-0.6232428793670036
-0.6235326834204089
-0.6247611215471157
-0.6252327493391932
-0.6254803816555068
-0.6275797123744269
-0.6292450271357666
-0.6340321584139019
-0.6354424451167385
-0.6360967179076397
-0.6425769948982634
-0.6432177256618161
-0.6440870401759943
-0.6474747359752655
-0.6487778888808357
-0.649388544116664
-0.6500830530421808
-0.650136934358064
-0.6506579518835578
-0.6511979770979711
-0.6561198284228643
-0.6575711881159805
-0.657804171735188
-0.6592547475825995
-0.660699262082926
-0.6615392138657625
-0.6661738514900207
-0.6666308671236039
-0.671519188748789
-0.6719717004646858
-0.6774547500535846
-0.6844183535528524
-0.6844740015803836
-0.684531161891573
-0.6846442457288504
-0.6867456540931016
-0.6875854125246406
-0.688028075794379
-0.6888527184724808
-0.6892569371149875
-0.6934831499432524
-0.694733234718442
-0.6949529320001602
-0.6950500951847062
-0.6958513137004856
-0.7023071499306752
-0.7024268222351869
-0.7034650444984436
-0.7037959220586345
-0.7064967811340466
-0.708399573341012
-0.7090779196587391
-0.7091742769989651
-0.7093282332643867
-0.7113391956728365
-0.7131867067267498
-0.7136674986073845
-0.7157791678560897
-0.7172980166971683
-0.7180310257891607
-0.7187789682919781
-0.7198637013271865
-0.7214561262866482
-0.7221408226760104
-0.7228029670326838
-0.7250325977802277
-0.7262672132679394
-0.7262730161374849
-0.7281433906406164
-0.7310209966963157
-0.7321255858405493
-0.7327804483922793
-0.7367368894130257
-0.7378849733620882
-0.7394774027168751
-0.7404300870985026
-0.7405502474364312
-0.742191054392606
-0.7445737280033748
-0.7450227059889585
-0.7468715306371451
-0.7470156557261362
-0.7495345515664666
-0.7520982474088669
-0.7521490384460776
-0.7524334390958151
-0.7536445956470238
-0.7540772295006636
-0.7544858474543111
-0.7552006861830401
-0.7553099333049936
-0.7562914618989452
-0.7573953075399105
-0.7576154731214046
-0.7598305617326072
-0.7604197485664675
-0.7611694949177595
-0.7618436452716456
-0.7634686827659607
-0.7640705232042819
-0.7686041180975736
-0.771059617283754
-0.7736746541534861
-0.7767422195110056
-0.7783026396193438
-0.7787351221952121
-0.779158374411054
-0.7803229885641485
-0.7807108830485958
-0.7834519887343049
-0.7842844031178035
-0.7844037897884846
-0.7890548892319202
-0.7911666594445705
-0.7991154309362173
-0.7991927942348411
-0.8057043342333701
-0.8063201267893115
-0.8069072608034022
-0.807464878243627
-0.8082135573236479
-0.8091849494311545
-0.8116938648036012
-0.8125391339417547
-0.8136642903264146
-0.8137481345588135
-0.8165353344391204
-0.8169211129707037
-0.8178889267146587
-0.8239212344633415
-0.8242982905600608
-0.8281411856412888
-0.8287445052733852
-0.8311419721692801
-0.8353533446788788
-0.8423729367454403
-0.8476086317742657
-0.8484740126878023
-0.8500914378091693
-0.8546721030558858
-0.8553041460108943
-0.8608245904453926
-0.8611674888525158
-0.8631507362611046
-0.8646010613447288
-0.8664671741425991
-0.8670594191371492
-0.8675454015145079
-0.875528430333361
-0.8760568972676992
-0.8774485494941473
-0.8818210822563353
-0.8843288424291781
-0.8880852696796259
-0.8903831865638494
-0.8939683318138123
-0.8967459078878164
-0.9020032528787851
-0.9021751030564441
-0.9043446397408843
-0.9047598424949683
-0.9092957857064903
-0.910339780151844
-0.9119145024799056
-0.9131891044435179
-0.9137940386620661
-0.9143652389757335
-0.9149676101240201
-0.9161613235870997
-0.9165778393580695
-0.9181362589200338
-0.9186468192409458
-0.9229692742228508
-0.9259970784187317
-0.9264886374003254
-0.9281190245591071
-0.9287084937095642
-0.9293592618079856
-0.9313053376972675
-0.9322100182871509
-0.9347517464309931
-0.9381645611512275
-0.9386280755561529
-0.954138629254885
-0.9544142728991574
-0.9544823246542364
-0.9561034509533783
-0.9571734835499228
-0.9586062096059322
-0.9591437603036562
-0.9601889010518789
-0.9613951346836984
-0.9628735788476964
-0.9704146331974438
-0.9720010078356912
-0.9740282449177661
-0.9751721056444305
-0.9831279404461384
-0.9875303984154016
-0.9877942167804576
-0.9886479721161388
-0.991115279175574
-0.993476737730412
-1.0073337950628531
-1.0077534486836157
-1.0199805508609643
-1.022875800728798
-1.0232910992843764
-1.0261435750871897
-1.0281450083213193
-1.0322352792718448
-1.0329172742785886
-1.0335349068045616
-1.0343011518319447
-1.037801637838129
-1.044902816414833
-1.0459163676132448
-1.0461688302457333
-1.0508437252919975
-1.051721220569951
-1.05191193228691
-1.0579144582152367
-1.0617157103759902
-1.0659320279955864
-1.0663580243068282
-1.067227370504822
-1.0676985383033752
-1.0732880350468414
-1.0771463753189892
-1.0811269690515473
-1.084679227189294
-1.0853917084944744
-1.088709666560005
-1.0912409126758575
-1.092094175517559
-1.0997381604143552
-1.1000476134177006
-1.1004616800346412
-1.1037671193480492
-1.1041391665736835
-1.1052156831719913
-1.1093865797988005
-1.1135906090028584
-1.1149841995456882
-1.119489673525095
-1.122550285498922
-1.1235214988701046
-1.1276188984823723
-1.128748232324142
-1.1319464922028903
-1.1351890571628853
-1.1357954733073712
-1.1435528720418613
-1.1459798614184062
-1.1463531690429332
-1.146501992236484
-1.1471000760793686
-1.147418599442712
-1.1492426577715378
-1.1494777761399746
-1.1501739228313619
-1.156830150384589
-1.1588588205299206
-1.161082749813795
-1.1612559964705724
-1.1642269283533095
-1.1679277633083984
-1.1726392544806004
-1.1750136017799377
-1.1782553034524124
-1.1816609546852608
-1.1846372327552392
-1.1915458738803864
-1.1926655396819115
-1.192969180070437
-1.2062357386651759
-1.2066901046782732
-1.2115336717771632
-1.216432362794876
-1.2168217500050862
-1.2200903805399623
-1.2216210961341858
-1.224423486366868
-1.2250714525580406
-1.2261392436921597
-1.228749480843544
-1.228775653988123
-1.2303009356505104
-1.2343721017241478
-1.2452340424060822
-1.2574538042147954
-1.2619539496893897
-1.2620851397514343
-1.2640436291694641
-1.2672642807010561
-1.271803773008287
-1.273976531624794
-1.2748895585536957
-1.2749655582010746
-1.2780371109644573
-1.2858294144272804
-1.2935900911688805
-1.298627885679404
-1.2987825373808544
-1.3009357539316018
-1.302123927026211
-1.3048668503761292
-1.3098021056503057
-1.3171310275793076
-1.3247631598884861
-1.326387457549572
-1.3454817510209978
-1.3457027077674866
-1.356325089931488
-1.3620836958289146
-1.370592474937439
-1.379667802946642
-1.3812412296732266
-1.3871502056717873
-1.3964978243845205
-1.4019600559646885
-1.4058527797460556
-1.4060915638692677
-1.4067559986724518
-1.41541907617024
-1.4229643146197002
-1.4318824921335493
-1.4343569874763489
-1.4436635579525803
-1.4473099373281002
-1.4474770550926526
-1.4492836955469102
-1.449765145778656
-1.4508114457130432
-1.460330587811768
-1.4749618470668793
-1.4851336528857548
-1.5015621781349182
-1.5020751357078552
-1.518391938880086
-1.519417655467987
-1.530691534280777
-1.5345805436372757
-1.5548812597990036
-1.6130868308246136
-1.653017170727253
-1.6625839263045539
-1.6824511289596558
-1.7045512712405373
-1.72464257478714
-1.7381452520688374
-1.739207349717617
-1.758153230107079
-1.7670188546180725
-1.781381841482289
-1.7937401235103607
-1.8169223554432392
-1.8634296655654907
-1.876692825074618
-1.890920127183199
-1.9054547677947995
-1.9180114815632503
-1.924981713294983
-1.9379737749695778
-1.971400126349181
-2.030870199203491
-2.033303380012512
-2.042469871044159
-2.052136918219427
-2.058973044157028
-2.061045229434967
-2.082232683082111
-2.115720676879088
-2.1158427298069
-2.136139616370201
-2.1373827072481313
-2.1402765214443207
-2.1639631763100624
-2.1658619488589466
-2.1664794981479645
-2.2812994718551636
-2.3375061724334953
-2.372209057211876
-2.3951940201222897
-2.428504966199398
-2.446342498064041
-2.4813504815101624
-2.5191919803619385
-2.523669481277466
-2.5768545493483543
-2.605199795216322
-2.6261378824710846
-2.641274660010822
-2.682719886302948
-2.7154461795726093
-2.789675984531641
-2.9157357613245645
-2.9205119885737076
-2.9250460155308247
-3.1037282943725586
-3.210114926099777
-3.369941234588623
-3.3932752460241318
-3.3979824259877205
-3.417141861321094
-3.489373207092285
-3.7252156138420105
-4.149953484535217
-4.169519782066345
-5.439501762390137
-6.758389949798584
-6.801132678985596
-7.946990489959717
-8.15528130531311
-8.650153160095215
-9.14571762084961
-9.586281776428223
