-0.0009943069890141487
-0.028282502200454473
-0.13058600947260857
-0.14326972253620623
-0.16280363017503988
-0.18485217913985252
-0.18735469062812626
-0.2017814055318013
-0.25584831399222213
-0.28256135903066026
-0.3185156029531072
-0.32276746657277855
-0.3227954825037159
-0.3289762740605511
-0.3292629146017134
-0.3306512787239626
-0.3318362956866622
-0.33465878874994814
-0.34670695108878946
-0.3512983097850035
-0.3517210637586878
-0.35215527063119223
-0.35367542189884593
-0.36024602307588793
-0.3632533004274592
-0.36530262627638876
-0.3675540667027235
-0.3682369958609343
-0.369905278896508
-0.3708212257091266
-0.37140146311786437
-0.37801738814838853
-0.38033826632373446
-0.3822415769100189
-0.3841386152780615
-0.384483982241996
-0.3859573884043269
-0.3869054637325462
-0.3869684863020666
-0.3871605406748131
-0.38724562966187176
-0.3901754195103422
-0.39097143765860076
-0.3921515441033989
-0.3924453427363187
-0.39358199887316336
-0.39591216258704665
-0.39790780041366813
-0.3986594194856783
-0.39957363149151204
-0.40111052279826254
-0.4057883038495978
-0.40877455422887576
-0.4091054712229505
-0.4129683165008138
-0.4148126147221774
-0.4148794323671609
-0.4148831128009728
-0.41841431858067935
-0.4209347273749502
-0.4217328812509518
-0.4218392295555936
-0.422210795187857
-0.4243988405048315
-0.4244942262718853
-0.4246672083224569
-0.4258483361452818
-0.4271890079896701
-0.42809721920639277
-0.43026668174813193
-0.43052675920937744
-0.4311590283522727
-0.43171188734205707
-0.4355931741495927
-0.43624323918484154
-0.4374851689984401
-0.44562625931575894
-0.4473721295861261
-0.45119193112865713
-0.45145665750735336
-0.4515326927519507
-0.45584029285237193
-0.45809644291512086
-0.4587448996802171
-0.4608728682378569
-0.46452094671419925
-0.46823382978232075
-0.47100643285860616
-0.4739121849545174
-0.47548115926866347
-0.47640351474983617
-0.47685031647173065
-0.47824692935682833
-0.47986501175910234
-0.49112958387870875
-0.4961417494341731
-0.4973015776340617
-0.5025271490812884
-0.5062716213287786
-0.5065002425108105
-0.5079991727446517
-0.5144325791356655
-0.5163194291731891
-0.517518255419418
-0.5190439717830486
-0.5195864845688144
-0.5241137286648154
-0.5259003293514252
-0.5261783034333752
-0.5263828524621204
-0.5267942170886433
-0.5311666087557873
-0.53130617757727
-0.5339678663424112
-0.5352925899787806
-0.5408640882372856
-0.5430717941148785
-0.5466110047148808
-0.5467853471054696
-0.5477136289991904
-0.5485140506178141
-0.5508404228563045
-0.5513530962169171
-0.5513690598207809
-0.5521510374318395
-0.5521669572684914
-0.5562587201595306
-0.5585188095103062
-0.5598351878716665
-0.5631974666379392
-0.565146415390902
-0.5671259597267794
-0.5676139570772648
-0.5679545592339266
-0.570990169653669
-0.5710550975054502
-0.5736609222658444
-0.5741604384966195
-0.5747071411460638
-0.5760192760369844
-0.5768178488231368
-0.5768445015160574
-0.5769783473677106
-0.5789065745426342
-0.5796907891829809
-0.5814482328295708
-0.5837787795397971
-0.5839132015127688
-0.5855596238798171
-0.5862960388185456
-0.5866756033418434
-0.5896433354743446
-0.5938667261174747
-0.5940128648653626
-0.5973304213723167
-0.5994510307209566
-0.6012864156759211
-0.605514524911996
-0.6061223664213545
-0.6109298546977627
-0.6128743755466798
-0.6146132722031326
-0.6206134541093239
-0.6207898407279012
-0.6231884323504
-0.6249320839664766
-0.6300225315615535
-0.6303920966456644
-0.6310687539433795
-0.6319400837965077
-0.6331255837730068
-0.6356985248625279
-0.635762411127375
-0.6372036265674978
-0.6380642201751471
-0.6390084897478422
-0.6456482198089362
-0.6460912359179929
-0.647131975973025
-0.6480759995058178
-0.651707595679909
-0.6540382779520851
-0.6549086190061644
-0.6580210117157549
-0.6584800660610199
-0.6633964975353592
-0.6638285206364734
-0.6644288906827569
-0.6664185325615108
-0.6675177768467822
-0.6676945356186479
-0.6679282560944557
-0.6699800004285795
-0.6714283020701259
-0.6721377545502036
-0.6737374730364536
-0.6740077752619982
-0.6750067517859861
-0.6770325630903244
-0.6779051031917334
-0.6799629725757297
-0.680171505237619
-0.6826246518758126
-0.6835419357650809
-0.6856652836625775
-0.6865838856643273
-0.6878434967249631
-0.6878814827650785
-0.6885829605162144
-0.6903483203301827
-0.6907221359821657
-0.6910437242593617
-0.6918725195739951
-0.69361301655105
-0.6938981674611568
-0.6939322284112374
-0.694004338979721
-0.6957027222961187
-0.6972707139582119
-0.6976008150086273
-0.6985586793549979
-0.698715734537001
-0.7011859886762168
-0.7023202772834338
-0.7065359968692064
-0.7112530820387681
-0.7115959046142442
-0.7122172500938178
-0.7136935068007845
-0.7157147773851951
-0.7186150756768055
-0.7194233005866408
-0.7200319380499423
-0.7208473796231879
-0.734035070364674
-0.7344931746899549
-0.7360535654239356
-0.7371019315388467
-0.7376572042703629
-0.7394433970136257
-0.7428674257777553
-0.7441792170284316
-0.7485761106888731
-0.7518774579279125
-0.7546145986765623
-0.7588306089294039
-0.7603669632873788
-0.7625308809801936
-0.7629509017206146
-0.7636022236198187
-0.7641093462705613
-0.764640125963423
-0.7653962437761948
-0.7663151621818542
-0.7681916990938286
-0.7683485881942842
-0.768740825355053
-0.7718878787321349
-0.7722852035658434
-0.7773474068380892
-0.7791183697473671
-0.7799192215315998
-0.7823805241579456
-0.7843591204844416
-0.7872912254650146
-0.7880725553259254
-0.794871078885626
-0.7955841991672059
-0.7983760498464108
-0.7987230345606804
-0.8006169004365802
-0.8014848894654278
-0.8070829459385322
-0.8071802971618516
-0.8071803953498602
-0.8095621932297945
-0.8107831637840718
-0.8133467904159001
-0.8137637500961622
-0.814279333758168
-0.8159175138920546
-0.8165446296843584
-0.8193673625355586
-0.8321000446449034
-0.833381563735505
-0.8342226028442383
-0.8344722658395767
-0.8379524734067066
-0.8415917282691225
-0.8426600452512503
-0.8457064119478067
-0.8460586898856692
-0.8467044490056911
-0.8474751426983858
-0.8564263912849128
-0.8596356885973364
-0.8614197727292776
-0.8633920152671635
-0.8635775785893202
-0.8644219888374209
-0.8668863322585821
-0.8695401980075985
-0.8746297985522283
-0.8777808099985123
-0.8853540560230613
-0.8856144691817462
-0.8881867825984955
-0.8910702862776816
-0.8959185140880032
-0.8976697197982243
-0.8994805009569973
-0.9043297596896688
-0.904979490985473
-0.9064651869237423
-0.9092912013681295
-0.9134730141876
-0.9214344188304884
-0.9256558519872752
-0.9355765067573104
-0.9400838643768565
-0.9404788043349981
-0.940671507967636
-0.9559903517365456
-0.9605268439045176
-0.9612049264833331
-0.9614753954228945
-0.9690728522837162
-0.9713172821328044
-0.9722352866083384
-0.9735317517071962
-0.9744278117395879
-0.9789213426411152
-0.9802234473987482
-0.9816709890961647
-0.9827884957194328
-0.983178083319217
-0.9839659355580807
-0.9850763908587397
-0.9943776112049818
-0.9997296434911814
-1.0051188110373914
-1.0058760293759406
-1.0089816903429372
-1.0117628760635853
-1.0142843513652526
-1.0146690112804728
-1.0183645207019123
-1.019962682521769
-1.0223785579204558
-1.0229380272328854
-1.0298384274356067
-1.0355311058461667
-1.0387672918538253
-1.0390205060442288
-1.0394309586180108
-1.0428761124610901
-1.0481067104265094
-1.050927635282278
-1.0563068728273113
-1.0577202594839037
-1.0596343109597608
-1.0634750649333
-1.07190994406119
-1.0825429715083115
-1.0845495243556798
-1.0865417100489139
-1.0936108985333703
-1.0943504675690616
-1.0950591266155243
-1.0954546720521259
-1.1042375589410465
-1.1047583827748895
-1.1092558388005604
-1.1144977286458015
-1.1163111105561256
-1.1279050049682458
-1.132711474597454
-1.1390337675443984
-1.142892102400462
-1.148199071486791
-1.1482183230109513
-1.1508025551835697
-1.159239611029625
-1.1662233562933073
-1.174541323071844
-1.1897075937595218
-1.1926327861845494
-1.1929920421292384
-1.1931795431300998
-1.2013100147247315
-1.2037508165463806
-1.2064601629972458
-1.2072621661105327
-1.2076171807944776
-1.2089605301618576
-1.2150594430665176
-1.2224936534961064
-1.22357739508152
-1.2355437994003295
-1.2374391928315163
-1.2382484078407288
-1.2448399544227868
-1.2476116162724793
-1.2500247545540333
-1.2522864580154418
-1.2542647272348404
-1.265824818207572
-1.2688811108469964
-1.2703951820731163
-1.2782087326049805
-1.2969818537433941
-1.297387355317672
-1.3049216642975807
-1.3167752147253071
-1.3293041785558064
-1.3344150027260184
-1.3353165596723557
-1.3407769753331584
-1.3489508169392745
-1.3566161947324873
-1.3800712873538334
-1.3811779419581096
-1.39202067318062
-1.3998492434620857
-1.4035839184070937
-1.4274846911430359
-1.430302166690429
-1.4363102838397026
-1.4504445791244507
-1.4659678116440773
-1.4748944006860256
-1.4782311711460352
-1.4840801265090704
-1.4941523869832356
-1.5033380008701767
-1.5035545825958252
-1.5128622725605965
-1.5165527608866494
-1.520641805271485
-1.5213277344591916
-1.5280572189949453
-1.5367940962314606
-1.5386106073856354
-1.541046904027462
-1.562059011310339
-1.5632664747536182
-1.5748098090291023
-1.5830519055016339
-1.592223484069109
-1.5937150232493877
-1.5943506225943564
-1.6038497257977724
-1.6397784998019536
-1.6607978343963623
-1.6766128440697987
-1.6778439238667489
-1.7023328080773354
-1.7052701115608215
-1.7148660668171942
-1.7157034859992564
-1.7571073591709137
-1.765689680352807
-1.775842696428299
-1.8012995302677155
-1.8377699851989746
-1.8753235032781959
-1.9314419869333506
-1.9331194311380386
-1.9531664997339249
-1.9641010174527764
-1.9902543624242146
-2.009449977427721
-2.0330589960018792
-2.071526288986206
-2.075358211994171
-2.0826398531595864
-2.1019660035769143
-2.141316130757332
-2.173055946826935
-2.2102503230174384
-2.2106032768885293
-2.2737749814987183
-2.2960137091577053
-2.3618654776364565
-2.4354253113269806
-2.4390768681963286
-2.45552700633804
-2.4603028893470764
-2.47698254759113
-2.4983251094818115
-2.5045089721679688
-2.515436828136444
-2.5321496427059174
-2.5607593258221946
-2.6138283014297485
-2.631035566329956
-2.6617445337275663
-2.665950894355774
-2.705693225065867
-2.7077724933624268
-2.7230112552642822
-2.754752596219381
-2.7600967288017273
-2.779256417416036
-2.8184826374053955
-2.8321680426597595
-2.837148091988638
-2.8730454769684
-2.8774667978286743
-2.9154484272003174
-2.9239685075978437
-2.9623979032039642
-2.979368209838867
-3.0037856833077967
-3.041276091709733
-3.0435155034065247
-3.0763652324676514
-3.5170648097991943
-3.765450954437256
-4.252500534057617
-4.590455055236816
-4.660151958465576
-4.7180503606796265
-5.6794514656066895
-5.928465366363525
-5.965442180633545
-8.66605281829834
-12.094514846801758
-12.156010627746582
