-0.03869894240051508
-0.05822385230567306
-0.06204705122703066
-0.07390886793533961
-0.12391453910677228
-0.14780666958124908
-0.20534973433435275
-0.2106249948265031
-0.23476781410136027
-0.2586052703736641
-0.26501177681048455
-0.2740017607808113
-0.28917542575315264
-0.2913995959679596
-0.29389360234846307
-0.296721642554985
-0.29699930966446464
-0.3006319528600822
-0.30176805018062525
-0.3194181751201871
-0.326046337664593
-0.33182897634378605
-0.33639144396875054
-0.3378021938108196
-0.3430042685682161
-0.3454526470124533
-0.34690191845099133
-0.348865648703395
-0.3507368429224395
-0.35595655534416437
-0.35830207683399995
-0.3589617753826869
-0.35975596195996995
-0.3629322516930627
-0.36343954338481127
-0.36626057634046966
-0.3672440952854231
-0.36981228336905286
-0.37106668086036937
-0.37135072003226155
-0.3762106465562413
-0.3774190638025175
-0.3796173068576536
-0.3806739452550325
-0.38421525247649696
-0.3870902029642214
-0.38717415795029164
-0.38842909176102175
-0.39039837996408877
-0.39427794615524664
-0.3965928443970464
-0.39686174267226304
-0.39781334619037806
-0.3992019831271854
-0.40146142001322005
-0.4024087017668145
-0.40627860522363335
-0.40802930968493456
-0.4098253503543674
-0.4122621662940219
-0.41301983967678096
-0.4141165751363068
-0.41424710730172914
-0.4174367374973372
-0.41945118569912243
-0.41996718414593487
-0.4215776069272422
-0.42243441192155895
-0.42452246395179016
-0.4274598215857183
-0.43177973087877036
-0.4321724905825891
-0.43290374034808743
-0.4350025114410393
-0.43856733418554844
-0.43861378901638093
-0.43984156215932063
-0.443980848055044
-0.44481309114489703
-0.45273798677552457
-0.4533972778413242
-0.45447771009639837
-0.4572988647967577
-0.45841435245626294
-0.4590473751013633
-0.46065303721787554
-0.4607443095184863
-0.46223857773002236
-0.46333852314273827
-0.467306075966917
-0.4682970284681817
-0.4693965471815318
-0.47106848495895975
-0.47214583755287876
-0.4764424503209739
-0.47860252938321707
-0.48052509754052153
-0.4843912146810908
-0.4849696304954705
-0.4883903179652407
-0.48904115865783143
-0.49292608622665285
-0.493336753405553
-0.49408024883208174
-0.4941843114211224
-0.49688248610214536
-0.4969406448600983
-0.499354894967837
-0.5011153005891376
-0.5027513164677657
-0.5075786693228616
-0.5096636808477342
-0.5119380611061933
-0.5130841916389182
-0.5133314241878301
-0.5136801936702492
-0.5141550901545477
-0.5153852210625902
-0.5162677880571573
-0.516670340540295
-0.517279137875044
-0.5181186769068181
-0.5192246866063215
-0.5197971434796013
-0.5204082895070314
-0.5229922696307767
-0.5246431049425155
-0.5271828969319662
-0.5304809063673019
-0.5315534439910802
-0.5325397032180003
-0.5326071006326986
-0.5337094407376652
-0.5368831959120663
-0.5373203814961016
-0.5388560607098043
-0.5391010046005249
-0.5396700885889004
-0.5404029818251729
-0.5416265662036798
-0.5429993047087919
-0.5436671338393353
-0.5457361851222231
-0.5567770994268357
-0.5589007985674672
-0.5602671843868544
-0.5622556896026557
-0.5722804853809066
-0.5743721839760176
-0.5750344912112269
-0.5751527136773802
-0.5760347831787335
-0.5775510184466839
-0.5779132634401322
-0.5816041131620295
-0.5897457262472017
-0.5906878706999124
-0.5969081761625906
-0.5996988144703209
-0.6005720625269331
-0.6022003184771165
-0.6030745058669709
-0.606307721670924
-0.6064116464112885
-0.6093517442350276
-0.6104232941112346
-0.6104567546630278
-0.611378718353808
-0.61296076081926
-0.6134280478969837
-0.6145637375254106
-0.6146929394453764
-0.6170024549295098
-0.6252158137273606
-0.6285189701884519
-0.6306889325380325
-0.6329110062427141
-0.633290046826005
-0.634206374041787
-0.6348875311457298
-0.6356000291915345
-0.6359280014803517
-0.6361570177703268
-0.6362405628980403
-0.6369250909691411
-0.6378776154532615
-0.6389205943560228
-0.6395472931076905
-0.6402747191605158
-0.6427643979159735
-0.6428778923116625
-0.646416501668168
-0.6474669099885172
-0.6494838018203154
-0.6572940858083408
-0.6597766927989142
-0.6598852748284116
-0.6609266314189881
-0.6609681356872897
-0.6620756036653701
-0.6665593705191795
-0.6674570757895708
-0.6686841997850154
-0.6700528226210736
-0.6727851543910219
-0.6754101293793481
-0.6770328403217718
-0.677071045858228
-0.6776118368143216
-0.6784924540261272
-0.6802807132771704
-0.684462447068654
-0.6871593522429975
-0.6897179677034728
-0.6915205598407839
-0.692361185948054
-0.6935569167503023
-0.6937454064443175
-0.6953388451864677
-0.6962457214739026
-0.6976118000845114
-0.7002412843108686
-0.7032356314760234
-0.7155281880984078
-0.7160858996212482
-0.7170497454914896
-0.7181951929815114
-0.7214641600536803
-0.7246095663867891
-0.7266595067533975
-0.7276888256116459
-0.7278452950219313
-0.727918670645782
-0.728602753818086
-0.7304024780169129
-0.7320493161379616
-0.7341705061096165
-0.7369958474882878
-0.7398020527658186
-0.7402198575437069
-0.7413107864558697
-0.7436496190319304
-0.7441300654983414
-0.7446786355879643
-0.7447462320327759
-0.7453839628025889
-0.7510383380227722
-0.7570173144340515
-0.7582837350782938
-0.7632374527107458
-0.7671812910453549
-0.7673533034976572
-0.7679038929553437
-0.767914877117922
-0.7682019238450771
-0.7708191768532353
-0.7728447474655695
-0.7780400355346501
-0.7859561410732567
-0.7860858238302171
-0.7882779881358146
-0.7906619500136003
-0.7918824146036059
-0.7959460849582684
-0.7974108147235321
-0.7996721297192076
-0.804839154065121
-0.8057844213442877
-0.8064317122101784
-0.8067302349101317
-0.8097821952375982
-0.8183148559700284
-0.8231604850851
-0.826873431292673
-0.8295057605719194
-0.8322275454799334
-0.8356829469048535
-0.8423859070753679
-0.8459029048681259
-0.8462533693398453
-0.8481614663679566
-0.8586850478313863
-0.8604845928712166
-0.8622806174680591
-0.8673667525872588
-0.8701008236384951
-0.8730222880840302
-0.8769598985963967
-0.8834974215327142
-0.8840345352160511
-0.8918667223770171
-0.8950607654638588
-0.9113802559295436
-0.9160252458726367
-0.9181875916463988
-0.919568209676072
-0.9200199931178109
-0.9212194771971554
-0.9277311787009239
-0.929452265974962
-0.9335724485688843
-0.9362293917220086
-0.9416634069755674
-0.9431993544899991
-0.9433988593518734
-0.9436609312995441
-0.9443537493546804
-0.9451545463719716
-0.9495854092140993
-0.9504150003194809
-0.9525835829321295
-0.9546529948711395
-0.9566916127427249
-0.9586048054261482
-0.9646097651889755
-0.9727849725168198
-0.9728304326534272
-0.9818712592124939
-0.9829874609907469
-0.9849221780896187
-0.9928910224902211
-1.0104432155688603
-1.011873150865237
-1.012605482712388
-1.0243005527881905
-1.028604006767273
-1.0286784028503462
-1.0294164039893077
-1.0328375649405643
-1.0341638065874577
-1.0362641671206803
-1.0436090727647145
-1.0587771809077822
-1.0612337955584128
-1.0623866374589852
-1.0737125724554062
-1.0740680396556854
-1.0853746831417084
-1.0936012292513624
-1.0969663931056857
-1.1066999174654484
-1.108989673666656
-1.1155432626605033
-1.1186279961839318
-1.1192350300174438
-1.1193162150614495
-1.130185229703784
-1.1337780440226197
-1.1429134831830328
-1.1441299914278917
-1.1523921980212133
-1.169881458306918
-1.174646017762522
-1.178980577737093
-1.1820764522999525
-1.1832833111286163
-1.1876702290028334
-1.1888132989406586
-1.192179802339524
-1.1958209176858265
-1.2056410771328956
-1.2071807285149891
-1.2285182429477572
-1.2321649193763733
-1.2348802983760834
-1.2386098220013082
-1.2400985076092184
-1.2533935954173405
-1.260013476072345
-1.2944635053475697
-1.297353409230709
-1.3012954493363698
-1.3053960287943482
-1.3110668696463108
-1.318214160095926
-1.321349526445071
-1.328057315746264
-1.331866279244423
-1.33289914848865
-1.3385379655907552
-1.3416174810554367
-1.3447117786854506
-1.3468740036090214
-1.358057270757854
-1.361296725579046
-1.370194919052301
-1.3769848845768138
-1.3854885809123516
-1.3876410971085231
-1.3893997771665454
-1.3926806695138414
-1.3967764379825287
-1.4031512588262558
-1.4067363226786256
-1.4116839436683222
-1.4486927473917603
-1.449112446513027
-1.4815229028463364
-1.527672568957011
-1.5339292536179225
-1.5440417842473835
-1.5586942583322525
-1.6738293273374438
-1.7441350221633911
-1.74466572701931
-1.745261917822063
-1.750502347946167
-2.0213027903810143
-2.09300704797109
-2.1433406472206116
-2.173034965991974
-2.3793566795066
-2.4986377716064454
-2.5071482181549074
-2.5933464765548706
-2.9675137996673584
-2.9807926019032798
-3.105781373567879
-3.426755040884018
-3.598803173750639
-3.8000656813383102
-4.499851122498512
-4.658293604850769
-4.7561153173446655
-5.042542815208435
-5.221484422683716
-5.320466995239258
-6.220876693725586
