-0.0033251184488563013
-0.08894140958727803
-0.10970252810511738
-0.1765603848866054
-0.19679732463252245
-0.2354976474454296
-0.2626893992225329
-0.2813974701900861
-0.30003588169479783
-0.30209516014147086
-0.3036646648931007
-0.3043907930055866
-0.30652713156970485
-0.311902366431528
-0.3132973236691517
-0.3137246171845618
-0.3342867373273923
-0.34698741473257544
-0.35344605213807273
-0.3571323971161345
-0.35810109215195884
-0.3607504933606833
-0.36231828161531404
-0.36483602741500365
-0.3698326411659681
-0.37102893457510316
-0.37174707326233725
-0.3737940066538696
-0.3754934267893147
-0.38159338080893374
-0.38993792290178436
-0.39144707910923493
-0.3921460072995852
-0.39460621682600405
-0.395091227344459
-0.39758878665537956
-0.3982978948307308
-0.3987472264400114
-0.4012643686340501
-0.4087626031029905
-0.4092804493475705
-0.41333717467884223
-0.41512945894151926
-0.41676658413444573
-0.41861610603518784
-0.4186339841301863
-0.4197139843293515
-0.42371815804290236
-0.4310584631981328
-0.4331109746637796
-0.4342508239496965
-0.4384634861572912
-0.4415652800736756
-0.44176783280222326
-0.44265129844591555
-0.44654678002989384
-0.44730943598022516
-0.44997403441396144
-0.4531289824905495
-0.4538534370251
-0.4545261295337696
-0.45523994673903173
-0.457181509791149
-0.45975632856910426
-0.4639416547953715
-0.46434508900468546
-0.4654500128430796
-0.4656186639032967
-0.4679698880059959
-0.46982089585314196
-0.46991739160148427
-0.47606428531123257
-0.4783829655498266
-0.4787287375885561
-0.480222087381157
-0.48155464852849644
-0.4833372184046311
-0.48455219412494444
-0.4924053831488398
-0.4962534316070378
-0.49910731951183607
-0.4995793288573623
-0.49990856513613835
-0.5029971524429909
-0.5031039345863973
-0.5051380962340772
-0.5078654738812475
-0.5100624208228991
-0.5125605691638258
-0.5135369005608936
-0.5140107718287255
-0.5155316669183473
-0.519611589765797
-0.5227961364166381
-0.5244655767196996
-0.5251866998150945
-0.5298866305872798
-0.5342427469954333
-0.535284337689518
-0.5370295563334366
-0.5371661611716263
-0.5380222638514602
-0.5451465246596319
-0.546421328731985
-0.5467128832824528
-0.5491406163200736
-0.5499400704890528
-0.55421306011267
-0.5630716392437795
-0.5650164520234934
-0.5659579899428147
-0.5674109707707194
-0.5674263833013052
-0.5695936370640993
-0.5784399260122043
-0.5821808377513662
-0.5825651500108506
-0.5847507645655423
-0.5856669399820801
-0.5867343032732606
-0.5867955973371863
-0.5905549442050634
-0.5932348799800593
-0.5984567703679204
-0.5989288042107676
-0.6057971030135046
-0.6063955841079102
-0.6070037678141018
-0.6076718622352928
-0.6102843346074224
-0.6104058209949961
-0.6174245850262297
-0.6316755582491169
-0.6343070469796658
-0.6362943748395082
-0.6413322115937868
-0.6503228117944673
-0.6515137213263529
-0.654032415963489
-0.6554655445118746
-0.658509357780632
-0.6585400162730366
-0.661290680735626
-0.6626322309353522
-0.6667438017539098
-0.6714473061263562
-0.6755185877305588
-0.677707747960489
-0.6781549857696518
-0.6818919651545002
-0.6825141634792089
-0.6878362369316164
-0.6921520655338705
-0.69352894441949
-0.7008391191164265
-0.702613324780638
-0.7031884314167526
-0.7107911720871926
-0.7133629061281681
-0.7194185069233104
-0.7211466136068339
-0.7288884569803485
-0.7290489148872439
-0.7299758837056848
-0.7300299254449782
-0.7341047951744663
-0.7382346258176918
-0.7481167564781117
-0.7521698214113712
-0.7576250140646152
-0.763024397281697
-0.765024070524507
-0.7829676461651616
-0.7902766153416191
-0.7970405150193074
-0.8094347059726715
-0.8133872070902726
-0.8263242483127214
-0.8344231799637782
-0.8402763006993723
-0.851077638400966
-0.8790818825364113
-0.8927068427205086
-0.9006189445935888
-0.9267929792404175
-0.9576252661645412
-0.9692658652655458
-0.987075618802919
-0.9875668293534545
-1.0154993976454232
-1.025500766467303
-1.0281862740666838
-1.0410576275258792
-1.0413264036178589
-1.0461137108416854
-1.09241262183059
-1.1015860107718822
-1.1256098273915995
-1.1662547483768624
-1.1724958981678053
-1.1902352472044793
-1.193679622709169
-1.2117093782871962
-1.217559476541889
-1.251148372888565
-1.341206698367993
-1.7864857912063599
-1.8231668261190255
-1.986236784607172
-1.9892325798388508
-2.0444352366030216
-2.1523737013339996
-2.744580686057361
-3.2179874181747437
-3.2646673917770386
-3.9564596811930337
-5.100434637570288
-5.5406138300883185
