-0.00210554146906361
-0.13196867942420235
-0.14463009795508697
-0.14921098889964923
-0.1552660139472769
-0.15664508184599982
-0.1578266510454901
-0.15986029074338148
-0.1636037511828666
-0.16633725198001534
-0.16996735345186867
-0.17267428864871753
-0.1752461530227265
-0.17611960689019826
-0.17795883555147157
-0.1792032859940054
-0.17939040260571346
-0.18057833832473855
-0.18239893060607906
-0.18304072191178286
-0.1837670135433882
-0.1858327991419803
-0.1884642734844617
-0.18940643414245123
-0.1904715970158577
-0.19242811525113854
-0.192497123170142
-0.1987642857584054
-0.20141339515669188
-0.20670208439953378
-0.20840667075484548
-0.20916388218756765
-0.21283062631257052
-0.2170950898140765
-0.21858717204114933
-0.21898091601856165
-0.22019763407849402
-0.22124931528482453
-0.22185795476021172
-0.22287906011002806
-0.22339565401647554
-0.22904291254872078
-0.22932234981895558
-0.2325706860773726
-0.23262918282762257
-0.23325656196902855
-0.24153685102415198
-0.24345555987383705
-0.2495334138860926
-0.2541438647749601
-0.25636544928420335
-0.2564561414046158
-0.2579338926201065
-0.26308307020614546
-0.2644480036732076
-0.2661073309369385
-0.266228588247759
-0.26653803961937017
-0.26713961768109584
-0.2673643795773387
-0.2684223124789768
-0.2738938429198849
-0.27448074985295534
-0.27535191935411213
-0.2756552373985786
-0.27764399844090804
-0.28176990821957587
-0.2883060272423264
-0.2897714924998581
-0.2917223407870264
-0.29253600295560317
-0.2945311294559202
-0.3003808750418102
-0.3006823283787526
-0.3034779362237411
-0.306349716304491
-0.3074022006379285
-0.30744416000088676
-0.30910805610215497
-0.31024889254404114
-0.311726109799929
-0.31455279488582166
-0.3308477321924228
-0.33675466052123476
-0.3412507505944142
-0.3430394144046919
-0.3435332237021915
-0.34464780265504186
-0.34861936872558935
-0.35019453907443676
-0.3520619126036763
-0.35233206177196863
-0.35340965043287725
-0.35543667970018256
-0.35677242850651963
-0.36908568130041075
-0.36945254825986923
-0.3722072655375866
-0.3722944554263869
-0.37273829166466993
-0.38387809715433313
-0.3913897112943232
-0.3941455201032416
-0.394772279414941
-0.3985954243172374
-0.40839373170456383
-0.41411549015901983
-0.4158193966334996
-0.41695885939730537
-0.41974349219445783
-0.42290953248739244
-0.42582952743517427
-0.432535477700488
-0.43729715121662593
-0.4488412000646349
-0.45060430869593154
-0.45279043540358543
-0.4539544428033488
-0.45503607019782066
-0.4564405491808429
-0.45978083498775957
-0.4731450167548081
-0.4746484767113413
-0.4746930555556901
-0.47894517755291116
-0.4811855412553996
-0.4842185721333538
-0.4955058857303811
-0.4981864966452122
-0.5158760009217076
-0.5268566524609923
-0.5281968874790307
-0.530366663976262
-0.5320512234148654
-0.5357129125623032
-0.541823947077824
-0.5429029486404033
-0.5452398700373513
-0.5505513114854693
-0.5531998955245528
-0.5545756864943542
-0.561045987583283
-0.5630564676248468
-0.5664350560633465
-0.5693530006334185
-0.5708452338086707
-0.5854203169167574
-0.591078516561538
-0.5911504790652543
-0.5945671170742975
-0.600015732459724
-0.6161232232781393
-0.6184123672544957
-0.6186596077401191
-0.6208626988033453
-0.628239767649211
-0.6287553029251285
-0.644080514049468
-0.6492766466523919
-0.6507341526448727
-0.6561318735281626
-0.6699078007202063
-0.6751833376474679
-0.6808077581226826
-0.6869808821007609
-0.6885219112446066
-0.7062064540106803
-0.7254556842148304
-0.7283322480507195
-0.7328630872070789
-0.7412544458406046
-0.7436652554199099
-0.7578177450535198
-0.768257524818182
-0.7690415392668607
-0.7762383841909468
-0.7871684851124883
-0.7895134346268605
-0.810582018324307
-0.860360232492288
-0.8647102979011834
-0.8713769589861234
-0.8927517806490263
-0.8990892440080642
-0.9552957326173782
-0.9669354840492209
-0.9676719208558401
-0.9823614150285721
-1.034502774477005
-1.046100953221321
-1.1573222434251673
-1.1574734300374985
-1.173178364377236
-1.1970197061697643
-1.2298624416192372
-1.296154151360194
-1.3332970030605793
-1.3999657407402992
-1.4022195227444172
-1.4361412413418293
-1.4412518730387092
-1.457954779267311
-1.4931491613388062
-1.6068720817565918
-1.9008271892865498
-2.067681540735066
-2.2959203322728476
-2.367086290071408
-2.4780531326929727
-2.720209501683712
-2.8105590001214296
-3.975766658782959
-4.075402498245239
-4.146669805049896
-4.401936292648315
-4.427148222923279
-4.4340040110982955
-4.7274088859558105
-5.714478969573975
-9.776449203491211
