-0.0001938155182870105
-0.026832841336727142
-0.04380333423614502
-0.04961430902282397
-0.07709168459405191
-0.08252836070044266
-0.12445424260416378
-0.13666898889156678
-0.137186411768198
-0.14748798838991206
-0.17733824725395866
-0.1849011510843411
-0.21293236725614406
-0.21309639560474483
-0.2134177616026136
-0.23106114863112454
-0.23304956805513938
-0.23502171663373397
-0.23581490840297192
-0.23822403571102768
-0.24422831162034223
-0.24740375007968396
-0.25094061464603457
-0.2600782482685255
-0.26771214677941974
-0.2683522360554586
-0.2821016172955361
-0.2851542161832132
-0.2853151479567815
-0.28793533492716933
-0.29261519473867437
-0.2938069552120786
-0.3014950157331228
-0.30482002147775605
-0.3075682115042582
-0.31358671754909057
-0.3144120843692993
-0.3176812693011016
-0.3212640571062885
-0.32170429469372763
-0.32574938424763034
-0.32594444458999716
-0.3264077314222231
-0.3340806864202023
-0.3365572180913727
-0.33659214347911376
-0.33813775925470174
-0.34101439238939846
-0.34167515677972915
-0.34187344529922925
-0.34270002214075895
-0.3480023977393282
-0.3532679072321533
-0.35474226292626554
-0.3616365264878484
-0.3620555669926117
-0.36240132763972116
-0.3661719007456365
-0.36744245015365273
-0.36879329519745496
-0.371871854372633
-0.37212595134042203
-0.37559228750411394
-0.3765261701441237
-0.3777374225851258
-0.38117578061711455
-0.38312196886787814
-0.384612836545178
-0.38790389662608504
-0.3896217768546194
-0.3905970624255133
-0.39272675837855786
-0.39322672244161366
-0.39340836017363473
-0.39396619440151426
-0.3948703121393919
-0.3955983049236238
-0.39671907466254175
-0.39773791478946807
-0.3981224172360574
-0.4010511155680029
-0.4032591472667478
-0.40327030437118894
-0.40775308199226856
-0.40856640301644803
-0.40874190592148807
-0.41243562240637593
-0.4148258309340033
-0.42148281445649144
-0.4221788277383894
-0.4223277054261416
-0.4225141984002221
-0.42414115166757255
-0.42776237956422847
-0.4277859899870991
-0.4287423758767545
-0.43105784265935654
-0.43224491900764406
-0.43248637885835706
-0.43320219652378
-0.4333273067104853
-0.4334693570417585
-0.4339815627783537
-0.4344208657741547
-0.4404747430511352
-0.44158669107127935
-0.4447891586765763
-0.44505687346681955
-0.4450742700234211
-0.4458279062617713
-0.4466725579938308
-0.447036525591587
-0.44839073730294
-0.4494675263696182
-0.45460025668144227
-0.4562813268442239
-0.45949275279417634
-0.4601195437367835
-0.4609532670842277
-0.4647496079431019
-0.46548765949491
-0.4655015428350972
-0.4666275391597689
-0.46705421110770357
-0.46841735421265995
-0.47011608720964027
-0.4706451823934913
-0.47367316153314376
-0.47371289785951376
-0.4738360553405073
-0.4741158716635255
-0.4741211520094011
-0.47712081111967564
-0.47990840155398473
-0.48217026447592715
-0.48270441743079573
-0.4854899705128951
-0.48561018829544383
-0.4899748617311464
-0.4961720257997513
-0.49628236377611756
-0.4963055683516099
-0.4996429053600707
-0.500457322019009
-0.50169762183556
-0.5063200165168382
-0.5098960925613276
-0.5099597049670087
-0.5099931506039057
-0.5113880808887188
-0.5117278318386524
-0.5128607284725428
-0.5129521454900197
-0.5137707833520835
-0.5150816748888852
-0.5193250001009021
-0.5241447100318813
-0.5267130328269559
-0.527652376727201
-0.5280552734288254
-0.5309832978153801
-0.5312809261726216
-0.5326800307004966
-0.5332301366808159
-0.5336478093821907
-0.5338820578006562
-0.5347130788556699
-0.535542797861126
-0.5355828123865649
-0.5360592324286699
-0.5365590896399226
-0.537158587502993
-0.5388280607294291
-0.5390783975977683
-0.5393228371511214
-0.5410393691621721
-0.541595724889703
-0.542588247374321
-0.5432111371562562
-0.5437005745625356
-0.5452911807647483
-0.5464607830741443
-0.548140853352379
-0.5486733669725558
-0.5504458869952942
-0.5524789463832147
-0.5526210301710913
-0.5533794961520471
-0.5578830858382086
-0.5583729875417283
-0.5587146557401865
-0.5604929942214354
-0.5609174652927322
-0.561069106310606
-0.5617829780094326
-0.5642510464576145
-0.5661095113739267
-0.566653236358737
-0.5686116182478145
-0.5703427629705402
-0.5722315289701024
-0.5722372664701348
-0.5725590741203632
-0.5742689645655142
-0.5757031329752257
-0.5763632341015962
-0.5787827102933079
-0.5801434338403245
-0.5802676207774008
-0.5814813671458978
-0.5860152745032922
-0.5863404317642562
-0.5867179790511727
-0.5873130731451965
-0.5879258934662424
-0.5915022445842624
-0.5920436259875714
-0.6002298475553592
-0.6006989622126437
-0.6008942483458668
-0.6009880425990559
-0.6020680349320173
-0.603301804093644
-0.6036926225060597
-0.6059436068005327
-0.6088049723301083
-0.6113752848468721
-0.614351925140779
-0.6160062261624262
-0.6178041770924918
-0.6184326117974402
-0.6185551908565685
-0.6186609015945578
-0.618800349211177
-0.6204510641352196
-0.623660150087542
-0.623986441642046
-0.6259180948138237
-0.6259878787548385
-0.6263448018580675
-0.6276837812736631
-0.6280466138385237
-0.6296029574004933
-0.6368847047910094
-0.6371740890666843
-0.6382029234198854
-0.6387547934427857
-0.6393396381288767
-0.6396427962463349
-0.6448930311948061
-0.6487793545238674
-0.6507067784162549
-0.6510791474591113
-0.6515600215643644
-0.6551160745490051
-0.6561163975469148
-0.6569481242768234
-0.659789108671248
-0.6628577058242323
-0.663243860937655
-0.6667825539479963
-0.6684044553199783
-0.6702313174804052
-0.6735275637280816
-0.6752174318147203
-0.6752724958609583
-0.6770459221942084
-0.6855800931152771
-0.6875396164759877
-0.6907459192145324
-0.6964400282983357
-0.7015811880377846
-0.7023631982672669
-0.7044860552996397
-0.7101748763816431
-0.7141447185422294
-0.7146508201112738
-0.715243088880795
-0.7156800174969249
-0.7165077280253171
-0.719709926052019
-0.7223011314868927
-0.7241227305494249
-0.7282381964448307
-0.7302277637645602
-0.7311953115665043
-0.7316772456823466
-0.7336565641065439
-0.7354386073670217
-0.7385949556316648
-0.7417838141322136
-0.7420119293300169
-0.7422480528600447
-0.7434018132917117
-0.744421589636029
-0.7455764618935063
-0.7466174363158643
-0.7471783893770407
-0.7517986063224574
-0.7539247288886044
-0.7544570464640856
-0.7546016610926017
-0.7547885735402815
-0.7623612286581192
-0.7635494185378775
-0.7640882555861026
-0.7653643253725022
-0.7665483681717887
-0.7666400298476219
-0.7671058736741543
-0.7718364726752043
-0.7723074766496817
-0.7744246909394861
-0.775370242074132
-0.7775388558278792
-0.7779532764106989
-0.7800656726118177
-0.7809352244172866
-0.7814726702636108
-0.7826320223975927
-0.7865684155840427
-0.7875231792115502
-0.7881162650883198
-0.7966030389070511
-0.8000569584779441
-0.8006523598451167
-0.8042478266482552
-0.8060555759817362
-0.8088078482209572
-0.8122220264880785
-0.813432427693624
-0.8167472785083062
-0.8179473374038935
-0.8179812086746097
-0.8223759533305254
-0.8258940037339926
-0.8274645694182254
-0.8359341604768166
-0.8363212696276605
-0.8369026929140091
-0.837224761559628
-0.8377142373938113
-0.8388456980298672
-0.843669743090868
-0.8482660110374647
-0.8497981693944894
-0.8560548307432327
-0.8568455937008063
-0.8572071733542543
-0.8589382865466177
-0.8611163675918111
-0.8722916841506958
-0.8803609691560268
-0.8855433261820248
-0.8874854175606742
-0.8888308665213677
-0.9033798368705902
-0.9281883332005236
-0.9363967332368096
-0.9467367283068597
-0.9541819977275736
-0.9557067624215657
-0.9811886712908745
-0.9833359941840172
-0.9836297554762236
-0.9861681687470991
-0.9873460589908063
-0.9884465854556765
-0.9994776815408841
-1.0090291611850262
-1.017576869437471
-1.047915947002669
-1.0481402790173888
-1.0541643512745698
-1.0573077514224376
-1.0688920766115189
-1.087712537497282
-1.0944362886250019
-1.0967057547532022
-1.1129621974541806
-1.125653855575365
-1.1302291695028543
-1.137241255491972
-1.1531122494488955
-1.1599396839737892
-1.169609285891056
-1.1704921647906303
-1.1771425604820251
-1.1810063738375902
-1.183816325647058
-1.1866413056850433
-1.217157755047083
-1.221759167810281
-1.2245341531233862
-1.226599910762161
-1.2330073441068332
-1.261790360013644
-1.2667324673384428
-1.3047876274504233
-1.316311975941062
-1.3200785964727402
-1.3290145210921764
-1.3313992321491241
-1.3534714213262002
-1.3578623086214066
-1.3694745302200317
-1.4070668406784534
-1.4111256413161755
-1.418917083996348
-1.431882156059146
-1.432451706379652
-1.4644496440887451
-1.4665203019976616
-1.4731276333332062
-1.489380419254303
-1.507175305741839
-1.525173803170522
-1.5276297815144062
-1.5613512968023617
-1.5769621420186013
-1.5782325398176908
-1.6140478253364563
-1.6350644914588581
-1.6783009382585685
-1.6882455125451088
-1.7078344952315092
-1.753265455365181
-1.829585313796997
-2.0749486523952023
-2.1706011556137432
-2.2009093802480493
-2.2325832433998585
-2.236451427141825
-2.293450723751448
-2.3051963055234714
-2.3645070351776667
-2.4672017097473145
-2.523356387867049
-2.578091859817505
-2.859160729451105
-3.1028078279923648
-3.1386160700349137
-3.2260084003210068
-3.743616823485354
-3.825559381773928
-5.046823501586914
-5.625587463378906
-10.578938484191895
-11.401680946350098
-12.514182090759277
