-0.0017253689729841426
-0.002238041255623102
-0.03162336233071983
-0.06128724251175299
-0.10099238040857017
-0.12745281867682934
-0.16905304952524602
-0.17051859010825865
-0.21035865880548954
-0.228637816850096
-0.30037647525646854
-0.30367271673666046
-0.32529217533301563
-0.32655150024643265
-0.3283610823157634
-0.32858517609724913
-0.33665529955760576
-0.34038710934395394
-0.34883780987604024
-0.3539099050220102
-0.3619915652343053
-0.36327225220763165
-0.3711151741348294
-0.37162610050290823
-0.3744600862264633
-0.3775372790405527
-0.37793449860378636
-0.3798133408029874
-0.3814056138039127
-0.3839081535115838
-0.38711621576950556
-0.3879405576735735
-0.39104246403695925
-0.39497959435984903
-0.3994684349745512
-0.40124606620520353
-0.40203146783771726
-0.4021885707974434
-0.40374566428363323
-0.40512475070719467
-0.40529855079750277
-0.4068984283024251
-0.408426716681206
-0.40856399975905333
-0.41077702704975577
-0.4123544665289081
-0.4146491300314665
-0.4153083705992113
-0.4183977756824393
-0.41906845280785393
-0.4193721966197093
-0.4198352058199614
-0.42438828280084734
-0.4263826829286093
-0.42797390720635003
-0.4292472344294021
-0.4335625353733328
-0.43551076749717094
-0.43819430795872855
-0.44324558155944704
-0.44469061912968755
-0.449577937523524
-0.45321396663267577
-0.4583768778480589
-0.45998027077578574
-0.4645290958949111
-0.4653175692074001
-0.46553890518844127
-0.4713163521761696
-0.47455272506340407
-0.47475686948746443
-0.477349896915257
-0.4773511585323528
-0.48076267673500944
-0.48408774984838804
-0.48457088991999625
-0.4879290420562029
-0.4913776941597462
-0.49173625465482473
-0.49221073668450116
-0.492681553069916
-0.4975078609348808
-0.5004626363515854
-0.5004823723076833
-0.5019144883667885
-0.5024201944470406
-0.5038816310465336
-0.50642596144462
-0.5068449970931397
-0.5089718462899328
-0.5100072153533498
-0.511690727667883
-0.5125064800182978
-0.5137848552732114
-0.5176387599591458
-0.5188333429396152
-0.51883735320298
-0.5192771597807677
-0.5203805934870616
-0.5223784940317273
-0.5228820174622039
-0.5242743129945464
-0.5269645405800581
-0.5276347147042139
-0.5307161240131462
-0.5308351255953312
-0.5326300652814098
-0.5355407244784752
-0.5360680812969804
-0.5365886273407341
-0.5371744257847068
-0.5374059799592942
-0.5386493175756186
-0.5401340864399182
-0.5411498127970844
-0.543751522398312
-0.5456927344202995
-0.5461868289858103
-0.5526700440095738
-0.5552206732746627
-0.5552369020879269
-0.5610944586805999
-0.561772753794988
-0.5624812330133864
-0.5628849256908246
-0.5637388512093041
-0.5654558156488041
-0.5701090807893446
-0.5715954254070917
-0.5729425577340986
-0.5749406889081001
-0.5762179765318122
-0.5792528438963928
-0.579943685879698
-0.5822974811599124
-0.5825582665080825
-0.5830907967562476
-0.5833041593711121
-0.5835678695834109
-0.586375836076008
-0.5865664259181358
-0.5878788869802318
-0.5882450312005858
-0.5907053541392088
-0.5909877434444044
-0.5912221684120595
-0.5927474676872967
-0.5931875608059474
-0.5935604959494775
-0.5938129986519926
-0.5943846267817373
-0.5966055248584657
-0.5969427068977373
-0.5987009456647294
-0.599177103920374
-0.6001211899436183
-0.6003346486637989
-0.6003536315343808
-0.6035323504528466
-0.6048321777674296
-0.6048369797257086
-0.6051483243564829
-0.6070344121354719
-0.6080420389771461
-0.6107864953422298
-0.6137444116175175
-0.6139187038476978
-0.6147173324134201
-0.616563906627042
-0.6250659435987472
-0.6253052006165186
-0.6255013850094353
-0.6268478440120816
-0.6288978573866189
-0.6300221824397644
-0.6302703015548559
-0.632083936697907
-0.6390150611599287
-0.639433000768934
-0.641744976863265
-0.6438701354070671
-0.6450346722267568
-0.6453721064754063
-0.6465312093496323
-0.6465505821009477
-0.6479898909338069
-0.6487465157515118
-0.6503518426286519
-0.6507071449110905
-0.6513485677132849
-0.6547674594653977
-0.6559028029441833
-0.6570821482843409
-0.6581653331716856
-0.6600494296939403
-0.6600959841161966
-0.6603643522132188
-0.6628567315638065
-0.6631918009370565
-0.665487570895089
-0.6656354169050852
-0.6663763436178366
-0.6663884570201238
-0.6690994665026665
-0.6709888358309399
-0.6710507673793472
-0.6718282019865001
-0.6728468220680952
-0.6736402369569987
-0.6783773907356792
-0.6802664294373244
-0.6817330054938793
-0.6829305855499115
-0.6837567224429222
-0.6846869839064311
-0.6848490409553051
-0.6861384835626397
-0.6889317594468594
-0.6929656519554556
-0.6955825715429254
-0.698458393663168
-0.701219227697168
-0.7028688959803225
-0.7044782787561417
-0.7049051187932491
-0.7065573889828686
-0.7067770825407933
-0.7076337380058249
-0.7077317801969392
-0.709382654633373
-0.7132374899349088
-0.7143456995487213
-0.716278217267245
-0.7180657775274345
-0.7184780730458442
-0.7195856807610164
-0.7211542129516602
-0.721536075430257
-0.7221446220452586
-0.723290135877
-0.7259259621302286
-0.7280387431383133
-0.7338906521132836
-0.7344901524484158
-0.7348962215706706
-0.7350170371588319
-0.7362379028636497
-0.7397108606994152
-0.7482334161177278
-0.748275037008253
-0.7483351373424133
-0.7491070883235806
-0.7517935889773071
-0.7523460426891688
-0.7585474584068704
-0.7594997599720955
-0.7595087525900454
-0.7601403136338506
-0.7603176928990122
-0.7645932907859484
-0.7661309465765953
-0.7684966797629992
-0.7693554905708879
-0.7718610201910552
-0.7718724026344717
-0.7745654293232493
-0.7792800345591137
-0.7810240767896175
-0.7839061771907533
-0.7841201664123219
-0.7851887121796608
-0.7858376833610237
-0.7871666921302676
-0.7879216451197862
-0.7880065949168056
-0.7901048050650085
-0.7910903392419186
-0.7923334464430809
-0.7923669293522835
-0.7926275935024023
-0.7938200801610946
-0.7945813133846968
-0.795875757932663
-0.7960191173478961
-0.8004544232805658
-0.8011064805090428
-0.8051321389419692
-0.8076338230499199
-0.8088642126013939
-0.8095193778197947
-0.8098593052476645
-0.8110688604314679
-0.8114296969301491
-0.8131593316793442
-0.815416286389033
-0.8164499334990978
-0.8167627916970689
-0.8177767087306295
-0.8186348617076874
-0.8219814352691174
-0.826869735121727
-0.8276793618517165
-0.8284882947802543
-0.828966959565878
-0.8326961998310354
-0.8361286699771882
-0.8374593661089117
-0.8379505126927556
-0.8414921760559082
-0.8416100842490172
-0.8430653025920037
-0.8452733010053635
-0.8467922878141204
-0.8494301168248057
-0.8515659517806247
-0.8519193210772106
-0.8526908165076748
-0.8553399369120598
-0.8554902449250221
-0.8580801237064103
-0.8583764547689093
-0.859399601072073
-0.8610709235072136
-0.8616014923900366
-0.8627121531301074
-0.863888805246321
-0.864703495753929
-0.8665058739483357
-0.8726365640759468
-0.8734956756234169
-0.873842527740635
-0.8740362469106913
-0.877224582247436
-0.8774692148256761
-0.8782182602943587
-0.8800440215402179
-0.8839177040693661
-0.88514976700147
-0.8886586911976337
-0.8899451131001115
-0.8920193091034889
-0.8936215920580758
-0.8968779712449759
-0.8974686563014984
-0.9011081601851262
-0.9019028299621173
-0.9054657109081745
-0.9062941316515207
-0.9087046125593284
-0.9123167805373669
-0.9146962963044644
-0.9167270801961422
-0.9185769541396035
-0.9189544513355941
-0.9205703102052212
-0.922038842963957
-0.9266591731769344
-0.9270665228366852
-0.9298283855120341
-0.9334161727879704
-0.935818531550467
-0.9391527939587831
-0.9410158960769573
-0.9415428519714624
-0.9418109472195889
-0.9433567215528456
-0.9507415837918719
-0.9518984233339628
-0.9532619379460812
-0.9547988660633564
-0.9586379330605268
-0.9778777994215488
-0.978278239024803
-0.9800862222909927
-0.984961023861413
-0.9880299225449563
-0.991140391305089
-0.9939402353484184
-0.9942255809437484
-1.0046400654653553
-1.0065354818478227
-1.0158945041087766
-1.0174560040235519
-1.0211354978382587
-1.026103821893533
-1.031430425743262
-1.0332107171416283
-1.0364418139049252
-1.0371950278698931
-1.0383289388070505
-1.03969949058124
-1.048297428836425
-1.0549280393558245
-1.0561466917395592
-1.0562136040534824
-1.0599305108189583
-1.063672012090683
-1.0674008142668754
-1.0695345621400822
-1.0732258021831513
-1.0740869018648351
-1.0760175340941973
-1.0829388254455157
-1.0842238035576883
-1.09291602531448
-1.0930160526186228
-1.0935398489236832
-1.1009015582501889
-1.1029749886132776
-1.1078260019421577
-1.1097415851222143
-1.1137060664594174
-1.1138564497232437
-1.1150941757692232
-1.1183723658323288
-1.1290114426519722
-1.134352295100689
-1.137044495344162
-1.1390582753552332
-1.1424206395943959
-1.1492106947633955
-1.1540453562047333
-1.1671862974762917
-1.1776301756501197
-1.1912063191412017
-1.2003059946000576
-1.2031631306745112
-1.2533520206343383
-1.2629952654242516
-1.2672455372909706
-1.2922844514250755
-1.2977174592337437
-1.302718697488308
-1.3128752814373001
-1.329371526837349
-1.330740474164486
-1.3332726508378983
-1.3795867383480072
-1.3836064444622025
-1.3863896937691607
-1.3913898028965508
-1.4018622512618701
-1.4311819162685424
-1.4587039411067964
-1.472110502421856
-1.4765573545758213
-1.4894789829850197
-1.4954995254852943
-1.5448052957654
-1.6194341257214546
-1.6318505207697551
-1.636949320634206
-1.6628057193011045
-1.6805460546165705
-1.7160168367748458
-1.7172431126236916
-1.7273949980735779
-1.7316047698259354
-1.7389080623785655
-1.7770180519049366
-1.782652511028573
-1.8683416694402695
-1.9668767998615901
-1.9868736945063574
-2.0203258991241455
-2.0303536897990853
-2.0977613478899
-2.1063398641223707
-2.116014745028224
-2.1281785666942596
-2.168204128742218
-2.233147144317627
-2.356945363804698
-2.4289507251232862
-2.4324448984116316
-2.464348904788494
-2.53912569466047
-2.5403751134872437
-2.5559734106063843
-2.5749266284983605
-2.575789743413528
-2.6238520899787545
-2.6842425006907433
-2.7376829385757446
-2.7552619045600295
-2.8598507245381675
-2.910858148088058
-2.9138055642445884
-3.0565797686576843
-3.064854462941488
-4.008516311645508
-4.083894990006229
-4.115684524178505
-4.12068797647953
-4.124562755227089
-4.497709855437279
-4.578844308853149
-4.661832884536125
-4.988734956365079
-5.026753500686027
-6.334156036376953
