-0.0004314445541240275
-0.003610500742070144
-0.014691059481416838
-0.01653878769138828
-0.028277912600606213
-0.0435232164648672
-0.05369249326176941
-0.07780423120001008
-0.08042229757094381
-0.08871589213335287
-0.08872978851043929
-0.09401222116624315
-0.09408764973462287
-0.09434780192844171
-0.09441803768498046
-0.09955879422237299
-0.10312529375869417
-0.12944740615785122
-0.13253064995078603
-0.14114896914606512
-0.1418363812069098
-0.1434048381925095
-0.14614499901446315
-0.1620813514406715
-0.17016491694731586
-0.2014198607812432
-0.21019873030155922
-0.210249392776556
-0.21081468680588386
-0.21366858206498104
-0.21644853283457147
-0.21751700519525913
-0.21881644167137893
-0.220665652192838
-0.22463209481187127
-0.22609241955897233
-0.22660938570538747
-0.23122515436330104
-0.2361852255675735
-0.24564925404365567
-0.251135827600956
-0.2535665866313745
-0.26035639084875584
-0.2610903649744744
-0.2641765481675975
-0.2646140513437558
-0.26848181877251004
-0.2700620107004527
-0.27091570166934226
-0.28214074787683785
-0.2889601704454587
-0.2911402227121774
-0.29347173473693794
-0.29596190739514966
-0.2962361549434718
-0.2979146997161782
-0.2984724682411814
-0.30136607990044695
-0.3014850256560294
-0.3026781969703734
-0.30492425054217165
-0.3063292079320945
-0.30797589107789786
-0.3128273245399921
-0.3135038117486854
-0.3140120031166589
-0.3161916214856319
-0.3163268776406767
-0.3167336011995628
-0.31688696215860546
-0.3175187191824079
-0.31999601155985147
-0.3210735803980545
-0.3235720224258027
-0.3241470298452719
-0.32427981745018364
-0.3281205685742316
-0.328494641069877
-0.32943784224917183
-0.3308272808036931
-0.3321463046954055
-0.33224894392878923
-0.33369373106402234
-0.33615671359964633
-0.3388002962529981
-0.3396967277931253
-0.34050683194456205
-0.342378923256287
-0.34264889887223643
-0.342741007450968
-0.34288853062389535
-0.3437472993051155
-0.34419833353849755
-0.3465186818201194
-0.3475962936603797
-0.3479129873917878
-0.34872997231367564
-0.34965186078140204
-0.35029886464407256
-0.35044242341672316
-0.35093669599536953
-0.35152488783351143
-0.35231771166145337
-0.3537657032531772
-0.3554607237068315
-0.35553064407496193
-0.35733338678255677
-0.3575242253309625
-0.357777658663833
-0.35807409874056856
-0.3589615625470894
-0.3611371436281843
-0.36162034396159776
-0.361792776229462
-0.36184687572780866
-0.3640284576453269
-0.36644529329332726
-0.37008323008194566
-0.37018649394303793
-0.3721918225097137
-0.37546212719826144
-0.3756341617908734
-0.37602501763103646
-0.3771600808846415
-0.37918310566710717
-0.38057090258735116
-0.3807091151261375
-0.3820840851346361
-0.38215149893353967
-0.3839028872194271
-0.3850064997386653
-0.38516874376655325
-0.38556323083622407
-0.38631577452698757
-0.38636394269444563
-0.3879741547309095
-0.3888466501391829
-0.3892673884469192
-0.3905702154883412
-0.3922806449339128
-0.39281962217213123
-0.3953893128753127
-0.39923586562368796
-0.39973698808898916
-0.40135242012609396
-0.4025558927585672
-0.40415076053068333
-0.40644912401912736
-0.4071057566788535
-0.40877812434175415
-0.40926020689075815
-0.4109846749046343
-0.41224309659290675
-0.4126374855188462
-0.4142793651246595
-0.4144475787645206
-0.41509809669782627
-0.41555188127373793
-0.4164805579607168
-0.41761327895801514
-0.4187308202888744
-0.4190426630375441
-0.41914490158463497
-0.4194125285236169
-0.4194708058261313
-0.42256418595691986
-0.4226365453256221
-0.4232952960852951
-0.42359907840389294
-0.42391409081054526
-0.4240564458220433
-0.4246406977375348
-0.4249061418522615
-0.4262886358983451
-0.42640116467373446
-0.42686959767403704
-0.4269699813704882
-0.4277187468786989
-0.42817152438219636
-0.4292081300842586
-0.43274587088568034
-0.43275954746959977
-0.4331128530728165
-0.4332743136756714
-0.43425555780736935
-0.4342834195122123
-0.43462546062983165
-0.43494913708046723
-0.4349717484728899
-0.4354221373866949
-0.43560369759143214
-0.43811074703698977
-0.4381438931450248
-0.4414539394289022
-0.4427918878531133
-0.44282555879077073
-0.44294705838962856
-0.4440126871975901
-0.44465119515007245
-0.44488482405237545
-0.44490709893204894
-0.44495434380119797
-0.44500660676107817
-0.44625625565167865
-0.44807753272782846
-0.4481501480865215
-0.4488243019208312
-0.44933394206196275
-0.449875994832837
-0.4530138628651912
-0.4530302131785832
-0.4538356545124857
-0.45710605011845473
-0.45752164470104617
-0.45803161412477494
-0.45824098350324977
-0.4582990865577206
-0.4583625935629243
-0.4585185191492201
-0.45950198578284474
-0.4601617157459259
-0.46104504197396634
-0.46125822393078125
-0.46292641570713994
-0.46293401714647187
-0.46331646759709755
-0.4635445595496869
-0.4637919150630978
-0.46398896294542485
-0.46404423731064526
-0.4650950108662073
-0.4659975495387698
-0.46795416658278555
-0.4694738601741847
-0.469753340159918
-0.47017516064750875
-0.47283347211002064
-0.4731176661880454
-0.47532123446991853
-0.47739275413914584
-0.4823665585322901
-0.4842568413538781
-0.48443128051121676
-0.4854812775005552
-0.48557490058841984
-0.4859751473457436
-0.48682614787183665
-0.4872088221093657
-0.4880066922283731
-0.49005945200042333
-0.49060991081309374
-0.491233922982974
-0.4919021353910336
-0.4942779690027237
-0.49442684290180394
-0.49676713675984907
-0.49761228915303946
-0.4991683838223772
-0.4992725896146794
-0.5008892553087207
-0.5019552456033125
-0.503236058845323
-0.5050185620703915
-0.5055988523915099
-0.5056126600185052
-0.5081561419374339
-0.509977158420952
-0.5103284256532788
-0.5115907797719248
-0.5119221942659351
-0.512560430492158
-0.5133788213133812
-0.5137257552317654
-0.5151244480512105
-0.5152443575983247
-0.5251216590113472
-0.5254224109085044
-0.5280328497028677
-0.5299803540110588
-0.5328904210223949
-0.5346263179089874
-0.5374431808789571
-0.5421714625204913
-0.5432009491374225
-0.545003043723617
-0.5470834339600211
-0.5472651333685852
-0.5496547197639302
-0.5502365132716867
-0.5504978611915021
-0.5524150435026968
-0.5529629026641487
-0.5568537494167184
-0.5584947735924288
-0.5610003065417654
-0.562331635291533
-0.5638774415775616
-0.5652320050648996
-0.5665497858197861
-0.5667293504811823
-0.5667622258586107
-0.5670271743755703
-0.5672383906904932
-0.5673582200181044
-0.569444717335864
-0.5721380294132246
-0.5750793231651187
-0.5751870011054531
-0.5760351035985097
-0.5767599398580691
-0.5769166249781847
-0.5780955333939346
-0.5811495739500969
-0.5819400225277365
-0.5847592277780981
-0.5851145114882255
-0.5873469677986577
-0.5878554272154967
-0.5881762938909506
-0.5894472603428188
-0.5895756642955045
-0.5917063791615268
-0.5922747364224051
-0.5926935178861186
-0.5984347254503518
-0.5999627847722877
-0.6016544959524514
-0.6027941703796387
-0.6029640874059458
-0.6041651368141174
-0.6051313623532769
-0.6107324462383985
-0.6111619845032692
-0.6156511202454567
-0.616631281762966
-0.6167524166348379
-0.6170331685221754
-0.6215057815425098
-0.6226260383846238
-0.6232396261101323
-0.6237695347345493
-0.6254491373353327
-0.625743831663082
-0.6263032108545303
-0.6290736253709917
-0.6306374922657952
-0.6332082929366152
-0.6452909307895425
-0.6460266605979996
-0.6505387444291651
-0.6510215393500403
-0.6511558520915818
-0.6643094102849622
-0.6677536577086097
-0.667801448894142
-0.6686880007386208
-0.6735701933503151
-0.6770964718113343
-0.6809800508645518
-0.6829712322214618
-0.6831544244147759
-0.6859950162470341
-0.6892363199882451
-0.6915953020086616
-0.6927845148408475
-0.6955021730266578
-0.6956897972413572
-0.6984465737138331
-0.7039463721739594
-0.7061935365200043
-0.7068892053835693
-0.7081413043662905
-0.708543601911515
-0.7094402222798883
-0.7109653364653544
-0.7122851144056768
-0.7126045823097229
-0.7145107964490307
-0.7176933959126472
-0.71956861691433
-0.7223079891446105
-0.7224847634352045
-0.7236780127762662
-0.7244833269588915
-0.734281578916125
-0.7349168669218974
-0.7397140536457301
-0.7416897632181645
-0.7450898500780264
-0.7455241117907766
-0.7494348896434531
-0.7518818612235009
-0.752918022495578
-0.7563929548487067
-0.7613675514536832
-0.7718780573098533
-0.7789358841073408
-0.7831649002619088
-0.8005488715018145
-0.8025057435534109
-0.8033510811656015
-0.8066639419464211
-0.8067321516573429
-0.8070236411695078
-0.8097542385502103
-0.8195957173593342
-0.8239385434426367
-0.8246366841097673
-0.831045750179328
-0.8336901232444992
-0.8378146429113258
-0.8401495083235204
-0.8428499873698456
-0.8542113546282053
-0.857036833633174
-0.8578486161772162
-0.865895836081888
-0.8900755411013961
-0.8992685424163938
-0.9009396448818734
-0.901364840567112
-0.9065211266279221
-0.9168433692927161
-0.9287031590938568
-0.9355455223092577
-0.9408817781756321
-0.9477499942295253
-0.9530203398317099
-0.9741419930942357
-0.978036031242406
-0.9885900723165832
-0.9984949376434088
-0.9991969844947258
-1.0053425409132615
-1.005636063714822
-1.007359620416537
-1.0213011902524158
-1.0234217947969835
-1.0270086494565476
-1.0309655691186588
-1.0329617522656918
-1.0350952270484413
-1.0429872661455495
-1.0513921082019806
-1.0698713823997725
-1.083068556773166
-1.0868000214298565
-1.0878628753125668
-1.0887360572814941
-1.110625036410056
-1.114742074161768
-1.1164966499782167
-1.121285268414067
-1.1217465847730637
-1.122686744085513
-1.1337585039436817
-1.152225409874518
-1.1746938936412334
-1.1800677203573287
-1.184320816770196
-1.1929417103528976
-1.1959128013113514
-1.2137311864320912
-1.2296234481424715
-1.246169674860236
-1.2543863480289776
-1.2634271821007133
-1.272198736667633
-1.2723196148872375
-1.2843550600615952
-1.293671190738678
-1.2967437598854303
-1.2999998000450432
-1.3029905129224062
-1.3145077418820519
-1.3230701489374042
-1.3250048503745346
-1.3264634013175964
-1.3307658433914185
-1.351804365429416
-1.362588633672567
-1.3659260114654899
-1.3669349499978125
-1.369480311870575
-1.407868661917746
-1.4286665169056505
-1.4353373810154153
-1.457801175226147
-1.5164913280423207
-1.5251899391878396
-1.5353863275959156
-1.543234606583913
-1.584551215171814
-1.5984842185862362
-1.6142875500954688
-1.6182990670204163
-1.686355471611023
-1.753571256995201
-1.7568453198764473
-1.857790897289912
-1.859055697840328
-1.8630223632790148
-1.9664295315742493
-2.017690420150757
-2.0647642953808827
-2.0696008793383953
-2.165008306503296
-2.173496420029551
-2.5815589427948
-2.675531804561615
-2.7588575184345245
-2.8575942516326904
-3.132956446846947
-3.234990384604316
-3.2374224902887363
-3.45275317368214
-4.793313133093761
-4.820588529109955
-5.507562637329102
-6.525282859802246
-10.306339263916016
-12.11215877532959
