-3.0040289857424796e-05
-0.007895874750829535
-0.019496014559990726
-0.03878971850972448
-0.040564489657602586
-0.04620328772580251
-0.052412856835871935
-0.06918588700682449
-0.07467881427567136
-0.07724449768363684
-0.09144653845093369
-0.09817454218864441
-0.10324734149010813
-0.10623267362825572
-0.11039777471614798
-0.11478784961509518
-0.11565758070771283
-0.117118439625483
-0.126058614959938
-0.13053676473524925
-0.13528731279107245
-0.13840100574048442
-0.14212285088433418
-0.1421872793774431
-0.14702439848204246
-0.15891720717627322
-0.15927671949854508
-0.16116393224801867
-0.16124542494890193
-0.16521586432554614
-0.16781725588710592
-0.17223670970027646
-0.1742622044791157
-0.18511892172355146
-0.19067881307273638
-0.19166683470636295
-0.1924069681584418
-0.19677075829195717
-0.19822282145971604
-0.1990650524752103
-0.20468629403452118
-0.20570722556918294
-0.2070317196776159
-0.20862601080721346
-0.21533283824796587
-0.21975250790516535
-0.22014803178608416
-0.2208881310711149
-0.22353753818936783
-0.2244330932434033
-0.22445501184556632
-0.2266124753831801
-0.22870440764427258
-0.2300226713459079
-0.23107444688794204
-0.23233456998883006
-0.2344074710015775
-0.23571456558129283
-0.2365444596806066
-0.24009533097948102
-0.24190190096022787
-0.24345312507024833
-0.24494562900508754
-0.2484562423080206
-0.2487342049266772
-0.2500530704855919
-0.25008571972721255
-0.25168179164858073
-0.2519900435586351
-0.25207980122003293
-0.25611101831309496
-0.2586547386399616
-0.2609639724390075
-0.2627605436469561
-0.2635319916631228
-0.2666622468580802
-0.26855956302266953
-0.2731318280566484
-0.2747316592463499
-0.27540758200921117
-0.2761057660563066
-0.2762438175913734
-0.2767372162364024
-0.27757399818963474
-0.27777706255437806
-0.27843807083554567
-0.28023975090278935
-0.2812667541933479
-0.28144285136035513
-0.28325015122401154
-0.2845405946718529
-0.2908550120072588
-0.29412348099452046
-0.29591399361961523
-0.29765013310316135
-0.2996948999532227
-0.3003512213326758
-0.30178215614675236
-0.3021967986598611
-0.3022709665302601
-0.3033505302795675
-0.3066301970509812
-0.3069526393876665
-0.30762775400307873
-0.3102882256821936
-0.3107883326592855
-0.311267378681805
-0.3127904898024494
-0.3132365364450379
-0.31561690399357756
-0.31608605411602186
-0.3173376166409331
-0.3188015891549488
-0.32175260585231275
-0.3223312585838497
-0.32260795095589856
-0.3231383090972031
-0.32348226234316824
-0.3243580833077431
-0.3253219205653295
-0.32770778149182184
-0.3288910770072387
-0.330458630424533
-0.3309909597039223
-0.3312474020582158
-0.3314757256768644
-0.33200056762434543
-0.3328295923638507
-0.3337788532473457
-0.3339363319042604
-0.33561919096391646
-0.33768255856412
-0.3401274898268942
-0.34075751854106784
-0.34212743979878724
-0.34335370641201735
-0.34364908522876736
-0.34409990796490836
-0.3444929443713691
-0.34597877388118076
-0.3463182032906583
-0.34697141115300056
-0.3511423980299797
-0.35216790829906586
-0.35361193818971515
-0.3543497404943292
-0.35535193962277845
-0.3558837227109406
-0.3563228964988163
-0.35660330028541565
-0.3566033926173115
-0.3578246904330121
-0.36060404378087696
-0.3615331785287708
-0.3668109571452243
-0.3686536924447864
-0.36937956469046185
-0.3716115761947419
-0.37656743236449985
-0.3771940129576251
-0.3791228212002251
-0.38092297576367856
-0.3814507232665265
-0.3815544355195016
-0.38272467313800007
-0.38541318937204777
-0.3865265168327217
-0.38654852617118096
-0.38744193950616235
-0.3882480756845325
-0.3917747476970908
-0.39240716097410766
-0.39387665930310806
-0.4006078463513404
-0.40081734058912843
-0.4017924040854268
-0.4074590698000975
-0.4075734327902708
-0.4088181782104584
-0.4090056546730921
-0.40948996341903693
-0.41152266699669654
-0.413514483453972
-0.41389562650583683
-0.4175675155303907
-0.41846343234647065
-0.4202580118758811
-0.4214507628741138
-0.42190410145225804
-0.42305088157041204
-0.4235045446860113
-0.42415002417854136
-0.4241542044069825
-0.4254788298268207
-0.425793771461323
-0.4274715978244785
-0.4326644318876788
-0.43274418564355227
-0.4329680050058024
-0.43403821531524045
-0.4340580833726563
-0.43485549790784717
-0.4356362006422387
-0.4390790584600634
-0.4405951942317188
-0.44246338597602314
-0.4442057819251204
-0.447064856113866
-0.44762576469802295
-0.44804764084983617
-0.4483016276964918
-0.4516023335357507
-0.4520416014517347
-0.4525076176172921
-0.4532835412827454
-0.455566951384147
-0.45586326802149413
-0.45603258087066934
-0.4563354518264532
-0.45747787770626147
-0.4585503532479589
-0.45877752566552016
-0.46084185080447543
-0.4628673903644085
-0.46316909106099047
-0.4650441226299985
-0.46603878410436056
-0.4669450340599724
-0.46698018003953623
-0.4678935773081321
-0.4726597186177969
-0.4751514720856415
-0.4759783633053303
-0.4784372638290127
-0.4788382579572499
-0.48005696055479347
-0.48191218907918987
-0.4842594259098405
-0.48672160343267024
-0.4871415881247231
-0.48915181175938677
-0.49173195962794125
-0.4936389772028633
-0.49525545914366376
-0.496067244766487
-0.5004342533648014
-0.500609530258872
-0.5021799317457609
-0.5033953211552996
-0.5070888004783127
-0.5076562587637454
-0.5076759345829487
-0.5091536669221013
-0.5097362829837948
-0.5109147905604914
-0.5111948348442509
-0.5146091985396879
-0.5159727132154835
-0.5207102943211794
-0.5218011641828374
-0.5253205772489309
-0.5259520163138708
-0.5262360269029159
-0.5272368610952981
-0.5297825150191784
-0.529801333497744
-0.5316968013842901
-0.531835549895186
-0.5385251604955626
-0.5391695773729714
-0.5419056122239757
-0.5450218845158815
-0.5451240411784966
-0.5474903948488645
-0.5477253211928266
-0.5484554294186333
-0.5518871759495596
-0.552056923819085
-0.5569612946361303
-0.5570150775214037
-0.5583015961705574
-0.5590108134318144
-0.5610174210742116
-0.5622340561822057
-0.562267541559413
-0.5665794083615765
-0.5685544330460418
-0.5685961795970798
-0.5700971910284186
-0.570762115996331
-0.5715768515531506
-0.5743198143151987
-0.5758914392079331
-0.5763898114673793
-0.580042962184442
-0.5840662762348074
-0.5914117801003158
-0.5940069185453467
-0.5962259595592817
-0.5974526621090869
-0.6015372239053249
-0.6042053383665916
-0.6050709560513496
-0.6100029862718657
-0.6109189868438989
-0.6113455891376361
-0.6126129409763962
-0.6215980756911449
-0.6256805200129747
-0.6274800908286124
-0.6302181224105879
-0.6310397195629776
-0.631610631854528
-0.638007684835072
-0.6386164457847675
-0.6417484631529078
-0.643537947191362
-0.6441818444058299
-0.6463771454291418
-0.6510174764320255
-0.6533202280988917
-0.6609336510300636
-0.6644379122881219
-0.6675613773986697
-0.6705112650524825
-0.6757458835840225
-0.6774981040507555
-0.6782637292373692
-0.6802610203449149
-0.6808483362656261
-0.6812206261480848
-0.6813654396682978
-0.6818913198621885
-0.6828293216725191
-0.6870262259617448
-0.6875499513504716
-0.689371699937692
-0.6913904566317797
-0.6970981180432622
-0.7000378222437575
-0.7004162295488641
-0.7016801270838187
-0.7056236997450469
-0.7059750651630262
-0.7097320994362235
-0.7113924163083235
-0.7173995148405083
-0.7236382190603763
-0.7311543025134597
-0.73322366126813
-0.7507560323123471
-0.7544906274915775
-0.7547248174584335
-0.7572674459467331
-0.758358600238959
-0.7607269001503786
-0.7611820838209497
-0.7633615472974876
-0.7636971922911471
-0.7640141496434808
-0.7675287909805775
-0.7690841779112816
-0.7788306859632333
-0.7858040030631754
-0.7874087352654897
-0.7874524176120759
-0.7876213006675243
-0.7936839707195759
-0.7960505792871118
-0.802244842168875
-0.8030156975946738
-0.8134688699617982
-0.8135674615465783
-0.8177956418599933
-0.8323362005408853
-0.8372660391032696
-0.840717253430436
-0.8474867753684521
-0.8526935731206322
-0.8549702783190393
-0.8656279514570347
-0.8657052181661129
-0.8678523953585682
-0.8735471200197935
-0.8765165746212006
-0.8801031935960054
-0.8863614206249621
-0.8898041814863973
-0.8915885440073907
-0.9026879525044933
-0.9035925343632698
-0.9039502996020019
-0.9046857487410307
-0.9109481658857216
-0.912458519928623
-0.9158152576535941
-0.9293375797569752
-0.9296590324491263
-0.9306599597136179
-0.9319195958918759
-0.935005530831404
-0.938745384016147
-0.9454234818695113
-0.9520565707236528
-0.954644748852661
-0.957405078884871
-0.9648358011618257
-0.9855509707704186
-0.9864964447915554
-0.9944015039751927
-0.9971698829904199
-0.9981977384660341
-0.9995899065979756
-1.000292040160275
-1.0188405096530915
-1.0193242892855778
-1.0262277955611352
-1.0342921609990299
-1.0496870586648583
-1.0585957206785679
-1.064885611529462
-1.0656705353176221
-1.0690344236791134
-1.080676217749715
-1.0838547430825354
-1.0885698729689466
-1.0918761193752289
-1.0962324590655044
-1.122941633220762
-1.1274382223685582
-1.130190447671339
-1.131436390336603
-1.1501942005554155
-1.1514104609377682
-1.1518011391162872
-1.1537369448691606
-1.1569201741367579
-1.1610926249995828
-1.1726995979746182
-1.1869160903176332
-1.211101829384764
-1.2325453478842974
-1.2442169600981288
-1.2494169687852263
-1.2775786595593672
-1.2798922061920166
-1.2999808266758919
-1.3144159869157843
-1.314577301343282
-1.3332865685224533
-1.339428832133611
-1.3802740400036175
-1.3913771187265713
-1.4139182219902675
-1.4224832623343293
-1.478369627147913
-1.4984466005504753
-1.5095610215018194
-1.5115256185332935
-1.5149285197257996
-1.5228337943553925
-1.5397811587899923
-1.5415690695517696
-1.5554905322690804
-1.5692335705139808
-1.5712829027324915
-1.5952883195132017
-1.6456068127493684
-1.6475063920370303
-1.6571098063141108
-1.7226713101069133
-1.7345916032791138
-1.7544257541497548
-1.7656589119384687
-1.7911136932937854
-1.8045347675681114
-1.832192838191986
-1.8384043787206923
-1.838487018431936
-1.919521519115993
-2.0423508152365684
-2.0640156254172326
-2.084159846432158
-2.094734205165878
-2.2006022923014825
-2.2968835346400738
-2.303082823753357
-2.34351141192019
-2.406149387359619
-2.4631012607133016
-2.693357634668549
-2.720661990417284
-2.7252649068832397
-2.770648634468671
-2.7906518280506134
-2.8143536210409366
-2.8312107682577334
-2.837533926474862
-2.84218223226344
-2.847790479660034
-2.952204391360283
-2.9633411724547236
-3.0677788187482897
-3.092363594139897
-3.1686177066876553
-3.2804458141326904
-3.449039876461029
-3.478242337703705
-3.5145773282456503
-3.625357151031494
-3.759919509291649
-3.83185201237211
-4.214575350284576
-4.218684673309326
-4.341836512088776
-4.34258574427804
-4.381622495071497
-4.6498093488044105
-4.823321104049683
-5.0832359670021106
-5.124290585517883
-5.703272916376591
-7.596755504608154
-10.316226959228516
-15.223954200744629
-18.191761016845703
