-0.20184033115704855
-0.21448803826933727
-0.2671131797437233
-0.3259964802030784
-0.3619954814930679
-0.3904369451738603
-0.39216339283633384
-0.39650178730031865
-0.40938395490502444
-0.4151925563128316
-0.417405299260281
-0.4380675748660805
-0.44282860234273935
-0.44287759743601784
-0.44604715604443546
-0.4490892815629195
-0.45048035494983196
-0.4537758664449766
-0.45629006149247286
-0.4582208292614429
-0.4650689836171774
-0.47311454641455314
-0.47470375075830484
-0.4818221587847802
-0.48640210038930115
-0.4877452122513205
-0.4879453475038575
-0.48795713984079403
-0.48848846197917895
-0.48894335672095485
-0.49184139848330233
-0.49428588214396557
-0.49442147315461293
-0.49769083598882635
-0.5005879581493157
-0.5029002360570303
-0.5030525371319248
-0.5060879594064318
-0.5061817006182695
-0.507823047297559
-0.5131701767233954
-0.5171586975033972
-0.5244006206131806
-0.5259578827917721
-0.5279988042699794
-0.5301715100818241
-0.5328569998632052
-0.5334369988039336
-0.5357301054010231
-0.5359992298638515
-0.5398120584452825
-0.5428810064612631
-0.5442768708980155
-0.5444414822710247
-0.5458975704014302
-0.5470667704142181
-0.5475666610210383
-0.5484458289130615
-0.5508529277784484
-0.5531422867989649
-0.5561451099502543
-0.5623570851206876
-0.5689587102267603
-0.5704458644007294
-0.5706143506445344
-0.5801818743847045
-0.5807449417377083
-0.5876672660767023
-0.588855622060638
-0.5912614612219235
-0.5955908473614338
-0.5980785624394359
-0.6000784049478277
-0.6002231321978831
-0.6006654179594383
-0.610016444417717
-0.6107196660983997
-0.613512199135148
-0.6150971791745784
-0.6153368988190777
-0.6236333438597891
-0.6246806191405855
-0.6252145019646448
-0.6273054737248458
-0.6284098337084287
-0.6303650262615472
-0.6303701957897699
-0.6563036118522692
-0.6585100971911426
-0.6611622484176353
-0.6673542871192331
-0.669816173954233
-0.6727343615784775
-0.6728850045781454
-0.684074863372694
-0.6866624180867802
-0.6991092819720507
-0.7045087412172708
-0.7288134867946306
-0.7390298807545655
-0.7435318478868188
-0.7461469808800353
-0.7491544221236837
-0.7580628392286599
-0.7602657358159042
-0.763351771235466
-0.7699948640540242
-0.7895996917213779
-0.7975482498745392
-0.7976580012764316
-0.7999263668289959
-0.8015310947957914
-0.8181721688731789
-0.8216976093826815
-0.8271777367219328
-0.8373441639123484
-1.0337892160605406
-1.0412330356387731
-1.1444900557398796
-1.6082338591416676
-1.6669246753056843
-1.7275394074618817
-1.7474764088789623
-1.9778634160757065
-2.036877404898405
-2.3097941637039185
-2.3240842819213867
-2.5283909142017365
-2.7769447714090347
-3.2328286170959473
-3.5461600348353386
-3.7664301122228303
-3.8624438643455505
-3.936272367835045
-4.0354544048508005
-4.053096294403076
-4.109734825789928
-4.165654790898164
-4.328555569052696
-5.726892471313477
-6.127150058746338
-6.232396364212036
-6.412346839904785
-9.033149719238281
-9.146093368530273
