-6.079655122448457e-06
-0.010085120797157288
-0.019255614335027833
-0.027481830989321072
-0.04150111729541095
-0.04969816957600415
-0.07105018101966769
-0.08193453720305115
-0.08608718487394071
-0.08657923495106842
-0.09439752097205201
-0.09734949375223323
-0.10032107005827129
-0.10547670566118228
-0.10549373165535567
-0.10640815748774468
-0.10793555497657507
-0.10824407168000505
-0.11175106263544876
-0.11342792814441004
-0.11646533177311842
-0.11701425964413241
-0.11955364374443889
-0.12028332530254764
-0.121084425074514
-0.12639978794320422
-0.12730426922216792
-0.12732615248897522
-0.12790301886707311
-0.13175658759428188
-0.13209944324841558
-0.13354603876671586
-0.136181589979161
-0.1470043858213962
-0.14843607610964682
-0.15034737402052087
-0.15072006052541304
-0.15100578342874846
-0.15161442356150018
-0.15269966850755737
-0.15680811473448558
-0.1572437015359583
-0.16227374854543086
-0.162494707852602
-0.16367109596467344
-0.16419260203838348
-0.16532180963258725
-0.16542747133928515
-0.1655232654446877
-0.16554585471749306
-0.1655741284612557
-0.1657548228952995
-0.16618596215630532
-0.17122961291008526
-0.17378329681807828
-0.17584698685277544
-0.17910597170703113
-0.1805364014978331
-0.18233390109054426
-0.18514885533865513
-0.1874677122162988
-0.187520376231327
-0.18814893261378174
-0.1903589590551947
-0.19355562296307957
-0.19365941523574293
-0.19523855897476494
-0.19582890376720266
-0.19591921613512872
-0.19602788709353622
-0.19847410872753243
-0.2006788449555946
-0.2012433272384726
-0.2033891953132369
-0.2085363879944282
-0.2088505794185913
-0.2123800053271287
-0.21398615069052299
-0.2141224190592766
-0.2142095458507861
-0.2146308830643496
-0.21465498148140544
-0.21806298055453227
-0.2188487677834928
-0.22024515576167686
-0.22102836010787996
-0.2212379517557565
-0.22143987928500933
-0.22306805655630532
-0.22679341635739547
-0.22786862776411
-0.22793683518184882
-0.2299120439633029
-0.2327073789528716
-0.2335148565543932
-0.2338421880295641
-0.23583693326886054
-0.23615308300440674
-0.23662214714568108
-0.23697525976846615
-0.24196169672094667
-0.2452676570198188
-0.2461787334841347
-0.24778580519480328
-0.248949358372816
-0.24999909350025137
-0.2512705691624433
-0.25485639881581945
-0.2563863831705281
-0.25640792685953784
-0.25693717805148075
-0.25835540538953083
-0.26363696318608165
-0.26396379643119433
-0.2673526598959168
-0.2684382690187906
-0.26891944186410377
-0.2693051990488584
-0.2712052302667871
-0.2719320743162541
-0.27331927555965196
-0.27347482051947525
-0.2741198295610957
-0.27689549293313576
-0.2769489346430987
-0.27781561370386904
-0.2793351793778015
-0.2793428182486508
-0.2800881291040409
-0.2802583444580604
-0.2812035267200005
-0.2835696614602057
-0.283650375590595
-0.2847478226988945
-0.28482343104406027
-0.2848569234374736
-0.2855317216512049
-0.28570833886965374
-0.28661538155124616
-0.28915480296009266
-0.28942156081102677
-0.29279275754067513
-0.29293649139193195
-0.29305542045050004
-0.29314686432389864
-0.29347947317652834
-0.29430266417249284
-0.295236832518842
-0.29548806827774066
-0.29568798784732736
-0.29579614023366896
-0.29890608228743076
-0.2992866711599173
-0.29963329567288594
-0.2999950739952813
-0.3014599288115278
-0.3016166109456125
-0.3016434870660305
-0.3019075123528536
-0.30940917879343033
-0.3102886141730576
-0.3121658478500977
-0.3157186606650157
-0.3164434007860296
-0.3168179127151006
-0.3181104010103906
-0.31892102349252127
-0.3189957523775092
-0.32245080822611955
-0.32280904729848314
-0.3243127180438023
-0.3249243475810444
-0.3258840474882163
-0.32621821050997823
-0.3293149309853713
-0.3293891402916213
-0.32979350151228054
-0.3302145814523101
-0.3321003818941108
-0.33454948593862355
-0.33609972914148656
-0.3380836429631537
-0.3381695157382637
-0.339764142750937
-0.34179532641137483
-0.3423826504999764
-0.34291681569825305
-0.34685979363275693
-0.3471465837355936
-0.34934168886199285
-0.3499691836564864
-0.3508751502021268
-0.3542447626034573
-0.35524968050109845
-0.3565713358882931
-0.3578875761346093
-0.36121807237421827
-0.36209531106723036
-0.3630798149853945
-0.3637621124362189
-0.3638134188950062
-0.3653053538066615
-0.36549905632960467
-0.36735527825334835
-0.3682778284419328
-0.36860307075767196
-0.3694093967496883
-0.3697409494349997
-0.37036510353781293
-0.3703688705442687
-0.37076339015870224
-0.3749375474622606
-0.3758859820663929
-0.37710624909959733
-0.38033254630863667
-0.38035047203284195
-0.3810384648386345
-0.381119679659605
-0.38224473275912485
-0.38298190757632256
-0.3831569234315329
-0.3862711439530055
-0.3898561215479276
-0.3899121910118832
-0.39195532751397066
-0.3920484994741855
-0.39222334298704353
-0.39279189012086135
-0.3944953014188406
-0.39477840343412635
-0.39498718703786534
-0.39513359546845095
-0.39551261611955446
-0.3962632268667221
-0.3973515484969561
-0.3974717160427872
-0.3975077494978905
-0.39834152654345545
-0.39881983255036174
-0.4001584164662662
-0.40058691669037216
-0.4010086798647721
-0.4014122560620308
-0.4014294289850763
-0.4021145407809854
-0.4050432847228421
-0.40653210747768753
-0.4099565763996604
-0.4106558483375314
-0.4125630363289799
-0.418552239001396
-0.4209665018230548
-0.4225330225724195
-0.42391818475395365
-0.42498724895267515
-0.426763093079049
-0.42677993699908257
-0.42766967713275034
-0.42837927847358515
-0.42987493048993886
-0.4328447425338839
-0.4355120879730886
-0.43769857912424187
-0.4381751862487623
-0.4386136052567984
-0.43901649040635676
-0.43915703199327255
-0.44160789499680203
-0.44209230351043516
-0.44361859482402605
-0.4445829306263477
-0.4446724193148839
-0.444905198586639
-0.44567492487840354
-0.4457219446267118
-0.4461846281774342
-0.4467105264771362
-0.4468648153041223
-0.44696447051417937
-0.4472887093600418
-0.4488701407649103
-0.44944297934749294
-0.4509899809113449
-0.4525284154547585
-0.4538587317802012
-0.4562791664114532
-0.4586027169789304
-0.45903932941146197
-0.4609628736972809
-0.4633827682991978
-0.4639123257781778
-0.4646924129088542
-0.4674812292280628
-0.46753816175987595
-0.4684372015148881
-0.4684485508769285
-0.4702623930892774
-0.4727168198830138
-0.47506266462409663
-0.4757438950855969
-0.475763013395499
-0.4797240750817764
-0.4804909626642863
-0.48282519642898675
-0.48602381348609924
-0.4893040301118162
-0.48983081416892155
-0.4899738823994994
-0.49013766857873026
-0.490310063585639
-0.49152767714113
-0.4933351943618618
-0.49586674927559216
-0.49992891075089574
-0.5012125872965103
-0.5016746533918195
-0.5020721943001263
-0.5021921570102373
-0.5022017007854332
-0.5024007940664887
-0.5031397458806168
-0.5031793583084436
-0.5033256618844462
-0.5044514031105791
-0.5070541768135237
-0.5077439283153841
-0.5088559091091156
-0.5100916912306275
-0.5101921010539069
-0.5111104635056108
-0.5121954189879554
-0.5129691873943167
-0.5129950116568378
-0.5133236746963424
-0.5136643459600236
-0.5148312962826935
-0.5150324132293462
-0.517319691402372
-0.5174748855526559
-0.5178838051021254
-0.5194926509367568
-0.5203957976176753
-0.521358367598441
-0.5294217027965458
-0.5297837497976919
-0.5301171246683225
-0.5301488302566213
-0.5334694916222361
-0.5364142805337906
-0.5381318360567093
-0.5382815981283784
-0.5384969464632579
-0.5385654934992393
-0.5388518093870024
-0.5402182017904125
-0.540334212238804
-0.5403430368751287
-0.5415010720897158
-0.54268427982202
-0.5433383455284874
-0.5454005794599652
-0.5478715257098278
-0.5484032527698824
-0.5499753733650342
-0.5500844842754304
-0.5513276115525514
-0.552477071294561
-0.5543122707419432
-0.5573805282794637
-0.557614940975327
-0.5593053113746768
-0.5599158305451407
-0.5608639189352592
-0.5611694255843759
-0.562071194381133
-0.5626133202360014
-0.5649477452004378
-0.5653939450373097
-0.566605880245163
-0.5669762522965256
-0.5686764382877852
-0.5694887157529592
-0.5704109986933569
-0.5704137848570099
-0.5730113842458066
-0.5740417649309771
-0.5746733099222183
-0.5748885569628328
-0.5748977617892835
-0.5750216768841104
-0.5774356038193218
-0.5801427970611257
-0.580451488494873
-0.5804684624696771
-0.5848077788949013
-0.5852032129963239
-0.5871688949759118
-0.5882433794128398
-0.5884524744500855
-0.5884799033403396
-0.5895331799983978
-0.5922301708487794
-0.5923599516972899
-0.5943917408585548
-0.5950289682174722
-0.5985158418505162
-0.5990297088671165
-0.5995529672856199
-0.6004737997427583
-0.6007645793724805
-0.6014806793882599
-0.6022619853261858
-0.6032386489678174
-0.6069074079860002
-0.6107724284132322
-0.6131386123597622
-0.6136036292747511
-0.6137302885763347
-0.6142854503299532
-0.615131077831999
-0.6154226113110781
-0.6204650441138255
-0.6293520117178559
-0.6306787381569544
-0.6312073357819736
-0.6327125366289692
-0.6349258363246918
-0.6371537824826581
-0.6374807454800854
-0.641342702606279
-0.6442948210085054
-0.6443034798971244
-0.6452652169275097
-0.6460884499496647
-0.6464808503515087
-0.6482022486937543
-0.6502813603400409
-0.6505345823287189
-0.6556925881757505
-0.6557694462899235
-0.6570951913793882
-0.657315766704934
-0.6578861251473427
-0.6583218419720651
-0.6611014135598361
-0.6660203009843826
-0.6663843915885082
-0.6677104357097831
-0.6705842778159422
-0.6708109166473151
-0.6727850558585488
-0.6731438213912952
-0.6761867189779878
-0.6820973525173031
-0.6843614631798118
-0.6844313623649734
-0.6871007593392551
-0.6881380746094692
-0.6889832087326795
-0.6898908659815788
-0.6949695697578135
-0.6964397540839855
-0.6981472606284014
-0.6994115048917593
-0.6995113807031885
-0.7001506164780306
-0.7006138879834907
-0.7006219517594824
-0.7017172040767037
-0.7021843786060266
-0.7028720527887344
-0.7049717605113983
-0.7057713880203664
-0.706589994331201
-0.707972726348089
-0.7141407599672676
-0.7153089956846088
-0.7164817452430725
-0.7197408672422171
-0.7200730852549896
-0.7202144075185061
-0.7222299856308382
-0.7229060252197087
-0.7238320992328227
-0.726444539048576
-0.7304406048109134
-0.7305229358375073
-0.7334374727449186
-0.7341138316535054
-0.7344881556928158
-0.7356103550797949
-0.7373314385476988
-0.7386158406734467
-0.738998032908421
-0.7395815545072159
-0.7403736061360178
-0.7417318063477675
-0.7418364246375859
-0.7420334476977587
-0.7467126357369125
-0.7489104120522825
-0.7505588296593891
-0.7517529566373143
-0.7525867253795379
-0.7534984544618055
-0.7540431767988797
-0.7570669071283191
-0.7575449678115547
-0.7585780764186185
-0.7588429337853678
-0.7600315624424638
-0.7612595169671944
-0.7618708908557892
-0.7621562101412565
-0.762252219225411
-0.7671155722346157
-0.7680465696732759
-0.770899665763136
-0.7745691426098347
-0.7804584569530562
-0.7805271172626688
-0.7808929886578981
-0.7821237296939765
-0.7824724622070789
-0.783903576155659
-0.7839611894451082
-0.7842138940378491
-0.7872002385556698
-0.7873426315685114
-0.7888127150945365
-0.7904142752289772
-0.7922395022220111
-0.7942847091471776
-0.7945812772959471
-0.7952457468607463
-0.7994330922762553
-0.8008244931697845
-0.8048075770662358
-0.80959069810817
-0.8106302320957184
-0.8125466649779035
-0.8126086705985168
-0.814342426136136
-0.8148797470310876
-0.8180547095835209
-0.8185185162971417
-0.8197547174155867
-0.8268368126203617
-0.8304600697319984
-0.8314227126538754
-0.8324356019496918
-0.8352123321965337
-0.8409858597442508
-0.8435251379075149
-0.8437315821647644
-0.8441161492373794
-0.845863602226018
-0.8458701846888289
-0.8530645436840132
-0.8548170924186707
-0.8554773090174421
-0.8555622063577175
-0.8557036874582991
-0.8570375440409407
-0.8591193793493033
-0.860149197280407
-0.8615256637334824
-0.8625931252292083
-0.8649869931063482
-0.8671563888779369
-0.8678105935454369
-0.8695800519635668
-0.8710788376629353
-0.8726747706450624
-0.8755752521945397
-0.8818964247766417
-0.8827348489846502
-0.8851640304284436
-0.8862614376204354
-0.8886776593746617
-0.8918493759992998
-0.8940661055634597
-0.906765160150826
-0.9115099704130654
-0.9158304035663605
-0.9183188837487251
-0.9184150892542675
-0.9237809772137553
-0.9245118689205911
-0.9270514555585881
-0.9297422602772712
-0.9326436122258505
-0.9433408807963133
-0.9440265549346805
-0.9444317941864332
-0.949825436941215
-0.9542681326468786
-0.9592044949531555
-0.9625670809298754
-0.9639081859495491
-0.9688157215714455
-0.9703373366501182
-0.9712156653404236
-0.983411218971014
-0.9922519829124212
-0.9960470158053795
-1.0063571487553418
-1.0074777379631996
-1.0119989514350891
-1.0123073495924473
-1.0215199316541355
-1.0244417405774584
-1.0320076296726863
-1.046306874230504
-1.050923453643918
-1.052913311868906
-1.055517436558148
-1.0681745832165082
-1.0739099252969027
-1.0742565393447876
-1.0748118162155151
-1.0751463426277041
-1.0756681703496724
-1.092005259046952
-1.0956813395023346
-1.1116022398553989
-1.1144587509334087
-1.1195146441459656
-1.1304695506890614
-1.147071889291207
-1.1520897559821606
-1.1555251516401768
-1.1571318815861429
-1.1582769080996513
-1.1605564939479034
-1.1618061047047377
-1.161872506673847
-1.1929378286004066
-1.1961151707607012
-1.2103520886351664
-1.2109624333679676
-1.2167067378759384
-1.2219890237320215
-1.2232251813014348
-1.2266970286145806
-1.230235408459391
-1.2314446195960045
-1.2384462070961793
-1.2420020373538136
-1.2514801820119221
-1.2574114054441452
-1.2641754420474172
-1.2672493308782578
-1.2775490793089073
-1.2791614085435867
-1.2860316435496013
-1.3043439239263535
-1.3070704340934753
-1.3091627693247574
-1.3204372993980844
-1.3268115272124608
-1.32811572154363
-1.3373962046578527
-1.3407431691884995
-1.346371828019619
-1.348772943019867
-1.3489523927370708
-1.3584216895202796
-1.3726211428642272
-1.3793284435357367
-1.3978244800652777
-1.4060517602733202
-1.4163563114901383
-1.4331240057945251
-1.447017353028059
-1.4520721286535263
-1.4570554997771978
-1.457603440930446
-1.4687589846289484
-1.4843226540833712
-1.4883322596549988
-1.4966124027139611
-1.5028705732741703
-1.5236844152212143
-1.5331055018517266
-1.546341449022293
-1.5621384054422378
-1.5669121298221096
-1.5869633958985407
-1.5878257446699233
-1.5878458013758063
-1.5973370164632796
-1.608299788252528
-1.6115388515754603
-1.620219275355339
-1.635847712866962
-1.6406900584697723
-1.644492156803608
-1.6631397604942322
-1.6651889979839325
-1.6687748562544584
-1.693326926789041
-1.6970557331806049
-1.698802426457405
-1.6994694471359253
-1.712939143801729
-1.7203599140048027
-1.737847626209259
-1.7504812677701314
-1.7652235597372055
-1.7736003597577412
-1.773771345615387
-1.7914887151370447
-1.8042565993964672
-1.8051349197824795
-1.8091327548027039
-1.8250524799029033
-1.8650837801396847
-1.8674155473709106
-1.877433143556118
-1.8941510713193566
-2.003097489476204
-2.014158543944359
-2.0208522230386734
-2.032781705260277
-2.052472896873951
-2.143012911081314
-2.157130181789398
-2.2046758010983467
-2.2106317207217216
-2.2330471724271774
-2.245505364611745
-2.310975283384323
-2.3372683798273406
-2.393899440765381
-2.4579676389694214
-2.4588797092437744
-2.4798367619514465
-2.615582674741745
-2.7056264877319336
-2.719384539872408
-2.729851819574833
-2.733112543821335
-2.837129667401314
-2.9686176776885986
-3.0516366163889566
-3.183900009840727
-3.2175003488858542
-3.3434777760194265
-3.37357234954834
-3.384305477142334
-3.484163761138916
-3.5023318640887737
-3.54333758354187
-3.555742073059082
-3.555800437927246
-3.584646129608154
-3.5982956886291504
-3.677834630012512
-3.7199487909674644
-3.760992187540978
-3.7785855012286143
-3.802259922027588
-3.9308793544769287
-3.956034320872277
-4.08923077583313
-4.1777383685112
-4.26724910736084
-4.330199768512102
-4.344507744281145
-4.453009843826294
-4.5166593482135795
-4.772377967834473
-5.068997144699097
-5.205729968845844
-5.52196192741394
-5.620107650756836
-18.517549514770508
-18.778261184692383
-21.771268844604492
