-0.0008550625934731215
-0.0016099110871437006
-0.002265956112751155
-0.004917190254976352
-0.00826925197422194
-0.012434759371293088
-0.013373516666303788
-0.01842642482370138
-0.018851071239623707
-0.02118056714971317
-0.021958284967695363
-0.02944301908428315
-0.033946580660995096
-0.04804677898729486
-0.06517524365335703
-0.06769181322306395
-0.07207577890949324
-0.08419320720713586
-0.09125706266301374
-0.09881764039164409
-0.09998934902250767
-0.1068567456677556
-0.11100242873653769
-0.11447175608352861
-0.12934569611024926
-0.14140529208816588
-0.14205529571821293
-0.1439850278198719
-0.14428373119638613
-0.14494157814058578
-0.15022106868370125
-0.15082591716200114
-0.15291763926506974
-0.15341177878629728
-0.15880472103266843
-0.16025604121932702
-0.16074970830231905
-0.1636878282103377
-0.16674791814293713
-0.1760634578691679
-0.1780066382877218
-0.185800254203059
-0.18958975824110288
-0.19019776875647948
-0.19335373979993165
-0.19598936245165532
-0.19892709078267218
-0.21125019155442715
-0.2124033599975519
-0.2194735922773058
-0.22056881612580684
-0.22626604904362466
-0.2280622600607915
-0.22913516278276802
-0.2319260919272589
-0.2333254395343829
-0.23424179723951966
-0.23615374481159962
-0.23932027031551115
-0.241415647091344
-0.24401854596872
-0.24422503943933407
-0.24523115472402424
-0.24532811592022577
-0.24699939914474575
-0.24934785095683765
-0.25561292842030525
-0.2564180826302618
-0.25708460265637506
-0.2607169901408876
-0.2612354977754876
-0.2614773578825407
-0.2619738809785717
-0.2632795571504782
-0.2662010357598774
-0.2678476526889426
-0.26920600489635643
-0.2716343856227468
-0.2730177942559951
-0.2744255622641908
-0.27522429915471647
-0.277700575068593
-0.2792639839608455
-0.28089395936658546
-0.2821677644468663
-0.2843610126250756
-0.2856128192539068
-0.2864526647331548
-0.28647863895942766
-0.2865755897429254
-0.2886424201060436
-0.2896468966287752
-0.2905904008334296
-0.2921849305319137
-0.2967778362383667
-0.2970522876518468
-0.2977291340801111
-0.29994885119522224
-0.3000113328918815
-0.3003951802671839
-0.3047820412304226
-0.30541470135449345
-0.3055220302485395
-0.3070287330386539
-0.3095810586353764
-0.30994072222217384
-0.31012401015808183
-0.3120689010247588
-0.31335260822541183
-0.3144130840458026
-0.31458302394215326
-0.31688096979050895
-0.31852526050060986
-0.31883922576283413
-0.31948692463467726
-0.32220424506314366
-0.3229095325084266
-0.3243247592166115
-0.32523810184405494
-0.32531348042808034
-0.329091087897541
-0.33120983839035034
-0.33127166611589737
-0.3314630779124046
-0.33464840799570084
-0.3352484135364648
-0.33563250582665205
-0.33628628382252324
-0.3381052237028988
-0.3399429444328971
-0.34102946367092957
-0.34414178591396194
-0.34514132123731545
-0.34727133290531736
-0.348188026342541
-0.3487573404563591
-0.3490965826802292
-0.3494824393379127
-0.3495222164120706
-0.35101469046432093
-0.35115542747080325
-0.35258277335464405
-0.35423096269369125
-0.35540117722107595
-0.357747657156627
-0.3597146057873033
-0.3601295401929833
-0.3613651002844563
-0.3614806863479316
-0.36303853726712987
-0.3644968963228166
-0.3654808538616635
-0.3672776437763657
-0.3674223924366136
-0.3678086638133714
-0.36824360333848744
-0.36953932010718354
-0.3707180465665839
-0.3708864364920086
-0.3711903935763985
-0.3716058951365994
-0.3722206091727404
-0.37274327338673174
-0.3736684702129828
-0.3740587250423333
-0.3745514876311063
-0.3769562316592783
-0.37699400689598406
-0.3801124720439475
-0.38059811705506247
-0.3821309837058995
-0.3838234856786961
-0.38405943929475533
-0.3846742476860527
-0.38502015844116816
-0.38806413619646
-0.3884482548455708
-0.39052376402541994
-0.3906637244411589
-0.3917250072667634
-0.3921251093173244
-0.39231774257496
-0.3925341275413909
-0.39309408813572927
-0.39375173670446706
-0.39500661939382553
-0.39556656644812654
-0.39696925565011854
-0.3982321566264935
-0.3987810155376792
-0.4003885794896632
-0.40099644927411443
-0.4011308775985122
-0.40145470340727724
-0.4027945095440373
-0.4035961566900369
-0.4036525301053189
-0.40382498426091235
-0.40434765656079563
-0.4045783580477291
-0.40461837583118015
-0.4047152447283924
-0.40545935051756843
-0.4064715948141903
-0.4071688200087506
-0.40772920424351466
-0.4077694330189843
-0.40911034028977156
-0.40913915338460355
-0.40995989814400674
-0.41014721896499395
-0.41081374252421987
-0.4113104118199165
-0.4113945420831442
-0.4183693261261594
-0.4203133787183712
-0.42074651338367
-0.4210451499384362
-0.4218081550539604
-0.4220376564522407
-0.4243693144431429
-0.42469234073651024
-0.4249021020543296
-0.42507062581147614
-0.425923577348484
-0.4266322761239415
-0.428157135786023
-0.4285197115451511
-0.42935293656773865
-0.4306148721763748
-0.43100585753135795
-0.4325667967981038
-0.4331052840376894
-0.43363779856424245
-0.4343920283019543
-0.4367108595971432
-0.437456451356411
-0.43827121001668273
-0.43866001175377856
-0.4398763374566291
-0.44003891237080095
-0.441993561715612
-0.4423359015272581
-0.44246263617969817
-0.4464914497673615
-0.4467209152268576
-0.44768361902485293
-0.44849393375013524
-0.4487040076235189
-0.4487338795035612
-0.44894559076312684
-0.4491663877372048
-0.44965887382459185
-0.4509518430915907
-0.45237492604064755
-0.4532028823159635
-0.45396770350481136
-0.4541560939633874
-0.4544934779405594
-0.45633323362562805
-0.4574995720759034
-0.45784171762975995
-0.45870458450129564
-0.45981860760948623
-0.4599685214343481
-0.460205646131524
-0.4605599567294121
-0.4609126445712344
-0.4613548102414435
-0.4614491038955748
-0.46208490347489717
-0.4627414532005787
-0.4638680415591807
-0.46490247435091686
-0.4651932247215882
-0.46554116503102705
-0.4680828453274444
-0.46809250451042317
-0.46920340902447194
-0.46981356249824996
-0.47094018726992154
-0.47330088015587535
-0.47455615119542927
-0.47498840760417804
-0.4755628035782138
-0.47670914993213953
-0.4776265703607351
-0.4776320366363507
-0.4781776206800714
-0.48033786020823754
-0.48094036678473157
-0.480972335395442
-0.4815067699445145
-0.4816663668801387
-0.4817861016425822
-0.48182670986279846
-0.4820933286100626
-0.48381454187134904
-0.4839367177670023
-0.48532260504240793
-0.485428020634572
-0.486752964291049
-0.4875766661920352
-0.48768238200976227
-0.4878716524205326
-0.48842877952583047
-0.4889910152581121
-0.49033755030177417
-0.49067227468387703
-0.4913528553609337
-0.49141035505454056
-0.4915815364685841
-0.4933651980033822
-0.49337075473795267
-0.493757161947612
-0.4939705432496137
-0.4940890215220861
-0.4949382855324075
-0.4957771790975585
-0.4958179645070686
-0.49589107800428517
-0.49597597860459547
-0.4964495860040188
-0.49700089053658303
-0.4972711779118981
-0.4990941913565621
-0.49921167601964306
-0.499276925279345
-0.49964562161559506
-0.4996923607541248
-0.500423070602119
-0.5008282290073112
-0.50231913337484
-0.5025452561343887
-0.5029612020589411
-0.5034821428042571
-0.5037624910279798
-0.5037778134574182
-0.5048119018767745
-0.5051019906532019
-0.5079454684164375
-0.5093097537755966
-0.5110061036422848
-0.5112966802359248
-0.5127807542947787
-0.5134862608276307
-0.5135764312617539
-0.513798333410523
-0.5148331994035592
-0.5152302000270639
-0.5158797428011894
-0.5191274977599581
-0.5194482007063925
-0.519897868235906
-0.5203404640778899
-0.5211413365337648
-0.5220936819290122
-0.5228052935684294
-0.5234595806234412
-0.525164824077769
-0.5259846851186012
-0.5268735708751981
-0.5276549547095783
-0.5292001286550658
-0.5295162415131927
-0.5298156711893777
-0.5300059888977557
-0.5314228830466163
-0.5321768510038964
-0.5325218620807087
-0.5335137463278241
-0.5341246514581144
-0.5347118264064192
-0.5351328296609508
-0.5360722840539113
-0.5367599707096815
-0.5372867991100065
-0.5382769049926234
-0.5385758232524884
-0.5386709977319697
-0.5387475615302959
-0.5394356560427696
-0.5395875280846667
-0.5410425029937566
-0.5418184571899474
-0.5419643291694228
-0.5429129127296619
-0.5431293580165532
-0.5440663998015225
-0.5446416455379222
-0.5467807350990673
-0.5469204532629293
-0.5480609430000186
-0.5493026601034217
-0.5493085830821656
-0.5499822258425411
-0.5511154753156007
-0.5525124712335777
-0.5529964201850817
-0.5531165021917938
-0.5534482941686292
-0.5538056042777109
-0.5550072518875823
-0.5556006639963016
-0.5557812560970584
-0.5560941885778448
-0.5575843801322792
-0.5581910954679188
-0.5591147562590777
-0.5593755232357102
-0.5604215495550307
-0.5637217678129673
-0.564475650084205
-0.5650133120694331
-0.5650547679351324
-0.5657751922909584
-0.5671422041632468
-0.5680801790912138
-0.5691253387776669
-0.5700581504286013
-0.5708746963879093
-0.5715376271400601
-0.5732841190571586
-0.5737331179601218
-0.5739353403582105
-0.5755736748906202
-0.5779244365585328
-0.5788150303298607
-0.5796245352830738
-0.5797351053915918
-0.5813158298842609
-0.582039916383413
-0.5835619773133658
-0.5840071312624786
-0.5841080950173948
-0.5872956848470494
-0.5905457607392842
-0.5924670751155645
-0.5941992418374866
-0.5959346362724318
-0.5971992730628699
-0.5973151574493386
-0.5986022592211763
-0.5988180367276073
-0.5997512194194964
-0.5998631734400988
-0.5998900841921568
-0.6008504093689326
-0.6013236206490546
-0.6028135482396465
-0.6028369847947033
-0.6035468560908662
-0.6036435274407268
-0.6046319734596182
-0.6050127659109421
-0.6056068316102028
-0.6079610305750975
-0.6084974732839328
-0.6095393900250201
-0.6126432791817933
-0.6130732744350098
-0.6137280055720892
-0.6138537004590034
-0.6139709020478351
-0.6149579818942584
-0.6156107244979856
-0.6156128121074289
-0.6157919160969969
-0.6180822085516411
-0.6184195788311107
-0.6185132895392599
-0.6185915275293935
-0.6186599678916537
-0.6190255252378327
-0.6217913428942362
-0.6218847630778328
-0.6235166862274387
-0.624042191170156
-0.6244029473513365
-0.6256574280560017
-0.6260020449757576
-0.6268528063883423
-0.6270860614410291
-0.6278532344925528
-0.6284981451705486
-0.6290569305419922
-0.6328744142914989
-0.6340870758673797
-0.6378157809376717
-0.6382534103634369
-0.640911445999518
-0.64142722976394
-0.64355086978364
-0.6457353046862409
-0.6484187296591699
-0.6490155977330038
-0.6506240823447504
-0.651651017498807
-0.6518071321916068
-0.6519742767430015
-0.6525018593030316
-0.65392105281353
-0.6574786292197435
-0.6577365209620135
-0.6582798082381487
-0.6633900409647645
-0.6644307517446577
-0.6660232953290688
-0.6665608438973626
-0.6668911390006542
-0.6678351057693362
-0.6680194750893861
-0.6686554006300867
-0.6701465047895908
-0.6739349574781954
-0.6744545426086656
-0.674781568814069
-0.6775071378215216
-0.6780892537353793
-0.678133711150925
-0.6783622384537011
-0.6788229743639628
-0.6789002499010947
-0.6793988139169025
-0.6822424573678291
-0.6829655726323836
-0.6833835060097044
-0.6842944490878532
-0.6856008561638495
-0.6873309679115968
-0.6899333512919839
-0.6908880744595081
-0.6910798950120807
-0.6919415119220502
-0.6926660390121729
-0.6934393994524726
-0.6938720371357964
-0.6972607477800921
-0.6995445999666117
-0.7022711617044277
-0.7032079063596939
-0.704850003692425
-0.7058020139074264
-0.7068572577970501
-0.7105432078242302
-0.7124775908111284
-0.7135206895472948
-0.7137333961436525
-0.7147230788499915
-0.7155109770440807
-0.7168875262141228
-0.7171437087069664
-0.7172841216836657
-0.7187417540699244
-0.7194417025893927
-0.7200425552117748
-0.7202427900629118
-0.731890921969898
-0.7325352187617682
-0.7331469096243382
-0.7335944987006608
-0.7340126559138298
-0.7344636906782398
-0.7356569746381137
-0.7374120526947081
-0.7378180473045047
-0.7388871411482493
-0.7392582794030508
-0.7394886720576324
-0.7429583250289268
-0.7444849014282227
-0.745120486288215
-0.7483711842447519
-0.7523694336414337
-0.752992898734874
-0.7531153431870431
-0.7533896366755167
-0.7539892112836242
-0.7555363873640696
-0.758287550144208
-0.7601423350473245
-0.7603859796545294
-0.760493522597244
-0.7642489917842406
-0.7678891591333793
-0.7693028366193175
-0.7697125820664041
-0.7697469223290682
-0.7718957272707485
-0.7733235535062184
-0.7734754420816898
-0.7752602739259601
-0.7770004568621516
-0.7774558128478627
-0.7783353011722544
-0.7791269394256233
-0.7819710446055979
-0.7821370931841167
-0.7864224819466472
-0.7880188937760977
-0.790261521861664
-0.7924463540315628
-0.7925285454839468
-0.7931860380679913
-0.79559914348647
-0.7958780206584682
-0.7964772015277829
-0.7974158182713347
-0.7979221443335215
-0.7989691581834839
-0.8023670066941122
-0.8032340899575502
-0.8032608740759315
-0.8057104585071405
-0.8058778745355084
-0.8065032606944442
-0.8075923398137093
-0.8081107011579055
-0.8133949576294981
-0.815048000205674
-0.8197087270440534
-0.8236962753071566
-0.825302193799871
-0.8263391102664173
-0.826779693091521
-0.827065178930449
-0.8282301992177963
-0.8287091171368957
-0.8307002971414477
-0.8314859468955547
-0.8315607590068664
-0.8329354295274243
-0.8342539153381949
-0.8371315658247719
-0.8401187573160444
-0.8447104897641111
-0.8465092977508902
-0.8469194024801254
-0.849440117366612
-0.8522772874150958
-0.85248892879099
-0.8536114136251853
-0.8539089918485843
-0.8558101654052734
-0.8583277654979611
-0.8584592178463936
-0.8625398428644985
-0.8632885185128544
-0.8664812139634576
-0.8674922933181127
-0.8702155273676908
-0.8725340700142884
-0.8754343446344137
-0.8755333995712655
-0.8755805966045175
-0.8770291805267334
-0.877681034617126
-0.8779342174530029
-0.8800161992354939
-0.8847755014430732
-0.8917059415419187
-0.8918942942594489
-0.896910626659519
-0.8985062753484023
-0.9009449185803533
-0.9020349024794996
-0.9032252312948307
-0.9068604799686
-0.908775640418753
-0.9097732897847891
-0.9106565550900996
-0.9115358306361097
-0.9117487141130758
-0.9121663179248571
-0.9123815128899878
-0.9137416527140886
-0.9139577336609364
-0.9148718588320273
-0.9158671706730578
-0.9195404403532544
-0.9212728755082935
-0.9237144276182031
-0.9265941653866321
-0.929823282500729
-0.9341323674889281
-0.9343137913383543
-0.935484044905752
-0.9362058815798567
-0.9370703135306636
-0.9414539039134979
-0.951078076264821
-0.9535524062812328
-0.9590317644178867
-0.960377904586494
-0.9613845041953027
-0.9626973763418695
-0.9634247900297245
-0.9641653675353155
-0.9667806217767065
-0.9671252268162789
-0.9672310999594629
-0.967495792574482
-0.9726153779774904
-0.979816139335162
-0.9820196237415075
-0.9871325277825236
-0.9875887551655372
-0.9887898787856102
-0.9934340881057627
-1.0001741638407111
-1.000768825955068
-1.0035218467770999
-1.0050578087335453
-1.0110184523897867
-1.0117542250081897
-1.0122876539826393
-1.0150935605168343
-1.0219246347745259
-1.021967900916934
-1.0222013172072668
-1.027347872654597
-1.0275720074772834
-1.0285667399439262
-1.0434412378817797
-1.0507907039354905
-1.0590077459164604
-1.0600123582407832
-1.0649398248642683
-1.0699727704438071
-1.0783622562885284
-1.0803809572632115
-1.083046305924654
-1.0841130521148443
-1.086360275876359
-1.0930513739585876
-1.0981444716453552
-1.1005002811551094
-1.109286874352256
-1.1146148070693016
-1.1164991699100937
-1.1276129186153412
-1.127761147916317
-1.1373361302539706
-1.1389846224337816
-1.1410928204655648
-1.1418409232671063
-1.1441946979612112
-1.1510156141303014
-1.1618228269120057
-1.164341935267051
-1.1665834196772065
-1.1734480912952374
-1.1742158307073016
-1.174897986317319
-1.175019103102386
-1.1868275795131922
-1.194434341712622
-1.1994388505045208
-1.2050821974873542
-1.212998528778553
-1.2177480915561318
-1.2258751010522246
-1.2373690660266827
-1.244313322007656
-1.246064690159983
-1.2552437230944633
-1.2660730145095538
-1.2719327410062153
-1.2812828129778306
-1.2849293157458306
-1.2856282703578472
-1.28627235130989
-1.2881379111980398
-1.2990039823219246
-1.3016700184283156
-1.308056275981168
-1.308136499603279
-1.3095478415489197
-1.3157392591238022
-1.3243344739079475
-1.3324864297839147
-1.3342606431651802
-1.3492627839247386
-1.357389735803008
-1.357408807457735
-1.3688244581222535
-1.3736540325917304
-1.37855009967877
-1.3880395200103521
-1.3922384182612102
-1.3924530148506165
-1.4007174670696259
-1.4025894567370414
-1.4150827527046204
-1.4157080849011738
-1.4173498779535294
-1.430083945704003
-1.4401000204961747
-1.4409037232398987
-1.44624700024724
-1.458988847611181
-1.4795984476804733
-1.4809539794921875
-1.4845553681162917
-1.4873843153570003
-1.4943223893642426
-1.5073206897825002
-1.5129104358687375
-1.5278072673536371
-1.5278414722532034
-1.5338341187452897
-1.5381495833862573
-1.5402916328360636
-1.542889898798118
-1.5595140904188156
-1.5679651737213134
-1.5693327763583511
-1.5744092811849744
-1.5856791288897512
-1.5875574592500925
-1.60003867931664
-1.6051518470048904
-1.6097713659207027
-1.6386822164058685
-1.6560884688689839
-1.684438068419695
-1.7086364952847362
-1.7501364019335597
-1.7607039390325856
-1.7830308470875025
-1.7874135971069336
-1.8189827501773834
-1.8788744509220123
-1.8876710534095764
-1.894410640001297
-1.8965028375387192
-1.9123432645574212
-1.9158486723899841
-1.919063240289688
-1.922612260619644
-1.927281237905845
-1.928403874238332
-1.9359591975808144
-1.9564846456050873
-1.9576682141050696
-1.9669472792884335
-1.9704511165618896
-1.981267511844635
-1.9929128661751747
-1.9933918118476868
-2.015288695693016
-2.0311930142343044
-2.032653312385082
-2.043495275080204
-2.0468821795657277
-2.0664100451394916
-2.066514253616333
-2.067679136991501
-2.07852441072464
-2.109553325610856
-2.128737890328921
-2.1393634006381035
-2.1481751998265586
-2.181543955889841
-2.1829529777169228
-2.198278883472085
-2.2103580366820097
-2.2353058829903603
-2.2633915543556213
-2.275166573623816
-2.3408428160473704
-2.34089309318612
-2.393499530662666
-2.4651683568954468
-2.494552731513977
-2.59738081501564
-2.6403567823581398
-2.6412643198661194
-2.715300997098287
-2.722942034403483
-2.825796197692398
-2.8327194849650064
-2.91754949092865
-3.0176852199219866
-3.0340324491262436
-3.0988738442683825
-3.1641858220100403
-3.189677886221034
-3.282632142305374
-3.283815066019694
-3.3050360021491847
-3.3243066867192588
-3.3991771256551147
-3.4352689422667027
-3.444340686313808
-3.485130190849304
-3.5771525231393753
-3.8005290627479553
-3.8817727223504335
-4.0577816267808275
-4.192266628146172
-4.256430637091398
-4.282248318195343
-4.29971529264003
-4.42570686340332
-4.69779304403346
-4.7323863208293915
-4.987416807562113
-5.402295019826852
-6.730277061462402
-10.001288414001465
-10.880008220672607
-10.905314922332764
