-0.00023493390472140163
-0.01301412119937595
-0.04421054036356509
-0.045389176870230585
-0.11798777029616758
-0.13436622731387615
-0.2103762555246552
-0.21590394019149245
-0.22557466245489194
-0.24800852918997407
-0.25467584586510417
-0.2630264238687232
-0.2653632590183945
-0.27971516305802246
-0.2820291583182803
-0.29614623968963216
-0.29689150489866734
-0.30122805647368767
-0.30147034577723764
-0.3036562434259896
-0.3065568786114454
-0.31569497656476286
-0.3304162575950613
-0.33466904764771666
-0.33661879323917676
-0.33695968955830075
-0.34156200717062835
-0.34335140338607745
-0.34345082692855683
-0.3442205577265178
-0.34906442928975895
-0.35387920326805516
-0.35611521470309526
-0.35616289759029013
-0.3587525903898495
-0.3618612207041484
-0.3633342634284054
-0.3645110970321019
-0.3700657397442098
-0.3742218665237488
-0.3765779054524914
-0.3793677493929863
-0.3796786069869995
-0.38373175454325975
-0.3877525473944843
-0.3929534149779859
-0.3932619520879598
-0.39355736164816335
-0.3955946353966283
-0.39700276546292507
-0.40101792263504604
-0.40133650242187285
-0.40210466504765424
-0.40296836957956356
-0.40351872590181304
-0.40356672944744787
-0.4054896204311046
-0.40608775574300027
-0.40877345099142987
-0.4132501550908604
-0.4152651752345264
-0.4153364512778353
-0.4176028753734297
-0.42193684828234834
-0.42221103734336796
-0.42298535831893486
-0.42781165049584363
-0.43172142299135885
-0.43588728173108393
-0.43600891219518545
-0.44042106091167926
-0.44722841632860116
-0.4510816718451679
-0.456062451004982
-0.4571971711811784
-0.45794753694935936
-0.4592287201201543
-0.4599248595962611
-0.46280246563700905
-0.46441394061346525
-0.4667963173060343
-0.4677856916770045
-0.47789664783083613
-0.47853453856077977
-0.4813692725668564
-0.4827482789754868
-0.4829441919070538
-0.4829888439304149
-0.4854371212422848
-0.4902076604978055
-0.49074145048628753
-0.4915061834733933
-0.4935724394395947
-0.495697948603063
-0.4962065517902374
-0.49835518166219117
-0.499184476049028
-0.4995044766110368
-0.5001301356541807
-0.5019494747523114
-0.5024149669276085
-0.5069938822972472
-0.5083181311686834
-0.510198764787573
-0.5102718225282986
-0.5189683396369219
-0.5251638559963215
-0.5268988000461832
-0.5286309121359227
-0.5303756326281776
-0.5334436373086646
-0.5340358055093222
-0.5371035219480594
-0.5402644880790225
-0.5474792225294273
-0.5522152815485076
-0.5553825664537726
-0.5561040759086608
-0.559479784056748
-0.5641603988728353
-0.5670615447404999
-0.5675126093405057
-0.5696584114650803
-0.5702221691608429
-0.570286102528371
-0.5764302510554747
-0.5917558952176478
-0.5919885559317967
-0.5921995139547757
-0.5950302401158426
-0.6009063005447388
-0.6047066955898817
-0.6051502996706404
-0.6063784135209668
-0.614042553678155
-0.6145905587822199
-0.6149344858355247
-0.6153657900635153
-0.6161793413070532
-0.6210827094582783
-0.6226803192070552
-0.6232174914330244
-0.6268409993499517
-0.6274472613715463
-0.6275262713432312
-0.628584000733099
-0.6301907589198285
-0.6318303872313764
-0.6335317900404334
-0.6338308645146233
-0.6368171196776934
-0.6377698290194126
-0.6432866631621437
-0.6442624534247443
-0.6457026677206159
-0.6517922207713127
-0.6518135572667234
-0.6650021678457657
-0.6662737801025287
-0.6758686172647685
-0.6813826411962509
-0.6818584335967899
-0.684623909216108
-0.6872112477431074
-0.6909633195551578
-0.6911492357496172
-0.6939841186449485
-0.6969660873957244
-0.7000388020496757
-0.7051605114506351
-0.7051724192861002
-0.7076278089856108
-0.7090913845625307
-0.7099256380073106
-0.720425870269537
-0.7243576674825616
-0.726288227765508
-0.7367073693312705
-0.7377668063418241
-0.7390612196177244
-0.7429924425003784
-0.7442394317671036
-0.7616530257676329
-0.765446200966835
-0.7699826391820223
-0.7713601957948413
-0.7823648235062137
-0.7925343026290648
-0.8034898032035146
-0.8062959025613964
-0.8211497185626025
-0.832743554098973
-0.8401908320374787
-0.8426192238926887
-0.8433980897068978
-0.8449339415722837
-0.8469701828047013
-0.8488476753035294
-0.8506177264886597
-0.854034927363197
-0.8589748839537302
-0.8614983763545752
-0.8712196424603462
-0.8749019395160887
-0.875388406780227
-0.8764330856502056
-0.877734760248651
-0.8874574545770884
-0.8902193307876587
-0.9059235453605652
-0.911052996913592
-0.917547345161438
-0.9268128181691282
-0.9323329709470272
-0.9323596178687045
-0.9344564898870885
-0.935013542617006
-0.952683687210083
-0.9598859424392382
-0.9741724276294311
-0.9829312903540475
-1.0039191603660584
-1.0309279434382916
-1.0422167455156643
-1.052813047170639
-1.0597837470471858
-1.0669859136853899
-1.0772870182991028
-1.0987409771963332
-1.121382964309305
-1.122622787952423
-1.146352080007394
-1.1477601528167725
-1.156057327496819
-1.1572292881707351
-1.167150892317295
-1.1678716718233773
-1.2050232999026775
-1.2261080569587648
-1.2437213063240051
-1.2552817245014012
-1.2589820977300406
-1.2826579470274737
-1.3133394300020882
-1.3471238762140274
-1.3597385883331299
-1.38798189163208
-1.3987153112888335
-1.4295281966527302
-1.4479558049715706
-1.4570279121398926
-1.5160007491358556
-1.5244219303131104
-1.5928260336319606
-1.657175416359678
-1.677984032779932
-1.8171010265747707
-1.8553033471107483
-1.9061374068260193
-1.9560024058446288
-2.02297541188697
-2.0386953552563987
-2.0552034080028534
-2.0960881400193707
-2.096767870010808
-2.149923674762249
-2.2052730272213616
-2.220688932943934
-2.361802712082863
-2.593892812728882
-2.6031509041786194
-2.6325901761301793
-2.6600156005394333
-2.7090271725901403
-2.8394650235422887
-2.982027053833008
-2.99871940187586
-3.1806299686431885
-3.4700526893138885
-3.477293014526367
-3.552295684814453
-3.6218180656433105
-3.908007264137268
-3.918495774269104
-4.091060563921928
-4.373186707496643
-10.031522750854492
-10.239490509033203
-11.428926467895508
