-0.00010072044081728866
-0.001725079324539062
-0.001744291236150275
-0.0022540743584613665
-0.007217561086539111
-0.02939263826556271
-0.03247719743315732
-0.03689442442714608
-0.04134706519794236
-0.04391097527613965
-0.04652956886275206
-0.05208916828269139
-0.05498027512272623
-0.06068822930137211
-0.06972120012457025
-0.07001938216389321
-0.07290110398693628
-0.07343207687255118
-0.07793766667600721
-0.08927462643223408
-0.09197942631583698
-0.10056383315907169
-0.1189776313258335
-0.12223430117592216
-0.12783471488910436
-0.12805658005769752
-0.1309809208070093
-0.13230221771999814
-0.13288457231672826
-0.14648457453184469
-0.14762512339050066
-0.14872812042934053
-0.1489563746351147
-0.1545800591729508
-0.15614404514997773
-0.15851852850755677
-0.159682930149391
-0.1620741754426929
-0.16796723033823152
-0.17019100301225384
-0.1748319008710837
-0.17579433845949924
-0.17631936968486014
-0.1780210178370453
-0.1794674634634753
-0.1801684989891214
-0.18620052345795557
-0.18973824881780282
-0.19055469723971327
-0.19144060092029466
-0.19238589780744406
-0.19551251591201435
-0.1959793240093859
-0.19689925168142963
-0.19753274008747745
-0.19756366752373347
-0.19970957934856415
-0.20089398222161334
-0.2013318480749149
-0.20144222611988027
-0.2030211117586873
-0.2034520367184392
-0.206238967640085
-0.20678604813026272
-0.2081059743389737
-0.20865778806658314
-0.21255815160723637
-0.2126129408588158
-0.2213123825432516
-0.22237488822293017
-0.22401176762811145
-0.22452186265676397
-0.2272869389671521
-0.2279802707282473
-0.22895384072398883
-0.2302677512351203
-0.23051507639816163
-0.23206755054282743
-0.23297704429159793
-0.23358573236250896
-0.23413078431075954
-0.23442268569488078
-0.23569169261518091
-0.23572754736005663
-0.23615724797295456
-0.23652475492658848
-0.2373832468335119
-0.23984886401207217
-0.24168511033687393
-0.24286381508589666
-0.24390102472573613
-0.24429151900455434
-0.24522743394787708
-0.24522964656352997
-0.24546546447307377
-0.24599188442031542
-0.24836801189685048
-0.24867706911141485
-0.24918543266857895
-0.25325595836956283
-0.25427126768900055
-0.25492544067949874
-0.25613689800700085
-0.25709266653501006
-0.25901723089888323
-0.25909061171372133
-0.26023774412815076
-0.2637914556876889
-0.26522779702281696
-0.26692431776589526
-0.26829389311831164
-0.26984480026687213
-0.2702327922446394
-0.2707399804025322
-0.2732521736399273
-0.2740851789712906
-0.27647922830773397
-0.2778394755926597
-0.28144014601655054
-0.2840758900856599
-0.2848393427415431
-0.2848807476713091
-0.28632673602987563
-0.2880979154724628
-0.28816578728922954
-0.2899423605554148
-0.2901573973411928
-0.290413247177181
-0.29162486009151206
-0.2931407895892164
-0.29532914799854665
-0.29567258069450225
-0.29602698725864796
-0.29607312780490247
-0.298045350665537
-0.29844490682034674
-0.2991048539605692
-0.29963301769800565
-0.30513744012198285
-0.30856283882020275
-0.30941458709821745
-0.31098502887660007
-0.3116337193991058
-0.3135037736792583
-0.3136849885598193
-0.31414095800391806
-0.31580121285839724
-0.3159186317374724
-0.315980777924301
-0.32163039671122534
-0.3229383712431941
-0.32471000094083136
-0.32544952630996704
-0.3283675244551515
-0.3293009745164454
-0.3300554215608713
-0.33007055786464434
-0.3322305874711219
-0.33372077687221235
-0.3356187828621084
-0.33644420317581797
-0.337156915999185
-0.3417612232615966
-0.3430695507786873
-0.3434397329435607
-0.34408718364297786
-0.34444846279620833
-0.3517019334800352
-0.3541079923084648
-0.35528484636663715
-0.3567330960169481
-0.35733175358413405
-0.3581136892081098
-0.3652822689896766
-0.3660893427415431
-0.36646264903497466
-0.3672990999869345
-0.368295118087038
-0.36843148577322105
-0.3686527690641924
-0.3694084783550352
-0.3694732246804051
-0.37087740927167673
-0.3730923670011382
-0.375546399770883
-0.379478952919726
-0.3799053199345508
-0.3805736328013107
-0.38163178428112116
-0.3816780097538867
-0.38603864485796496
-0.3865445297139039
-0.3905695306344569
-0.3907113099012349
-0.3923858950646617
-0.3924504056572914
-0.3932628638798633
-0.3950239376908485
-0.4003059394413867
-0.4017442747287662
-0.4039284164809942
-0.4043486526992638
-0.40501515181615844
-0.4082598700013477
-0.4097611444669585
-0.4101514444509604
-0.41043165960400074
-0.41274419507621474
-0.4138201342920638
-0.4147241071664861
-0.4156844798172743
-0.41993739529136126
-0.4206970096177732
-0.4216193102472971
-0.4248706824833789
-0.4259871926881715
-0.426966244691155
-0.42765295595527275
-0.42789518785514247
-0.43072096309624613
-0.43457806573060226
-0.43499313191196054
-0.43535341136407624
-0.43762800664051776
-0.4395666675261964
-0.43992459663747596
-0.440046607516706
-0.44089912470353737
-0.4458541893873189
-0.4516398723624459
-0.4530930856671887
-0.45324214821590025
-0.45839522683396744
-0.459409078403691
-0.4615691127588174
-0.46307647017381115
-0.46622519896897885
-0.4696688159969459
-0.4702107487579009
-0.47365930475643836
-0.4758819443721742
-0.47625781134336764
-0.48524354057533653
-0.48780437511243235
-0.48895150486159766
-0.4894596715923399
-0.49025593989063054
-0.4927946779876947
-0.49724176717002894
-0.500228613615036
-0.5018648191623599
-0.5039561167359352
-0.5045373279601335
-0.5048499387928261
-0.508113931702812
-0.5081412539505834
-0.5116419692058116
-0.5127595597878098
-0.5139628124390063
-0.5156260320606331
-0.516775292053353
-0.5217537611206353
-0.5225419682630874
-0.5228417576298499
-0.5245512590016006
-0.5257270821174794
-0.5267069886128107
-0.5272097666893387
-0.5299138925622375
-0.5307894727281693
-0.5329688848750749
-0.5374037403944385
-0.5384189982432872
-0.5441398392167685
-0.5488306734817213
-0.5490639867690164
-0.5521546929875123
-0.5550971748307347
-0.5565321537163811
-0.5601002416709283
-0.5601569528891039
-0.5603024048913439
-0.5612553051776357
-0.5662819875753484
-0.568501338745851
-0.5700706404944261
-0.5708009999534198
-0.5750388188470323
-0.5755431231209513
-0.5798172348489364
-0.5799788977684719
-0.5821725443072084
-0.5842257946569589
-0.586335766245611
-0.5863463048590347
-0.5871409398059768
-0.5873749569124941
-0.5888034319581897
-0.5921949692070484
-0.5924404644673424
-0.5929371440783143
-0.593369996745605
-0.5995772563724636
-0.6016839209228887
-0.6027542275303859
-0.6036155154791535
-0.6092030176338691
-0.6109013358363882
-0.6138430200517178
-0.6144857448040663
-0.6156344235641882
-0.6192892733961344
-0.6217112231493805
-0.6247073960424002
-0.6298864100796587
-0.6318062953650951
-0.6352196180412446
-0.6372864061517508
-0.6422780081629753
-0.6440125127788633
-0.6518094055063557
-0.6562641759868711
-0.6617543573180834
-0.6623723039713999
-0.6626214464777149
-0.6627526585076945
-0.6635718174438807
-0.6637791434535757
-0.6643659968394786
-0.6717985948198475
-0.6723529779701494
-0.6727133102715015
-0.6802497701421089
-0.6811251120343513
-0.6812131254861015
-0.6855117185726461
-0.6960533484816551
-0.7020305603742599
-0.7075410389716126
-0.7114620266802376
-0.7124536056497683
-0.7131743328645825
-0.7222508511816462
-0.7275440317505855
-0.7282235628226772
-0.7283863058313728
-0.733542948262766
-0.734062392863312
-0.7340741061980225
-0.7348709409125149
-0.7357355818152428
-0.7371422381433409
-0.7409835649741581
-0.7416377993738732
-0.7419860263665518
-0.7455286703604672
-0.7462103049232004
-0.7470801558971288
-0.751309103022019
-0.7520692354300991
-0.7537920766709638
-0.7552569691324607
-0.7592224512181929
-0.7648341112847751
-0.7675756365060806
-0.777095795259811
-0.777733948394598
-0.7947365223662928
-0.7991325524330023
-0.8049671445041895
-0.8078006605307261
-0.8078347171346346
-0.8100600585341453
-0.8169365966071686
-0.819248892677327
-0.821122482419014
-0.8230095799262926
-0.8277891583629753
-0.837571616502828
-0.8395440126951144
-0.8406368270516396
-0.8408294043814143
-0.8544439940846392
-0.8568675220012665
-0.8587919088701407
-0.8592875967915461
-0.8657591822415043
-0.8675437238998711
-0.8690357214072719
-0.8800041485810652
-0.8863784438023382
-0.8896657118675648
-0.8928583315162845
-0.9034820504375602
-0.9164559617638588
-0.9169221201264008
-0.9305571715037028
-0.9309264607727528
-0.9363477234728634
-0.9400324544403702
-0.9423511675148196
-0.9438016787171364
-0.9452234684722498
-0.9497344354458619
-0.9506731312721968
-0.9511131592094898
-0.9519914090633392
-0.9532650535305341
-0.9559084821958095
-0.9619248377415109
-0.9657857628772035
-0.96791160851717
-0.9679120547953062
-0.9722545929253101
-0.9854700101743219
-0.9857952156453393
-0.9870982617139816
-0.989320296675487
-0.9972192868590355
-1.005999065830838
-1.0135430019969742
-1.0155114187145955
-1.0220531386633713
-1.0227075616518657
-1.0247346572577953
-1.0296252220320525
-1.0409081129023008
-1.046917795110494
-1.062138784196918
-1.0634636477117663
-1.0797993913874961
-1.0863227732479572
-1.1025256800154846
-1.1264959110150812
-1.1421627667732537
-1.1505672261118889
-1.1582525346117716
-1.1646922379732132
-1.187714971601963
-1.1953574526123703
-1.2173756879152886
-1.2607383683789521
-1.266167240042705
-1.2930019690344732
-1.309406002284959
-1.3542856452986598
-1.374503655359149
-1.389969004318118
-1.4004967585206032
-1.4425662762175004
-1.4454629893104236
-1.46991709433496
-1.4815639509106404
-1.5337045565247536
-1.5492847263813019
-1.5863322969526052
-1.6047043522121385
-1.6406552599122126
-1.6845205128192902
-1.6865200665779412
-1.705403094490369
-1.7133429422974586
-1.8092455585720018
-1.9140777005814016
-1.9709090908290818
-1.9909133632900193
-2.011269174516201
-2.100226044654846
-2.4242786169052124
-2.4258023500442505
-2.445936679840088
-2.465479632781353
-2.4980258641324156
-2.5550663675530814
-2.5868804430227783
-2.68009847542271
-2.7957224547863007
-2.9596248865127563
-2.997443914413452
-3.0974589586257935
-3.1761342185635044
-5.002084255218506
-5.77941370010376
