-1.0490362910786644e-05
-0.02873232011770597
-0.030406230017043918
-0.0430603186641747
-0.057913220668524446
-0.07943596504628658
-0.08049673743516905
-0.08790980030607898
-0.10837370753870346
-0.11034610301430803
-0.11561454681880907
-0.11640227960742777
-0.12074690933028857
-0.1237647756934166
-0.12425184712822859
-0.12997278571128845
-0.13169708127518082
-0.13877695014202296
-0.14069296397428843
-0.1488966286604409
-0.15183682549589625
-0.15220175683498383
-0.15872759465128183
-0.1631720694304022
-0.16357824696128123
-0.17577086505560954
-0.176101756101707
-0.18102364849983132
-0.19554201727441978
-0.19761578822576933
-0.19884239401581
-0.2035506920859916
-0.20606655324081657
-0.20711264341338798
-0.21448683530823992
-0.21471092201116132
-0.21529013611039513
-0.2170260006728313
-0.21813210273103323
-0.22083727041642895
-0.22156611202663043
-0.22256722924939823
-0.2238887214098213
-0.23229760024696589
-0.23337520285209534
-0.23404653741114695
-0.23441259536593861
-0.23697567414201332
-0.23807205313745985
-0.23955992380013832
-0.24032160957330445
-0.24347981366528465
-0.24500855348176426
-0.2469228481125659
-0.2480381552223763
-0.2558337900157009
-0.25611764421303046
-0.2566379040612706
-0.25724642324494196
-0.26264323007999335
-0.26432464300160063
-0.2666477857731349
-0.26778069076401434
-0.26889605604083044
-0.2702651502008343
-0.2726906146162946
-0.2729648165477556
-0.2761324902850902
-0.27616767682138743
-0.27749882405623794
-0.27792907682887746
-0.28139513926871584
-0.2818481888053401
-0.28507481162419673
-0.2851038453453738
-0.2873820432469074
-0.2903315412782831
-0.29536500945687294
-0.299518588452394
-0.3000559701985266
-0.30291511291094747
-0.3054870593798114
-0.3057028368736307
-0.3070294565986842
-0.31135989995285246
-0.31230785298005986
-0.3156163514315267
-0.3174606429063715
-0.31822978467809865
-0.3234907070727786
-0.32371034084280836
-0.32633614771718084
-0.32969507003144827
-0.3333796719462043
-0.3350938519775405
-0.3359295523696346
-0.33641183858188534
-0.3377549816505052
-0.34053692845336625
-0.34177261200966313
-0.3449560040547415
-0.34849693151611266
-0.35088459495870794
-0.3509590868212399
-0.3521450103842653
-0.35236981777528015
-0.35526009508046424
-0.3570023224187585
-0.3612851478456933
-0.3630780426901765
-0.3635289993742065
-0.37117122713971185
-0.37452183110872284
-0.37605767579407257
-0.37671101443629595
-0.3773915150013636
-0.37752959728823043
-0.3844908932596809
-0.385080782336165
-0.38766167572612176
-0.38861075459426503
-0.3922981700161472
-0.3923387817922048
-0.39310208971073735
-0.3952237099467311
-0.39548500971997985
-0.39608769215647044
-0.397679659525036
-0.3994714200409362
-0.4016716440397431
-0.40284282349360484
-0.40348783342374694
-0.4038410247497571
-0.4046671967565392
-0.4048330251353036
-0.40695719327777624
-0.4083412310574204
-0.4083471827339963
-0.4119605485575448
-0.41404253936967245
-0.4188401542014617
-0.4222601470703791
-0.4226296500211382
-0.4227394739476343
-0.4253862237133035
-0.4283755349736436
-0.4289871442868995
-0.4309090076189023
-0.4352203920718441
-0.43606020195875317
-0.4365771376372625
-0.4384364704795492
-0.44166159889169243
-0.44382587913839544
-0.44383473934916157
-0.4445274065292324
-0.44573141320142895
-0.44658218559834495
-0.449515864031855
-0.45017515127256047
-0.4534510046665673
-0.4539843028112955
-0.4551814579616702
-0.45545967200139004
-0.45629561931387536
-0.4593163065088447
-0.45948486608540406
-0.4600690252846107
-0.4624138318467885
-0.46293045266065747
-0.46694210894565913
-0.46751847462534596
-0.46935806496912846
-0.4706018742399465
-0.47193498601942946
-0.47204896040420863
-0.47313289082376286
-0.4733898142003454
-0.4756644899491221
-0.4775796418180107
-0.4811180062949591
-0.48117788071976975
-0.4853777786095937
-0.4859186346034726
-0.48741793937515465
-0.4877393977949396
-0.48820261470245896
-0.48820990324020386
-0.48888549340335885
-0.4910619991957598
-0.4934391554949495
-0.4941883718164111
-0.4942839394272596
-0.49521365265051526
-0.4957149624824524
-0.49747035695327213
-0.4987298111373093
-0.4995193416317407
-0.4996176253116573
-0.5038072401981076
-0.5041277253601167
-0.5106388592310915
-0.511681817992212
-0.5163215784782854
-0.516451681232346
-0.5173948618823487
-0.5210790242999792
-0.5243547928985208
-0.5251246278250099
-0.526229496475675
-0.5305214334964856
-0.5377039510756731
-0.5381614176207222
-0.5386466693598777
-0.5390079861473558
-0.5395161746225009
-0.5403230622427405
-0.5422646521571247
-0.5432022877037526
-0.5492443619254378
-0.5593393274009161
-0.5626078618879546
-0.5647946894168854
-0.5659281363768969
-0.5700515633008243
-0.5727437766701249
-0.5769267083645294
-0.5792146745637486
-0.581270103056795
-0.5820065691036039
-0.5850490698567228
-0.5856673239710896
-0.5858775305277959
-0.5861986147239804
-0.5885039824006526
-0.5923571085801417
-0.5961164369405846
-0.6003246559952718
-0.6004101044009076
-0.6004803613759577
-0.6011647581347331
-0.6021211579458655
-0.6021454739384353
-0.6024921051430283
-0.6046208856361253
-0.6063410664598147
-0.6095298474509037
-0.6123627708875574
-0.6133286580443382
-0.6143775084664023
-0.61662755662242
-0.6166556691750884
-0.6174994222819805
-0.6189152471662964
-0.6195737494902763
-0.6199849090254348
-0.6203077514405272
-0.6207136595844834
-0.624361086539769
-0.6293716747604776
-0.6355804737928944
-0.6369460173640012
-0.6384387035130723
-0.6405547212967316
-0.6411531890982587
-0.6418650137376971
-0.6420103566624675
-0.6425213410045465
-0.6425824317014882
-0.6433093265319864
-0.6440039123648603
-0.6455168751793584
-0.6487876548089844
-0.6498278205994708
-0.6499080085074335
-0.6522113128498859
-0.6557297195548017
-0.6562601136920421
-0.6562753805541434
-0.6590427549090236
-0.6601016147130091
-0.6616515488519022
-0.676801586135601
-0.6779490823197799
-0.6801950666362245
-0.6810255170955012
-0.6842303885277943
-0.6871502271387726
-0.6879137779091252
-0.6892991662025452
-0.6900258541754738
-0.6920006277029064
-0.6949015512691403
-0.6952691373233776
-0.6977774160859553
-0.6985717539597923
-0.6990270310197957
-0.6994420416862447
-0.7005260991809337
-0.7007322516292334
-0.7022723311994923
-0.7028164591885999
-0.7051035196469456
-0.7052699410854654
-0.705380318767441
-0.7076462375241265
-0.7091516608808888
-0.7095431392866886
-0.7097922841967375
-0.7104668425276673
-0.7113951508313461
-0.7162703573703766
-0.7164730560034513
-0.7168332228902727
-0.7195219240634555
-0.7215393160178791
-0.7224699867560718
-0.7228432248295575
-0.7264741397623712
-0.7276722691931354
-0.7280011385654299
-0.7291681344126119
-0.7300202599927776
-0.7327659702568781
-0.7329543154802296
-0.7341434713866462
-0.7363493418455446
-0.737254381274397
-0.737330259209557
-0.737334449118498
-0.7373438367270865
-0.7398777742296501
-0.7398996470728889
-0.7402834381216963
-0.7419053125324555
-0.7419535052031279
-0.7436199124009969
-0.7436801119973617
-0.7449335561444362
-0.7450821917619679
-0.7459310666890815
-0.7466568564025996
-0.751532676818897
-0.7521259934123505
-0.7522400392808777
-0.7526723677615842
-0.7528703330317512
-0.7534540415896723
-0.7541426309257986
-0.7551983236917295
-0.755815480966703
-0.7587132007545072
-0.7595651970865825
-0.7603142040497914
-0.7622984344424266
-0.7642971684205501
-0.7648863017559051
-0.7649249356240034
-0.7664375914391712
-0.7674817333121181
-0.7707527615129948
-0.7708370302512776
-0.7712497461034218
-0.7727039759833133
-0.7734959088679303
-0.7765668112784624
-0.7800482290513173
-0.7818574403871834
-0.7843631541356444
-0.7843766915986115
-0.7861986287628367
-0.7892406955361366
-0.7961452616509632
-0.7965329747647047
-0.7969832345843315
-0.7987620470696128
-0.7990787498594727
-0.7994016110897064
-0.8015134990215301
-0.8094598352534896
-0.8102050522831545
-0.8116333271401734
-0.8121592413820812
-0.8128312704899475
-0.8143428068121595
-0.8172594130039215
-0.8202503075202306
-0.82104918572966
-0.8213292360305786
-0.8234768399619498
-0.8239395577460528
-0.8239793604094302
-0.8276275175339833
-0.8298533398658037
-0.8330217622909307
-0.8333544073144107
-0.8338073192903919
-0.8372514404254616
-0.8388431530445815
-0.8408288588515184
-0.8439109984319657
-0.8465062881732592
-0.8491751337941322
-0.8551712657014529
-0.8583318907767534
-0.8611773652723059
-0.8615676124787165
-0.8637096725093821
-0.8672815766185522
-0.8682358503162839
-0.8705032379255736
-0.8710819442057982
-0.8751162029802799
-0.8765842187131057
-0.8767511062192387
-0.8782365576674541
-0.8793621725169942
-0.8800043092342094
-0.8815261132540004
-0.882061252420143
-0.8825278536969563
-0.8853272044216283
-0.8855792379908962
-0.8874826189130545
-0.8876388898468577
-0.8883666330424603
-0.8932840833091177
-0.8933727403698293
-0.8959914840914001
-0.8971127880116304
-0.9006013106554747
-0.9058004683931358
-0.9068755548861291
-0.9157597011265656
-0.9172991756349802
-0.9194986958285881
-0.919602544978261
-0.9223544432315975
-0.9249099337612279
-0.9253186309037523
-0.9256247053854167
-0.9263714890927076
-0.927331868270091
-0.9279085242305882
-0.9293560316520078
-0.9297034965129569
-0.9330136577288309
-0.9338981257465936
-0.9379585824208334
-0.9397597261765775
-0.9402070248782236
-0.9404802674143866
-0.9427951633930206
-0.9428209027275443
-0.9438980400562287
-0.9454079638235271
-0.946250393986702
-0.9465829798718914
-0.9481125959428027
-0.9490705899399472
-0.9499230490764603
-0.9499844921881083
-0.950312964618206
-0.9507844030857087
-0.9576714012080629
-0.9628791326863898
-0.9650299622677266
-0.9662782178493217
-0.9662881116266362
-0.9669843555974036
-0.9688779413700104
-0.9690546572208405
-0.9696962828082698
-0.9700892686843872
-0.9718708251881253
-0.9721834299736656
-0.9780203824241956
-0.9803439295981662
-0.983514279127121
-0.983677089214325
-0.9875055073644035
-0.9878133620630252
-0.9879441212946404
-0.989972494659014
-0.9902917978935875
-0.9910819598978075
-0.9911038701732954
-0.9930005490779876
-0.9974146879540058
-0.997482587531392
-0.997514274497371
-1.0007602907717228
-1.0008072704076767
-1.002496987730006
-1.002963671737234
-1.0040591298602521
-1.009669836834073
-1.0129876053536766
-1.0145967627177015
-1.015002795184652
-1.0163678586483003
-1.0204454942692922
-1.0224237631126825
-1.02316878853266
-1.0244649542534414
-1.0289389669895173
-1.030353478831239
-1.032506843775991
-1.0331023074686527
-1.033763833401584
-1.0437357320583291
-1.0465290970104333
-1.0485014986313348
-1.0494837239384651
-1.0511102634482086
-1.0542861256393128
-1.0544473119080067
-1.0571414288133383
-1.0576671505719424
-1.059436782778357
-1.062426944006662
-1.0626085520519923
-1.0635439213365316
-1.065920181668781
-1.0662181942413251
-1.067106012778216
-1.0681836471582453
-1.0769620140393574
-1.0770257735936244
-1.079641702133813
-1.0841388920322061
-1.08654147364432
-1.0884857073623506
-1.0885759226512164
-1.0907754860879657
-1.098162843748233
-1.102261058986187
-1.1033516756724566
-1.1046593636274338
-1.1058191537857056
-1.1058480582820873
-1.1093126739889647
-1.1132398579585632
-1.113893046132294
-1.1168366769949596
-1.1201669164001942
-1.1238017529249191
-1.12566033013165
-1.12589180059731
-1.126177407830255
-1.1318299735337496
-1.1319738582574896
-1.1320192333724763
-1.1353049476941426
-1.1428003907203674
-1.1444521298011143
-1.1465302744057095
-1.146573489781336
-1.1549731127452105
-1.158317930996418
-1.1584185801135998
-1.1611017370596528
-1.16345716714859
-1.170105779543519
-1.1796479317272315
-1.1819750398397446
-1.1859163121719445
-1.1880752939730883
-1.1958947091230325
-1.1959384775691433
-1.1960530903942137
-1.1983338044956326
-1.2055995108870168
-1.206562578678131
-1.2079542144922015
-1.207978773535433
-1.21497019007802
-1.2166444070637226
-1.2169377976097167
-1.2176992502521897
-1.2197494034182454
-1.2212229979146894
-1.2371440798044204
-1.2409904464868304
-1.2443478132287662
-1.2483223649905995
-1.2486475501209497
-1.2496507031144575
-1.2563592791557312
-1.258373269112053
-1.2613150430552196
-1.2619302150560543
-1.2622965663671493
-1.2775433647794772
-1.2894062250852585
-1.298608241796804
-1.2994089076916377
-1.3048231179515521
-1.3053077865850355
-1.3145613314376936
-1.3176211399279834
-1.324686706731362
-1.341548611720403
-1.3553307751814525
-1.3715956318709586
-1.3722748054590608
-1.37699024958743
-1.385788877805074
-1.3870295658707619
-1.3927157912403345
-1.3980518504977226
-1.398739120612542
-1.399423366064002
-1.408877216500615
-1.4163555229703586
-1.4176907036453485
-1.4332897171378136
-1.4335244596004486
-1.438661583699286
-1.4453640915453434
-1.4609311819076538
-1.4702980112284423
-1.4775722081293579
-1.4837061564127605
-1.4853263822391454
-1.4914340537839703
-1.5004348121583462
-1.505398578941822
-1.5183039903640747
-1.5206156607717276
-1.526550367474556
-1.5702769892911117
-1.5718421780814726
-1.5840875372079608
-1.5844083838164806
-1.5887531101703645
-1.6116853561252356
-1.6155100464820862
-1.6204243004322052
-1.620990090072155
-1.6217020670218127
-1.6272398115834221
-1.6286507215350867
-1.6304558105766773
-1.6327616373697917
-1.6340888454578817
-1.6356808961407094
-1.6371902185492218
-1.6374111732402525
-1.6598298121680273
-1.6603594534099102
-1.6653593257069588
-1.668236255645752
-1.6703097082674503
-1.674063265323639
-1.677694281935692
-1.6836166977882385
-1.6866020895540714
-1.6920672852545977
-1.6961246229708196
-1.6961312357336282
-1.7043497502648581
-1.712798535823822
-1.7154622673988342
-1.7170845940709114
-1.7212014765744763
-1.736948272585869
-1.7416497061494738
-1.7452009916305542
-1.7505722641944885
-1.7519174218177795
-1.7658952474594116
-1.7781059130405386
-1.7973738312721252
-1.808163007100423
-1.8139721304178238
-1.8207773357474555
-1.8312149215489626
-1.8344640284776688
-1.843851367632548
-1.8462081171067741
-1.8635801672935486
-1.8646836280822754
-1.875232493877411
-1.8817519843578339
-1.8872836045920849
-1.8958544731140137
-1.9012251297632854
-1.916167825460434
-1.9324894348780315
-1.9338335990905762
-1.944863458474477
-1.9533124770969152
-1.9626392138112958
-1.9748190641403198
-1.9975189864635468
-2.0021963119506836
-2.0132266142701547
-2.0179335720216236
-2.025375448167324
-2.042147159576416
-2.045932373031974
-2.064472476641337
-2.0686601400375366
-2.087530617369339
-2.093066801627477
-2.1112109646201134
-2.1674013839413724
-2.1973711997270584
-2.2015234231948853
-2.2090344429016113
-2.2348758776982627
-2.243873127736151
-2.2526265382766724
-2.258893609046936
-2.2610148787498474
-2.261494999130567
-2.2676271200180054
-2.2797162930170694
-2.302920604745547
-2.3141389694064856
-2.31633397936821
-2.3264674469828606
-2.3413865150650963
-2.348037670056025
-2.354294776916504
-2.3579975962638855
-2.4012770652770996
-2.402173638343811
-2.406604217631476
-2.4332842342555523
-2.4572672843933105
-2.45921612624079
-2.4708487510681154
-2.4711888432502747
-2.481490805745125
-2.486388936638832
-2.5020125210285187
-2.5044635931650796
-2.530767560005188
-2.5406078696250916
-2.5429016917943956
-2.5573707103729246
-2.566083550453186
-2.590854834765196
-2.5943636894226074
-2.635140299797058
-2.6557968258857727
-2.68928524851799
-2.7120859225591025
-2.717309147119522
-2.7238564491271973
-2.732236464818319
-2.74272358417511
-2.7539350271224974
-2.788828566670418
-2.792368187724302
-2.8038220405578613
-2.8610148842368894
-2.951981872320175
-2.9669316609700522
-2.984088718891144
-2.9909017086029053
-3.01398241519928
-3.0607117004692554
-3.0997963547706604
-3.1750335693359375
-3.2056736052036285
-3.2525110244750977
-3.3025290158887706
-3.332289695739746
-3.342538853486379
-3.3931234776973724
-3.402751326560974
-3.4141167799631753
-3.4945229291915894
-3.5002475678920746
-3.5133776664733887
-3.545865657062677
-3.5471930503845215
-3.5670249462127686
-3.609994391023065
-3.695781866709391
-3.734356090426445
-3.742501735687256
-3.7561562061309814
-3.8178563094515994
-3.8302638903005573
-3.8320889472961426
-3.844109535217285
-3.865776856740316
-3.8831573327382407
-3.9627320766448975
-3.96965703740716
-3.9876296060780683
-3.9972137212753296
-4.12543249130249
-4.133112072944641
-4.595679759979248
-4.8325347900390625
-4.899824716150761
-4.922062953313191
-5.51735258102417
-5.683265209197998
-5.703156813979149
-5.714179039001465
-6.366182804107666
-6.5234503746032715
-6.786305665969849
-7.717397212982178
-14.609614372253418
-15.894434928894043
-15.91773796081543
