-3.576278118089249e-07
-0.02969225381578629
-0.03548634592698363
-0.039274530237629994
-0.0681035507186607
-0.08393102766502933
-0.08770899474620819
-0.08779696561396122
-0.09464688249772735
-0.10344054391316604
-0.12017402645223127
-0.13442262391537144
-0.13628074615908622
-0.14159347761475752
-0.14841301083859954
-0.15415618795418595
-0.15468927775405714
-0.15751150727737695
-0.16114887529693078
-0.16481114446610767
-0.16525941703921967
-0.16639720411713874
-0.16696456739728524
-0.17100617987203545
-0.17694966954357888
-0.17850580022059148
-0.1791124245447511
-0.1792977103420526
-0.1819267048141228
-0.18678171058456342
-0.1873608088666515
-0.18988952785730362
-0.1911766595916965
-0.19565395265817642
-0.19865731384058766
-0.2002142697545878
-0.20207224567752746
-0.20271562444904703
-0.20437287638520096
-0.20442304801192795
-0.209100765035651
-0.2097386213224834
-0.21839365851418632
-0.2185141306367263
-0.2197422726086289
-0.2198886597318051
-0.2199656367301941
-0.22504675819945988
-0.22797883823513984
-0.23282434046268463
-0.2361284246959258
-0.23718647815985605
-0.23758116460230666
-0.24031728047076387
-0.24069513841540255
-0.2438740229779796
-0.24682940258207964
-0.247279269052342
-0.2499510645508193
-0.2535298786105058
-0.26283459515414304
-0.2635227653436232
-0.2636316581018036
-0.2637976156267022
-0.2651567313534377
-0.27327255986165255
-0.27603125392904204
-0.27792739015525775
-0.28123231340335525
-0.28501989717096876
-0.28640188849999504
-0.2895136027687436
-0.28985931552483635
-0.29212822593285637
-0.29471133823629797
-0.2958464093670565
-0.29644837401019686
-0.30154757027614526
-0.3027110969191199
-0.30659852575045077
-0.3088983317674219
-0.30898397836790537
-0.3098682587596533
-0.31012508663504074
-0.3110857402449255
-0.3119861523146028
-0.31323071356496257
-0.3137653287073287
-0.3144294839927598
-0.31490733157843354
-0.315878909669118
-0.31618238167882534
-0.3171158031676896
-0.3195050341564638
-0.32052125766349493
-0.32098839606624097
-0.3213509278721176
-0.3261515115862494
-0.3284539985470474
-0.3287539766402915
-0.3307848322438076
-0.33102224461721824
-0.3315348608739441
-0.3331408821261273
-0.33413920377400547
-0.3359389673205442
-0.3364513584703673
-0.33929273249450487
-0.3413243587387519
-0.3425187598440971
-0.3428448890335858
-0.3455505436351005
-0.34559895425724485
-0.3469832531467546
-0.3472679056314519
-0.3476045763665752
-0.34906284962455497
-0.3506558621091244
-0.3525644704233855
-0.35444217876324224
-0.35622282666512406
-0.35727486363703065
-0.35753534466243764
-0.35777028952621287
-0.3583606874017278
-0.35986291120375424
-0.3600838435134695
-0.36073158603782457
-0.3611611466840259
-0.36175938264932483
-0.3624039057419092
-0.36311183790676294
-0.36361306299513674
-0.3657834149089467
-0.3666018085903488
-0.3703060722524242
-0.37056312499387584
-0.3737796202757246
-0.3738453262612893
-0.3746401036598854
-0.3763886133665437
-0.37759398436173797
-0.3780751212616451
-0.3784337413468165
-0.37994452882776386
-0.3809804538053868
-0.3831939849634572
-0.38670692382200084
-0.38704340560879147
-0.38710560026164686
-0.39019705228274687
-0.39187170005193367
-0.39235294322716074
-0.39267086356730113
-0.39280730905011296
-0.39285603559110316
-0.3932107156397251
-0.3952619052809799
-0.396116042137146
-0.3961315307398244
-0.39791936745556694
-0.39802538311212426
-0.3987208287289832
-0.4009825885348784
-0.4025202379950012
-0.40359049568521893
-0.4050634587416425
-0.40606434734290814
-0.40675736082064556
-0.407160718832165
-0.4074943173938664
-0.4090264747342603
-0.4132599750268532
-0.41698987655108793
-0.41873875060783966
-0.41932559303822925
-0.422532320371829
-0.4253932583378628
-0.4266818272997625
-0.4282378321604483
-0.4282402175789078
-0.4340787908731727
-0.43491293489933014
-0.43789703260796764
-0.43852157541914494
-0.4392852516701588
-0.4398435726761818
-0.44004433138761667
-0.44193852932876326
-0.4441900512153682
-0.4449765782648077
-0.4450556576251984
-0.44625410220275324
-0.44653449207544327
-0.45050597361987454
-0.4505134276114404
-0.45078988481448806
-0.4514020520477465
-0.4515323052368735
-0.4525014177779667
-0.45482321646704804
-0.4614691596406584
-0.46306382433653603
-0.46400937243015505
-0.46401713949162515
-0.46408518336950993
-0.46491296372065943
-0.46596519676677417
-0.46789061177575303
-0.46810517412710134
-0.4684633827030969
-0.468529240693897
-0.4688328420003624
-0.46889362546789926
-0.4692567741814336
-0.47073188035574276
-0.4709864900854882
-0.47332254323621537
-0.4759548078509397
-0.47598135471343994
-0.4824973027280066
-0.4826802215538919
-0.4879158810363151
-0.48922684400652844
-0.4912083036916946
-0.4916121324786218
-0.492586545587983
-0.4957667592098005
-0.497395991081638
-0.5000551384873688
-0.5006226751332482
-0.5021260952667944
-0.5087264397019075
-0.5089151836000383
-0.5090706694172695
-0.5139481150632491
-0.515455182583537
-0.518325045230865
-0.5192578991118353
-0.5194627990325292
-0.5196256206603721
-0.519875137048075
-0.5200574208671848
-0.5209760144352913
-0.5216327026367557
-0.5223494509691591
-0.5232800671025567
-0.5260553984062426
-0.5299824600418409
-0.5354363142327895
-0.5363771916832775
-0.5409458186477423
-0.5432245596783468
-0.5436939106555656
-0.5440380306293567
-0.5484823922250598
-0.5492139832349494
-0.5546336735569639
-0.5565426336058105
-0.5582385767639564
-0.5582400932196632
-0.5592660547109618
-0.5670590978115797
-0.5707250174933246
-0.5744948208332061
-0.5758695740452302
-0.5764988609764259
-0.5766403972965135
-0.5771218835725449
-0.5781186311588888
-0.5790057601673956
-0.581371968288699
-0.581401993375645
-0.5822951735113747
-0.5864152691538038
-0.5876653586019529
-0.5907051052975779
-0.5913758995566696
-0.5916586431464695
-0.5932243062028041
-0.5933661872986704
-0.5939278601269636
-0.5951452050823718
-0.6038110218942165
-0.6063972237919059
-0.608581067135674
-0.611081818680601
-0.6137506930723854
-0.6137906776275486
-0.6176415723748505
-0.6181508131325245
-0.6223639931641906
-0.6224115365301259
-0.6240646823425777
-0.6250461133587284
-0.6257511962072125
-0.6260340657110126
-0.6270082446771994
-0.6279561527671436
-0.6280203543873915
-0.6299913826514967
-0.6304410566750448
-0.6307280336817106
-0.6334012905800981
-0.634848117695323
-0.6350391185002081
-0.6358250981817642
-0.637390982593258
-0.6381410162678852
-0.6405127487593745
-0.6405852066060185
-0.6408776875119656
-0.6414689559142971
-0.6426893641640034
-0.6437788471579552
-0.644199271996816
-0.6446376856061091
-0.6478620858048089
-0.6496586512977147
-0.6508093596203253
-0.6509963876719427
-0.6511013549419918
-0.6516499203420002
-0.6523484137172091
-0.6529570761267678
-0.6536132947408727
-0.6556340770803217
-0.656249571836573
-0.658054636421314
-0.6586968909476127
-0.6602311877726923
-0.663111922151936
-0.6691389800282195
-0.6723610147212943
-0.6749170165775078
-0.6750831342651509
-0.6752407615228245
-0.6753501751393612
-0.6757774305130754
-0.6789517760904952
-0.6823511729744496
-0.6831985494791297
-0.6838535981563231
-0.6852006167173386
-0.6854446330107749
-0.6855760517646559
-0.6872032710016356
-0.6903873572591692
-0.6971918654938539
-0.6992608087603003
-0.6993517250870355
-0.700814705574885
-0.7014990827738075
-0.7015982495067874
-0.7040252689552932
-0.7045754864811897
-0.7052115350961685
-0.7057630104115417
-0.7105754056413259
-0.7119331992696971
-0.7134538916870952
-0.7143158968823263
-0.7146243043243885
-0.7152192204569777
-0.7170076228170988
-0.7203961487393826
-0.7234127146148239
-0.7259887366730405
-0.7284608818008564
-0.7354266272392124
-0.736548013985157
-0.7395811409805901
-0.7419842013638035
-0.742024373068125
-0.7435155931161717
-0.7436981011802951
-0.7453138319542632
-0.7470833302708343
-0.7477422980591655
-0.7482212486793287
-0.7488044500350952
-0.7527790889391326
-0.753484177067259
-0.7547086716862396
-0.75555912964046
-0.7557488192261146
-0.755992731556762
-0.7562445033044141
-0.7592315634719853
-0.7608142122701131
-0.7617570776880408
-0.7625424269586801
-0.7630918160688857
-0.7634195552340576
-0.7639629417493173
-0.76486158213811
-0.7662084046426442
-0.7676423220969549
-0.7684523822649175
-0.7684659627266228
-0.7690716977696865
-0.7698450985481031
-0.771850445002201
-0.7728421545220954
-0.7733215854639184
-0.7770246373023838
-0.7791506429202855
-0.7829395837379707
-0.7832981326617301
-0.7837746521191937
-0.7856050412228797
-0.7865729316254146
-0.7880990639936903
-0.7917244983837008
-0.792190574117037
-0.7973848703716483
-0.80320711711344
-0.8052091224926698
-0.8073659100569784
-0.808002132922411
-0.811888660596326
-0.8148682116391553
-0.815850268304348
-0.816463528573513
-0.8170340768992901
-0.8170624328777194
-0.8175123401192057
-0.8191394809400663
-0.8192626692562044
-0.8226448164787143
-0.8227677904923162
-0.8236627407968626
-0.8262158513893867
-0.8271319350848595
-0.8287737121184667
-0.8293346324004233
-0.8293381716590374
-0.8293888956308365
-0.8294986694430312
-0.8311244391836226
-0.8312274552881718
-0.8320120799989026
-0.8326868968350547
-0.8333971948595718
-0.8376312894480569
-0.8380411560972509
-0.8402019512647841
-0.8408746469500804
-0.8424177534878254
-0.8430800990900025
-0.844620905444026
-0.8447725562058704
-0.8471737487381451
-0.847678743256838
-0.8489598752232268
-0.8491850651800632
-0.850746040046215
-0.8511971951695159
-0.8542227106434959
-0.8571015918334104
-0.8646194518854221
-0.8660904629355355
-0.8697096569662972
-0.8732717922511466
-0.8735720866049329
-0.8756588640635892
-0.8770941187006732
-0.8784366223428931
-0.8794526949351712
-0.8794788330172499
-0.8802074007451969
-0.8811077401041985
-0.881311523939705
-0.8822838254272938
-0.8840794506495877
-0.8854176625609398
-0.8879950859671226
-0.8886647863047463
-0.8897944099735469
-0.8925185852771392
-0.8931450028903782
-0.893348754150793
-0.8938570896862075
-0.8945464938879013
-0.8946874610015324
-0.8947802248100439
-0.8966875348240138
-0.9026676292220751
-0.9027912350138649
-0.9061767537560728
-0.9103009381344438
-0.910488256168901
-0.9106687759049237
-0.913113244410072
-0.9136735081926347
-0.9137432699402174
-0.9142078077420592
-0.9148472864439504
-0.9167266006348654
-0.9175900723785162
-0.9181104258780449
-0.9195001603414615
-0.9198408295567008
-0.9226830556988717
-0.9271767536799113
-0.9305891262265504
-0.9369798898696899
-0.9411693225556519
-0.9412344152806327
-0.9470154071847597
-0.9538519542132106
-0.9553886378804842
-0.9585261161490861
-0.9594218723323354
-0.9680818696506321
-0.9684334576129914
-0.9751427121809684
-0.9797082513751876
-0.98075652718544
-0.9826898981506625
-0.9860139636051221
-0.9869293868541718
-0.9920588040905487
-0.9970663871150464
-1.0009364664554596
-1.0038770958781242
-1.004263208558162
-1.0130076954762142
-1.015482106980926
-1.0255870521068573
-1.0289734294638038
-1.0301185082644224
-1.0312951039522886
-1.0317535584844235
-1.0317994967103004
-1.0351026480396588
-1.0358429700136185
-1.036355696618557
-1.0374812643244538
-1.0407630874590816
-1.0428356630276798
-1.0429704070091248
-1.0431974336170242
-1.0434415686875582
-1.0437492430210114
-1.0439754786590736
-1.0449191845953465
-1.0452260168167413
-1.0493101477622986
-1.0523122549057007
-1.0534005988389255
-1.0549193300306796
-1.0553273711650726
-1.0563275211665313
-1.0592578430025932
-1.0648891826470692
-1.0673705716617405
-1.0678187478333712
-1.0694418572089879
-1.0719209164381027
-1.074990689754486
-1.0794188540776304
-1.0808692817421008
-1.082686858836366
-1.0882792476331815
-1.0920492907365162
-1.0950697660446167
-1.1010041179216776
-1.102533618360758
-1.103408728823221
-1.1095480517833494
-1.11006005765181
-1.1140125294526417
-1.1176785985007882
-1.1199667003646028
-1.120099381543696
-1.1201847940683365
-1.1211606955362692
-1.125320032471791
-1.128395223823775
-1.129426195184351
-1.135522981795172
-1.1382120847702026
-1.141239144321945
-1.1452260848729767
-1.1457676043113072
-1.1468240059912205
-1.1488435690601666
-1.1544385013636203
-1.1551643043704745
-1.160014768441518
-1.1648467034101486
-1.1664700133842416
-1.1706307058533032
-1.1864602258428931
-1.1933689912160237
-1.1980763492640107
-1.19932646248717
-1.2042604592337738
-1.2059829036394756
-1.2112859462670582
-1.2143915337510407
-1.216912118718028
-1.2191563957603648
-1.2203477600382433
-1.2235404948393505
-1.2300438433885574
-1.2342106578871608
-1.2362605154721678
-1.237984315595693
-1.2411937713623047
-1.2429077322995
-1.2490174029953778
-1.2493025093701564
-1.2551328130066395
-1.2555221989750862
-1.2568737765153248
-1.2651616459712387
-1.270777750449876
-1.2734002619981766
-1.2737073618918657
-1.2755773580865934
-1.27557757422328
-1.2808619452019532
-1.28170543233864
-1.28224261328578
-1.2837759731337428
-1.291566994972527
-1.293231397983618
-1.2941640675067902
-1.2998772837842505
-1.3108023224398493
-1.3118813637411222
-1.3177029864746146
-1.3196577624767087
-1.3288392819231376
-1.3313601265739028
-1.3328060402534903
-1.3368526361882687
-1.3374366891969527
-1.3385780814052042
-1.340285237878561
-1.3462683707475662
-1.3513284981250764
-1.3584008365869522
-1.3620051845209673
-1.3620252509911854
-1.3684411570429802
-1.370409993454814
-1.371467693266459
-1.3716954727569828
-1.372622735798359
-1.3753608763217926
-1.3754018941894173
-1.375547550804913
-1.3799608796834946
-1.3803370408713818
-1.3931808425113559
-1.395211137831211
-1.395737811177969
-1.4063532173633575
-1.4143504410982133
-1.4187102317810059
-1.4306687891483307
-1.4311320781707764
-1.4332510622116388
-1.4343140522638957
-1.4365586340427399
-1.4559402793704976
-1.4664046987891197
-1.4722649529576302
-1.4722802689648233
-1.4768837603429954
-1.4865239122882485
-1.492175631225109
-1.5029371082782745
-1.5050772484391928
-1.5090327603771585
-1.5093735300419615
-1.5308475546480622
-1.543623446894344
-1.5437726799864322
-1.5639663636684418
-1.5657507507828996
-1.5743838548660278
-1.5784328046021983
-1.5810215137898922
-1.5859325432351656
-1.5932937779996013
-1.6023385226726532
-1.6059631556272507
-1.6069967025477025
-1.615238002876231
-1.6190090700984001
-1.6221399346389263
-1.6227641627192497
-1.6261927536106668
-1.6385311553277462
-1.6420561756240204
-1.6470458060503006
-1.6559802442789078
-1.6851552426815033
-1.6870211064815521
-1.6910141370026395
-1.6912368535995483
-1.69332476896534
-1.6996962577104568
-1.709867203515023
-1.7196797508851078
-1.7249473618655127
-1.7263193329175313
-1.7353150844573975
-1.7383772391102765
-1.750125638442114
-1.7612732867798513
-1.779685924880414
-1.7856980562210083
-1.788415277376771
-1.7897309745894745
-1.7897663520915168
-1.7986078709363937
-1.80230509241422
-1.8128066658973694
-1.8138978004455566
-1.8152282374212518
-1.8165782420895993
-1.8177155256271362
-1.8281289937131078
-1.830476282962731
-1.8305275321006775
-1.8332463908940553
-1.8438329299290974
-1.8536060452461243
-1.8614624974628289
-1.8668609634041786
-1.8693450808525085
-1.8764315013374602
-1.877332914620638
-1.8818634003400803
-1.8880438527890615
-1.8923922777175903
-1.9018206265754998
-1.9066458381712437
-1.91375333070755
-1.915022123605013
-1.920551598072052
-1.930205652117729
-1.9345301879303796
-1.9348758459091187
-1.9384510860778392
-1.939056545495987
-1.953018307685852
-1.969795048236847
-1.9748538987711073
-1.9788273596786894
-1.980272889137268
-1.9841701137872103
-1.9852500259876251
-1.9902237262576818
-1.9928334504002123
-2.000771336397156
-2.008706759971877
-2.0122687625181346
-2.0222221492789685
-2.0334053126474223
-2.0383396446704865
-2.040040671825409
-2.0447803676749268
-2.0494665840960806
-2.054791808128357
-2.056362158060074
-2.0584343879794083
-2.062357701943256
-2.066870081711386
-2.0700515354318276
-2.0856618198255696
-2.0947612881660462
-2.110864599545797
-2.1186707615852356
-2.1232379442080855
-2.1243545413017273
-2.130784655921161
-2.138301134109497
-2.1409314638003707
-2.1454146802425385
-2.1468135714530945
-2.1468924283981323
-2.156603746648346
-2.1659190505743027
-2.180340141057968
-2.1851163710622736
-2.200211524963379
-2.2013763934373856
-2.2026629483859455
-2.218055135686882
-2.2275830134749413
-2.227806587785017
-2.2421861066366544
-2.2434199452400208
-2.249062567949295
-2.258081023891767
-2.258470874811922
-2.2730315789314255
-2.283645510673523
-2.293852522969246
-2.3067640777056417
-2.308182018250227
-2.3135476112365723
-2.314486629019181
-2.3174614009913057
-2.323784202337265
-2.3240472550193467
-2.3311459720134735
-2.332132090892022
-2.3340883255004883
-2.334206135943532
-2.343058669567108
-2.345409048348665
-2.35088175162673
-2.3533660968144736
-2.3594113985697427
-2.37001234292984
-2.3713985284169516
-2.382658322652181
-2.4032249450683594
-2.4086386362711587
-2.414766514673829
-2.418743133544922
-2.4260397574398667
-2.4285675525665282
-2.4323544005552926
-2.4359107414881387
-2.4439155366271734
-2.4589591026306152
-2.476567124327024
-2.478663921356201
-2.484683451375791
-2.506837621331215
-2.5074441712349653
-2.5245102643966675
-2.5302630066871643
-2.53071158627669
-2.5657469153404238
-2.565906008084615
-2.5954101905226707
-2.606692006190618
-2.6208889534464106
-2.6248930444320044
-2.628993898630142
-2.632532477378845
-2.6541011705994606
-2.657568407058716
-2.6682262122631073
-2.669924552241961
-2.70698352654775
-2.723616043726603
-2.7307840138673782
-2.756440833210945
-2.7619565508017936
-2.789662316201884
-2.794729550679525
-2.823094427585602
-2.8394447565078735
-2.8588273897767067
-2.887514717876911
-2.895310586690903
-2.8979589585214853
-2.9010659381747246
-2.911275863647461
-2.9170351028442383
-2.931656002998352
-2.942666530609131
-2.9502497911453247
-2.9550437387079
-2.9588449969887733
-2.9627588242292404
-2.9642388746142387
-2.9760309839621186
-2.989674538373947
-3.0137658970696584
-3.0150811672210693
-3.02692157526811
-3.02729894220829
-3.0460663214325905
-3.054753436573914
-3.0547938346862793
-3.0645672082901
-3.101638078689575
-3.1123770102858543
-3.1194883584976196
-3.1598615646362305
-3.164420378704866
-3.1697881892323494
-3.1783770322799683
-3.1839244639767066
-3.2026007572809854
-3.2265810817480087
-3.2292189995447793
-3.234492599964142
-3.2505916357040405
-3.2616014212369917
-3.291918456554413
-3.363110019514958
-3.387793317437172
-3.413723587989807
-3.48292445987463
-3.56386935710907
-3.6931142807006836
-3.6968644857406616
-3.7338947057724
-3.7534552812576294
-3.7553529739379883
-3.8191652297973633
-3.8220714330673218
-3.8490142822265625
-3.899901866912842
-3.915164916905269
-3.917721152305603
-3.9232535362243652
-3.9545392990112305
-4.057846583757661
-4.09071147441864
-4.140878995244823
-4.142800450325012
-4.19518105188024
-4.227612376213074
-4.357660571734111
-4.3868976309895515
-4.432603359222412
-4.439686298370361
-4.558593273162842
-4.9520643552144366
-5.574412390589714
-5.684932231903076
-5.963495216720427
-6.050344976984586
-8.09536075592041
-8.186371803283691
-8.443828582763672
-8.462079524993896
-8.571203231811523
-8.638675689697266
-10.244293689727783
-10.776787757873535
-11.637555122375488
-12.15527057647705
-16.5748291015625
-18.94245147705078
-19.10213851928711
