-0.02868015883723274
-0.07084724400192499
-0.23822111671688617
-0.27537065744400024
-0.28683966109529135
-0.3095522108245253
-0.31278726779338384
-0.31788247403372744
-0.33891623467206955
-0.3630254073705146
-0.36876706309703877
-0.39910404607653616
-0.4047350650653243
-0.4116250873194076
-0.4198784738158186
-0.421186117714064
-0.42436627973559854
-0.4279621437948663
-0.44050109333225657
-0.4552923485636711
-0.46759775729272707
-0.47366725152824074
-0.4740356027226274
-0.4750972322653979
-0.4898178886724054
-0.49481438003879574
-0.4968719820285009
-0.500802298446312
-0.5023076953366399
-0.5038968867714478
-0.5158439467528037
-0.5175022046185203
-0.5181671187488569
-0.518327932494382
-0.5350281267892569
-0.5379076194949448
-0.5400277803884819
-0.5415829182136804
-0.5432659089565277
-0.5470432742033153
-0.5485836538519882
-0.549130572509151
-0.5492357871514416
-0.5534767956669384
-0.5539822598488842
-0.5542136275210026
-0.5543660794947786
-0.562293660452404
-0.5664154635497222
-0.567617788539792
-0.5676312882763644
-0.5679007647795515
-0.5684771401186784
-0.5729374242311158
-0.5733657814562321
-0.580896138260141
-0.5814223504789612
-0.5824471263784088
-0.5826839474695069
-0.5874431639909744
-0.5879856378305703
-0.5896911266259849
-0.5912824899165167
-0.5918932921984899
-0.5931738677900285
-0.5937283426523209
-0.5950629201914934
-0.5970441145855148
-0.597419642827784
-0.5980926955041165
-0.5991069964657072
-0.6003970305124918
-0.6022017039358616
-0.603262708412949
-0.6078441514271415
-0.6095425636507571
-0.610484413303701
-0.6112532178733752
-0.6113804981550857
-0.6164058152988384
-0.6179616676196859
-0.6182003127566228
-0.6187400426669046
-0.6220628197402939
-0.6239485830835922
-0.6251655607693829
-0.6253143857397577
-0.6255591752071102
-0.626278722825061
-0.6284786851610988
-0.6293533787558165
-0.6326347860611148
-0.6330346544273198
-0.6331416110530241
-0.6374286896316335
-0.6384318543391095
-0.6389375138124109
-0.6391371621390466
-0.6403408142025856
-0.6403881754726172
-0.6416769409552217
-0.6426161242204464
-0.6449415374746812
-0.6462232421617955
-0.6463892380706966
-0.646638599889619
-0.6468482741935683
-0.6473253330018608
-0.6514547313912772
-0.6534433728083968
-0.6666400280914137
-0.6710961069911718
-0.6714817845425568
-0.6718608682131162
-0.6729580949613592
-0.6758643926586956
-0.68230174006229
-0.6823200456435896
-0.6832577055659689
-0.68355398834971
-0.684281186716955
-0.6846057066900862
-0.6886279958610734
-0.691983717626759
-0.6999853019634347
-0.7094260160912477
-0.7094653651046638
-0.7110376231786277
-0.712644997352202
-0.7145558517426253
-0.7168739444007062
-0.7194307409226894
-0.7210867290518114
-0.7245128971757367
-0.7268739342689514
-0.7278721090709872
-0.7317408592041049
-0.7319221856437665
-0.7346590155890832
-0.7363727941939776
-0.7404139625529448
-0.7416153419215012
-0.7494750837795436
-0.7528147023298185
-0.7535636682063341
-0.7537141463719308
-0.7558804675936699
-0.7577212850252787
-0.7618764259968884
-0.7639542800108237
-0.7651133703101161
-0.7667394502953228
-0.7699397794820149
-0.7705486047489103
-0.7712955630141431
-0.772638460576889
-0.7736409824962417
-0.7744845909552774
-0.7746915083378554
-0.7796187726780772
-0.7846871834248305
-0.7867789672066768
-0.787756567200025
-0.7892181148636155
-0.7928908879985102
-0.7934694941698884
-0.8029747230000794
-0.8091839288827032
-0.8124744078144431
-0.8189620345499582
-0.8194185985097041
-0.8250922547285882
-0.8379178422261387
-0.8380443380301585
-0.8416954670444413
-0.8449597864891984
-0.8461179592195549
-0.8723384002223611
-0.8794316599507712
-0.8856491146609187
-0.8872987732291222
-0.9001364034600556
-0.9031782796606421
-0.9113047102776667
-0.9199177331562775
-0.9200296923518181
-0.9227657184936107
-0.9254335332661867
-0.9500913807190955
-0.9634853148766395
-0.9732640505069867
-0.9835146768891718
-0.9850170728085297
-0.989082522976857
-0.9928224459290504
-1.0006780904717743
-1.0028587254540373
-1.024059385061264
-1.0272994651459157
-1.0333047016109858
-1.0597879408160225
-1.0989001757568784
-1.110212691500783
-1.111149288713932
-1.1177303850650788
-1.1264428692869841
-1.1392382035264745
-1.1400700211524963
-1.1491668075323105
-1.1540839329361916
-1.1552046232973225
-1.1680936941670046
-1.1738346955680754
-1.2195958292318716
-1.2200423988203208
-1.2391724046319723
-1.2480834294110537
-1.257312109073003
-1.2603660420411162
-1.270398915745318
-1.285596240311861
-1.2992584384337533
-1.300098376614707
-1.3840140029788017
-1.4020152661084597
-1.4053209386765957
-1.4183957787851493
-1.427793106995523
-1.4701116657815874
-1.4874204210937023
-1.4911276549100876
-1.4998634277144447
-1.5217174887657166
-1.5257171961545413
-1.621312956015269
-1.6693630125373602
-1.821401983499527
-1.8993919864296913
-1.9358327401181061
-2.019416630268097
-2.039113251492381
-2.0563063621520996
-2.1548803448677063
-2.210358775841693
-2.2164209485054016
-2.269740104675293
-2.3205150961875916
-2.434328188498815
-2.529425140528474
-2.789472907781601
-2.99413313344121
-3.0702107548713684
-3.4837244153022766
-3.78961830586195
-4.099330544471741
-4.282574852695689
-4.369857519865036
-4.6624965742230415
-5.248041152954102
-5.6192803382873535
