-0.003140163142234087
-0.009683440555818379
-0.01837452658219263
-0.028521261643618345
-0.03013150952756405
-0.030508547788485885
-0.03570684418082237
-0.038630964467301965
-0.052951185822166735
-0.059492018073797226
-0.06153799593448639
-0.07205839885864407
-0.07430580910295248
-0.07912680585510455
-0.08348314464092255
-0.0871928517749025
-0.0875500120067348
-0.09717816235497594
-0.1046377733485618
-0.10528760465482871
-0.10714705598851045
-0.1081864561419934
-0.11092774718999862
-0.1146275456994772
-0.11873008497059345
-0.12608965474646538
-0.1295184253831394
-0.1302791287501653
-0.1383696215149636
-0.1421114558664461
-0.1439765952527523
-0.14477369338274002
-0.1476337353233248
-0.15786236721378372
-0.16411746266530827
-0.16512680798768997
-0.16968353430274874
-0.1791333541364616
-0.17980573798995464
-0.18023626338224857
-0.18616391511290872
-0.1865046310801214
-0.18813995306156053
-0.18922591377049686
-0.1898792992224512
-0.19113905189334657
-0.1936283173771309
-0.1945666337591032
-0.20005674390122294
-0.20078734068374615
-0.20164223912288434
-0.20451399876037613
-0.20457047628588043
-0.21208718221168965
-0.21254787816071946
-0.21371761414180088
-0.2178377933988276
-0.2187117922930392
-0.21908287952343622
-0.2193533180001065
-0.22316512271063402
-0.22396846488118172
-0.22690043598413467
-0.2277394903358072
-0.22820380947918498
-0.2283704469695554
-0.22842258372453644
-0.22846573169226758
-0.2292275156651158
-0.23008238247712143
-0.23255926703339874
-0.23299437643666016
-0.2339601731612621
-0.23434584792557872
-0.2345707905203055
-0.23598593182396144
-0.23748433295477298
-0.2389230930712074
-0.23893276910821443
-0.24017153272870928
-0.24073111710167722
-0.24162413467965962
-0.24810589104890823
-0.2498097095482411
-0.25118861288763583
-0.2535727851403256
-0.2542364542217304
-0.25741792057219537
-0.25868874443888973
-0.25912257926538584
-0.260126217045278
-0.2609399110839989
-0.2609781929973646
-0.2611521779777831
-0.2629750073177829
-0.2640533873234831
-0.26414860680233687
-0.2642625034088269
-0.26478821990313006
-0.266878085164966
-0.26817147513716727
-0.2686037443014687
-0.2727766588681594
-0.2743316549393866
-0.274616603407776
-0.2757457677960499
-0.27715571329099475
-0.27774479854851963
-0.27817455074333947
-0.2786361736112407
-0.27906069605212125
-0.2804981660156045
-0.28129778751351225
-0.28227804483176444
-0.28230027656657813
-0.2843110533081926
-0.28500992717211676
-0.288520118953394
-0.2911223546705312
-0.2927715872000489
-0.29636382061289623
-0.2964992243796587
-0.29868167522363365
-0.2988786595274827
-0.3001446643223365
-0.3019440012673537
-0.3034712485548678
-0.30408739782869815
-0.3055169394938275
-0.30598689751544345
-0.30711686331778765
-0.3082016684114933
-0.31054057617438957
-0.3109626391022984
-0.3117196441395208
-0.31382832170597147
-0.3146421984205709
-0.31524874030583305
-0.3170523028820753
-0.31722940628727275
-0.3177773603820242
-0.318200467643328
-0.3183985505020246
-0.3219502489373198
-0.3222352193099343
-0.3227863179312812
-0.32387042674781696
-0.3256256034588799
-0.32703975607086355
-0.3276774687413611
-0.3286677822470665
-0.33043993726217497
-0.33322029979899526
-0.33396076293873495
-0.33436240546870977
-0.3360226785298437
-0.3365658830540876
-0.3366416027905264
-0.33721297622347873
-0.33763163958792575
-0.33777851550839844
-0.3391164216535309
-0.3398273028433323
-0.3410235543787066
-0.3419674959115903
-0.3436491750245396
-0.3448168476577848
-0.34497098861417425
-0.3469141853041947
-0.3471293447073549
-0.34714785221795963
-0.35009175698893763
-0.35167022812674986
-0.35460528398592334
-0.3546516425907612
-0.3554956666466751
-0.35960056629431036
-0.36087686810642483
-0.361111211017583
-0.36186080837311846
-0.3632418956341488
-0.36578987368072075
-0.36622414758412875
-0.36682572513018386
-0.366862873226637
-0.3673245108841608
-0.36818390193787454
-0.37238787792933487
-0.3743286946749625
-0.3743977767548391
-0.37654315212741496
-0.37721327086910605
-0.3788234459112573
-0.37947389017790556
-0.3800246051202218
-0.3801003223285079
-0.3812740549652113
-0.38275663495941054
-0.3829845902315962
-0.3840366885979165
-0.3843684133491479
-0.3846028220723383
-0.3874977623511638
-0.38854983342545374
-0.3904731099804242
-0.39264555746412955
-0.3930354695767164
-0.3937806412577629
-0.394328493941834
-0.39468009083066136
-0.3949488086832894
-0.3957239387091249
-0.3965635961956448
-0.3970729146967642
-0.39979204593691975
-0.40011056782095694
-0.4003041289630346
-0.4008134841893075
-0.40114400022430347
-0.4043380335594217
-0.4067513660217325
-0.4085329443914816
-0.4087795776625474
-0.41033300925046207
-0.4108550671953708
-0.4110114437838395
-0.41668820499520126
-0.41686993581970455
-0.4186011957814723
-0.4189061162857494
-0.42597074806690216
-0.4264751345908735
-0.4268426852455984
-0.42762585360597927
-0.4282299622071959
-0.4285819300979104
-0.42907112863446983
-0.42963842339813707
-0.4296721778810024
-0.4312105644494295
-0.43231431146462757
-0.4327822871506214
-0.4331920466211159
-0.43421689555980264
-0.4342571810266236
-0.4352293860865757
-0.43672699347662275
-0.4373958848416805
-0.43759436541586183
-0.43830366525799036
-0.43846830450638663
-0.44269048422574997
-0.44274131829539937
-0.4475535274279537
-0.44801947835367173
-0.4487086068838835
-0.4488385686916964
-0.44885774825233965
-0.4489115758915432
-0.4493248571641743
-0.4501379443746474
-0.4515053480863571
-0.45339354081079364
-0.45343599957050174
-0.4543693114319467
-0.45531105290865526
-0.45858848150237463
-0.4587550919469712
-0.4588939543464221
-0.45928788781166074
-0.4612583256093785
-0.4619646157537188
-0.4624997042119503
-0.462546403563465
-0.463919922709465
-0.46405477946003276
-0.46440678493430215
-0.4674967177212238
-0.4683015700429678
-0.4706222505350631
-0.4709901678725146
-0.4711867313890252
-0.4719554023665426
-0.4766504858620465
-0.47746684309095144
-0.47761086906705585
-0.4782479595392942
-0.47877369236957745
-0.4792748848674819
-0.4799553444245248
-0.48003015480935574
-0.48052148055285215
-0.4814583957195282
-0.48291363078169525
-0.4836362013177547
-0.4841906556061336
-0.48517317407661015
-0.4856892334355507
-0.48609445337206125
-0.4867541835054807
-0.4878666142933071
-0.4890478265782197
-0.4895636936028798
-0.4898168630897999
-0.49150582308260105
-0.4927882477029925
-0.49490869175642727
-0.49515968225896356
-0.49541543291083406
-0.49648742976714855
-0.4986254312098026
-0.49870845799644786
-0.49957078672596256
-0.5001979529857635
-0.5019471306353808
-0.5032077831177352
-0.5036439102143049
-0.5037809511025747
-0.5058660053515008
-0.506891979910766
-0.507552217587363
-0.509400913802286
-0.5118253147884388
-0.5122482282531564
-0.5126613374385569
-0.5130487320970537
-0.5142142462677189
-0.5145857452104489
-0.5148208327591419
-0.5179073405917733
-0.5185210527076075
-0.5188453282628741
-0.5192381611908786
-0.5196332890540362
-0.5203259667068778
-0.5213363294800123
-0.5216490873601287
-0.5222644186578691
-0.5241149723529815
-0.5255464562214911
-0.5259312227135524
-0.5261329910717905
-0.5269650640936258
-0.5274264171603136
-0.5274624632937568
-0.5286239919563135
-0.5291047431528568
-0.5301417357404716
-0.5309145716497109
-0.5313031298324599
-0.5337860272935359
-0.5342785468674265
-0.5347944647073746
-0.5348039898607466
-0.5357204193973707
-0.5371604276200136
-0.5373953004454961
-0.5394615738652646
-0.5397895272407267
-0.5401767951746782
-0.540916048300763
-0.5416081475559622
-0.5421376349404454
-0.5424971957173612
-0.5432183885325989
-0.5434054277837277
-0.5439896698109805
-0.5449156688358926
-0.5461330962781277
-0.5465096588246524
-0.5468903034925461
-0.5488305947277695
-0.5493351568778356
-0.5495967085783681
-0.5510103859007358
-0.5510183307982516
-0.551067166874418
-0.5512465627827623
-0.553279786137864
-0.5538642092807484
-0.554082262695634
-0.5542980812489986
-0.5544112904204263
-0.5546916251381239
-0.5555456279107602
-0.5557561855021049
-0.5568886839784681
-0.5577745355216653
-0.557930366974324
-0.5580509826540947
-0.5588807540945708
-0.5595385987415082
-0.5605488670472469
-0.5608685799977846
-0.5615123901516199
-0.5623290352523327
-0.5626063155276435
-0.5639265779638662
-0.5643191589042544
-0.5643452087468985
-0.564480095855106
-0.5650711095149745
-0.5691266733014749
-0.5710387780434556
-0.5711540068898883
-0.5712255152126696
-0.5717564281076193
-0.5726360231637955
-0.5727475197054446
-0.5730753004550934
-0.5745520991383981
-0.5746539916310992
-0.5761978094066892
-0.5765616828066413
-0.5765843824949115
-0.5767054135445505
-0.5768411767979463
-0.5774422900544273
-0.5786160991216699
-0.579024115311248
-0.5792098299910625
-0.5792866066098213
-0.5795658255616823
-0.5801767963916064
-0.5803483126164792
-0.583349590934813
-0.5837666375737172
-0.5841883265631622
-0.5853466900686423
-0.5858031790703535
-0.5866250179501044
-0.5868758675674649
-0.5882466671589229
-0.588441158256804
-0.5887531609489367
-0.5892309895600192
-0.589314226487962
-0.5899341264739633
-0.5909008256026677
-0.592340652491354
-0.5923881626707347
-0.5929237057765325
-0.5937511262018234
-0.595134953657786
-0.597296729683876
-0.5972977586498018
-0.5977204667342448
-0.597761920796564
-0.5996591843664646
-0.60110778901726
-0.6011623243934342
-0.6012704484682116
-0.6018717778580529
-0.6027401961101633
-0.6030555443776393
-0.6047355162922435
-0.6053116553463042
-0.6058625997975469
-0.6065809451974928
-0.6067495080642402
-0.6070213026056687
-0.6071552336215973
-0.6071553966030478
-0.607253760099411
-0.6073448695242405
-0.6084032550279517
-0.6087036181166435
-0.6091176442181071
-0.6092714322730899
-0.6105334146155251
-0.6123471014470852
-0.6128609462563569
-0.6144659274723381
-0.6153958334277073
-0.6155111098662018
-0.616228238318096
-0.6169726815423928
-0.6173868262208998
-0.6179464631757583
-0.6183287802462777
-0.6186871468754751
-0.6201361575382179
-0.6202994059182986
-0.621131181716919
-0.6233118046075106
-0.6235223608236993
-0.6243874564534053
-0.6250973269343376
-0.625107333978771
-0.625566835825642
-0.6267185360193253
-0.6268942914903164
-0.6278819944709539
-0.6294775755086448
-0.6297750853002071
-0.6318730488419533
-0.6324819111161761
-0.6324966968464044
-0.6327333397348411
-0.633442172780633
-0.6342751579359174
-0.6374084209965076
-0.6388701943160413
-0.6393161761249454
-0.6396286371002335
-0.6409860753454268
-0.6430749242354068
-0.643926099233795
-0.6439895424991846
-0.6444585249798062
-0.6453764744718293
-0.6458445085678249
-0.6463591068983078
-0.6471992807669772
-0.6475775888189673
-0.6486155928927474
-0.6491271533749468
-0.6521826937794686
-0.6526238033547997
-0.6528687427441279
-0.6534809715861533
-0.6545636022670401
-0.6561869475602483
-0.6568292699262707
-0.6568877321884169
-0.6570349972961205
-0.6600165205697218
-0.6609768758561196
-0.6612712887526868
-0.6615210821231207
-0.662322923541069
-0.6624955927448658
-0.6627065007175718
-0.6633528291247786
-0.6636058498573091
-0.6637286677224827
-0.6648298532319521
-0.6681226698149528
-0.6686910116113722
-0.6690591453419378
-0.6691573697478614
-0.6691579328689841
-0.6697328803747951
-0.6704368446371518
-0.6734678075648844
-0.6737502254545689
-0.6737826481694356
-0.6771756517700851
-0.6775123135053686
-0.6781671583652497
-0.6784250264366468
-0.6786255227634683
-0.6786486515775323
-0.6806486771841135
-0.6822156024027208
-0.6833086185157299
-0.6841662493016984
-0.6843917426756687
-0.68455763740672
-0.686675039984818
-0.6872576785135607
-0.6878363051451742
-0.6878534764051437
-0.6886544981971383
-0.6886985059827566
-0.6895560145378112
-0.6904312443298598
-0.6909226092199484
-0.6931806728243828
-0.6937299239050064
-0.6939601392618248
-0.6949108517437708
-0.6958929511230154
-0.696847765157549
-0.6977378013543785
-0.697890786247121
-0.701876715850085
-0.7027246817597188
-0.704413853197669
-0.7048220185042737
-0.7048883885145187
-0.7053964018821717
-0.7058587510604412
-0.7063139602541924
-0.7064717865173912
-0.7082997386543346
-0.7089473146013916
-0.7093075833150319
-0.7093703147256747
-0.7104201115434989
-0.7109337565489113
-0.7114849369972944
-0.7119327858963516
-0.7128259507673127
-0.7151595741244299
-0.7153093796223402
-0.7156820446252823
-0.7168474940062879
-0.7182787477970123
-0.719750888645649
-0.7204811429338795
-0.7214347025001189
-0.7219625189124296
-0.7227163308300077
-0.7228916054591537
-0.7279720828519203
-0.729056588471091
-0.7290853255544789
-0.7309751758972803
-0.7315260386094451
-0.7316950973545318
-0.7365249770560435
-0.7365862525068223
-0.7367821661561417
-0.737880180351365
-0.7382504385119925
-0.7386183328926563
-0.7394069984555245
-0.7403072416782379
-0.74093339911529
-0.7434692945389543
-0.7441029464825988
-0.7463158201426268
-0.7485873528185039
-0.7487661568447948
-0.7490827354340581
-0.7500597587786615
-0.7512295442400501
-0.7513590767048299
-0.7519088641607335
-0.752058606594801
-0.7537220971924918
-0.7555724531412125
-0.7557707026135176
-0.7561191236745799
-0.756464714370668
-0.7566217609814235
-0.7602010577102192
-0.7612134581431746
-0.7617900160912541
-0.762866059987573
-0.7629708343495926
-0.7642027720808983
-0.7654727939661825
-0.765531150624156
-0.7661427228401104
-0.7661736867157742
-0.7663156071877373
-0.7674523172900081
-0.7686896938830614
-0.7688872338694637
-0.7703471929611018
-0.7731586484078434
-0.7733733675753077
-0.7739285940304399
-0.7740477018191346
-0.775626893050503
-0.7781016322384987
-0.7785709318039673
-0.7805643350196382
-0.7810897432267666
-0.7821069264784455
-0.7879159129723641
-0.79010159522295
-0.7923963268597921
-0.7924475610256195
-0.7952092476189137
-0.7964154014363884
-0.7978634021477774
-0.7995317379633585
-0.8009167583659291
-0.8024442202101151
-0.8028874055792888
-0.8029059767723083
-0.8038818522666892
-0.8055120274424553
-0.8058070118228594
-0.8070521876215935
-0.8075928347025183
-0.8083495851606131
-0.8102433038875461
-0.8111680326789307
-0.8118105928103129
-0.8128371431143023
-0.8150083620816336
-0.8166031753644347
-0.816849336384621
-0.8168737957021222
-0.8174925079303128
-0.8183838534750976
-0.8188418698097978
-0.8218425207887776
-0.8236601633543614
-0.8241500348667614
-0.8248303490025657
-0.8254041790962219
-0.8263432363247765
-0.8269199169240892
-0.8274366185069084
-0.8305019769551498
-0.8315719869375849
-0.8332290761172771
-0.8334485691040754
-0.835014678666734
-0.8361708652228117
-0.8379228750403854
-0.8421395244076848
-0.8424562138970941
-0.8429419733583927
-0.8441440860430399
-0.8456817120284541
-0.8462578090451037
-0.8463335788498322
-0.8485827468601721
-0.852398415406545
-0.854775622067973
-0.855688547094663
-0.85687110805884
-0.8569813946461571
-0.858218220101359
-0.8588309627957642
-0.859080242953496
-0.8594561318556467
-0.8605876453220844
-0.861081904546154
-0.8617237329793473
-0.8645013698842376
-0.8654826482137045
-0.8659678876399994
-0.8669837585517338
-0.8677841238677502
-0.8689690681640059
-0.8699446717898051
-0.8699736310566853
-0.8703116038814187
-0.8707265960318702
-0.8707974940538407
-0.8716359546718498
-0.8726721400661128
-0.8747592657804489
-0.8751457589013236
-0.8754348101792857
-0.884675006265752
-0.8849734257746604
-0.88508540391922
-0.885794335603714
-0.8911880126048345
-0.8915097452700138
-0.8941192692145705
-0.8951851722473899
-0.8974918502915118
-0.9007864830394586
-0.9078339040279388
-0.9125031599542126
-0.9146690850146115
-0.9161314679707478
-0.9204088538885117
-0.9208839826418885
-0.9230951498793729
-0.9242526590824127
-0.9252825625813924
-0.9270657896995544
-0.9297274503624067
-0.9298175293952227
-0.9336188705638051
-0.9365959783317521
-0.9373801499605179
-0.9376630712140468
-0.9392734020919307
-0.9399917051196098
-0.9425421295367414
-0.9515314698219299
-0.9517354521900415
-0.9517696723341942
-0.9591272324323654
-0.9613773878663778
-0.9632081830524839
-0.9648236951325089
-0.9653180345892907
-0.9668645086698234
-0.9674844841162363
-0.9679314744658768
-0.970075610326603
-0.971851896867156
-0.9740272985800402
-0.9752508103847504
-0.9782838225364685
-0.9783166299263636
-0.9842451612154642
-0.9842778965830803
-0.9851185573691813
-0.9908473566174507
-0.9915049645351246
-0.9920848906372807
-0.9977122983138542
-0.9980773506686091
-1.001057456433773
-1.0033903847215697
-1.0049817966064438
-1.0100769455893897
-1.0151292886584997
-1.015862801671028
-1.0172991789877415
-1.0199904469773173
-1.0213419851497747
-1.0230497746088076
-1.0297034323836367
-1.0331907078623772
-1.0345787089318037
-1.041642008232884
-1.0419493574649095
-1.043553963303566
-1.0464900329709053
-1.0519135717768222
-1.0556309271293383
-1.0572323635220529
-1.062344290688634
-1.0630093142390251
-1.064641047269106
-1.0679323700023815
-1.0693232737481595
-1.0706340175122022
-1.0722772181034088
-1.0808454155921936
-1.0828294679522514
-1.084641881287098
-1.085044652223587
-1.0852017356082797
-1.0918750576674938
-1.1000954608122508
-1.100616087433688
-1.1070510535500944
-1.1111762821674347
-1.1115891337394714
-1.1160525660961866
-1.124794109549839
-1.132507388072554
-1.1527022659778594
-1.153930425643921
-1.1561502553522587
-1.156633973121643
-1.1685184390516952
-1.1722316890954971
-1.1829620144562796
-1.1902454197406769
-1.2002176990111668
-1.201176792383194
-1.2036263446013133
-1.2068765759468079
-1.2186389341950417
-1.22265560105443
-1.2239992343238555
-1.2370920069515705
-1.2505720891834546
-1.2553264896074932
-1.2623804165050387
-1.2675867512822152
-1.2776830196380615
-1.2887718081474304
-1.2993729934096336
-1.30430125631392
-1.3059761722882588
-1.3080142339070637
-1.3170665121870115
-1.3215484619140625
-1.3411913067102432
-1.347112078840534
-1.3471343591809273
-1.3497505287329357
-1.3609689101576805
-1.3702640384435654
-1.3768773252765338
-1.3779104351997375
-1.3876070034521035
-1.389310210943222
-1.3914208586017291
-1.3973529748618603
-1.4107318744063377
-1.4312881827354431
-1.4359622526292999
-1.4367065280675888
-1.4473227361838024
-1.4628028273582458
-1.4650660008192062
-1.4670436400920153
-1.4886937228341897
-1.491068388024966
-1.4978925846517086
-1.501612663269043
-1.50577312707901
-1.507788598537445
-1.5193854570388794
-1.5360476523637772
-1.5433179525037606
-1.5523259043693542
-1.560485403984785
-1.5746120714272063
-1.5909838378429413
-1.608903373281161
-1.6142087976137798
-1.642113784328103
-1.6521417129940044
-1.664479525387287
-1.6692635814348857
-1.6700496673583984
-1.6709301707645257
-1.6776693078378837
-1.6934887111419812
-1.7045882840951283
-1.7270011007785797
-1.7278499603271484
-1.7289517559111118
-1.7431161375716329
-1.7451498589167993
-1.777729094028473
-1.779923677444458
-1.783837080001831
-1.8083741664886475
-1.834886074066162
-1.8990651965141296
-1.9030070460091035
-1.9251015782356262
-1.9511340260505676
-1.9637802839279175
-1.9976927538712819
-1.9977869987487793
-2.0250333001216254
-2.0335011345644793
-2.0418014377355576
-2.058663249015808
-2.0771201997995377
-2.0827511474490166
-2.1115981619805098
-2.1348822650810084
-2.13896381855011
-2.1495313346385956
-2.17924165725708
-2.183820605278015
-2.1932138254245124
-2.1988158226013184
-2.2115248516201973
-2.2267290242016315
-2.2331378031522036
-2.234750817219416
-2.2424869537353516
-2.2493384182453156
-2.263210950923773
-2.267044275999069
-2.2786731719970703
-2.287501573562622
-2.3009958947077394
-2.3224695871273675
-2.3370420932769775
-2.3589603900909424
-2.3633233380969614
-2.36425963913401
-2.373022864689119
-2.406285767753919
-2.433082453906536
-2.4657068476080894
-2.4767144918441772
-2.5334975719451904
-2.59004919975996
-2.6906715631484985
-2.7192452382296324
-2.7312588691711426
-2.750850200653076
-2.7829913049936295
-2.8120999336242676
-2.8162548542022705
-2.8500311772028604
-2.9069814234972
-2.959353804588318
-2.962473511695862
-3.0008758902549744
-3.0020151138305664
-3.016726016998291
-3.025594629580155
-3.0882430920998254
-3.095204759389162
-3.1140761375427246
-3.2082059383392334
-3.2241534888744354
-3.2572307942900807
-3.339473759988323
-3.352092683315277
-3.5095363184809685
-3.5275336172780953
-3.547517776489258
-3.6042186617851257
-3.752457618713379
-3.765154670109041
-3.7668673992156982
-3.7866357072489336
-4.291781902313232
-4.352670669555664
-4.4944868087768555
-4.534656882286072
-4.582059383392334
-4.75076961517334
-4.998879432678223
-5.0871381759643555
-5.2820353507995605
-5.508779048919678
-5.520209312438965
-5.60239315032959
-5.80437707901001
-6.270263195037842
-6.331751823425293
-6.51753568649292
-7.595045566558838
-8.855941772460938
-8.924561500549316
