-0.0001411338453181088
-0.00956261157989502
-0.024288620799779892
-0.046794234619786344
-0.05594469704519724
-0.08437660389712878
-0.11525351088494062
-0.14856789146288066
-0.15066376328468323
-0.16440041596069932
-0.17064873105846345
-0.17180585749447347
-0.17192979405323663
-0.17771388532128185
-0.17820215128021494
-0.18689332752748872
-0.1922816336834027
-0.21683353026940796
-0.21720371384435566
-0.2255363701325324
-0.2260225906219076
-0.22978628786784777
-0.23523154438662458
-0.23666636916641437
-0.24186854189410323
-0.2461894229054451
-0.25208149693571613
-0.25213475299200844
-0.25513376941671595
-0.2596662128850188
-0.2605389998414986
-0.2623388209051336
-0.26359560117125513
-0.2677657311926994
-0.26910554206794285
-0.26970655009952477
-0.27182924198617303
-0.27880495346471434
-0.28308446535984766
-0.2847042529820636
-0.2852456537424587
-0.28590242726354986
-0.2863556113094091
-0.2878544293344021
-0.2894190485209325
-0.292900693210289
-0.2949314959871778
-0.2950968930182516
-0.2990432873073801
-0.29913263754888947
-0.3003089792198605
-0.3025223340603407
-0.30614688381610905
-0.3079480347466112
-0.3080340583175712
-0.30859801433980466
-0.30944076652532976
-0.30971148024319617
-0.31080163075433426
-0.31227263817358847
-0.3127213811371453
-0.31312919411640094
-0.31457984386361204
-0.31460713524709855
-0.31611596726967645
-0.31889221440971594
-0.3200629875645973
-0.32008002639318317
-0.32064389230072265
-0.32247111813679413
-0.32352045925440975
-0.32379558249047996
-0.32501799638339435
-0.3272021558135748
-0.32786036439999106
-0.3286482344518455
-0.3288337582838722
-0.3331301579730482
-0.33868681468971773
-0.339777114832638
-0.34004987035586964
-0.3473479218979871
-0.3490549784936858
-0.34980391425331336
-0.34987396558281036
-0.3518167088146914
-0.354446205900127
-0.3544964585212849
-0.35454997911438113
-0.3562784140441282
-0.3567279878479894
-0.3572991201259643
-0.3580857617928996
-0.360301543745057
-0.36628552386537194
-0.3670502043290374
-0.3672867789656656
-0.3680850342352642
-0.3682649889960885
-0.36915811561250494
-0.36916778687321183
-0.37440146315687645
-0.37778180511668324
-0.378747381438734
-0.3798115088604391
-0.38139903388865704
-0.38300566973015926
-0.3857354017298868
-0.38845813035732135
-0.3888916121330112
-0.38892107384745034
-0.39293797007905173
-0.3929592501372099
-0.3934145346574951
-0.3960553210760866
-0.4036027267575264
-0.40493352462986615
-0.40626197411620524
-0.40799082799316644
-0.40981592376192566
-0.41324748476035894
-0.414334219583543
-0.41559619883191773
-0.4199291063472629
-0.42184654283482814
-0.42385247228351847
-0.4245646943648656
-0.42584696151316165
-0.42678820126763495
-0.429805993498303
-0.43461396876426245
-0.43610899255872937
-0.43747837339631385
-0.43923428802684483
-0.4395370353973703
-0.4422313425133729
-0.4424700680688147
-0.44330060416056466
-0.44554100693858345
-0.44574432660980773
-0.44811278162524104
-0.4505476026446559
-0.4517537656829518
-0.4532880876038689
-0.4552784070838243
-0.45551697015762327
-0.45634714193287296
-0.4578091454071303
-0.4583565206913691
-0.4583827562277697
-0.45930559500861406
-0.4637304280283085
-0.46487910252908476
-0.46544845154858194
-0.4663379490375519
-0.46739409863585024
-0.4706895167910261
-0.47268708143383265
-0.4730287909365466
-0.4748801312001888
-0.47595274611376226
-0.4771754378452897
-0.47763378931105965
-0.47839963976293803
-0.4795313841771401
-0.4795854537859178
-0.47998803097289056
-0.48133909484992426
-0.48152838301757583
-0.48279262019786984
-0.4835214779401819
-0.48373979639382014
-0.48449524652581505
-0.48462499961273614
-0.4867610962595791
-0.48676876360550525
-0.48769157339047525
-0.4903124947450124
-0.49137144080466694
-0.4928077959222719
-0.4943219043301984
-0.494478702545166
-0.4947878577222582
-0.49519671663438203
-0.4968374551681336
-0.4989921859426734
-0.5006340295913105
-0.501376212364994
-0.5042341660242528
-0.505511250964547
-0.5068766449888548
-0.5092919149901718
-0.5117262537782413
-0.5126637184127633
-0.5131859233806608
-0.5135890536010266
-0.5160719165578485
-0.5192231531254947
-0.5205084305312734
-0.5218286179313307
-0.5225318988474706
-0.5229070118977688
-0.5240576229989529
-0.5244429993973527
-0.527148320650061
-0.5287043697549961
-0.5295441772104823
-0.5326089870731165
-0.5351573751308024
-0.5364916936627456
-0.5373716187397284
-0.5400594466773327
-0.5400906537834089
-0.5413263875991106
-0.5423536412417889
-0.5427206884138286
-0.5429118425490742
-0.5436983646242879
-0.544120706391469
-0.5466398187913001
-0.5490094181150198
-0.5506498817703687
-0.5531066418625414
-0.5558035115682287
-0.5572369922265352
-0.5585799415906271
-0.5595382497766488
-0.5597284519644745
-0.5611309205091352
-0.5620797151699662
-0.5630236122233327
-0.5636488359232317
-0.5641725048080843
-0.5645868503571754
-0.5650023102760315
-0.5658731563016772
-0.5660263221652713
-0.5700619146577083
-0.577410481905099
-0.5798971233889461
-0.5805805757299822
-0.5815965138375759
-0.5820669777313014
-0.5829264166864699
-0.5891729701310396
-0.5907758538212095
-0.594259156121148
-0.5956868171536674
-0.5957091615224878
-0.5963492873546784
-0.5963906891265651
-0.5972813691078045
-0.5973487647570437
-0.6034210282196
-0.6053694098809501
-0.6058134008198977
-0.6110435100660349
-0.6130810848304203
-0.6140633151771908
-0.6149223610642366
-0.6154280247865245
-0.6171450044261292
-0.6172382827789988
-0.6188104055239819
-0.6195027237491948
-0.6221801020205021
-0.6246557952865259
-0.6248571713610241
-0.6260805775721868
-0.6266044800480207
-0.63044431878786
-0.6317288421094418
-0.6317445570311975
-0.6338552111826304
-0.6394091405506644
-0.6401030422809223
-0.6419190398300998
-0.6426034996518866
-0.6494227508082986
-0.6538146626087837
-0.6562818955630064
-0.6579494134833416
-0.658600288524758
-0.6593870061582753
-0.665019874034139
-0.674563910631049
-0.6753194388260858
-0.6784898151333133
-0.681662912790974
-0.6847589034134418
-0.6854774539630549
-0.6918526591163956
-0.6947926265420392
-0.6995539598865435
-0.7021861062218834
-0.7065633476653602
-0.7111572053167038
-0.7211851820881877
-0.7268153734505176
-0.731945582277452
-0.7344533758199153
-0.7347380884124765
-0.736037667542405
-0.7367305845953525
-0.7368668094713939
-0.7371211230987683
-0.7409116297960281
-0.7464543655398301
-0.7487765613637748
-0.7495956777638639
-0.757126824639272
-0.7674872369738296
-0.7687335983355297
-0.7693510845253643
-0.7700868693180383
-0.7715812280851727
-0.7738604136763818
-0.773884385911515
-0.7775463173398748
-0.7785570540630337
-0.7865552039196094
-0.7905352764762938
-0.790573368469874
-0.7911369509529322
-0.7921231289394199
-0.792621492408216
-0.7926798256812617
-0.7959023725177924
-0.7984310388565063
-0.7989916554943193
-0.8000013551541737
-0.8057690858840942
-0.8194910194724798
-0.8219727354631426
-0.8236213401639058
-0.8264770150184632
-0.8276807069778442
-0.8306742459535599
-0.8337818309664726
-0.8465649611316621
-0.8484154846519232
-0.8526150711501638
-0.8575217202305794
-0.86262197047472
-0.8635471411980689
-0.8646950344074866
-0.8658426015948256
-0.8668068846066793
-0.8695450082304887
-0.8726570978760719
-0.8799450308084488
-0.8916868985527091
-0.8938166037201881
-0.8951245767995715
-0.8979062040646871
-0.9005999813477198
-0.9059344629446665
-0.909557883744128
-0.9113772049546242
-0.9201931586056682
-0.9212897435296327
-0.9217165944476923
-0.9244395612428585
-0.9265622442277769
-0.9320906554736818
-0.9342020890268031
-0.9366179648786783
-0.9426050558686256
-0.945089569936196
-0.9477775034805139
-0.9492141962051391
-0.964487632115682
-0.9674527986596028
-0.9743839412927627
-0.9746557585895061
-0.9790147005281012
-0.9821311706715884
-0.9902751153761832
-0.992799512628052
-1.021800573177946
-1.021841835975647
-1.02545835217461
-1.0300947420764714
-1.0406765243969858
-1.0420266222208738
-1.0530647933483124
-1.056288267672062
-1.0606199502944946
-1.0645144226058618
-1.0667088866854708
-1.0688726431690156
-1.0995539296418428
-1.1070009072621663
-1.13690451780955
-1.1446460983715951
-1.1560799202416092
-1.172264963388443
-1.174363950888316
-1.177423397699992
-1.2477923651846747
-1.2571335550283038
-1.2700997749343514
-1.2744735423475504
-1.2785524129867554
-1.2934901143113773
-1.3040079325437546
-1.3237038850784302
-1.3557916823774576
-1.3648800253868103
-1.3773066600163777
-1.3907831999628495
-1.4282624495681375
-1.4764063915548225
-1.4825375620275736
-1.513565489090979
-1.5163077861070633
-1.5263623595237732
-1.6205726753687486
-1.6261110305786133
-1.6410322189331055
-1.681973159313202
-1.697788539222529
-1.706581792018066
-1.7308055471658008
-1.745975363533944
-1.7702191352844239
-1.7992170095443725
-1.8162965178489685
-1.8201174318790436
-1.8320622220635414
-1.8457894099410623
-1.8631521215041478
-1.8737661242485046
-1.8772525377571583
-1.8890944520632427
-1.9484405145049095
-1.9661100109418232
-2.1122531592845917
-2.208078168410187
-2.235848148663839
-2.3875535004772246
-2.4338416864338797
-2.445091533008963
-2.4939330094493926
-2.5441908647480886
-2.5600255131721497
-2.563182949088514
-2.5870887599885464
-2.6934323188615963
-2.7068738157395273
-2.784178614616394
-2.830143928527832
-2.8320766538381577
-2.906223878264427
-2.9239057302474976
-3.01789952814579
-3.0230089016258717
-3.3316043838858604
-3.341788267949596
-3.5783870816230774
-3.8759084045886993
-3.9099242091178894
-3.947789892554283
-4.068798508495092
-4.714579090476036
-4.7857314596573515
-5.117724418640137
-5.143492698669434
-6.005071640014648
-6.289274215698242
-6.347311496734619
-7.996924638748169
-11.896245956420898
-12.12382984161377
