-0.00023168980067111988
-0.030429021979216486
-0.06030571716837585
-0.06786955278075765
-0.0885550062909412
-0.10218358505517244
-0.11985274921171367
-0.12681439941006828
-0.13339037531986833
-0.13376074314737707
-0.13680046936497092
-0.13841824589892188
-0.1386951504391618
-0.149416500760708
-0.15268576105590909
-0.16437400386455464
-0.1671168933622539
-0.16786814614169998
-0.16937025533989072
-0.18316875935609764
-0.18960886290296913
-0.19633164180995663
-0.20035850676940753
-0.20192024782299994
-0.20261065632803366
-0.20347755774855614
-0.20714389233035035
-0.20728316800668836
-0.21373195974156262
-0.2137828614722821
-0.21590824120212346
-0.22492091683670878
-0.22500326361041517
-0.22672189352451824
-0.22837683804990613
-0.23263306356966496
-0.23552486702756142
-0.2360798684603651
-0.23714826124555924
-0.23722639547324637
-0.23827552469329022
-0.241524120233953
-0.244142748725911
-0.2444400648601004
-0.2448253748123534
-0.24784880615770816
-0.25052792749678093
-0.25132794777995776
-0.25184418230007094
-0.25385474395006896
-0.2544577687280253
-0.25580587789881976
-0.2583837565573049
-0.25855148655828086
-0.2586192214415253
-0.2632727300349091
-0.26343758209582624
-0.26658792793750763
-0.2696242114616325
-0.27090730737351504
-0.2710020837280899
-0.27171839682385324
-0.27204063296085224
-0.27216792956012514
-0.2727939276682103
-0.27282907026819886
-0.2745868726633489
-0.2755796689639932
-0.2788765775587629
-0.27954808791400865
-0.2798758876742795
-0.28061422005079556
-0.2811366267278572
-0.2826080264057964
-0.2826693517919112
-0.2839043559785932
-0.2869378892428358
-0.28919666620204226
-0.29023005506799865
-0.29098707044128486
-0.2925269153035645
-0.2936815023422241
-0.29416007492691276
-0.2951127194392029
-0.2966127640540637
-0.2970098821169813
-0.2971804104745388
-0.3009703916371412
-0.3012644070466714
-0.30179188819456615
-0.3018121115331139
-0.3026079387507505
-0.30372661032743054
-0.30414587957784534
-0.3042486703683001
-0.30520665383503204
-0.30557762938406086
-0.30580046467948707
-0.3058463274501264
-0.3094413294872668
-0.3114706469234079
-0.311982506927355
-0.3144753210638699
-0.31467857029783775
-0.3181095461011864
-0.31814838892314584
-0.31920410294085744
-0.3194162057908742
-0.3206589939072728
-0.32152337267210607
-0.32167191569806164
-0.32365115982029236
-0.3237781785108382
-0.3263033320661634
-0.3270174238520364
-0.32702350285399007
-0.32737172895576805
-0.33011147665800106
-0.3311879201274779
-0.3319885873119347
-0.3320695677116005
-0.33437103099034476
-0.3346149405336072
-0.3359294676009323
-0.33628272246569396
-0.3381751235657638
-0.33955821227282285
-0.3395923648035023
-0.34210500294076546
-0.34219934600405394
-0.3425370595817055
-0.34270662874249475
-0.34575519322728115
-0.34606499038636684
-0.3470478811301291
-0.3473527457179694
-0.3496356779243797
-0.350825565867126
-0.3509595256546163
-0.35473950306574503
-0.35632357641059736
-0.3564423117786646
-0.35788767638483215
-0.3578992683573493
-0.3581407344706046
-0.35815755002991206
-0.3585772990281212
-0.35886945298407225
-0.3596509217041666
-0.3602020927736985
-0.3614808378042653
-0.3620584948686883
-0.3627650923735928
-0.3629672255367041
-0.3635257388465106
-0.3640164410674267
-0.3648917800030456
-0.3649605691833939
-0.36598366531061716
-0.3669335801775257
-0.3671569868715273
-0.3675916633801535
-0.3689007673314528
-0.36934268460406555
-0.37046278547495604
-0.37077590959167783
-0.37111976875790526
-0.3715259439444968
-0.372566985587279
-0.37296123383566737
-0.373550641102338
-0.3738257703487761
-0.37423537945788765
-0.3748515923817953
-0.37671491457149386
-0.3770390510973003
-0.37727654652137843
-0.37759092283834306
-0.37845462899921195
-0.378530736034736
-0.37871706672012806
-0.3793599096954697
-0.37941437775152737
-0.38073632260784507
-0.382165078798102
-0.38315821741707623
-0.3839051043614745
-0.3858606859226711
-0.3905235743295634
-0.39067019522190094
-0.39196837766476994
-0.3942107374147911
-0.3974550981997709
-0.39859531708025314
-0.405561767888139
-0.40714055206626654
-0.4080938148333437
-0.40833627126868005
-0.4087031732539799
-0.4088243802309282
-0.40939900605008006
-0.4131920969593921
-0.41341172261163595
-0.4134722412796691
-0.4136992014514712
-0.413791243611033
-0.4148898092763765
-0.4171820290386677
-0.41752791760955005
-0.4208030321058773
-0.4222124716732651
-0.42253770417947734
-0.4228514214511961
-0.4237763372715563
-0.42674007964420263
-0.42769499744031236
-0.4300440507003158
-0.4305460196919739
-0.4306322900301893
-0.43095959164202213
-0.4315789567513598
-0.4324878554658166
-0.4329594307928346
-0.4364432474349087
-0.4373416668247609
-0.43756784375208163
-0.4380718730390072
-0.4396555227227509
-0.4427156977000691
-0.445274069942343
-0.44647246128879486
-0.4494925763036008
-0.450947299344989
-0.45281079644337296
-0.45348391300067303
-0.4563746589626168
-0.45832628055941316
-0.4584610101761427
-0.4586116737789578
-0.4603935587219894
-0.46303496204523575
-0.4636052008718252
-0.46418800950050354
-0.46553194310399704
-0.4671450836103759
-0.4690983613487333
-0.4753984763788489
-0.4755886952496237
-0.4769702763296664
-0.4814391390453758
-0.4822554336162284
-0.4837944665458053
-0.48379827035629813
-0.4856987560421906
-0.485960531164892
-0.48681700954330154
-0.4879921507264953
-0.48804572265362367
-0.488190450905157
-0.4910298564500408
-0.49190850742161274
-0.4952727128960153
-0.4993101784922942
-0.4995679614599794
-0.499595145881176
-0.5015932145927634
-0.5035720416829766
-0.5063365513924509
-0.5064030212815851
-0.5105102587549482
-0.5130043303194854
-0.5139310999463002
-0.5149830424537262
-0.5212469918104554
-0.5278563734412144
-0.5281991662147144
-0.5283324918709695
-0.5296029950612657
-0.5361606155832609
-0.5490088029764593
-0.5498611300897139
-0.5528495503822342
-0.553561232984066
-0.5565777695737779
-0.5581095296268662
-0.5669989033184331
-0.5684023432300559
-0.5694678100408055
-0.5696614933743452
-0.5708740566365628
-0.5727215374142609
-0.573425778587989
-0.5734511790797114
-0.5753744774847291
-0.5768360047867256
-0.5777167363557965
-0.5780035019852221
-0.5782089996565547
-0.5789219639264047
-0.5890401086459557
-0.5914227441729357
-0.5934581163261706
-0.5964803078095429
-0.5989849799564885
-0.60100744649147
-0.6076919920319184
-0.6103949435055256
-0.6134188992436975
-0.6163726627807288
-0.619490090963574
-0.6273772354636874
-0.6287901320805153
-0.6334835067391396
-0.6336020732220883
-0.6399158001101265
-0.6428335378877819
-0.6451814845204353
-0.6470357397597076
-0.6478139593132904
-0.6502085427443186
-0.6522817271761596
-0.6741536217076438
-0.6760666714981198
-0.6799688033759594
-0.6806761170737445
-0.6815620813898325
-0.6822380863595754
-0.6909349464112893
-0.6915257673244923
-0.6932728324725759
-0.6953831910554982
-0.6993635852062804
-0.7037179870142912
-0.7084248339136442
-0.7092036504376059
-0.7114909768104554
-0.7130265801912173
-0.7148668738364904
-0.717009263986256
-0.7185008917253332
-0.7216781575698406
-0.7262435986078344
-0.7273963739474615
-0.7278490974567831
-0.7307260232977569
-0.7327161856422512
-0.7333192638179753
-0.7458715066313744
-0.7461748787512382
-0.7491604920295585
-0.7497005953284149
-0.7499529992540678
-0.7563807882834226
-0.7588748410344124
-0.7708832224830985
-0.7774808405665681
-0.7821436496441038
-0.7985899674822576
-0.805079082531544
-0.8125828113465104
-0.8130757436156273
-0.8157042067497968
-0.816656111429135
-0.819443741813302
-0.8229902386665344
-0.824656811542809
-0.8358637373894453
-0.8376078090347748
-0.843991808174178
-0.8517113883048296
-0.8673866164317587
-0.86882835524323
-0.8704831600189209
-0.8807190328836441
-0.8862622102256864
-0.8893120234832168
-0.9039272169272105
-0.9065330191224348
-0.9080364167457446
-0.9091004913672804
-0.9133423019200564
-0.916928066298299
-0.9214036759047304
-0.9215268629603088
-0.925411848972241
-0.9330906346440315
-0.9375810828496469
-0.944041445106268
-0.9509220105974237
-0.969141175763798
-0.9734800856760037
-0.9816345840226859
-0.9877829477190971
-1.0066510140895844
-1.0068207159638405
-1.013076364994049
-1.0148196816444397
-1.0249388057738542
-1.033001580586036
-1.0446052448824048
-1.0455474890070036
-1.0523915886878967
-1.0711126497481018
-1.0801869394308596
-1.084603626281023
-1.0925829807917278
-1.0945936031639576
-1.1090762257067581
-1.119803400710225
-1.1212386535480618
-1.1360379476100206
-1.1367045998573304
-1.1398293785750866
-1.1406246572732925
-1.149248623436506
-1.1512404680252075
-1.156046872085426
-1.1595248261333577
-1.1743553342918556
-1.1915488708727935
-1.19673805324904
-1.2070097820833325
-1.2079225704073906
-1.2228835597634315
-1.2251294609159231
-1.2822783838879939
-1.2891467014948528
-1.2918672859668732
-1.2940772562287748
-1.2948432348668575
-1.299133226275444
-1.3017404317855834
-1.3019137871888233
-1.3190467127715237
-1.319777163444087
-1.3356791535576729
-1.3423380610687066
-1.3528627359094874
-1.3674494326114655
-1.3848887135585148
-1.3890205919742584
-1.4199204047520955
-1.4361016352971394
-1.4705854058265686
-1.4855040938903887
-1.533384095877409
-1.5473256481694988
-1.5697660466345649
-1.5701421161764302
-1.5709347501397133
-1.6012528389692307
-1.6023845714516938
-1.6106219589710236
-1.6114045605063438
-1.6152191547056038
-1.6667274832725525
-1.6788447499275208
-1.6855342499911785
-1.7023558323460748
-1.7358110842178576
-1.7417754011359647
-1.7615466515223186
-1.8215779662132263
-1.832132276147604
-1.8972767442464828
-1.9805659651756287
-1.9850298762321472
-1.9856841564178467
-1.9968841075897217
-2.0053931932197884
-2.0118320994079113
-2.1017308831214905
-2.1789158068131655
-2.185212381184101
-2.1987974643707275
-2.252354145050049
-2.255603015422821
-2.2861166142392904
-2.3233043551445007
-2.326052545220591
-2.3317482435177226
-2.3820353262126446
-2.5774556854739785
-2.6028447401331505
-2.657620467323189
-2.9749796390533447
-3.039618730545044
-3.0760691165924072
-3.2921099453475713
-3.465241000056267
-3.5315505266189575
-3.5581060325882086
-3.717779755592346
-3.812209725379944
-3.847198009490967
-3.981730580329895
-4.2278727646917105
-4.362967980715136
-5.0315937995910645
-5.334020375885302
-6.096238195890237
-6.543409645557404
-9.928546905517578
-10.252988815307617
