-0.00021771191677544266
-0.007669732105568983
-0.00896484320401214
-0.012589155463501811
-0.05247086443705484
-0.05629855523390385
-0.07396259531378746
-0.08502742471173405
-0.16168996239347116
-0.16193818818564978
-0.22688929475126232
-0.23431023851864868
-0.23437144863419235
-0.24284851036500185
-0.2445020069135353
-0.25141343374823255
-0.2587128105383921
-0.26112609666647174
-0.26390317305922506
-0.2669667842142839
-0.2678234327871066
-0.27682854908930277
-0.2868614001199603
-0.2875933695299409
-0.28774897368358715
-0.28825098936530674
-0.2883497876607994
-0.28939490080554403
-0.29172991297673434
-0.2921450845716309
-0.294186721153329
-0.2954646522800128
-0.29771807766519487
-0.29946529294306856
-0.30410802240426166
-0.31196846609877865
-0.31203714223413825
-0.31216029130796413
-0.3127467780529211
-0.3131198634959889
-0.3148482879914809
-0.32585643231868744
-0.32654167665168643
-0.3278553243042935
-0.3291036882021217
-0.33110459717997737
-0.3312856256379746
-0.3357626033972944
-0.34138001572187526
-0.3417982626706362
-0.3456871852722543
-0.34695559039246293
-0.35578414691346033
-0.3603979942521879
-0.36323381819927036
-0.36790958631115206
-0.3679181898069146
-0.3681739908643067
-0.36958197588101027
-0.3708517114209826
-0.3724038058684932
-0.37396510621092605
-0.37517867732931337
-0.37617209248128347
-0.3825207266956568
-0.3829417433895287
-0.3830722982862166
-0.3837610961403698
-0.385347047355026
-0.38844981599062783
-0.38857832446228713
-0.3897340072435327
-0.3915339152605584
-0.39226861153211856
-0.39240076211788416
-0.3925383319146931
-0.3954925620366402
-0.39576056170142904
-0.397049057221011
-0.3984872547960193
-0.3987359611489568
-0.3991800880758092
-0.39999881625408307
-0.40166252234485
-0.4053778070060966
-0.40580411372161507
-0.4061033104080707
-0.4080479589756578
-0.4089004925470083
-0.4089854396879673
-0.4093680095684249
-0.4100180797278881
-0.41082852768401307
-0.4152434025891125
-0.41605970594100655
-0.41682918999248386
-0.418440035590902
-0.41995395223299664
-0.42167203361168504
-0.4217288184911013
-0.4252335026863233
-0.4268355878690879
-0.4269328609108925
-0.4272850278764963
-0.4273203226259974
-0.4303774036467075
-0.4310263578980084
-0.4323170992235343
-0.43358308560952236
-0.4349340205746038
-0.43530971914744515
-0.43714183617521485
-0.43827148066096316
-0.4383045139146399
-0.4386603718890843
-0.43920283185850295
-0.4415483198931075
-0.44158429872031774
-0.44621209424132335
-0.4475597873744037
-0.4479680862698135
-0.44969965813517637
-0.45163295716047286
-0.45223754458129406
-0.4534312908737775
-0.4550945650786161
-0.460563126206398
-0.46166493163187183
-0.46440308299762284
-0.4654102350274722
-0.4673612706867516
-0.46830854600888083
-0.4699399297242053
-0.4700904542562337
-0.47039924908567626
-0.47081121015879845
-0.47143893502652645
-0.4735282161273062
-0.4758833496831357
-0.47617013808339836
-0.4786867949772965
-0.47896976667107083
-0.47947291883506943
-0.4846324935519638
-0.4849629279458895
-0.48555003888905046
-0.4879376138819175
-0.49028420141742873
-0.49131689226293623
-0.49228387069888413
-0.493491196775949
-0.4936961097642779
-0.49460915765828556
-0.49622446298599243
-0.49663934583077207
-0.49719527839786476
-0.49793513626791536
-0.4988147963342726
-0.4996580511331558
-0.5005989410497932
-0.5008153695613146
-0.5055503189297659
-0.5067064499806813
-0.5081494733070334
-0.510420384151595
-0.5137236883165315
-0.5140075109986355
-0.5141754457055447
-0.5152576806851559
-0.516435296041891
-0.5166009105741978
-0.516807631406534
-0.5176997486915853
-0.5184347113374517
-0.5190631522797048
-0.5212098287551531
-0.5225873553808297
-0.5249780237420716
-0.5273544539564422
-0.5276049111736938
-0.5286699904128909
-0.5297941821897568
-0.5299468535929919
-0.5308804767206311
-0.5344753477774147
-0.5362903928325977
-0.5376393788028508
-0.5376924277981743
-0.5393556675873696
-0.5409717081795231
-0.5415081110051168
-0.5432715039286349
-0.5449527332352267
-0.5465041382238269
-0.5500344986960825
-0.5502679676153801
-0.5508866467114005
-0.5529580507427454
-0.5540328066175183
-0.5547054760122242
-0.5558336540642712
-0.5577840100633222
-0.5582834780216217
-0.5606176231056452
-0.5612305746180937
-0.5625922527785102
-0.563516651513055
-0.5642395231407136
-0.5645779592916369
-0.5679775904864073
-0.5682402135183414
-0.5683305812999606
-0.5684558593202382
-0.5708957124604948
-0.5718611351081303
-0.5759551940485835
-0.579183944966644
-0.5801110658794641
-0.5804400362772867
-0.582409727293998
-0.584742734541851
-0.589214520321952
-0.5896844102276696
-0.591743379417393
-0.5932638517198825
-0.5944204003150974
-0.5971313453816947
-0.599096453083413
-0.6052827157080174
-0.6065349132210637
-0.6100761345587671
-0.6113742999732494
-0.6122746299012215
-0.612337610553077
-0.6132248663110659
-0.6166313600493595
-0.619828169234097
-0.6204726708432039
-0.6205588536540745
-0.6217019983192181
-0.622401288151741
-0.6260995663134963
-0.6261145768803544
-0.6270826519458206
-0.6313726225672872
-0.6333910252765885
-0.6347523219301365
-0.6363679850474
-0.6412620730545768
-0.6436023939032955
-0.6533845810530087
-0.654667874177297
-0.6567741390317678
-0.6577908887328314
-0.6587128067112644
-0.6623463941738009
-0.6644664678190436
-0.6686542583629489
-0.6702360618445609
-0.6733941746739825
-0.679333072854206
-0.682478480491097
-0.6850546568632125
-0.6873406050726771
-0.688013934250921
-0.6922596350001792
-0.6957370117306709
-0.6973853741073981
-0.7026162954668204
-0.7032671612170007
-0.7043441411107778
-0.7060164641297888
-0.707559849251993
-0.7112998339968423
-0.7152769416570663
-0.7231154745178563
-0.7236569624510594
-0.74035509241124
-0.7498719081282615
-0.7524371912004426
-0.7547086636524909
-0.7655090524611297
-0.7695373727215661
-0.7716866441104295
-0.7735368981957436
-0.7737719882279634
-0.7739274808102183
-0.778339430806227
-0.7875496932926277
-0.7886137671303004
-0.789213671348989
-0.7922257081206355
-0.7923709750175476
-0.7948765276232734
-0.7949578674245762
-0.8002864610558996
-0.8008394747972488
-0.8037817127769813
-0.8139703903081161
-0.81606610189192
-0.8191071672675511
-0.828958099574915
-0.8299960885196924
-0.8307054149959835
-0.8381186525026957
-0.8415803888014385
-0.8429719411554591
-0.8459334901667067
-0.8534901738166809
-0.8573650187916226
-0.8616779879278814
-0.8657844458745482
-0.867254214911637
-0.8855829781719616
-0.8866085211435953
-0.8878018921241164
-0.8923598527908325
-0.8938820889840523
-0.9003482606894806
-0.9132864437997341
-0.9192629689350724
-0.9228306953494515
-0.930663856305182
-0.9341666370376267
-0.9370318417945369
-0.9382822513580322
-0.9407090753316879
-0.9463865906000137
-0.9679530790541321
-0.9860754374946866
-1.0181038295850158
-1.0321719199419022
-1.0473284041509032
-1.0553688214470942
-1.0733275587360065
-1.097110852599144
-1.1006936534540728
-1.116472728860875
-1.1216811778556024
-1.1241018660366535
-1.128022180031985
-1.1344220131635665
-1.1416525600478054
-1.1506893019191922
-1.1681470468174666
-1.1941407844424248
-1.228445403277874
-1.2415018899249843
-1.2513887993991375
-1.2591468906030059
-1.2610633000731468
-1.266127579845488
-1.2798149089794606
-1.28064530431584
-1.282876013632631
-1.3174562214990146
-1.3717001353700955
-1.3916484097659123
-1.392001435160637
-1.4235168099403381
-1.4486337304115295
-1.4537346529541537
-1.4667083178646863
-1.5121474042534828
-1.5694127678871155
-1.5752900547347963
-1.5941043090327487
-1.6362252980470657
-1.7191970591957215
-1.7607430186981219
-1.838565485260915
-1.8598371813423
-1.882837723576813
-1.883740239776671
-1.8883045017719269
-1.9035782973902922
-1.9323308783350512
-1.942982256412506
-1.9672830551862717
-1.985460340976715
-1.9928164830586563
-1.9997371734527405
-2.241998527664691
-2.2454019592143597
-2.254710506919461
-2.279600848754247
-2.2841160404495895
-2.3510852502658963
-2.3514015674591064
-2.4189544320106506
-2.456855474971235
-2.463150542229414
-2.4961738362908363
-2.528208779869601
-2.6333202004432676
-2.687351607135497
-2.7606791611760855
-2.7714383557613473
-2.8215735548419616
-2.8428165540099144
-2.854334916904918
-2.890414208173752
-2.945691294968128
-3.0280937353769937
-3.0761754677514546
-3.0981412461405853
-3.1172334545408376
-3.145141665416304
-3.1874684393405914
-3.290968974431356
-3.2922981250837133
-3.392790765647078
-3.4078824684838764
-3.493411064147949
-3.53183376789093
-3.5518995026747384
-3.743518869082133
-4.132065176963806
-4.222238540649414
-4.855126307588459
-4.930564997848705
-5.1729848980903625
-5.450002144090831
-5.451583623886108
-5.755360126495361
-6.440445899963379
-6.558761914571126
-6.735193252563477
-8.657618761062622
-8.726845502853394
-9.415044784545898
-10.686123847961426
