-0.007348330031769971
-0.012797684816177934
-0.013413597169953087
-0.023942687967792153
-0.0342078801865379
-0.046997425612062216
-0.06346048052526182
-0.06843370175920427
-0.08558336906135082
-0.09159111939370632
-0.09384146612137556
-0.12310557851257424
-0.1317158095072955
-0.13448360500236353
-0.13552147895097733
-0.13669220730662346
-0.14241023501381278
-0.1434330428019166
-0.14500547433272004
-0.14900169651955367
-0.15087535232305527
-0.1555523566203192
-0.15659694426826068
-0.15814109715736574
-0.15932866806785265
-0.16109221490720907
-0.16134513155557215
-0.16737890823943807
-0.16867438331246376
-0.1727413466821114
-0.17598715471103787
-0.18565619364380836
-0.18586887732575028
-0.1867666482925415
-0.18826282490044832
-0.18907727032072014
-0.19227735428139567
-0.19241460924968123
-0.19573469460010529
-0.19675967320799828
-0.19997609316487797
-0.20160148199647665
-0.20165484701283276
-0.2053427492889265
-0.2090944888898068
-0.21073416038416326
-0.21287761265902141
-0.2130889287800528
-0.21360888315054277
-0.21518803465733072
-0.21949282963760197
-0.22526921407552436
-0.22913519404828547
-0.23097281499455372
-0.23263144154334442
-0.23267275840044022
-0.23308004927821457
-0.23357199225574732
-0.23644415591843426
-0.2379337688907981
-0.23893433184746435
-0.24020382263309634
-0.24217534501497684
-0.24521923958159544
-0.2506960903604825
-0.2528983363881707
-0.2568117618560791
-0.25903138106590823
-0.2594101212162059
-0.2604923580135954
-0.2605121899396181
-0.26113770036026834
-0.26322164931999786
-0.2634074622998014
-0.26564867852721363
-0.26747256131299463
-0.2699067991396243
-0.2723646934198983
-0.2756416740827262
-0.2781733426058458
-0.2788763969670981
-0.2791309343301691
-0.28042115090000963
-0.2817624506230156
-0.28195317640590173
-0.2843854397069663
-0.28452937943594797
-0.2884554423391819
-0.29008592830763924
-0.2918448954199751
-0.292143160606631
-0.29972611414268613
-0.30004111820211016
-0.30012878132401966
-0.30042088590562344
-0.3008717047567997
-0.3017454341881805
-0.3038889371923038
-0.30470544286072254
-0.30495665098230046
-0.30500492882304664
-0.3055622111908936
-0.30834317109547554
-0.31007128143683077
-0.3104751275054046
-0.31147492128527826
-0.31295430914033207
-0.3137795754397909
-0.3144395936147443
-0.31522110530308317
-0.31683642841461634
-0.3168387485202402
-0.3175679584344228
-0.31766080090569127
-0.318574348029991
-0.3188424460589886
-0.31990185142494737
-0.32176540579853785
-0.3221447695977986
-0.3230188128291047
-0.3247340319212526
-0.32612075726501644
-0.32710775492402416
-0.3281382129585836
-0.3288318701015669
-0.3305061662569642
-0.3307644894812256
-0.33203529976308344
-0.3331064188387245
-0.3332929072591166
-0.333637287788507
-0.3345052193229397
-0.3359552871968065
-0.33627470596693454
-0.3391736475750804
-0.3396614766679704
-0.3400249700450028
-0.34055627323687077
-0.34189367356399697
-0.3430637713331221
-0.34458233453333376
-0.3495879170484841
-0.35030416016363436
-0.3517070450820029
-0.3517155973240733
-0.35202188400382345
-0.3546795854344964
-0.35545324673876166
-0.3562805514250483
-0.358592435552661
-0.35908724148757754
-0.3609356723027304
-0.3616287768645971
-0.36188016074399154
-0.36348189069363085
-0.36469786532688886
-0.36524385325610637
-0.36549886241555213
-0.36631875415332615
-0.36652317443596466
-0.36727329201271963
-0.36795949485773843
-0.36974653927609324
-0.3719295586148898
-0.37359877140261233
-0.3737696505018643
-0.3766687892687817
-0.37695982261687855
-0.3779268774928318
-0.3792096782751657
-0.3795414212159812
-0.3808624389581382
-0.3823582717979496
-0.3845219456901153
-0.3873258531569842
-0.38758823852986096
-0.3883960468487607
-0.3910377711057663
-0.3925473216438183
-0.39304786242428236
-0.3935060759540647
-0.3944458252750337
-0.39552902476862073
-0.395934788743034
-0.39670758104572695
-0.3973195246420801
-0.39770785429411465
-0.39795242852997037
-0.40374023529390496
-0.40942387050017715
-0.41030790462779504
-0.4147740218322724
-0.41626577576001483
-0.4163755148848785
-0.4164391864194638
-0.4177435479359701
-0.42008795496076345
-0.4208580628942905
-0.4216276486245492
-0.4246180063734452
-0.4258289194646447
-0.426494107448629
-0.42703281198110843
-0.4289368454899107
-0.42932846383856876
-0.4298718646168709
-0.4303585562855005
-0.4319750169912974
-0.43323685145005586
-0.43394689774140716
-0.4340549255721271
-0.43610126357525586
-0.437052465768324
-0.43730468656867744
-0.43774744109915836
-0.43824820006266235
-0.44189843496424147
-0.4433696363121271
-0.44375912845134735
-0.4460909366607666
-0.446676061488688
-0.4477473952807486
-0.4482675874605775
-0.4487486841260559
-0.45005691312253476
-0.45061060623265803
-0.4508990967879072
-0.45190990664478803
-0.4519636787267195
-0.453379881314256
-0.45379909890471026
-0.45402500545606017
-0.45415526796848726
-0.45418976387009025
-0.4551321337930858
-0.45706402137875557
-0.4572702055031966
-0.45810635775948566
-0.4601124353440745
-0.4645922347903252
-0.46506993046828676
-0.46681481602136043
-0.4671739915918027
-0.46879044593311847
-0.4688530087703839
-0.4691891107708216
-0.47071977740981513
-0.4710764656109469
-0.47119359955048334
-0.4731361836983034
-0.47513465068186633
-0.47549442732706665
-0.4756488073358519
-0.47582265436649324
-0.47629417665302753
-0.48019212871789935
-0.48138184696435926
-0.4823512714356184
-0.4825301182960781
-0.48420002683997154
-0.484502915199846
-0.48545745899900794
-0.48554771507365835
-0.48587916631783756
-0.4882406417746097
-0.4921138849375503
-0.49484187830239534
-0.4951474204659462
-0.49614146947860716
-0.4967234695160931
-0.4970751346221992
-0.4976198481861502
-0.49898780055809766
-0.49953550403006375
-0.5014326772652566
-0.5057233119991401
-0.5075077581568621
-0.508539120387286
-0.5086359509399959
-0.5095872486243025
-0.5102923410013318
-0.514203317463398
-0.5190321065019816
-0.5222153123468161
-0.5222432373091579
-0.5249973253036538
-0.5283723422326148
-0.5381021285429597
-0.5409554379293695
-0.5447929967194796
-0.5499602884054184
-0.5520677927083203
-0.5536605467059417
-0.5560692697763443
-0.5566552496359994
-0.5585382178425788
-0.5593360450118781
-0.560177627991399
-0.5680855734805975
-0.5700309425592422
-0.5711371918608036
-0.5715397708117962
-0.5727425633619229
-0.5754103334620595
-0.5760085640682114
-0.5760460413164563
-0.5805664102663286
-0.5811970490233406
-0.5829168031258243
-0.5831652743800078
-0.5832360935222823
-0.5851283180527389
-0.5868003994226456
-0.5873774508290808
-0.5877170746347734
-0.5888761043548584
-0.5890023924730485
-0.5915948768379167
-0.5918848610948771
-0.5926961451768875
-0.5948460102081299
-0.5954620955098007
-0.5955014408876499
-0.5959114019448558
-0.5962375078350306
-0.5965505831409246
-0.59782368570034
-0.6016472180684408
-0.6024236677524945
-0.6024942174553871
-0.6087695214276513
-0.6136124661192298
-0.6160343474087616
-0.61671090995272
-0.6172138182446361
-0.6186824678443372
-0.6232200114588652
-0.6238857465130943
-0.6280889518093318
-0.6293071210384369
-0.629391910135746
-0.6321194201619142
-0.6329206296553215
-0.6347153883959565
-0.637649766355753
-0.6389999324455857
-0.6472665458917618
-0.6483988456635011
-0.6487092076955984
-0.6489371702075004
-0.6499206771453222
-0.6534464348107576
-0.6539775287300083
-0.6544761499390006
-0.6595657442812808
-0.661079997352014
-0.6680090798065066
-0.6732932703453116
-0.673530964832753
-0.6765153030864894
-0.6778617224522999
-0.6792653480079025
-0.6824312161188573
-0.6855168665015998
-0.6869833483360708
-0.6877865280645589
-0.6935086992951776
-0.6945659883320332
-0.6974123986437917
-0.6992635391652584
-0.7009927961432064
-0.7017897356301546
-0.7055549160577357
-0.7060690134763717
-0.7119935750961304
-0.7166291549801826
-0.7184147596359253
-0.719624889942889
-0.7217771232128143
-0.7237837095744908
-0.7282162993680685
-0.7342474230636771
-0.7345201174418131
-0.7363774913291519
-0.7399748936295509
-0.7485329955816269
-0.7496438149649364
-0.7520070932805538
-0.7529390861413309
-0.7559107953969103
-0.7566696563735604
-0.7587465799297206
-0.7624516524374485
-0.7640505818650126
-0.7643571417778731
-0.7652542516589165
-0.7755885347723961
-0.7816821308806539
-0.7858888078480959
-0.7860493312279383
-0.7867726244032383
-0.793081069085747
-0.7942003967473283
-0.7971265111118555
-0.7989445194602013
-0.7989639557898045
-0.7995893756548563
-0.8012612872989848
-0.8149023283272981
-0.8188559718599374
-0.8232749286107719
-0.8282150193117559
-0.8286300450563431
-0.829478090070188
-0.830911724595353
-0.8386472165584564
-0.838780408911407
-0.8389170994982124
-0.8397627770900726
-0.8482688574918679
-0.8539210828021169
-0.8583006248809397
-0.8603935851715505
-0.8633083426393569
-0.8647893766562144
-0.8675791709683836
-0.8680425405502319
-0.8692598879337311
-0.8763576179742814
-0.8765331612279018
-0.8867349574963251
-0.8888154774904251
-0.8933955430984497
-0.8986839683784638
-0.9012137367390096
-0.9041821882128716
-0.9058533192922672
-0.9083965867757797
-0.9169358713552356
-0.9177599590685632
-0.9182404194559369
-0.9192403610795736
-0.9197108005173504
-0.9211967707029544
-0.9376534929848276
-0.9640428558923304
-0.9680622712605529
-0.9698816584423184
-0.9748707529623062
-0.9756616526283324
-0.9779044551542029
-0.9790451401844621
-0.9824426409322768
-0.9947647832334041
-1.016540378332138
-1.0265503340866418
-1.0473776156723034
-1.0479224938899279
-1.0553230247460306
-1.0580038481857628
-1.0590666979551315
-1.0614202577756562
-1.0655435621738434
-1.0736884166952223
-1.075708955526352
-1.0784551401544984
-1.0841394234448671
-1.0936546325683594
-1.1022313870489597
-1.1263127960264683
-1.1397794336080551
-1.1445602774620056
-1.145726832561195
-1.1503043870131175
-1.15149385544161
-1.1550815403461456
-1.157379150390625
-1.1786918863654137
-1.2067802663271625
-1.208852842450142
-1.2203431812425454
-1.2226365401487176
-1.2314653396606445
-1.2379592582583427
-1.2413804133733113
-1.2518049602707226
-1.2781050701936085
-1.2786769045633264
-1.2934196721762419
-1.295989990234375
-1.3007845679918926
-1.310246340057347
-1.3189248740673065
-1.322964961330096
-1.3254543105140328
-1.3260863622029622
-1.3317730265359085
-1.33830027282238
-1.3383767157793045
-1.341410517692566
-1.349872100322197
-1.3542733080685139
-1.3571857412656148
-1.3668494820594788
-1.3723900305728118
-1.3742096275091171
-1.3938986857732136
-1.3979466358820598
-1.4350352883338928
-1.4591050447779708
-1.4611311592161655
-1.462050199508667
-1.4650001064874232
-1.4874373914466963
-1.5002527236938477
-1.5102573931217194
-1.516783614953359
-1.5245455529075116
-1.5562699635823567
-1.5813801667342584
-1.5821302966879947
-1.6014880063012242
-1.6252705622464418
-1.6510131538379937
-1.656303346157074
-1.6649393339951832
-1.7075830027461052
-1.7499715194571763
-1.7829800248146057
-1.7835267540067434
-1.7899397686123848
-1.804649144411087
-1.8066625595092773
-1.8143712738528848
-1.8162254989147186
-1.8263233490288258
-1.8376156091690063
-1.8585840836167336
-1.8968332707881927
-1.9105014748172835
-1.9805136477308614
-1.9991040291497484
-2.009451305338492
-2.0194891691207886
-2.023764888445536
-2.040704010054469
-2.0453778758112873
-2.0471407156437635
-2.081303469836712
-2.081737233325839
-2.1471233874559403
-2.153204917907715
-2.1770942211151123
-2.180338088795543
-2.1931406557559967
-2.2090130097155147
-2.2141073048114777
-2.2488905787467957
-2.252298057079315
-2.2684757448732853
-2.372124425135553
-2.4471760041002804
-2.4643988250754774
-2.4838931560516357
-2.5022907058397927
-2.5297573048155755
-2.5630670189857483
-2.6029219671618193
-2.6856016686651856
-2.6896596252918243
-2.9811378398444504
-3.0537758469581604
-3.1089625351596624
-3.361908435821533
-3.4274444580078125
-3.533468246459961
-3.5345569998025894
-3.9005022048950195
-3.906102535664104
-4.107215998112224
-4.257046073675156
-4.679144263267517
-5.319578170776367
-5.770076632499695
-5.931786894798279
-6.068493843078613
-6.108817100524902
-6.627739667892456
-6.992417335510254
-8.396547317504883
-9.085254669189453
-9.579972267150879
-9.681564331054688
-9.731817245483398
