-4.649004586099181e-05
-0.00010695037099139881
-0.00015364895079983398
-0.0001762899337336421
-0.0003446928021730855
-0.004549509845674038
-0.01685451390221715
-0.029670628209714778
-0.031590457625270574
-0.03559646008856362
-0.036272659641235806
-0.03798045790037057
-0.04049501160513431
-0.04291696134896483
-0.04498376473347889
-0.04700185574862795
-0.04884806148604386
-0.05248290096334621
-0.052699277800153745
-0.053630940247785475
-0.05373588215760802
-0.05448819951304578
-0.05913069010960128
-0.06274462181742517
-0.06815133140965675
-0.06893916320577294
-0.06987190501044657
-0.07149681430335318
-0.07191696385381788
-0.07226812961690249
-0.07481461048378564
-0.07527653140520367
-0.07582649873208873
-0.07584009423611432
-0.07779199882757634
-0.07783362474138913
-0.08634583460028306
-0.08739945792172954
-0.09155345492520912
-0.09288539352128282
-0.09623007931960663
-0.096814927412197
-0.09731693430803716
-0.10296106783207506
-0.1030823351045249
-0.10564737222499719
-0.1082018016101453
-0.10899182712698045
-0.11161667782353642
-0.11194888818675375
-0.11482166044003896
-0.11484718033049528
-0.115125320698677
-0.11619421068689917
-0.1165147499673017
-0.11953855683220484
-0.12138718861911002
-0.12334407940152628
-0.1258803668509548
-0.12650093161649018
-0.12862825341936615
-0.13065763739197994
-0.13118579250797102
-0.1343159667770427
-0.1374392320696392
-0.13751907979958164
-0.1393295031992758
-0.13933627600759532
-0.14034648669718688
-0.14210410281417094
-0.14610659191708286
-0.14698178707712942
-0.14732688809869746
-0.1483425744622114
-0.149031102563337
-0.14996725653408147
-0.15379686559321099
-0.1552668852599163
-0.1558162016661663
-0.15669957448896335
-0.15984042578233842
-0.16517795896894918
-0.16940640728213252
-0.17115701475122477
-0.17193554507684894
-0.1723635548978085
-0.18329346875127936
-0.18675791348256385
-0.1870636388202911
-0.1886906836531125
-0.19123617823874262
-0.19340717106548255
-0.20493795292350114
-0.21214046668028458
-0.21335083716803638
-0.21400153878941916
-0.21465113372586428
-0.21554197917042378
-0.21631715092808007
-0.2194277013810019
-0.21947329224150797
-0.220272379135713
-0.22178683631354942
-0.22430511156562716
-0.22675686176517046
-0.22804593364932002
-0.2313658690598004
-0.23227122918696194
-0.2331515131440288
-0.23552547293573817
-0.2372471742288326
-0.23847209848463535
-0.23857011965628772
-0.23895555473864077
-0.24040661688195542
-0.24149518919044308
-0.24476804936121505
-0.2489492760764228
-0.25057610657968327
-0.2518257946421727
-0.25408946614479644
-0.2562485308681062
-0.26086280800195205
-0.2644002264331599
-0.265005718532484
-0.26521899566068896
-0.2654581770600219
-0.26637337299471253
-0.2666489084546741
-0.2672439997364159
-0.27140385813891044
-0.2751203024688746
-0.27539775818246803
-0.27696643789645997
-0.28125809480407044
-0.2817925649287645
-0.2867799633415416
-0.28696247825428145
-0.2872251980979854
-0.2887138757588608
-0.29570210067969227
-0.29818452017207164
-0.2987456068904766
-0.3000374134542653
-0.3003884395584464
-0.30059121555597
-0.30140990554355085
-0.30443322099745274
-0.3054837386848198
-0.3059960577986203
-0.3145003866084153
-0.316026802547276
-0.3163945994650324
-0.3174321462194292
-0.3192401175121112
-0.3203377297096368
-0.3215522943953077
-0.3222106449349667
-0.3238948790822178
-0.32499124606450397
-0.32641772356712156
-0.3266923550982028
-0.3272569791122805
-0.3273741196608171
-0.3295545964074942
-0.33348712858278307
-0.33457115532728493
-0.3352527362003457
-0.3371548967435956
-0.35119284635584336
-0.3515741843651388
-0.3538236764994508
-0.354458000229594
-0.35613419848959893
-0.35652057212104815
-0.35653021054167766
-0.36205513048917054
-0.3629279384244001
-0.3636521152657224
-0.36404627936790346
-0.3654243664816022
-0.36809398846526165
-0.3733192018698901
-0.3744185134768486
-0.3754239097858469
-0.37630888670682905
-0.3766464624287827
-0.3780729287536815
-0.37809603547211734
-0.3787432605255162
-0.3791447178227827
-0.37958763526985423
-0.3798584229209357
-0.38009668700397015
-0.38017090406356147
-0.38079602968355175
-0.3826974862487987
-0.3857589634652767
-0.38746515547754823
-0.3890472928893966
-0.3890894695424423
-0.3891694895391993
-0.3921752998139709
-0.39346684486372396
-0.39369266852736473
-0.39507146514952185
-0.3964108438958647
-0.3967385224954342
-0.3973483981390018
-0.3993069485554265
-0.40029624092858285
-0.4009451896750501
-0.40257913296227343
-0.4061317804371356
-0.41030974137700266
-0.4112179596304486
-0.4120953232049942
-0.4128949584264774
-0.4150327864872452
-0.4158230976318009
-0.4165174585974051
-0.4165765706449747
-0.4168202333108638
-0.4171629640649454
-0.4189892554888502
-0.4192339781438932
-0.41999113087076695
-0.4207108341157436
-0.4264341901709688
-0.4278573614243545
-0.42826608128962107
-0.42979967861174373
-0.4305292501048825
-0.4320097322472268
-0.4321952128979471
-0.43311946280300617
-0.44052025182948756
-0.44109009648673236
-0.44164391645851236
-0.4437172971665859
-0.4443058029457461
-0.4472827783061398
-0.4500625283302118
-0.4528423377778381
-0.4547251401323592
-0.45501268189400434
-0.4554512265021913
-0.4557634720404167
-0.45668805080155533
-0.4595047278950612
-0.4668291251964547
-0.4680031328462064
-0.4723206094931811
-0.4741716910308848
-0.47657705172896386
-0.47962427418679
-0.48141932325799847
-0.4822990696799631
-0.4824502745294012
-0.48441328352136126
-0.487221382890961
-0.4897369852333213
-0.4903430281789042
-0.49109747876516646
-0.49206483071773416
-0.4934619853905003
-0.49395345844095573
-0.49397163977317343
-0.4947581601969432
-0.4955701203351574
-0.49657127436754916
-0.4967216457807808
-0.49729691352695227
-0.5025251028419007
-0.5104568612994627
-0.510666118352674
-0.5137844180324465
-0.5162174079101532
-0.5173979718238115
-0.5175477126002079
-0.523441494491029
-0.5255755150923506
-0.5298169408536827
-0.5317194970816167
-0.5344035148931047
-0.5345888060401194
-0.5361867653409718
-0.5365476228878834
-0.5397094413638115
-0.5416589503292926
-0.5471092957886867
-0.5478516390680203
-0.5516003888915293
-0.5578574421395186
-0.5580344322903935
-0.5603215588323239
-0.5632575212512165
-0.5829266306827776
-0.583702715486288
-0.5856732055544853
-0.586639511748217
-0.6001943577624237
-0.6052958937361836
-0.6112867996096611
-0.6116547271609306
-0.6120987674221396
-0.619257815668243
-0.6230718982276611
-0.6343076580087654
-0.6351459126919508
-0.636264905333519
-0.6382297610864043
-0.644463076921446
-0.6487635839730501
-0.6532263840282602
-0.6581212713693579
-0.6583092351269443
-0.6596093985717744
-0.688130421936512
-0.690418598552545
-0.6987773150976864
-0.7035888725270828
-0.7091568471597773
-0.7124302258210568
-0.7129481986232804
-0.7141818332796296
-0.7151058097369969
-0.7202327527920716
-0.722284060716629
-0.7227281075902283
-0.7255442269767324
-0.7289334048650095
-0.7327299416065216
-0.7368632114553293
-0.7413267262794155
-0.7448732223905002
-0.7459292325989476
-0.7572407135448884
-0.7592123056141039
-0.7690483366272279
-0.7732573228076944
-0.7732631178660085
-0.7788549640099518
-0.7803389209096849
-0.7807335534016602
-0.7810176901821251
-0.7813698272553405
-0.7822174280881882
-0.7881221678981092
-0.792246600612998
-0.7934401971986518
-0.7960429927334189
-0.7994812144232648
-0.8021095130126923
-0.8024454708377432
-0.8033262066077441
-0.8039738667721394
-0.8181267520412803
-0.8196363747119904
-0.8212474060377905
-0.8278917503776029
-0.8372359736157315
-0.8406474888324738
-0.872236892580986
-0.8732929690075772
-0.8740636734291911
-0.8747598556801677
-0.8869530586525798
-0.8888124547277888
-0.9009994259104133
-0.9029805660247803
-0.9103718009282602
-0.9203919917345047
-0.9255295363720506
-0.9293505425885087
-0.9305651734272639
-0.9365260874231657
-0.9411074370145798
-0.9521000972017646
-0.9526790777842203
-0.9644727857251253
-0.9657538868486881
-0.9765612495830283
-0.9822222362272441
-1.0292274728417397
-1.038295713037466
-1.0540458114285554
-1.0701962391322013
-1.0714115895330907
-1.0890550874173641
-1.1202023923397064
-1.1349672451615334
-1.1547029788295429
-1.1989293275400996
-1.2606332398951055
-1.2789440006017685
-1.2850250145420432
-1.3082891205158376
-1.3141620112583041
-1.3370526426733704
-1.3551246579736471
-1.3987016379542183
-1.400853901480635
-1.4482549886160996
-1.4530018411654357
-1.4619965900637908
-1.4665997549891472
-1.481346411863342
-1.5179463773965836
-1.592496473963062
-1.6009830509428866
-1.6020584849829902
-1.6752096572890878
-1.6949322112389684
-1.700826332118595
-1.7019839485486348
-1.7237760080994728
-1.7461377883155365
-1.8565420508384705
-1.8718520449474454
-1.884211880378037
-1.9761669480474666
-2.10390777469147
-2.2092819649842568
-2.233282819390297
-2.2934167684288695
-2.4060118347406387
-2.5033108600667524
-2.663687581607064
-2.6959734074771404
-2.8298917412757874
-2.8968734080748013
-2.917933017333174
-3.203257344115021
-3.2936332111615534
-3.536405622959137
-3.702549695968628
-3.7537460327148438
-3.7653701305389404
-4.303108490988961
-4.344057321548462
-4.39033039410909
-4.7510040934503195
-4.898321427390329
-4.9178288355324185
-5.3641022379815695
-5.92083215533421
-6.037014840512711
-6.178290901509172
-7.726827144622803
