-0.012099095154553652
-0.013512114106561057
-0.034436133690178394
-0.050719525053864345
-0.1036104652788102
-0.10522880568169057
-0.11933102474884233
-0.13045876432443038
-0.15550058397154012
-0.21548914744053035
-0.2361550722271204
-0.2420990604441613
-0.25412994793649496
-0.2559398918286509
-0.26984592736698687
-0.27411858755577767
-0.2844997488195077
-0.2857311059720814
-0.31981903335545214
-0.3200241259247478
-0.32408897432032974
-0.3337147582005855
-0.33747941302135587
-0.34935459031257776
-0.3499880348565057
-0.3503977831453085
-0.3542131092233051
-0.3550494732723261
-0.3671039147884585
-0.3704733194084838
-0.37423464593787986
-0.38365963101387024
-0.3897629644876967
-0.38998854729912374
-0.3912659663344837
-0.3919039279338904
-0.39527386020765537
-0.39758144048715216
-0.4002357258286793
-0.40416278018217
-0.40593204146716744
-0.4090290991977478
-0.41050413909833877
-0.4156647078692913
-0.4163227184779114
-0.42337388763137696
-0.4323708379443916
-0.43306368195529404
-0.4335852537769824
-0.4394371848514614
-0.44073636271059513
-0.4428610828342951
-0.4475780147541728
-0.4534679034957662
-0.4546812171325216
-0.4558148391827542
-0.4625013305339962
-0.46384984330506995
-0.4649605207378045
-0.4712902493774891
-0.4719756360864267
-0.47389807427368524
-0.47569099221644656
-0.48131649333420984
-0.48511568607063965
-0.4872476846953346
-0.4880223227415367
-0.488653065261638
-0.49126330194994805
-0.49193116422328687
-0.4950218038633466
-0.49519061027967837
-0.4956027150943151
-0.4956092636889985
-0.4957435883448592
-0.4959127671068667
-0.4992635194212198
-0.5049561329797143
-0.505771507229656
-0.5097920665666607
-0.5133377252003322
-0.5149101912975311
-0.5152450896245588
-0.5172345408645924
-0.5183301308657974
-0.5184141144910384
-0.5221107617253438
-0.5227341749472544
-0.5227663892188242
-0.5258491327054798
-0.5290268244862091
-0.5329473983380012
-0.5365700460970402
-0.5415834701998392
-0.5423983952828816
-0.5463016740977764
-0.5505042962076214
-0.5564357424395737
-0.5578099431004375
-0.5581003524892931
-0.5602937359595671
-0.5607270841673017
-0.5620520746128427
-0.5626847547375493
-0.5631787015923432
-0.5634715953169184
-0.5651046683546156
-0.5664005539321806
-0.5670787337502199
-0.5681941611692309
-0.5700614172965288
-0.571220930700656
-0.5752234606188722
-0.5752805843148963
-0.5753140904125758
-0.5781320183072239
-0.5781818157061934
-0.5785309053802242
-0.5789692401885986
-0.5814268753968244
-0.5829656203342084
-0.5842679180204868
-0.584458157150565
-0.5868274625390768
-0.5913429957711034
-0.5949160314963332
-0.5992033107671887
-0.5995181086473167
-0.5999038799200207
-0.6015817628115959
-0.6031874141448902
-0.6039023078978062
-0.6046204103962131
-0.6082998162407117
-0.6106258132596217
-0.6117184406806094
-0.6161455440645417
-0.6225896570166307
-0.6229262581389201
-0.624876767810848
-0.6254967287596729
-0.6279908528453425
-0.6314872031286359
-0.6316243572626263
-0.6337145477649756
-0.6377935585462384
-0.637799105636077
-0.6391495084681083
-0.6398293326298395
-0.6437972042088708
-0.6448351764657463
-0.650463410342733
-0.6512502727098763
-0.6532058010683007
-0.6551338649458356
-0.6674333981437874
-0.6679257333278656
-0.66810411763274
-0.6718833539634943
-0.6722524681439003
-0.6736090308986604
-0.6759720523509064
-0.6798706627450883
-0.6804179679602385
-0.6831761616497085
-0.6832165068248287
-0.6832453102272537
-0.6837176274695795
-0.6890683782597383
-0.6907383996061981
-0.6910982971312478
-0.6919228071104347
-0.6921042699738921
-0.6929798856377601
-0.6976223892415874
-0.6976641907046238
-0.7013026831878556
-0.7027250704025695
-0.7029508743817132
-0.7040073671479427
-0.7044872377999127
-0.7093346239028809
-0.7097974963486194
-0.7131524953844124
-0.7135209922607129
-0.7135631993878633
-0.7139741477634137
-0.7160283577811372
-0.7225857510056812
-0.722635995064463
-0.7258300268240419
-0.7270424966182973
-0.7290141417664321
-0.7294878164927164
-0.7296932241879404
-0.7358965297212957
-0.7367770414566621
-0.7401662094052881
-0.7409387871623039
-0.7412163732806221
-0.7435462820742812
-0.7453097011893988
-0.7464642108058218
-0.7486529247835279
-0.7487363871186972
-0.7508983647899835
-0.7542938880622387
-0.756380707025528
-0.761977837595623
-0.7622185623240512
-0.7640223751465479
-0.7641489673405886
-0.764746004915131
-0.7658535330370069
-0.7683062359380225
-0.7698463490232825
-0.7699153297063377
-0.7701525437205419
-0.7737531119026244
-0.7741326719583215
-0.7753990249974387
-0.7772122234106064
-0.7781245820224285
-0.7850699230718116
-0.7858886703848839
-0.788122051528522
-0.7888837475329638
-0.7910844784113579
-0.7922127114841715
-0.7966821528971195
-0.7996394377085381
-0.8008356433794168
-0.8018840763252228
-0.8025984956572453
-0.8042021446512081
-0.8046576722757891
-0.80547643750906
-0.8064135203466696
-0.8074904384557158
-0.808510712451405
-0.8106275323778391
-0.8111013057738697
-0.8125867708944358
-0.8128914940170944
-0.8156485277460888
-0.8165574325965002
-0.8182498480309732
-0.8217076095752418
-0.8222153721791174
-0.8223284795880318
-0.8237118826014921
-0.829484403837705
-0.8299590663984417
-0.8309426247142255
-0.8314258946726719
-0.8317425786000159
-0.8321713018768395
-0.8354850216768682
-0.83691383095888
-0.8372045995783992
-0.8391582397256142
-0.8445454281560766
-0.8456974191510159
-0.8467596820167577
-0.8471309010637924
-0.8474209965982785
-0.8516069222532678
-0.8521927611436695
-0.8544520566772137
-0.8557795518776402
-0.8569458101846976
-0.8604110314821204
-0.8614973620408111
-0.861976535525173
-0.8645252308176298
-0.8654770542634651
-0.865996885864826
-0.8663185896972815
-0.8698995945677679
-0.8709721494466066
-0.8758640147338156
-0.8759145438671112
-0.8773597612977028
-0.8783231675957462
-0.880114975799289
-0.8801522310823202
-0.8821734210010618
-0.8850869176288446
-0.8852179441601038
-0.887460726685822
-0.8883626751601696
-0.8891791871574242
-0.8931000873446464
-0.8950543614337221
-0.898431584239006
-0.8990314349532127
-0.9000601932406426
-0.9001081481575965
-0.9009775395194689
-0.9037376253399998
-0.9053177026632641
-0.9121592248615343
-0.9134273366071284
-0.9144338284095284
-0.9163234213742221
-0.9178910185582936
-0.9191489810124039
-0.9197024873283226
-0.9269505761754275
-0.9316391863782579
-0.9339707292616367
-0.9341125044971704
-0.9378530067702134
-0.938365178493162
-0.9390302223463853
-0.9392510944356521
-0.9408421099776335
-0.94434993448002
-0.9452114654704928
-0.9471125602722168
-0.9478734566697052
-0.948242251474531
-0.9549522921442986
-0.955403955717985
-0.9575467117130756
-0.9579704687930644
-0.9654629468917847
-0.9690852962217336
-0.9702747609052393
-0.9704547971034319
-0.9723159586320873
-0.972583320756842
-0.9733678476865558
-0.9771299418061972
-0.9775272220373153
-0.980245877726702
-0.9815973768631617
-0.9834407682397536
-0.9842581409547064
-0.9888046275824308
-0.9915023174669061
-0.9936007718737845
-0.9976726936398667
-1.0036085196887143
-1.0077954549536419
-1.0104110782966018
-1.0111902984790504
-1.0114292725920677
-1.0146286921851613
-1.0160539967939257
-1.017358160018921
-1.0174240991473198
-1.019191881486525
-1.02185131445688
-1.0219723116606474
-1.0237686082720756
-1.024344764516822
-1.0325094178503302
-1.0328373735737841
-1.0336826514685526
-1.0343694960077603
-1.0362597793340682
-1.0393619497909266
-1.0436183523852378
-1.0502960290759802
-1.0511837812140583
-1.0512344592716545
-1.053426744416356
-1.0651139147918334
-1.0656588814454153
-1.0663748968123827
-1.0678964373655617
-1.071610353095457
-1.0733282235451043
-1.0741219294390507
-1.0748767659068108
-1.0760785966579403
-1.0768077820539474
-1.0789809024892747
-1.0817356761544943
-1.0852723829448223
-1.085579401846709
-1.0895925735433896
-1.105974153149873
-1.1060441235701244
-1.1172281450458936
-1.122540074799742
-1.1280196011066437
-1.1304130932937067
-1.1661236850278718
-1.1692580003291368
-1.1724003398790956
-1.1741780400276185
-1.1753076944442
-1.1803654789109714
-1.1805111765861511
-1.1883370757102967
-1.1883531638498728
-1.1904578520251172
-1.1923209387809037
-1.1948092649690807
-1.195138357579708
-1.2023771156867344
-1.203792964418729
-1.204723483365443
-1.2146417904711728
-1.2147194468083657
-1.2170781181859118
-1.225823849439621
-1.2316837632097304
-1.2353547604954136
-1.269364070147276
-1.2697034037555568
-1.2767162024974823
-1.2855675555765629
-1.2882579900324345
-1.2932478968674939
-1.3006310736139615
-1.3039455342125923
-1.3073689948235239
-1.3086871388368309
-1.3163456996747602
-1.3324854109436273
-1.3450895345304161
-1.3581652428489122
-1.361305256684621
-1.368828222155571
-1.3775787353515625
-1.389452104922384
-1.3900896824068494
-1.3958889759249158
-1.3967670574784279
-1.4029283747076988
-1.402978922415059
-1.427435730273525
-1.4328140754784857
-1.4343710273504258
-1.4365479405969381
-1.44388140772935
-1.4558486291207373
-1.4670406053108829
-1.4862682070169184
-1.4887905472091265
-1.4949065744876862
-1.496782308910042
-1.4994714330467913
-1.5049805516111
-1.531059329281561
-1.531685059890151
-1.5394015510876973
-1.5439985461000885
-1.5464285612106323
-1.5511337121327717
-1.5564349393049877
-1.5614659152925014
-1.5688763055950403
-1.5691946033621207
-1.5756979953827492
-1.5822488963603973
-1.5847297211488087
-1.5891405614092946
-1.600520367268473
-1.655642557889223
-1.7219163831323385
-1.736665964126587
-1.7676321926526726
-1.7758921335140865
-1.776265099644661
-1.7888952819339465
-1.7892009556293487
-1.8021881580352783
-1.8390798370043437
-1.8733421288430692
-1.8759308252483606
-1.881378543873628
-1.8999131446083386
-1.9013668894767761
-1.9252709671854973
-1.9334077835083008
-1.9431320235133172
-1.950284202893575
-1.9587509870529174
-1.9703662594159443
-2.004291188903153
-2.0251362323760986
-2.0589031744748354
-2.0746519826352596
-2.0816424184886273
-2.1510733366012573
-2.1540177296847105
-2.188614485086873
-2.199063857396444
-2.3264926075935364
-2.353524704774221
-2.414484713342972
-2.416398599743843
-2.423420762643218
-2.4438735358417034
-2.4482422303408384
-2.453441893449053
-2.54951599179185
-2.5696636311089
-2.8348468542099
-2.8354787301893034
-2.8962828715642295
-2.94054502962778
-2.9735307744704187
-2.976992522676786
-3.0696001052856445
-3.254964590072632
-3.2631547451019287
-3.2632410818187054
-3.3722437760297908
-3.3795365691184998
-3.514289273924078
-3.597013473510742
-3.66294527053833
-3.734142780303955
-3.892732858657837
-4.283519983291626
-4.323362708091736
-4.466606438159943
-4.75702166557312
-5.423591613769531
-5.4821367263793945
-5.6574015617370605
-6.315325736999512
-6.366507053375244
