-0.24900744358698526
-0.3033876730381356
-0.307608622147236
-0.30972056351534916
-0.3247957596904598
-0.34257029270908484
-0.34871159223104387
-0.34981784930452703
-0.35229068994522095
-0.35407609067624435
-0.35441494651604444
-0.3557104508206696
-0.35883721768914256
-0.3630236693043982
-0.3669346738626763
-0.367695351070522
-0.36860389770939944
-0.3692073091055806
-0.3697890599376898
-0.3728314799023792
-0.37351119009933126
-0.3743286887849016
-0.37600460479205305
-0.38124939675132435
-0.3844378110812174
-0.3849214483052492
-0.3883339332602918
-0.3891893847291518
-0.39307602929572266
-0.40133861668713006
-0.402225876578346
-0.4024404756512792
-0.40315198473399505
-0.40358946155174635
-0.40517961934992025
-0.4057603129850967
-0.41009672421128734
-0.4103516526520252
-0.41173664409628447
-0.4121879318073087
-0.41370740336487477
-0.4145903262043638
-0.41499425557887426
-0.41606528001180515
-0.4187456040332715
-0.4212357163506871
-0.4220500005176291
-0.4240108708909247
-0.42429074401505723
-0.4244118672427966
-0.42547428770922124
-0.42847055059662253
-0.43003026195801797
-0.44071274880758105
-0.4468183960680934
-0.4494658872933575
-0.4551906212064851
-0.4570243088463839
-0.4606117247962035
-0.4631587481126189
-0.46633466926869005
-0.4695127213839442
-0.46980938883886364
-0.47122412763366645
-0.47197853851996896
-0.47365306078323294
-0.47552286473695526
-0.47875408539548514
-0.48014015085729106
-0.4823254835252926
-0.483120721926053
-0.48366048678998713
-0.48745167795568706
-0.4878430391807342
-0.4937695815627064
-0.4995294850785285
-0.4999322093790397
-0.5071406147132317
-0.5102063634299806
-0.5118636981584131
-0.516802758956328
-0.5168599939594666
-0.5170717348810285
-0.5191681326366961
-0.5204383068273521
-0.528821860700932
-0.5349442045359561
-0.5354662871520434
-0.5374101217466352
-0.5390126478392631
-0.5442541293575361
-0.5478714015787571
-0.5507458273170736
-0.5578201651573181
-0.5582745571931204
-0.590600531993379
-0.5995449810288846
-0.610154607022802
-0.6170457135109851
-0.6186537607915371
-0.6525589823722839
-0.6526921795060238
-0.6585213094949722
-0.6627783793024719
-0.6775978114455938
-0.6978638261556626
-0.7070808152590567
-0.7258436234874858
-0.7426357269287109
-0.7541235329376327
-0.7730181381106377
-0.7786879688501358
-0.7827858701348305
-0.8571203505723841
-0.9065067335963249
-0.9357417464256287
-0.9831894189119339
-0.9966259797414144
-1.1051611676812172
-1.230726633965969
-1.2439939081668854
-1.3629870101809503
-1.39596322675546
-1.6857040598988533
-1.7840604558587074
-2.0641482546925545
-2.086216869453589
-2.137284751981497
-2.214586492627859
-2.7541493798295655
-2.838716171681881
-2.944035291671753
-3.172515392303467
-3.208504738907019
-3.382255848031491
-5.157446384429932
-5.792658805847168
-6.144000053405762
-7.082097768783569
