-0.0034250354365212843
-0.0057038068189285696
-0.0103584990138188
-0.01798078790307045
-0.030780228320509195
-0.039689791403361596
-0.04155625216662884
-0.07731825038763418
-0.09976217762450687
-0.10176913054116692
-0.11215526910382323
-0.12900303659007478
-0.12998284259811044
-0.15988801699131727
-0.1739645879715681
-0.18911695258043437
-0.20202984209754504
-0.20679269883663032
-0.21185119238725747
-0.21845856705380762
-0.22804550147266128
-0.22947591131087391
-0.22949613972981753
-0.2322423721294539
-0.24167246940787662
-0.24258948613775524
-0.24400300548213158
-0.24950734237658878
-0.2501179177189552
-0.25393122695334713
-0.25420650669063133
-0.25870592053979635
-0.26052441299411555
-0.26296685633664313
-0.26469199208077043
-0.26473358062289665
-0.2658934110913833
-0.2692079342675872
-0.2698969512257968
-0.27403333387337625
-0.2745340354343314
-0.27464301860433166
-0.2760530219723781
-0.2811640267266537
-0.2831255553611118
-0.28527254158114373
-0.287465648180072
-0.28982274075860914
-0.29133807588239335
-0.2916019836608869
-0.2920047707977119
-0.29386890415831884
-0.2955498660654712
-0.2968292966606441
-0.29877609508112074
-0.3011533972098732
-0.30124895457737466
-0.30197240547313087
-0.3025187104811266
-0.30727434158325195
-0.30853671946937944
-0.30928852036595345
-0.31002416362870616
-0.3106954557788413
-0.311353452935388
-0.3114291625264741
-0.31252973113891536
-0.31275714769950963
-0.312918736875393
-0.3161876750635367
-0.31650758470398915
-0.31792418942786754
-0.3183351200356047
-0.3194009274244308
-0.31997820349620865
-0.3204975212029727
-0.3208320515799902
-0.3208957464755076
-0.32441963886438835
-0.324770511972187
-0.3257235079911677
-0.3258988717570901
-0.3270418281281309
-0.32835673142863014
-0.3288357620488493
-0.3291318145359507
-0.32953274892671447
-0.33199836710168207
-0.3333056641152195
-0.33414736586036675
-0.3349198773066746
-0.3355831231074262
-0.33574606231715937
-0.3359188316057953
-0.3382348363259098
-0.3410948443548705
-0.34145796607481316
-0.341648497589631
-0.3418008814610829
-0.3431832053512421
-0.34333834227345505
-0.34472609807623183
-0.3452657006928348
-0.34574735707913834
-0.34606645135536385
-0.346743179417662
-0.34851941022462696
-0.34899361825920194
-0.35119818193485725
-0.3532340626480163
-0.3537297371323348
-0.3546624906921352
-0.35587391317822037
-0.3564801195876498
-0.3565118357752605
-0.3569659084592445
-0.357412318079696
-0.35785987056554475
-0.35786051097966265
-0.35912217559134346
-0.3595584035399952
-0.3597718374534024
-0.36021026798213523
-0.36036939549890523
-0.3607652276484714
-0.36129145648524175
-0.3619668883025611
-0.36198068962160806
-0.36268387508185057
-0.36333359825221123
-0.36435809362349875
-0.366321068247089
-0.36652956100685213
-0.36720956430773105
-0.36818565124794195
-0.3690655276580566
-0.36924658139978417
-0.3695384819512087
-0.3711652470694844
-0.37178694764255243
-0.37203249264070215
-0.37301211230806075
-0.3731757827648835
-0.3732288285391405
-0.37349577419809066
-0.3738640090551699
-0.3746820253029455
-0.3758564188476437
-0.376364389644732
-0.3764338746337232
-0.37759339609183373
-0.3780677631601303
-0.37877869884955956
-0.37971300627395976
-0.3800909075265129
-0.38038060238717925
-0.3807749883931787
-0.38097167576070207
-0.3812817005591569
-0.38183181393707916
-0.38250162089243533
-0.3825127669382103
-0.38517738628797815
-0.3855275274161613
-0.3858401376171969
-0.3862551594668023
-0.3865794231649488
-0.3871208568644792
-0.3878204020716538
-0.38801604774727655
-0.3885562440382273
-0.3897196602040987
-0.390129452926263
-0.39030525078608963
-0.39039348323633477
-0.39100352211527123
-0.3924061933516093
-0.392538277576339
-0.3927476219456973
-0.39361744037069
-0.3938372000441177
-0.3945047372355475
-0.39499700511805713
-0.39521789738682855
-0.39553090632357957
-0.3970453483530438
-0.3977752701293866
-0.39802221970447654
-0.3982168064103462
-0.39867224807239837
-0.3990088360563347
-0.3993464810427213
-0.39993613172506526
-0.4015811594654224
-0.40158934070881086
-0.4018401177003398
-0.4027407592479186
-0.40318427199817963
-0.40351122245488114
-0.4041166337645134
-0.40450288930605893
-0.4055523569557863
-0.4057026048255714
-0.40678250355176715
-0.40763072664932615
-0.4076585041369018
-0.4084659611696395
-0.40878382626851817
-0.40910394667167793
-0.40995697861486546
-0.41262525791944427
-0.4130794003169285
-0.4140674944757848
-0.4141420711239334
-0.4166182258897953
-0.41742730992336874
-0.41795063937186366
-0.41818421449252957
-0.4188992244776273
-0.4196853376843895
-0.42076650634407997
-0.4218437474220991
-0.42195408739806023
-0.42250048899877585
-0.42687325251827135
-0.42693696388121477
-0.4269422564410585
-0.42903954279685613
-0.42935850610034926
-0.430112931798662
-0.43163633318353706
-0.43219023138806845
-0.4326826547246258
-0.4353147164364499
-0.4353241277178099
-0.435385871031839
-0.43601778167067096
-0.4365393011054645
-0.4368693674009789
-0.4371885040000052
-0.43731095980183454
-0.4381630359149312
-0.43822579578773
-0.4387608775346621
-0.4389831825521671
-0.4392112063044243
-0.4395791626858833
-0.4402724103226016
-0.4437371055884493
-0.4439841721739088
-0.4446114477676539
-0.446213288330182
-0.4480217790519202
-0.4498074939307544
-0.44990004942139744
-0.4503289683489129
-0.45042963050322476
-0.45053219242060244
-0.4508517450756497
-0.45100531664653926
-0.45249312138766984
-0.45380556867603444
-0.4538944723638754
-0.4540224586016848
-0.45431129389544367
-0.4546073157754209
-0.4553288538974761
-0.4577539647143567
-0.45977909814852563
-0.460419156075659
-0.46169753948925063
-0.4626637295609376
-0.46293337678394486
-0.46448193489213735
-0.4645056785419001
-0.4645894207060337
-0.4649598224775781
-0.4652672558557242
-0.4662798424900617
-0.466411451617508
-0.46775192471492727
-0.46857208711122034
-0.4690137777049838
-0.4698729457333684
-0.47071475768525095
-0.47169374411460013
-0.47235215377686474
-0.47478441735196003
-0.4748388993088156
-0.47485923061893637
-0.4752154437259638
-0.4760326648101909
-0.4761266045429693
-0.47783615381870603
-0.47866123779504555
-0.47925956380017204
-0.47977066862707335
-0.479878761780919
-0.48097770308785665
-0.4811594933271408
-0.48187408223748207
-0.4823871752143734
-0.4826724712869951
-0.4827057868242264
-0.48350842990738085
-0.4837351067190352
-0.4838030214068567
-0.48384880903746386
-0.484600174324684
-0.48469269149936733
-0.48529733140538966
-0.48556426640910405
-0.48795075342059135
-0.488335565244779
-0.4885200564655991
-0.4889510567256366
-0.48964020828731236
-0.49010762156540294
-0.49016352916078176
-0.4905099678071565
-0.4912670301753678
-0.49291132698595497
-0.4929487496348364
-0.4945598121505879
-0.4948973270307988
-0.49599335463062744
-0.4981662810647062
-0.4982626506516681
-0.49897682988219977
-0.49983760455506854
-0.5000065663509133
-0.5007359356688019
-0.5007385567296296
-0.5014325364114814
-0.5035091350889869
-0.5036024737391227
-0.5037322674782315
-0.5063060300138508
-0.5088368579357242
-0.5096160542516373
-0.5098059794275157
-0.5103844197001308
-0.5109338969481542
-0.5118236796464771
-0.5133569621980963
-0.5142047039233149
-0.5149133393507717
-0.5172385007601752
-0.5195492511935905
-0.5202381922954373
-0.5203471833192452
-0.5231888517072159
-0.524165368460152
-0.5246615613905306
-0.5255576540573331
-0.5262032079820832
-0.5269501266200678
-0.5275026874409782
-0.5276495051920291
-0.5282412102003946
-0.5286424423524295
-0.5303483299721847
-0.5315405000997998
-0.5318649200101694
-0.5323500607628375
-0.5324225740596376
-0.532902072196131
-0.5331748836930273
-0.5333284564913912
-0.5334903664063729
-0.5337424825346615
-0.5340745164081454
-0.5367346899583936
-0.5379561642184854
-0.5394140836874107
-0.5402258139787591
-0.5404384417474614
-0.5409460485745512
-0.5410602127126367
-0.5411656363285147
-0.5414300275110041
-0.5419840514659882
-0.5425906851842228
-0.5426644121762365
-0.5472866976987671
-0.5475375950921262
-0.5490218706238212
-0.5502120916997748
-0.5518937946213885
-0.5521293609403074
-0.5523972599712579
-0.553181621788604
-0.5537401889450848
-0.5546264900141169
-0.555302710510432
-0.5558451522770661
-0.5561257819808816
-0.5566006721924927
-0.5601465176790953
-0.5602004769352789
-0.5603152783587575
-0.5627914484794019
-0.5632013006971748
-0.5640167758283496
-0.5656430359704245
-0.5662647049843641
-0.5663103868985976
-0.5671074361598585
-0.5690401390551819
-0.5694118337657225
-0.5699193796941212
-0.5710923242477293
-0.5719892941003005
-0.5725488729560311
-0.5729043996525434
-0.5734786456075328
-0.574688749915757
-0.5754750838989692
-0.5755948513746262
-0.5759661226067692
-0.5761115307296595
-0.577889041043818
-0.5784939746536111
-0.5805604509168916
-0.5808770447920324
-0.5810563958254463
-0.5812415305211159
-0.5847216917281912
-0.5850162998249289
-0.5852398367687783
-0.5854420213900994
-0.5854681813766042
-0.586119537909326
-0.5864187895476789
-0.5874319163791597
-0.589235839219847
-0.5893119511504968
-0.5920693320887429
-0.5922287194324392
-0.5938810545019806
-0.5943440342588084
-0.5946309952996671
-0.5958297202943564
-0.5971472916789935
-0.5999000022767783
-0.6017787063028663
-0.6018243227819247
-0.605789580893088
-0.6060509737581015
-0.606669341213698
-0.6080287042168493
-0.6100506530265193
-0.6102266376854257
-0.6105393277258473
-0.6108176669557805
-0.6121134236454964
-0.6131612276674585
-0.6141146520191493
-0.6162615443222421
-0.6172346646199003
-0.6196939185527819
-0.6203968797167363
-0.6213345155119896
-0.6222836578410351
-0.6232323214644566
-0.6252992987865582
-0.6255646049935422
-0.6288695010747082
-0.6299632574897259
-0.6312743491549294
-0.6313436909466483
-0.6346178116897742
-0.6376759106351528
-0.6377560579683632
-0.6404425329140698
-0.6439046965678245
-0.6442243266385048
-0.6443752910694911
-0.644382250495255
-0.6494782161381509
-0.6501433624782496
-0.6502239638708488
-0.6519411019980907
-0.6523912336145129
-0.6528472192585468
-0.6536815551420053
-0.6545731144115052
-0.6567015291084317
-0.6574828290991548
-0.6577348220802378
-0.6581995224564707
-0.6610896676649645
-0.661175762185303
-0.6631359497690331
-0.6634690668471295
-0.6639895079424605
-0.6660679081656521
-0.6661981842538808
-0.6664070338010788
-0.6679647939246414
-0.668284862750852
-0.6708125376298995
-0.6715122848620012
-0.67191397579154
-0.6727989175253444
-0.6732271940345527
-0.6755841604390298
-0.6757891602925762
-0.676664740471804
-0.67759894952178
-0.6779816543275956
-0.6785011563738408
-0.6817210603505373
-0.6836123738726201
-0.6844842087566576
-0.684748940544182
-0.6852248846165215
-0.6855295370414751
-0.6861211020018345
-0.686605162226998
-0.6868979315913748
-0.6871419981388109
-0.6878343277894601
-0.6888041540680986
-0.68941958461489
-0.6898524478760919
-0.6936964084986054
-0.6953934194728694
-0.6962374105063646
-0.6968467326563769
-0.6977806964090892
-0.6983032875978097
-0.7006695564403864
-0.7011370648064518
-0.7025441388929418
-0.702559648702542
-0.7053316630423069
-0.7074404383652109
-0.708921467885375
-0.7107287240879876
-0.7108176002858878
-0.7134263176057074
-0.716613529649164
-0.7174258252374784
-0.7193188995073797
-0.7204181653381738
-0.7230352818892459
-0.7230843305587769
-0.7238043751567602
-0.7242044657468796
-0.7245457362797525
-0.7257951349020004
-0.7295268923003277
-0.733407142256965
-0.7349419972136578
-0.7351762863327167
-0.735438440926373
-0.7357421180931851
-0.7371356661564538
-0.7420141181404082
-0.7458559019224984
-0.7471356874642273
-0.753078855919739
-0.7534565709065646
-0.7536524144622186
-0.7542441161066462
-0.7556257899802533
-0.763138206081203
-0.7643146297632484
-0.775115517183167
-0.7752705911443627
-0.7752772332557166
-0.7758936188241933
-0.7778018936467864
-0.7798059009714052
-0.7836116248120865
-0.7849497345513166
-0.7895291982761895
-0.7897387827979401
-0.793906508848977
-0.7970240466593168
-0.7990479596711728
-0.7998030696284592
-0.8016665014421847
-0.8022420917609452
-0.8027754390783229
-0.8059678345869543
-0.8062759862514213
-0.8071158204515996
-0.8084679879248142
-0.8090735353825949
-0.81103514771842
-0.8124299097730222
-0.8124964492495305
-0.8134125073750814
-0.8148141622541516
-0.8156204979824906
-0.8162145902464949
-0.8184084507326285
-0.8185494794455735
-0.8204895777162164
-0.8210422458335719
-0.8222319260239601
-0.8264833493158221
-0.8304803998519977
-0.832820400590966
-0.8424250727548497
-0.8481078488985077
-0.8506852903519757
-0.8537250294284604
-0.8557720277555442
-0.8590196250456756
-0.8592034035646066
-0.8622620859014205
-0.8695766844321042
-0.869996332253019
-0.8708824431523681
-0.8709208871635686
-0.8714590748772025
-0.8728981997410301
-0.8834134198259562
-0.8845997805086275
-0.8856108260159898
-0.8908876631816384
-0.8921951126423664
-0.8927264908769657
-0.9032626963453367
-0.90779462242499
-0.9092615503677735
-0.9118341485570584
-0.9165082674007863
-0.9352357513271272
-0.9364629228366539
-0.9379696627147496
-0.9382326740771532
-0.9389050472527742
-0.9395423961446795
-0.9442811459302902
-0.9505180772393942
-0.9528016746044159
-0.9537527759869894
-0.9624300327850506
-0.9636753597871575
-0.9644241480265918
-0.9663929303438635
-0.9675024312920868
-0.9745591096580029
-0.9789924729033374
-0.9810902594721743
-0.9814082279869277
-0.9820682257413864
-0.985214768598477
-0.9970123283565044
-1.000055868178606
-1.0004901720870596
-1.0135829006321728
-1.0206574903684669
-1.0228805144627888
-1.0235149003565311
-1.0294211371025692
-1.0340292811393739
-1.036246941657737
-1.0437000459060073
-1.0446527287364007
-1.0451759429488447
-1.0452190526605893
-1.045902276178822
-1.0460535906255246
-1.0474875573224078
-1.050538358045742
-1.0531724989414215
-1.063146013688917
-1.0670112768809001
-1.0703131224339206
-1.0734038626154263
-1.0742388692684472
-1.0766590436299641
-1.0774250682210549
-1.0973160681896843
-1.0977721698582172
-1.0990159981884062
-1.099558209379514
-1.1131054610013962
-1.1191170414288838
-1.1343832530845248
-1.1438518054783344
-1.1468201266812685
-1.147486532945186
-1.1488759701205709
-1.1505364576975505
-1.1562891006469727
-1.1576739283636925
-1.1617031291266358
-1.1647420518472953
-1.1657900246791542
-1.1687636270653456
-1.171930994450425
-1.1727077327668667
-1.1785253611548494
-1.1824569466213386
-1.183050542177322
-1.183446460403502
-1.1857055958826095
-1.1879069060087204
-1.1973160381118457
-1.1981198434950784
-1.2030544693022551
-1.20541246732076
-1.2202696999534965
-1.2347920278459372
-1.2384613514304874
-1.2503219455480576
-1.2543708967665832
-1.2577445209026337
-1.273268521720768
-1.287314523011446
-1.287887059879722
-1.304547477629967
-1.3122986642022927
-1.3169572340945404
-1.3280388983557714
-1.3330533005762846
-1.3501815994580586
-1.400144216325134
-1.4033779799938202
-1.4074286750207345
-1.4438920933753252
-1.4507902502664365
-1.4513131479422252
-1.4545648108469322
-1.4642601404339075
-1.4754997491836548
-1.479656876064837
-1.5014784070663154
-1.5236413642996922
-1.5264950711280107
-1.5326804518699646
-1.5382185839116573
-1.5399063546210527
-1.5492352981430788
-1.550187228868405
-1.5573422834277153
-1.5682291984558105
-1.5718804389083136
-1.585749313235283
-1.5944905281066895
-1.6053088586777449
-1.6234884277917445
-1.6305124922655523
-1.6324290577322245
-1.6360419664870278
-1.6391143401463826
-1.6448349989950657
-1.6539269374683498
-1.6626493136088054
-1.6665100653966267
-1.679672196507454
-1.6870094686746597
-1.6976834932963054
-1.7133251341680686
-1.7567990095703863
-1.7634143829345703
-1.7734520733356476
-1.781344187259674
-1.7869367198087276
-1.8397244364023209
-1.878786988556385
-1.9048352935351431
-1.9671857357025146
-1.9724944978952408
-1.978424652479589
-1.9926864504814148
-2.006245404481888
-2.051477372646332
-2.057309150695801
-2.0874903400739035
-2.1084204404614866
-2.1273362142965198
-2.139547348022461
-2.1463424246758223
-2.154686520497004
-2.166930847684853
-2.1705685085617006
-2.200146198272705
-2.3021951615810394
-2.4151032520458102
-2.4288575053215027
-2.495083749294281
-2.4954740405082703
-2.5038085281848907
-2.5215885639190674
-2.568400286603719
-2.5870795249938965
-2.5930075148741403
-2.6330776512622833
-2.6396024208515882
-2.6604097513481975
-2.745585208409466
-2.778141140937805
-2.8202837468124926
-2.834928340278566
-2.858279506365458
-2.8854827750474215
-2.8856576808417835
-2.8890966176986694
-2.8924751806383333
-2.894741124007851
-2.910018748603761
-2.924994856119156
-3.0058455069859824
-3.044636885325114
-3.1544974972493947
-3.159400204817454
-3.162845401559025
-3.2134284861385822
-3.2223479822278023
-3.2726545333862305
-3.312160979025066
-3.416030526161194
-3.4974159598350525
-3.655631333589554
-3.6590289920568466
-3.752316951751709
-3.87386259669438
-3.945812698453665
-4.4816539362072945
-5.104695796966553
-5.751108169555664
-5.869138717651367
-7.302127838134766
-7.826153755187988
