-0.002209113648859784
-0.0035284989280626178
-0.0070374902958671255
-0.037518030250794254
-0.06206136359833181
-0.07357858344039414
-0.08480567227040108
-0.12174024089545128
-0.12312590456955756
-0.13827443914487958
-0.21399408770126424
-0.2178862340741034
-0.2328372366194214
-0.2351393791953645
-0.23833744671719614
-0.24482856625192134
-0.25099603086709976
-0.27225521751097403
-0.2772531996985587
-0.28197516837306985
-0.30478103808127344
-0.3161109013793369
-0.3180903046353099
-0.3187920159673215
-0.31927688606083393
-0.32762629464195925
-0.33775205916172124
-0.33798992027295754
-0.33839157827767646
-0.3397398764267564
-0.3398165166644113
-0.3437533892380695
-0.3438280662870966
-0.34905795245431365
-0.35032666344195607
-0.3525583696027752
-0.356435790512478
-0.3569482022172047
-0.3573497024626704
-0.3573528502136469
-0.362845079248978
-0.3640433525579283
-0.36667986363172533
-0.3695579289123998
-0.37183134522638284
-0.3726217718794942
-0.3850771771847374
-0.38685342871422806
-0.387544672365766
-0.39126910422055516
-0.39301628270833233
-0.3985925091430545
-0.3991527436384266
-0.4010191696463153
-0.40292675397358835
-0.4037947878969135
-0.4038495625665581
-0.40812370895873756
-0.4092920831288211
-0.4109669807308819
-0.41108499457671616
-0.411502931965515
-0.4135725217250486
-0.4168335903668776
-0.41784485446987674
-0.418142697121948
-0.41963012726046145
-0.4219600343843922
-0.4248216294683516
-0.42558917383264216
-0.42627971836191136
-0.43117706769844516
-0.4316119496555378
-0.4365775064448826
-0.44039147486910224
-0.44439036598972353
-0.44439778590458445
-0.444553122519412
-0.4457253926915915
-0.4461606587948544
-0.4484722087425845
-0.4491560149139592
-0.44915713866551715
-0.44991632318124175
-0.45020221611484884
-0.45589663260616364
-0.45623259485832285
-0.4585805073729716
-0.460941513785376
-0.461067171767354
-0.46158055774867535
-0.46566547367547173
-0.4666260540325311
-0.46742479256742325
-0.4688355079334643
-0.46958587113767863
-0.46975214359699746
-0.47553079213119215
-0.47714086022989993
-0.47946797207841885
-0.4798210768844001
-0.4831126407855966
-0.4838148613926023
-0.4841522190719843
-0.48738901875266394
-0.48966095042414964
-0.4910156934987754
-0.4917864998181661
-0.49720951040508227
-0.4979318866506219
-0.5007985178381205
-0.5020658414869104
-0.5038925194181502
-0.5039178981096484
-0.5071427498944103
-0.5164142537063786
-0.5181071147588747
-0.5236191815800137
-0.5250680906465277
-0.5268673834507354
-0.5296975125508782
-0.5325224360321954
-0.5337066857351197
-0.5340868279870067
-0.5343985499015876
-0.5364350450949537
-0.536994069465436
-0.5374260234265503
-0.5411479446556768
-0.5419968815986067
-0.5434531955314534
-0.5440462865750305
-0.546350329411022
-0.5487748118656992
-0.5502096160780638
-0.5506329901516438
-0.5581972261774354
-0.5624321488929647
-0.5659076425959938
-0.5663969056266878
-0.5673281338790225
-0.570243088218073
-0.5726437750505283
-0.5728681388178042
-0.5769782677758485
-0.5772236696211621
-0.5780329866101965
-0.5798142000567168
-0.5814168172267576
-0.5853244914324023
-0.589771541650407
-0.5910373923446363
-0.598331704250692
-0.5990647450089455
-0.5993732803368143
-0.5994914987906148
-0.601202761172317
-0.6044993230801387
-0.6045652370899915
-0.6055927372071892
-0.6057267702805499
-0.61108299324082
-0.6130965234866986
-0.6138045685365796
-0.6169021227397025
-0.6202958016830962
-0.6230974987265654
-0.6239502049450364
-0.6243068321608007
-0.625703981781209
-0.6270487143774517
-0.6348812032762604
-0.6384695873906215
-0.6404134194470115
-0.6405732054263353
-0.644101671098421
-0.6441383325291099
-0.6451552702734867
-0.6480474561860319
-0.6503054283352362
-0.6521266384848526
-0.6526133670575089
-0.6530438905523624
-0.6537264435513256
-0.6563538853855183
-0.6564813464938197
-0.6604217187035829
-0.6641097410271565
-0.6642220795038156
-0.6652421463143334
-0.6666760289898286
-0.668784822395537
-0.66885771676898
-0.6702559958212078
-0.6713644427945837
-0.6761607115156949
-0.6763886821766695
-0.6786074253420035
-0.6794208549894393
-0.6817809143103659
-0.6838196931140763
-0.6843076212098822
-0.6876904335286882
-0.6880529889216026
-0.6882594877647029
-0.6892318408936262
-0.6927800328537289
-0.6930991988774622
-0.6945047655608505
-0.6978745131442944
-0.7005769673734903
-0.7008201385906432
-0.7023683581501245
-0.7036734796070959
-0.7089832436322467
-0.7188968054950238
-0.7193729270948097
-0.7211007858713856
-0.7226794257760047
-0.7237529359104962
-0.7259817000711337
-0.7262614078021475
-0.7278393254770587
-0.7281754104692179
-0.7292125098407268
-0.7312440010053771
-0.7323767356574535
-0.7329343369783601
-0.7367541725333366
-0.7375829786469694
-0.7445552562236447
-0.7466265767146979
-0.7466520934332428
-0.7466925735999312
-0.7467484680455527
-0.7489200493631264
-0.7490735374287598
-0.7491809977800585
-0.7516046214499511
-0.7539802647873082
-0.754068092080868
-0.754548205062747
-0.7561964062707764
-0.7580152441126605
-0.7628255800809711
-0.7703046968459742
-0.7735097507635752
-0.773871435803206
-0.77633217951682
-0.7857189207736935
-0.7860653841984458
-0.7861123485914008
-0.7883841437063753
-0.7901101665444333
-0.7904017698019743
-0.7943118929397315
-0.7983497375622391
-0.8007495831698179
-0.8031785988714546
-0.8038157516275533
-0.8044778920177903
-0.8051952886977233
-0.8066092463476318
-0.8084986075409688
-0.8190136794776967
-0.8213841266930103
-0.822101291002068
-0.8242711280472577
-0.8252775101500447
-0.8271712811663747
-0.8291861908282558
-0.8313391392796554
-0.8334386538987494
-0.833462661879961
-0.8335110543848714
-0.835357026629416
-0.8377835346301171
-0.8411376948339845
-0.8428363975690445
-0.8444079977739603
-0.8496068857954621
-0.8497030462927392
-0.8520953651257934
-0.852676984295249
-0.8534439192953869
-0.858079267623411
-0.8593555983000746
-0.8603033029402678
-0.8623750138649484
-0.8646998229249019
-0.8689177488256246
-0.87013646998848
-0.8733103428967297
-0.8815106334513985
-0.8876169047003647
-0.8925702791087903
-0.8993724270840175
-0.904107334674336
-0.9048652624090513
-0.9086535964161158
-0.9092169161135993
-0.9098199034730593
-0.9221337805502117
-0.9246072874714931
-0.9274632898042909
-0.9292449429631233
-0.9309600926865422
-0.9440820939319031
-0.9452924701488681
-0.9454472057836467
-0.9462124878540635
-0.9496888946159743
-0.9497440180275589
-0.9520371615039444
-0.9623096678406
-0.9671747850339958
-0.9702834450922794
-0.971025500097312
-0.9712339346297085
-0.9727349558379501
-0.9756766999140382
-0.9843161941018228
-0.9853644983308828
-0.9888442028313875
-1.0045864302664995
-1.0048873344340417
-1.0073768611602847
-1.0116044153803072
-1.0134743853766275
-1.0217484325170516
-1.0250143208540976
-1.02777935937047
-1.0280931473090804
-1.0290599922392223
-1.032274217158556
-1.0368826121719192
-1.0382240116596222
-1.0391572583466768
-1.0400215881643817
-1.0475535243691412
-1.048455548286438
-1.0490648793254098
-1.0495110362091855
-1.050608479604125
-1.0559704800446827
-1.0578833650797606
-1.0623208283702428
-1.0695163833626888
-1.0824614576995373
-1.0893530618327314
-1.0938608068411537
-1.0965699305136998
-1.0973373801410031
-1.097467457728531
-1.098763078916818
-1.101448870729655
-1.1024888620138102
-1.1168052951494853
-1.1201637453244377
-1.1269218249362893
-1.1314152831328101
-1.1343028738629073
-1.1371917482465506
-1.15463662520051
-1.1819339096546173
-1.1838748450390995
-1.2229880453669466
-1.240111901507979
-1.2784064213434856
-1.3225465176947182
-1.3375725895166397
-1.3518117438070476
-1.3924061133681487
-1.4030363708734512
-1.4087834060192108
-1.4172680606134236
-1.4299978986382484
-1.44152067261748
-1.4423504397273064
-1.4526297960740824
-1.4535681903362274
-1.4544175220537
-1.4762223730795085
-1.4971163868904114
-1.5049462020397186
-1.5179385915398598
-1.529255296414097
-1.5735448761843145
-1.5883011519908905
-1.6120317148355146
-1.636052678572014
-1.8099325199921925
-1.919244059943594
-1.977439746260643
-2.0359480609185994
-2.0399144049733877
-2.0867790985794272
-2.3857948600004115
-2.4069373986373344
-2.4740989436395466
-2.575810216832906
-2.874622195959091
-3.1372060775756836
-3.8114083260297775
-4.252788460100419
-4.480956165120006
-4.687274849260575
-5.191631555557251
-5.462714910507202
-5.69475531578064
-9.090288162231445
-9.882414817810059
-9.958623886108398
