-0.00012438616977306083
-0.0025173898320645094
-0.004523513489402831
-0.009951116000593174
-0.03788073304652547
-0.038032443437259644
-0.05640521903599923
-0.06884333491325378
-0.07371381900156848
-0.07969510853290558
-0.08210896365344525
-0.08773362977080978
-0.11533608664467465
-0.11689953797031194
-0.11781981525321801
-0.12104501503345091
-0.13112569879740477
-0.13162899683084106
-0.13754438699688762
-0.1420853584073484
-0.14312231972871814
-0.14985342929139733
-0.16057646139718904
-0.2038985484978184
-0.20514879375696182
-0.21710285590961576
-0.2206473042606376
-0.2256289554061368
-0.22594193845650118
-0.23571267316583544
-0.23994359218290653
-0.2561165418166918
-0.2678880477324128
-0.27514732256531715
-0.28353737071156504
-0.28599893727126374
-0.28628727070193877
-0.2876859303382494
-0.289140297823386
-0.29260466390082407
-0.29654984230208875
-0.2983050861706336
-0.29855089584348854
-0.30778910011285915
-0.31002696929499507
-0.31968236844321446
-0.3265144576614078
-0.32715139450738207
-0.3294441097532399
-0.33132437445844215
-0.3339555690792622
-0.3344334284635261
-0.3344480000453553
-0.33685738537460563
-0.3374983283603797
-0.3385568349525177
-0.33875738473891814
-0.34094710391946137
-0.3411868281088703
-0.34217173159122466
-0.3423934574627007
-0.34312455422768834
-0.3461294114636859
-0.34621374889414896
-0.34732521956579554
-0.34894584596622735
-0.3496065950365102
-0.35054419123916886
-0.35107484650507104
-0.3535938177490607
-0.3538306559332543
-0.3549358585021562
-0.35597154684364796
-0.3562026614501305
-0.36542179935146124
-0.3684340077969763
-0.370386999566108
-0.37224494545565295
-0.3725439914688468
-0.373042412661016
-0.37360943384397693
-0.37443217635154724
-0.3744566391946541
-0.3772431574592095
-0.37732547375240494
-0.3803767266799696
-0.3814410975343587
-0.3816532529720765
-0.38740564977493264
-0.38772571183741095
-0.388110373272664
-0.38816354249138385
-0.3892932640388608
-0.3895908443687054
-0.39052933652419597
-0.39254123928359425
-0.3931154054419797
-0.3962813303980511
-0.39753893796587364
-0.3983821614334981
-0.4000080214919644
-0.40017236315708776
-0.4021291684669753
-0.402300395883883
-0.4043450555279075
-0.40454971721149324
-0.40476786428027683
-0.4078612740018538
-0.4097572673649882
-0.4127858700012439
-0.4140929121317135
-0.4169582542963326
-0.41697280382504687
-0.4169850169370572
-0.41777894447295694
-0.41947328105258447
-0.4195807157845523
-0.4197785619430111
-0.4216052747797221
-0.4241930809054923
-0.4263598086933295
-0.4346870165754808
-0.4357790213285221
-0.437042671942005
-0.43725684471428394
-0.44203112957378227
-0.44359702730434947
-0.44593830096224946
-0.4459839555893268
-0.4463348537683487
-0.44730452437781626
-0.4482175409793854
-0.44834391443212307
-0.45105244466514494
-0.4529283806041349
-0.4572304189670831
-0.4605564293451607
-0.46196437378724414
-0.46641961003964144
-0.4667653838793437
-0.4690566355328835
-0.4706213612161163
-0.47305682524997145
-0.4731593742219143
-0.4734824717277661
-0.4735404660925269
-0.47468401110173936
-0.47474170876666905
-0.4752340721121679
-0.47584364460781214
-0.4759986190210012
-0.47633404746496427
-0.4765356373973191
-0.4767575165088702
-0.48033420785537195
-0.48165366884786637
-0.48198635429143905
-0.4840568846081045
-0.48449350769321126
-0.4855422396212816
-0.48555985690909437
-0.4865705346568979
-0.487587735367318
-0.49083614005940035
-0.49098750837147237
-0.4913223637267947
-0.4922218531326507
-0.49225460675855476
-0.49452280463513243
-0.494663214883379
-0.49521318213506177
-0.4973820634186268
-0.49756403286301065
-0.5001913656655234
-0.501966803742107
-0.5031926555559039
-0.5049417584047963
-0.5057184314083618
-0.5067326360716068
-0.5076329905743477
-0.5092172664091257
-0.512756006559357
-0.5140366035259583
-0.5150164615712128
-0.5153662427005151
-0.5170486533315852
-0.5177436155616306
-0.5198948211701853
-0.5208436374862989
-0.5214925926799575
-0.5232878476381302
-0.523470041964174
-0.5240130212157965
-0.5250843324698508
-0.5251142137218267
-0.5271711237728596
-0.5283092951609029
-0.5292032567506086
-0.5294233016237351
-0.531595264095813
-0.5353286835468478
-0.5359814178664237
-0.5374737131875008
-0.5383621431858046
-0.5386299409903585
-0.5389127808636712
-0.5389917615102604
-0.5391220805468038
-0.5435769732908479
-0.5455627107585315
-0.5461490907307182
-0.5469812801359998
-0.5469948038691654
-0.5479371559340507
-0.5490309596061707
-0.5503142819856294
-0.5510029415794028
-0.5530606054933742
-0.554201847193112
-0.5542769130023028
-0.5549197268079628
-0.555279402382439
-0.5567907588645338
-0.5570777650797166
-0.5575263320468367
-0.558744948823005
-0.5609498250414617
-0.5613355108570042
-0.5622248873114586
-0.5624608979560435
-0.5628392094076844
-0.5650119505356997
-0.5662470601964742
-0.5669292679522187
-0.5672037287149578
-0.5674657766862462
-0.5680592791410163
-0.5696603844504958
-0.5708494696533307
-0.5767976641654968
-0.576819384470582
-0.5776938413649699
-0.5777902975678444
-0.5793072602245957
-0.5817080229106877
-0.5822799661093288
-0.5833112679408967
-0.5834685605950654
-0.5841740263218526
-0.5844060509488271
-0.5880696150881703
-0.5881329023589691
-0.5886767684595029
-0.5887143371393904
-0.5913165658712387
-0.5930394474416971
-0.5931716889142991
-0.593334848785566
-0.5951892052377973
-0.5961757111363113
-0.596624042809708
-0.5975786969705951
-0.597796480730176
-0.6037512435344979
-0.6047778254142031
-0.607504186906024
-0.6078375571407377
-0.610694978802808
-0.6107275212804476
-0.6111348125850782
-0.6123650955393843
-0.61630895982186
-0.6165793352760375
-0.6182361706819696
-0.6186937261114104
-0.6193223454368612
-0.6198205617930446
-0.6202266525710002
-0.6202751592732966
-0.6207301272079349
-0.6216205370146781
-0.6219098505583437
-0.6224627147748834
-0.6233012166857306
-0.6251312780327031
-0.6269569146679714
-0.6277059731332378
-0.6292101964354515
-0.6315896040468942
-0.6316192044849651
-0.631661509803962
-0.6320437300018966
-0.633298427797854
-0.6333577172389548
-0.6348863715538755
-0.6381475788541138
-0.6383778183743642
-0.6390286803297285
-0.6415894838544773
-0.6417204007739201
-0.6426052827801969
-0.6429851214246204
-0.6433044322300703
-0.6434153755647404
-0.6440255635097856
-0.6440325070288964
-0.6446128931827844
-0.6451205149292946
-0.6463655096536968
-0.6466112040907319
-0.6470047714371633
-0.6475455942563713
-0.64798402285669
-0.6483831110124489
-0.6490184215737307
-0.649628842715174
-0.649783181771636
-0.6500579979736358
-0.6501364630207213
-0.6506547163939104
-0.6524770739197265
-0.6535858950577677
-0.6536907213740051
-0.654279459841616
-0.6559414500370622
-0.6560514159856312
-0.656733235984575
-0.6581666639074684
-0.658522342890501
-0.658611220959574
-0.6589777700603008
-0.6592589118000534
-0.6594340942247072
-0.6610525580304406
-0.6617343532852829
-0.6628849628141325
-0.6663351083019128
-0.6672010670105616
-0.6673010726566039
-0.6693953346290912
-0.6693959324832328
-0.6744680295491384
-0.6764451816678048
-0.6770392007061413
-0.6772842068956899
-0.6772960728267208
-0.6779055674327538
-0.6807198543101549
-0.682587742805481
-0.68282476705499
-0.6853194117546082
-0.6856513650447595
-0.686624976200983
-0.6901117364565531
-0.6908708330302034
-0.692444172949763
-0.6924510836601258
-0.6942550907842815
-0.6950169711813537
-0.6954541397946221
-0.69663215511375
-0.6976677678887628
-0.6978634597035125
-0.6981130117637804
-0.6987489357357844
-0.698767738463357
-0.700182698001819
-0.7007358507398749
-0.7013862415527304
-0.7018643011364879
-0.7023160986136645
-0.7026457343267144
-0.7028048862444444
-0.702908141163789
-0.7032988771796227
-0.7033866189109782
-0.7047504264628515
-0.7067722406238317
-0.7080990277851621
-0.7090740932850167
-0.7092323526740074
-0.710485330899246
-0.7109910557797106
-0.7110992544330657
-0.7135136125322717
-0.7142158285714686
-0.7165934993885458
-0.7194157280027866
-0.7199481622341813
-0.7233162481337786
-0.7236044713790761
-0.72386967866785
-0.7239406725598706
-0.7246218423223278
-0.7251543533056974
-0.7283348661847413
-0.7291432613972575
-0.7296547839650884
-0.7306065509328619
-0.7307753222994506
-0.7335514100882897
-0.7349347533658147
-0.7354380434657547
-0.7363145237710947
-0.7371130257318631
-0.7383749069085752
-0.7384425156051293
-0.7400388729292899
-0.7469420512206852
-0.747266739490442
-0.7477266476489604
-0.7489981926628388
-0.7511681693399118
-0.7536793373939064
-0.7541631915693869
-0.7544518375652842
-0.7544944033026695
-0.755209737282712
-0.7556620409246534
-0.7569165311288089
-0.7577263433486223
-0.7577765925476948
-0.7580569147539791
-0.7602717777267874
-0.7623184652087124
-0.762725948356092
-0.7656681524356828
-0.7659085370509678
-0.7661905201772848
-0.7664487221174769
-0.7665512725361623
-0.7666551818033708
-0.766680121421814
-0.7671757244497712
-0.7673181666992605
-0.7674463341633478
-0.7686773453751812
-0.7700691724894568
-0.7715202882166274
-0.7718179249495734
-0.7730273015460827
-0.7730715349316597
-0.7736518729685081
-0.7736595962895081
-0.7740043606609106
-0.7752373930222044
-0.7755823191255331
-0.7755963323371751
-0.7771880324929953
-0.7773004706416812
-0.7788761133061988
-0.7798547839474244
-0.7823904871940612
-0.7824867935851216
-0.7831641850061715
-0.7835103532015637
-0.7843725122511387
-0.7844807394782644
-0.7871110401943692
-0.787832465268568
-0.7884200296830386
-0.7937023888225667
-0.796036709100008
-0.7969868631800636
-0.7981333857111167
-0.8001725944502849
-0.8002253635786474
-0.8018495037220419
-0.8022740074407516
-0.8027159396248559
-0.8040514181368053
-0.804704680831896
-0.8073026892315183
-0.8087099816766568
-0.810431560035795
-0.8107405197289255
-0.8108390832702363
-0.8111943739155928
-0.8122587742012305
-0.8126310141025377
-0.8158992154834172
-0.816795667851693
-0.8173564118274953
-0.8176167234778404
-0.817969230740952
-0.8182134972885251
-0.8182939887046814
-0.8184138333631886
-0.8191673078441194
-0.8223037236797003
-0.8227289377578667
-0.8244091864034999
-0.8250620045388738
-0.8253869985540708
-0.8269203938543797
-0.8269806227957209
-0.8275890827178956
-0.8276938335703952
-0.8278183211611273
-0.8286938459496014
-0.8290276129409904
-0.8290509134531021
-0.8304330104729161
-0.8317603547059532
-0.8332196176052094
-0.8339448730860438
-0.8340691242367029
-0.8347862782888115
-0.8349594758557422
-0.8362254380772356
-0.8380113773047924
-0.8387736194650642
-0.8393532087405523
-0.8402539000380784
-0.8430066034197807
-0.8460461978393141
-0.8469810390046665
-0.8482391316404877
-0.8503514267504215
-0.8531381917289562
-0.8537316872898373
-0.8547888501133356
-0.8556200060993433
-0.8560308789213499
-0.8580488466790744
-0.8585378133381406
-0.8595401138067246
-0.8609103163970369
-0.8627506869864495
-0.8639211903015772
-0.8650811870715448
-0.8660615546007951
-0.8661903649568558
-0.8687062412500381
-0.8692093047158171
-0.8707655826971555
-0.8716084852814674
-0.8718228377401829
-0.8744018653407692
-0.874753818847239
-0.8749407380819321
-0.8774025154610475
-0.8781856740824878
-0.8798074970642725
-0.884029840429624
-0.8841744097881019
-0.8844231758266687
-0.8871458241483197
-0.8911684739536473
-0.8920014812611043
-0.8965111275513967
-0.8968008421361446
-0.90263785677962
-0.9041284751554486
-0.9057427942752838
-0.90670066755265
-0.907417151145637
-0.9083511761356411
-0.9096443214220926
-0.910160722831885
-0.9106143755572182
-0.9106319937855005
-0.912465825676918
-0.9127506432123482
-0.9142243746900931
-0.9182338694202675
-0.9187429181862777
-0.9193909968889784
-0.9210647735744715
-0.9235320594161749
-0.9247623564858388
-0.9256525213015265
-0.9259282037382945
-0.9278609827160835
-0.9316970682037728
-0.9344677031040192
-0.9352095399840942
-0.9359095419058576
-0.9439300298690796
-0.944183845538646
-0.9466796774286195
-0.9480607118457556
-0.9500761652099234
-0.9520027011632919
-0.9537698314990848
-0.9550678983020285
-0.9573627226054668
-0.960834468404452
-0.9612143423995197
-0.9622308672405779
-0.9646346606314182
-0.9680775354305903
-0.9692190159112215
-0.9732076423242688
-0.975811630487442
-0.9789537843316793
-0.9790436740964651
-0.9811534750217106
-0.9814298003911972
-0.9820696115493774
-0.9823861218589757
-0.9828233414057953
-0.9832438617944718
-0.9837789655127077
-0.9850994470632739
-0.9908491844932238
-0.9952263080825409
-0.9966834963197471
-0.9972592070698738
-0.9994528487324714
-1.0013231805392675
-1.0041033203403156
-1.0043192561133765
-1.0075694707532723
-1.0076791704632342
-1.0090379995914798
-1.0090703554451466
-1.0096766535192727
-1.0119332363829017
-1.0120823038741946
-1.0122700342908502
-1.014294482767582
-1.0146750298639138
-1.0155878723599017
-1.0170364081859589
-1.0199560225009918
-1.0203537444273632
-1.0205762148058664
-1.0207172483205795
-1.0247016509529203
-1.0264559448696673
-1.027413546293974
-1.0281173421276941
-1.0283107372621696
-1.028980626181389
-1.0293036264677842
-1.0294084838325424
-1.03007223457098
-1.0301045060157776
-1.0308626870100852
-1.0350955857170954
-1.0375348141416907
-1.0383365079760551
-1.039955064122166
-1.0411882158368826
-1.0413711554720066
-1.0417041106149554
-1.0421026414260268
-1.0437657088041306
-1.0443139147537295
-1.0460177189670503
-1.0466159177012742
-1.0482263237245206
-1.0511896138389905
-1.0518700685584919
-1.0539245195686817
-1.0543878275073237
-1.054655332490802
-1.0555413353256882
-1.0563599582761527
-1.0585514943425853
-1.060027421319059
-1.0618623976770323
-1.0626462010666728
-1.0632674213498832
-1.0652277618646622
-1.0653460323577746
-1.0692188772890303
-1.0721887946128845
-1.0735065817134455
-1.0739934767285984
-1.0740188846131786
-1.0744790339376777
-1.0800901134110366
-1.0805961035366636
-1.0826998712339748
-1.0837397844297811
-1.0892550759017467
-1.0900190923362971
-1.09197538283964
-1.092350033422311
-1.0939133663972218
-1.0961939534948517
-1.0981992358962696
-1.0985017816225688
-1.0992217217572033
-1.1036885800676828
-1.1037780360784382
-1.1056746690800148
-1.1092152623854676
-1.1092935792403296
-1.1104422327131034
-1.1128896822532017
-1.1131402545475535
-1.1144559056912031
-1.1168199286330491
-1.1168345659272745
-1.117954920232296
-1.1186226405203343
-1.1208482086658478
-1.1210376421610515
-1.1235455721616745
-1.1241915671620517
-1.1285793450661004
-1.1310816212790087
-1.1313593288262684
-1.1393564939498901
-1.1410251851969708
-1.1434760621438425
-1.1442082176605861
-1.144632631028071
-1.1522479094564915
-1.1588131949305533
-1.1609738673044678
-1.1619065819540992
-1.166423643939197
-1.1670976154273376
-1.1682582963258028
-1.1694909073412418
-1.1718969196081161
-1.1727871850132943
-1.175089632719755
-1.1801324946184952
-1.1824853503041797
-1.1832443635378564
-1.186307466123253
-1.18655726313591
-1.1880431835140501
-1.1909510095914204
-1.1925319309035938
-1.1953722555190325
-1.195390131856714
-1.1962710373103618
-1.1962843688670546
-1.2072417203569785
-1.2094197984406492
-1.2121778391301632
-1.2155185360461473
-1.2185783386230469
-1.225702936120797
-1.225791444381078
-1.2339030547300354
-1.237076681639467
-1.2396643956502278
-1.2437098324298859
-1.2445320288340251
-1.2476139961703059
-1.256385717798756
-1.2570105165243148
-1.260247836155551
-1.2630505357374204
-1.2682098353592057
-1.2735520454516518
-1.277499592397362
-1.2835783185437322
-1.2873938578580106
-1.295183926820755
-1.3116954071835305
-1.3150182234239765
-1.3190093636512756
-1.3226931157211463
-1.330086951609701
-1.331178570787112
-1.3384986519813538
-1.33878393471241
-1.3391083435465891
-1.3423637747764587
-1.3435864113271236
-1.3571738004684448
-1.3583568930625916
-1.359751159325242
-1.3613662235438824
-1.3661813003321488
-1.3732490842230618
-1.3764192621747497
-1.3771382570266724
-1.3772906996309757
-1.3812205716967583
-1.382460931316018
-1.3839332103729247
-1.3841419219970703
-1.3864937938051298
-1.388053685426712
-1.3946075047715567
-1.404383821412921
-1.4047862529754638
-1.4122813352150843
-1.4164609553292393
-1.4201360158622265
-1.4214036157354712
-1.4220937887827556
-1.4342584549449384
-1.4368782890960574
-1.4495807588100433
-1.4513543999443452
-1.4594199950141566
-1.4625119790434837
-1.4689551264746115
-1.4721531632045906
-1.4842432737350464
-1.4846098363399505
-1.5029722792761666
-1.505344182252884
-1.5202028576284647
-1.5257767457515001
-1.5432619536586571
-1.5525835435449455
-1.5528381139738485
-1.5592243143667777
-1.5618997812271118
-1.5625335693359375
-1.5651904940605164
-1.5726350956829265
-1.5860474705696106
-1.5916788280010223
-1.6072104014456272
-1.6140629928559065
-1.6167182065546513
-1.6189599633216858
-1.6203513344128926
-1.626488443730133
-1.6328852027654648
-1.6387525796890259
-1.6410258412361145
-1.6415783390402794
-1.6425280624534935
-1.6555688679218292
-1.6599723491817713
-1.6625934733698766
-1.6629175220926602
-1.6790068616780143
-1.6911336183547974
-1.6997958272695541
-1.7000038921833038
-1.704027533531189
-1.7226038169115783
-1.726037970278412
-1.7282354533672333
-1.7288961485028267
-1.7525497575600941
-1.7624672283418477
-1.7730803489685059
-1.7936100350149597
-1.797914859528343
-1.8029447745531797
-1.8144038915634155
-1.8174920271558221
-1.839269250786553
-1.8397943675518036
-1.8624048829078674
-1.8655214793980122
-1.8893517355124156
-1.8937109866916824
-1.9016326069831848
-1.9458530528160434
-1.9545518159866333
-1.9553863257169724
-1.9707054495811462
-1.997367449104786
-2.0142849683761597
-2.025185435079038
-2.0391567945480347
-2.043797090649605
-2.082826658792328
-2.0858078747987747
-2.105484491214156
-2.122327044606209
-2.125549414753914
-2.1303818775340915
-2.1309007729093232
-2.132982503855601
-2.134611228108406
-2.152630274378074
-2.1652838806039654
-2.204884707927704
-2.22396911183993
-2.2436095476150513
-2.247469186782837
-2.255975372623652
-2.274227045942098
-2.303728938102722
-2.3091460466384888
-2.329417892731726
-2.346797227859497
-2.40203857421875
-2.4034670055261813
-2.4577175974845886
-2.493023157119751
-2.4933372735977173
-2.513265371322632
-2.5261918495525606
-2.5609819293022156
-2.575322435994167
-2.585443913936615
-2.5996881226698556
-2.6134599447250366
-2.6295715302985627
-2.653391666089495
-2.6796587705612183
-2.75542950630188
-2.7734773755073547
-2.7867625057697296
-2.8074982715770602
-2.868798623482386
-2.8688986231572926
-2.882842540740967
-2.9010202884674072
-3.0212002992630005
-3.0436800718307495
-3.055894845398143
-3.069268263236154
-3.120666742324829
-3.16922265291214
-3.187868118286133
-3.189596255620321
-3.2544100284576416
-3.324799930987259
-3.3297888040542603
-3.3419606685638428
-3.3538897037506104
-3.5191004276275635
-3.622724771499634
-3.6920246398076415
-3.892540693283081
-3.8951313495635986
-3.931452989578247
-3.989316421211697
-4.116433024406433
-4.188120686914772
-4.197964668273926
-4.513571584131569
-4.531890536018182
-4.532313240226358
-4.649474382400513
-4.930714949965477
-4.978287935256958
-5.022809970192611
-5.118430316448212
-5.134201696928358
-5.408963600173593
-5.628274633549154
-5.662102147005498
-5.6844716000850894
-7.160998344421387
-9.199342727661133
-10.185188293457031
-10.882776260375977
-11.092710494995117
-11.121175765991211
