-0.003412020484878061
-0.0075218612037133425
-0.02288562701869523
-0.027906866744160652
-0.03025492313059254
-0.03848207429317491
-0.04490128333418397
-0.05298093675325314
-0.05573401444902023
-0.057485505007207394
-0.06856986911346515
-0.06918863207101822
-0.07862696501736839
-0.0935914252186194
-0.1472865752875805
-0.17960281911073253
-0.1861809061447275
-0.19944677036255598
-0.20578870906610974
-0.2073342502990272
-0.21554679636998722
-0.22597889819492897
-0.22748567806556821
-0.2351184960757564
-0.23852759502672902
-0.24895955668762326
-0.249027388043363
-0.24905331161114322
-0.2509330634609796
-0.25438312014739495
-0.2567495250477805
-0.25710982122373854
-0.26219796104123816
-0.26490962505340576
-0.27295530412811786
-0.2775770423419696
-0.2798563968889149
-0.2874581215903163
-0.2880685271796513
-0.29336704713231093
-0.2941710810409859
-0.29735630315441924
-0.3007963255311971
-0.305372741445899
-0.3073998963460326
-0.30843919007505366
-0.3086109931580722
-0.30889137340709566
-0.30892833245986273
-0.3110928539452808
-0.3111024447425734
-0.31176323594247707
-0.31389546547317876
-0.31544828869063285
-0.31879228267247195
-0.32017189750622493
-0.32597563879486796
-0.32724070589972176
-0.3313289750585682
-0.3327559153706086
-0.334581738524624
-0.33514499087899213
-0.3369930014712736
-0.3400411545255877
-0.34046602045878227
-0.3418892812442993
-0.343038782547228
-0.34498930760633406
-0.34684544312767684
-0.3479115851223469
-0.3495595151302405
-0.35132511318661275
-0.3529425950699887
-0.3550349871511571
-0.35570666335227613
-0.35848569157274646
-0.36038043536245823
-0.362272433640266
-0.36278024564186734
-0.3639525222592056
-0.36469289402399835
-0.36606570496223867
-0.36677001794617226
-0.36883776989351547
-0.3709011397537931
-0.37115013878792524
-0.37244932614266874
-0.37250432749446505
-0.37411197132896634
-0.375038442954974
-0.3750726764944072
-0.37665261482262785
-0.3769150648982163
-0.3777114821888972
-0.3782396718327488
-0.37983712817810517
-0.3824232682153316
-0.38265911929790397
-0.3829391038045287
-0.38574676420539616
-0.3860158373601735
-0.3867797654820606
-0.3883202531400861
-0.3912742402947818
-0.39140101084139395
-0.3932404318063226
-0.39412623705963296
-0.3995425040833652
-0.40157676068192816
-0.4017097679898143
-0.40882990499958394
-0.40890172869549135
-0.40928100056480615
-0.40992575356115896
-0.41006158754074323
-0.410779209393594
-0.41336462793073486
-0.41390637505580397
-0.4153853641129734
-0.4162585746574526
-0.4180680030840449
-0.4181254619861169
-0.4187968605288511
-0.42146569956094027
-0.4230998957396618
-0.4235705280055602
-0.42512409200902435
-0.42527110367599463
-0.42593430541455746
-0.42805055463012603
-0.4284665785962716
-0.4332346912706271
-0.4340900114595356
-0.4341201577335596
-0.4344161224684545
-0.435070584838589
-0.4367552038282156
-0.43809376324960875
-0.43812187045114115
-0.4436649111783481
-0.4444647662873779
-0.44476672831369796
-0.4451514129112992
-0.4458053509394328
-0.44675441836524343
-0.4551394391231812
-0.4564386906567961
-0.45719939438276924
-0.46163529550124494
-0.46185132931818124
-0.46492810868658124
-0.4650669015973108
-0.46566838150223094
-0.46620821809240925
-0.4664998322725296
-0.4681850178458262
-0.4695009819180187
-0.47127739462448515
-0.4717496178243891
-0.4723363575176336
-0.4727499035320112
-0.4732453507502214
-0.47758722345211674
-0.478324143026839
-0.478415299355725
-0.4813822043259279
-0.4816111460325039
-0.4844374654639978
-0.48545134212763513
-0.4861267918669101
-0.48729584101654055
-0.48782463542496163
-0.48922242962622214
-0.489477228053147
-0.4905525703668698
-0.49076045528054235
-0.4927190099406289
-0.49587920824463555
-0.4962744073507985
-0.4966125851497054
-0.49736946804478066
-0.49817258841649165
-0.4990342479820053
-0.5001817274347155
-0.5030641506552153
-0.5036733823104037
-0.5066699694652925
-0.507858386496082
-0.5089120590593665
-0.5162479178979993
-0.5171852785395459
-0.5188046685652807
-0.5189306443557143
-0.5231296765980207
-0.523244425887242
-0.5242295550358702
-0.5253150427791601
-0.5274147996969987
-0.527416019413587
-0.5274842338752933
-0.5293994871899486
-0.5306796049699187
-0.5361443096306175
-0.5364342667162418
-0.5368887590502709
-0.537573692906234
-0.5383924462325272
-0.5393413099248262
-0.5406515252899327
-0.5418489694275195
-0.5452703744455133
-0.5470688231289387
-0.5512589920156946
-0.552964332094416
-0.5542149699176662
-0.5576720948725282
-0.5583700659844908
-0.5585888528585201
-0.5626559647997575
-0.566564679145813
-0.5716221820330247
-0.5716285318291435
-0.5721990512683988
-0.5778509117662907
-0.579067760043674
-0.5806062034564092
-0.5822429688248251
-0.5825738656218163
-0.5849004789100339
-0.5850913412868977
-0.5860256447456778
-0.5880426766040424
-0.5886878749976555
-0.5938117315061391
-0.59643237630371
-0.6002063658088446
-0.6008023070287891
-0.6013557977741584
-0.6015028094407171
-0.6020772659685463
-0.6046948651783168
-0.6048622123562382
-0.6066532167088654
-0.606771774824463
-0.6084057337138802
-0.6090161704923958
-0.6142394839320332
-0.616225133916097
-0.6167580230556067
-0.6177400670479983
-0.6187189400196076
-0.6215323134762002
-0.6234287727624178
-0.6249556276015937
-0.6293023001489928
-0.6303286754215757
-0.6329767787829041
-0.6358692756233116
-0.636181180468864
-0.6374920473281236
-0.6377309029689059
-0.6389972535932126
-0.6433065072924364
-0.6440165200037882
-0.6440414495882578
-0.6509200976385424
-0.652727403127673
-0.6527881654245513
-0.6531114974576566
-0.6559869748773053
-0.6562400309449004
-0.6573598046787084
-0.6580842893107772
-0.6621497046268944
-0.6650107173772994
-0.6651522979664151
-0.6657104162392594
-0.6680913018547775
-0.6682631438598037
-0.6699179178249324
-0.6707483114312507
-0.6718011284764442
-0.6719233242998598
-0.6728846776864624
-0.6743457714095712
-0.6759964730590582
-0.6774891504610423
-0.6797864168054528
-0.6813929727567094
-0.68896174733527
-0.6897740558321986
-0.6905436343513429
-0.6909699031772712
-0.6915781636988478
-0.6916316890681629
-0.6919340306892992
-0.6925622348540595
-0.6934845447540283
-0.6945712584711146
-0.6980160794531306
-0.6981536485254765
-0.698605460879792
-0.6991746130598975
-0.6994434431195259
-0.7065825950315533
-0.7080631752469344
-0.7096573109073299
-0.710312749411969
-0.7152383420098987
-0.7187186704638103
-0.7206283854902722
-0.7237135381641565
-0.7275032216760641
-0.7374697380832264
-0.7401727056130767
-0.7420593564165756
-0.7425681246444583
-0.7481290102005005
-0.7497378926325057
-0.7498312776110002
-0.7521462456012765
-0.7568001970648766
-0.7576558987299601
-0.7589294379577041
-0.7593393434071913
-0.760588769428432
-0.7622151107837757
-0.7667962922423612
-0.7724121529608965
-0.7747084239497781
-0.7778240635816474
-0.7803051134571433
-0.7817667810512441
-0.7818983929289971
-0.7834185708852601
-0.7875529751181602
-0.7897410094738007
-0.7947655975818634
-0.798696568235755
-0.800545746833086
-0.8006457686424255
-0.8025319762527943
-0.8094418559558108
-0.809474611247424
-0.811324387943993
-0.8141821580007672
-0.8155015675084931
-0.8168641527493795
-0.8290437832474709
-0.8348997637629509
-0.8392223656177521
-0.8393914436310297
-0.8423056703925665
-0.8431572545319795
-0.8543588657630607
-0.8563485431174437
-0.8582733722869307
-0.8592878122414861
-0.861232024927934
-0.8641585310300192
-0.8680199000851384
-0.8733379339246312
-0.874391575033466
-0.8754701765283244
-0.8845678687095642
-0.8860236295602388
-0.8895560726523399
-0.8932104203850031
-0.8968206186379705
-0.9007392808794975
-0.9071822203695774
-0.9083777864386017
-0.916635991207191
-0.927018067240715
-0.9333500564098358
-0.9483722696701685
-0.9489129208959639
-0.9592463299632072
-0.9623315533002218
-0.965467463992536
-0.9655783272215298
-0.9706932912979808
-0.9708022053043047
-0.9725772949459497
-0.9774933937781801
-0.9804212776129134
-0.9814540669322014
-0.9891770879427592
-0.9938799738883972
-0.9999835066497326
-1.0015768706798553
-1.0126452296972275
-1.0129062365740538
-1.014284674078226
-1.017255026102066
-1.0275575241073966
-1.0294208281806536
-1.032841991726309
-1.0382165138920147
-1.0400062302748363
-1.0414940427988768
-1.043831541785039
-1.0443494290113449
-1.0448718555271626
-1.0486050304956733
-1.050930788119634
-1.058501335605979
-1.0599803812801838
-1.0721594989299774
-1.0774662494659424
-1.0776161765679717
-1.085899420703451
-1.0910873031243682
-1.0965888500213623
-1.1069639578461647
-1.1145335929468274
-1.1257740911096334
-1.127630278468132
-1.132409299898427
-1.1546704622451216
-1.161211058497429
-1.1714775388439496
-1.1734532214080293
-1.1760544002588307
-1.176496796309948
-1.183910358697176
-1.191695723682642
-1.1993725982805092
-1.20578140206635
-1.2112919744104147
-1.218332052230835
-1.2226704160372417
-1.2286165188997984
-1.2339854811628659
-1.2595508098602295
-1.262244701385498
-1.267914496983091
-1.2820231765508652
-1.2930497252382338
-1.3035374265164137
-1.3112633526325226
-1.3182441890239716
-1.340910739955143
-1.3468940258026123
-1.363819058984518
-1.3766799345612526
-1.376700060069561
-1.3798810243606567
-1.410500943660736
-1.456477681795756
-1.4633636277867481
-1.4636288732290268
-1.4829447576776147
-1.5090557485818863
-1.5100502967834473
-1.5115136903477833
-1.5300787861148517
-1.5530994733174641
-1.5694460957311094
-1.5834485217928886
-1.6022628471255302
-1.6059953342191875
-1.6094587445259094
-1.6128160953521729
-1.6522149642308552
-1.6531445682048798
-1.6592545565217733
-1.6696726083755493
-1.7565972208976746
-1.7657072925940156
-1.7798892682185397
-1.8020901282628377
-1.8069013953208923
-1.8142228523890178
-1.834900975227356
-1.8443250459386036
-1.8584271272023518
-1.908645674586296
-1.9645386785268784
-1.9661739468574524
-2.0358974635601044
-2.0404524405797324
-2.050118903629482
-2.057565845626717
-2.0738991890102625
-2.1281856298446655
-2.1809162565041333
-2.1841099075973034
-2.2603636980056763
-2.3212509006261826
-2.4092363715171814
-2.441273808479309
-2.4632656425237656
-2.4837431786581874
-2.5695627566892654
-2.707170933485031
-2.7458356395363808
-2.7718685567379
-2.8729435545392334
-3.1173744201660156
-3.3087821006774902
-3.4754424347920576
-3.6059318906627595
-4.012636046012631
-5.2211527824401855
-6.109751224517822
-6.5960612297058105
