-0.00022067442296247464
-0.0016360037552658468
-0.0032929724839050323
-0.018354785007735092
-0.03541416620525221
-0.036717307043727485
-0.053471061309599985
-0.059656749550413224
-0.06347598737597258
-0.07367769628763199
-0.0743812957778573
-0.07666668596903037
-0.11111954516187932
-0.11270276545546949
-0.12485561095592049
-0.12504102525094318
-0.14129836909705773
-0.15468561222951394
-0.1562318923417479
-0.1587300576735288
-0.15956813966234526
-0.1599392052157782
-0.16537783527746797
-0.1897526079426623
-0.19213816937990486
-0.19229617394739762
-0.2017760935705155
-0.2111387425619695
-0.2195116455113748
-0.22441311260419233
-0.225202864035964
-0.22991320195918283
-0.24731191465010247
-0.25095448149659205
-0.25189528344102047
-0.2530182935297489
-0.2598823743561904
-0.2649014527975981
-0.2653861371567473
-0.2685634602765696
-0.26939238142222166
-0.26967964945361017
-0.2721375458873808
-0.27234701321531946
-0.2757389368981911
-0.2760398033315141
-0.2772787921712734
-0.27803556561923837
-0.28361089091631586
-0.28702741939341647
-0.2890523676032899
-0.29105350113241
-0.2913507704312603
-0.2916313593275845
-0.2939669206198546
-0.29834411416668444
-0.2990353914210573
-0.30399553730320705
-0.30948305895019856
-0.31291268672794104
-0.3131263739824135
-0.31521100727841256
-0.3182094854354445
-0.31913947967113926
-0.3201315660908585
-0.3209425748325884
-0.3257609414868057
-0.3261959465363851
-0.3308620125193287
-0.3314902100222146
-0.33174816842656585
-0.33431098626365735
-0.33666268764063717
-0.3370955267455429
-0.33826113380491735
-0.3436235189682951
-0.34388569096304505
-0.34436746701025045
-0.3450399508957552
-0.34651915297477637
-0.34661257604602724
-0.3504808629957205
-0.3517967825755477
-0.352447896083403
-0.3525514195673168
-0.35482009446423035
-0.3552106587863818
-0.3573715862003155
-0.3573909194674343
-0.35929978592321277
-0.35946834801216027
-0.359526463629057
-0.35979331137919374
-0.36001983657479286
-0.3606739608803764
-0.36137629719658954
-0.36177800835415336
-0.3630456349812448
-0.36493492797017096
-0.36512456912896596
-0.36513775068548665
-0.36620195340188016
-0.36644537288728835
-0.36660795313461375
-0.36928522074595094
-0.3693762310565216
-0.37004729465115815
-0.37023220481431307
-0.37072233606595545
-0.37072969651781024
-0.3717967762495391
-0.3723847675573779
-0.3749138946761377
-0.37654131816244835
-0.37699005886679515
-0.3785081290289305
-0.3787877657968137
-0.38014076452486734
-0.3830682433703366
-0.38365338961704676
-0.3837659419181624
-0.3843466076491909
-0.38453013747930526
-0.3848944850116303
-0.3869759646865229
-0.3879151927976636
-0.3908055808286008
-0.39176700562992745
-0.3927278014831245
-0.39290947750057303
-0.3934569048578851
-0.3941725683835102
-0.3941773226332112
-0.39888741741888223
-0.39973960663191976
-0.40056882629869506
-0.4019526990520535
-0.4025358527691828
-0.4041459964471869
-0.40466918487800285
-0.4051893874679485
-0.4068317014724016
-0.4092090863663803
-0.409866478604575
-0.41121093926226926
-0.41234001997218
-0.41296684496208197
-0.4154938211325895
-0.41678670708400506
-0.41686789822929043
-0.41733836303465066
-0.4208488902077079
-0.42545822622593155
-0.42588334204629064
-0.42616533589009326
-0.4268970048158533
-0.4290536981076002
-0.4338269702184334
-0.4345982636770476
-0.43492872152558487
-0.4357485484331846
-0.43754661999410016
-0.439353164156071
-0.4415737577714026
-0.44298983847774154
-0.443600161984149
-0.44377401075325906
-0.44475361311808226
-0.4458400863222778
-0.4466940089122444
-0.4487000600413673
-0.44953510238944244
-0.45177605785429475
-0.4550339527479082
-0.45581161444877377
-0.45669845890785965
-0.45688564196300124
-0.45785987616464907
-0.4590201549421181
-0.46016187853335094
-0.46157126244257335
-0.46325870945675934
-0.46354209853702094
-0.4643494061763502
-0.46465373354625294
-0.4662033618049463
-0.46698227999634884
-0.46739123495221563
-0.46967006384188104
-0.4740133407991379
-0.47588302379673614
-0.47731065889820457
-0.47888904561599094
-0.47994738621637223
-0.4804258310992736
-0.48070378468504976
-0.4807725539430976
-0.48110876822223264
-0.4815263915807009
-0.48279504460515454
-0.4849352518016531
-0.4916949681272464
-0.49182996831627357
-0.49277936823099205
-0.49388523648182553
-0.494693890993949
-0.4948524997702667
-0.4952583218525563
-0.5001483590094722
-0.5014169642236084
-0.5014192323303885
-0.50177409988828
-0.5028304789000406
-0.5049503993941471
-0.5060124838026241
-0.506880027608921
-0.5069987226088415
-0.5085468642087347
-0.5089220973895863
-0.5125252095001217
-0.5144974446218264
-0.5163210372979631
-0.5247039679023955
-0.5281898218145216
-0.5288370298221707
-0.5300538933702877
-0.5304525803039724
-0.5305659808749624
-0.5315315555781126
-0.5366593669168651
-0.5381829464167822
-0.5399873236815135
-0.5443613261990582
-0.5477818551340273
-0.5542113665557865
-0.5563209764659405
-0.5571493953466415
-0.5572770984726958
-0.5573910091604505
-0.5626519642719359
-0.5631251007628938
-0.5705384329965455
-0.5755540423095227
-0.5837345907239069
-0.5923800211123307
-0.5990594305563718
-0.5995522679634936
-0.6015372817524217
-0.6021606596186757
-0.6023841669126081
-0.604066877030871
-0.611168610677123
-0.6128398135770112
-0.6132531048583418
-0.6133483822147051
-0.6154330930439755
-0.619323285005521
-0.6239366564217822
-0.6240178826597652
-0.6266008753300412
-0.6300407697446644
-0.6311623846284218
-0.6330313892103732
-0.6357200701410571
-0.6365514838471427
-0.6382756664728125
-0.6425394440690676
-0.6475232131779194
-0.6554042291438236
-0.6614909825148061
-0.6672830826033272
-0.6808992861252692
-0.6865012511365681
-0.6878298532295352
-0.6884950610526305
-0.6925923936069012
-0.6948791250470094
-0.7080500760348514
-0.7130551594309509
-0.7176238782703876
-0.7210975938609668
-0.7238655647573372
-0.7300171177420351
-0.7414533495903015
-0.7713611370175689
-0.7717518524732441
-0.7894520035746003
-0.7948767677839247
-0.7957819835282862
-0.7966647616849514
-0.7972354482092973
-0.8088897963420355
-0.8187626592814923
-0.82250242245694
-0.8291092079132796
-0.8299638875486219
-0.8436040726228384
-0.8459792009040635
-0.8468875460326671
-0.8473054201652607
-0.8497458304918837
-0.8676038589037489
-0.867753604011211
-0.8779923490714282
-0.8806472506839782
-0.8842323121862137
-0.9321157490834594
-0.9350437223911285
-0.9430884742178023
-0.9564647922913233
-0.9677484441490378
-0.9694314578664489
-0.9768382281064987
-0.9799223430454731
-0.9803050301270559
-0.9842805397056509
-0.9906299486756325
-0.9954825704917312
-0.9979697810485959
-1.0008608573116362
-1.0070515852421522
-1.0103905616502744
-1.0216725761001726
-1.0276345832593505
-1.037406798452139
-1.0391774699091911
-1.0526920134822528
-1.0557689093984663
-1.0587521910347277
-1.0622382798652066
-1.068948653837045
-1.069900819818334
-1.0715069353580475
-1.075624480843544
-1.0797777485102416
-1.097676618071273
-1.1149746244773269
-1.1183888382511213
-1.1219381742800276
-1.1270067032576965
-1.1340161813423038
-1.1420803383613627
-1.1493021507437031
-1.1553102818628151
-1.1580115308364232
-1.1633478013973217
-1.1644414911667507
-1.1676168248057366
-1.171909769376119
-1.1752778275869786
-1.1759921771784623
-1.1865582150251914
-1.1898421631167366
-1.2352701724642732
-1.2502152398228645
-1.2527710978562634
-1.2531028552912176
-1.2554218179235856
-1.2631899780826643
-1.2646080143749714
-1.264784255841126
-1.2797626477937836
-1.2980976402759552
-1.32336293158005
-1.3394376412034035
-1.3595559978857636
-1.364744072780013
-1.3709072671287383
-1.3757390181223552
-1.376269392669201
-1.3919305801391602
-1.3986455462872982
-1.4000150337815285
-1.4197371423942968
-1.4258491069776937
-1.4418493596216042
-1.4513671536697075
-1.4587571311276406
-1.5012264708871954
-1.512761255260557
-1.518019303912297
-1.5283978610532358
-1.5287649689707905
-1.54170430588177
-1.5765385627746582
-1.6018203844314485
-1.6216894686222076
-1.6734216860349989
-1.676800061832182
-1.697831954807043
-1.709484905935824
-1.7141480507949989
-1.72895722463727
-1.7410646229982376
-1.7473568320274353
-1.7697491516300943
-1.8420607028529048
-1.842621386051178
-1.8528484537576635
-1.8692193105816841
-1.9239311665296555
-1.9270886778831482
-1.968752934645939
-2.004823789000511
-2.0703868716955185
-2.1472830676163235
-2.271258091951798
-2.288887836250069
-2.314409613609314
-2.3579894018669925
-2.415655568242073
-2.4328763087590537
-2.5144152760040015
-2.6034332513809204
-2.850096821784973
-2.851149270281894
-2.890055775642395
-3.027304230938171
-3.25431489944458
-3.4041614532470703
-3.780611991882324
-3.9189426004886627
-4.11430739692878
-4.140528321266174
-4.193875193595886
-4.245498716831207
-4.288215882726945
-4.439783089677803
-4.895102246237609
-5.283928036689758
-5.306619463564857
-6.441018104553223
-7.8489179611206055
-8.937492847442627
-9.152249336242676
-9.420286178588867
-9.520027160644531
-9.612937927246094
