-0.00037448544753715396
-0.02005860450056692
-0.09059602255001664
-0.09377279189149183
-0.11687211754421394
-0.15830044720314618
-0.17873258229034641
-0.1962272673845291
-0.2182040371117182
-0.23120244219899178
-0.23123969862030613
-0.23461034165562264
-0.24073633179068565
-0.2611582972866017
-0.26156069725231434
-0.2724513339344412
-0.2728918549109949
-0.29241414365242235
-0.29926306486294346
-0.30265064664854435
-0.3033309749096386
-0.3133208324604008
-0.31569247314473614
-0.316251036310051
-0.31982615008461796
-0.3203885640583134
-0.3247702745814292
-0.325551748541849
-0.3260066569912144
-0.3267080984927209
-0.3290126140089706
-0.3306928088724682
-0.3319201054206739
-0.33288684962920984
-0.33392037348356096
-0.34024803395732306
-0.34458983727783
-0.345797841450096
-0.35021900514477927
-0.35203734889728366
-0.35264006347738597
-0.3528721473820042
-0.3529198104515672
-0.3532880588853732
-0.35416601307604095
-0.3543819862839882
-0.3614361211657524
-0.3619404669600324
-0.36231757876359755
-0.3637515248109897
-0.3639785038010979
-0.366712217987515
-0.3670203522595567
-0.3679763345539363
-0.3746719980346305
-0.37537626872238306
-0.377582272293064
-0.3836110944035821
-0.3870479995935706
-0.3889569138380466
-0.38920196725262535
-0.3924236102738296
-0.3946599378767941
-0.39918356229151997
-0.4001972628291696
-0.40062216510996224
-0.4011470106896013
-0.4029252547453242
-0.4039669305605527
-0.4046335739798711
-0.40746597247198224
-0.4077967949763305
-0.4112949318252504
-0.4142613682546653
-0.41723181888519323
-0.41963415770325807
-0.4242035508637359
-0.42548649324569854
-0.4259777321713045
-0.4263291434617713
-0.42734530608868226
-0.43076472234463803
-0.4308231550142712
-0.4335395626258105
-0.43356851693790627
-0.4345990881556645
-0.4357840349465342
-0.4375771620310843
-0.4424562622896499
-0.4431782233163672
-0.44601952587254345
-0.44661132609471677
-0.44814965764526277
-0.45166362983097014
-0.4519205205142498
-0.4528433977587459
-0.4535037459339947
-0.4580505434423685
-0.4597253009560518
-0.4597325935494155
-0.4603063955548264
-0.46260409310925754
-0.4651939368673733
-0.46657414803485153
-0.4704547526798706
-0.47518120160592453
-0.47755669929425826
-0.47790631884709
-0.48003945453092456
-0.48007089565508065
-0.4833792965859175
-0.48420948358252647
-0.4853126433677971
-0.4853392038649569
-0.48693679487332703
-0.48694900611105063
-0.49489500739478637
-0.49612165997839636
-0.4988105652321662
-0.49982589911669495
-0.5011591094080359
-0.5016413769684732
-0.5035786354565062
-0.5040447028974692
-0.5051525837091807
-0.5064501367095444
-0.5083763524889946
-0.5087451521540061
-0.5106330004055053
-0.5110656627941699
-0.5112199716580411
-0.5118388765491545
-0.5120803074678406
-0.5126221717606919
-0.5130050365383235
-0.5135394907556474
-0.5141737919960482
-0.5195953827351332
-0.5197106625677811
-0.5207512374967337
-0.5213465298293158
-0.5228131668409333
-0.5228610883156458
-0.525141435675323
-0.5265652246540412
-0.5279446393251419
-0.5322814846100906
-0.5332319161796477
-0.5334261734304684
-0.5339290273629806
-0.5343026509508491
-0.5356287883062448
-0.5358071960767524
-0.536043144762516
-0.5424428469355916
-0.5429245123107519
-0.5432456540875137
-0.543732758029364
-0.5459418531337922
-0.5466081553271839
-0.546862124154965
-0.5470951538300142
-0.5483924435393419
-0.5519138716838576
-0.5545826697722077
-0.5567619003391323
-0.5586288682661689
-0.5664970949583221
-0.5668052725959569
-0.5670445032184943
-0.5683331280713901
-0.5717922754352912
-0.5736885251743453
-0.5756045430898666
-0.5767623703926802
-0.5776994207075664
-0.5778095938472284
-0.5779955958326658
-0.5783078862975041
-0.578359822742641
-0.5861090509728952
-0.5870664936179916
-0.587079372797032
-0.5904363095760345
-0.5908188953995704
-0.5911704662005202
-0.5922503218082258
-0.5940816404763609
-0.5948384511801932
-0.5989937272854149
-0.5993741405281153
-0.5996671616099775
-0.6019161781296134
-0.6022594993701205
-0.6037806759898862
-0.6086101521338735
-0.6091875558098158
-0.6127232413738966
-0.6130741876032617
-0.6149053309345618
-0.6182498139225774
-0.6186781111173332
-0.6239354455444429
-0.6273020476102829
-0.6308501925319433
-0.6309202374541201
-0.635589329356497
-0.6364773952664109
-0.6371653023072414
-0.6374860302079469
-0.6389477390795946
-0.641525907535106
-0.6444287458434701
-0.6482029103707256
-0.6514822108050188
-0.6517694594571367
-0.6574227931560017
-0.6593511237816098
-0.6596459671854973
-0.6618075799196959
-0.6670885369181633
-0.6685136429965496
-0.6700089023273904
-0.674967457074672
-0.6761543909087777
-0.6780233951285481
-0.6855594549560919
-0.6883756494741982
-0.6895474257568518
-0.6920039816759527
-0.6950407508760691
-0.7001036208655153
-0.7057227863863643
-0.7094460148364305
-0.7126397834625096
-0.7161515274617288
-0.7234243671151085
-0.7315650798587335
-0.7386516503368815
-0.74302375210183
-0.7461351442616433
-0.7461957058825647
-0.7536948362741476
-0.7544512487947941
-0.7595132291316986
-0.7670924633741378
-0.7678756494424306
-0.7735471089137718
-0.7831909358501434
-0.7889601501325766
-0.7949735297319981
-0.8031700576393632
-0.8074901994608809
-0.8103203557431697
-0.8135974070367714
-0.8153545793436934
-0.8194539187243208
-0.8220904543607807
-0.8225018410012126
-0.8265107764746062
-0.8274954665297022
-0.8275569703962121
-0.8348692929268711
-0.8372961092740298
-0.8535191873088479
-0.8551264590118081
-0.8653350578887122
-0.865775491909257
-0.8669121367391199
-0.8709692060947418
-0.8734538584947587
-0.8754568490199744
-0.8788507329300046
-0.885397669672966
-0.8889166017373403
-0.8916295481224855
-0.8920024450868368
-0.9080562521703541
-0.9238757019241651
-0.9242614426879704
-0.9398848089389503
-0.9474096775054932
-0.9566223143289486
-0.9750852379947901
-0.982803675532341
-0.9832884301140439
-0.9891255808373293
-0.9915373443315426
-0.9929542740186056
-1.000475597249331
-1.0067646621416013
-1.0449726828665007
-1.058798251274441
-1.0686334684491157
-1.0697293798439205
-1.0705363700787227
-1.0748787745833397
-1.0751826485086764
-1.0760559696704148
-1.0761311616748572
-1.1108983363956213
-1.1133360699750483
-1.121703822282143
-1.1420882858335972
-1.2237669825553894
-1.2591222673654556
-1.2816257057711482
-1.3202346293255687
-1.388324424624443
-1.3888611357659102
-1.3921622241614386
-1.3992378013208508
-1.4021393790841103
-1.452602755278349
-1.5155061781406403
-1.5459033559891395
-1.5595545123020809
-1.5653820087512333
-1.6378603540360928
-1.6420005957285564
-1.6510110360880692
-1.6527372598648071
-1.6533454987220466
-1.6635951669886708
-1.6739708960521966
-1.6985849913035054
-1.71645887196064
-1.804538254936536
-1.8200735673308372
-1.869588137914737
-1.8753930926322937
-1.8819369872411091
-1.9120976836420596
-1.9132176438967388
-1.9369127512909472
-1.968106284737587
-2.0928133130073547
-2.1728773415088654
-2.2335788750400147
-2.3089097378154597
-2.339272956053416
-2.3747385603686175
-2.4940815766652427
-2.5055556893348694
-2.5264640152454376
-2.5893337838351727
-2.6026453971862793
-2.653554040938616
-2.702083110809326
-2.7295689582824707
-2.8345031070057303
-2.8386733531951904
-2.9661659002304077
-3.0426872173945108
-3.132160484790802
-3.220726336701773
-3.231108248233795
-3.4577973739942536
-3.594994042417966
-3.701364815235138
-3.7905011357118688
-4.038411796092987
-4.721873998641968
-5.32508126894633
-5.694711446762085
-5.71442969640096
-7.031882047653198
-7.522248268127441
-8.585622787475586
-10.334595680236816
-12.317366600036621
