-0.000792445606975889
-0.21578581074959402
-0.26117969779406847
-0.26511075463218325
-0.28063862552176033
-0.28336333108099
-0.2927442605863949
-0.2951052765780939
-0.29642477479683293
-0.29770012150038383
-0.3084799522546832
-0.309032678604126
-0.3128776052733883
-0.33090833768558997
-0.3335883039195323
-0.3396617638174156
-0.3487822225288255
-0.3507021069992334
-0.3518072809746237
-0.357015067071767
-0.3574579733558494
-0.3590593366919235
-0.3600699378754143
-0.36087629752607125
-0.36651429155049947
-0.367388377060533
-0.3675506313853071
-0.3719994850178929
-0.37317042762615843
-0.3762984142539507
-0.3765998784583644
-0.3792974846637662
-0.38003954577665616
-0.3803982026875019
-0.3806198402312475
-0.38105837448448354
-0.38980430420779155
-0.3910211799069657
-0.39504830601188384
-0.40164471211310226
-0.4020485985055765
-0.40495343519542076
-0.40509925984790446
-0.406868184480434
-0.40826386375520085
-0.40946063849993086
-0.4114973337486195
-0.41183702432489455
-0.4146095164341386
-0.4151290298652705
-0.41539990019373363
-0.41555273035919527
-0.4203299501101962
-0.4211136001399912
-0.42145672421174823
-0.4219968839193825
-0.4226339165252284
-0.42283305609948
-0.42525599990178053
-0.42626502105849795
-0.4268407197436318
-0.4271260355552096
-0.42847777822521493
-0.4293092931069435
-0.4303658780361895
-0.43227266189124847
-0.44018964462251775
-0.4410908308600483
-0.44660813054488246
-0.4473283320555681
-0.44767976839163265
-0.45030932595643836
-0.45456350189241285
-0.4564029296316221
-0.4575445239003144
-0.4597359343473727
-0.4604689762262361
-0.46495265004373126
-0.46676505311625077
-0.46871187161045313
-0.47053761184793075
-0.47067118224025334
-0.47483551611371694
-0.4782868856331334
-0.48075476246649484
-0.48173419908266624
-0.4835443614865653
-0.48408502369292206
-0.4842908135287871
-0.4870391535542971
-0.49079740277375095
-0.49106039174366745
-0.49189696787034337
-0.49224978795973584
-0.49599178363132523
-0.49599345880801593
-0.4985878705099987
-0.498870791238145
-0.4999252444643692
-0.5007837958401069
-0.5071151409974846
-0.5118471286934436
-0.5122855987865478
-0.5167319246511397
-0.5171937942490331
-0.51946887280792
-0.5255697969951143
-0.5280350000585895
-0.5280856798371215
-0.5290806864925442
-0.5300250514083018
-0.5304313168987088
-0.5316991723632327
-0.5325070085436892
-0.5328457144648512
-0.5339097928452248
-0.5345651673851535
-0.5351246643811465
-0.5357466917685088
-0.5377273065771442
-0.5401079583627341
-0.5445288495060855
-0.5445760480230092
-0.5514216799856513
-0.5542270245961844
-0.5571096760072073
-0.561009826762731
-0.5643704525266783
-0.567450171499513
-0.5691388894687407
-0.5707384899258614
-0.5745723179099969
-0.5835126737746088
-0.5912474180727258
-0.5930889168983933
-0.593268202548363
-0.5980947488014863
-0.60516397858446
-0.6099195953954352
-0.6122672539109771
-0.6164100067690015
-0.6183549880224746
-0.6188182024889102
-0.619650136144628
-0.6227851841977099
-0.6297108528928624
-0.6348720033357884
-0.6384315652685473
-0.6395988907722767
-0.6420540867580308
-0.6422306339791248
-0.648749195583514
-0.6509891503881591
-0.6511692336867522
-0.6518079996349115
-0.653732727086026
-0.6568689963522567
-0.6575579454104931
-0.6615497634629719
-0.6645309697021731
-0.6662557976324024
-0.6665255958473103
-0.6717874172143639
-0.6728390612115618
-0.6728466492051666
-0.6741174168419093
-0.6766756513243308
-0.6818861808627844
-0.6830195211465858
-0.6892950534820557
-0.6984019954023617
-0.7003478418207831
-0.7015757280039705
-0.7048799924086779
-0.7136083117553166
-0.7143434872705257
-0.714423702275235
-0.7233838007911496
-0.7240795510395921
-0.7241441869550077
-0.7429784468482207
-0.7484966811607592
-0.7541394847212359
-0.7544860277945796
-0.7638968149064264
-0.7764635574718947
-0.7773462658127149
-0.7826259657740593
-0.7969711308057109
-0.8047975272893382
-0.8242676797090098
-0.8283777281176299
-0.8365819379324421
-0.8392562516964972
-0.8441402422424289
-0.8479998556657241
-0.8484334404183755
-0.8604567380001148
-0.864583917777054
-0.8719506285754809
-0.9056398263201118
-0.9107438966166228
-0.9186053880490362
-0.9188044805875203
-0.9191528601181095
-0.9217011897708289
-0.929646797478199
-0.9327905014622957
-0.943650011671707
-0.9575098261237145
-0.9673272185027599
-0.9779772727633826
-1.0077757872641087
-1.0730822291225195
-1.0778841972351074
-1.0917251306809703
-1.0933259651064873
-1.115877886418275
-1.124338080175221
-1.1316697666091688
-1.135923241575559
-1.1408926491955451
-1.1670119315385818
-1.1980162690294947
-1.2123261633329094
-1.223851681958422
-1.320786090195179
-1.3488781452178955
-1.4332870677113534
-1.4371922016143799
-1.4434723863378167
-1.4710285632754676
-1.5052653399761766
-1.5726027488708496
-1.600852556526661
-1.6153458873741329
-1.6967207062989473
-1.8317027688026428
-1.854150151109934
-1.8783142566680908
-1.8986493796110153
-2.067420542240143
-2.0918412802941475
-2.1486755587075095
-2.3373875500013432
-2.7449917793273926
-2.7691790446469895
-2.8870508922664158
-2.9028272653667955
-2.918835163116455
-3.045657364030679
-3.2010655999183655
-3.235792684058348
-3.772101322809855
-4.1572255350905225
-4.5120368003845215
-5.917321681976318
-6.897204875946045
