-0.09986293315887451
-0.1952333723505338
-0.20849129229733557
-0.21265352750242503
-0.21686355532387475
-0.22260571374499705
-0.2247131315075587
-0.23481711134601393
-0.24299722614776822
-0.24719541267329298
-0.25269352581354415
-0.25696929075952385
-0.2583013509380368
-0.26048115589583176
-0.26620841059255823
-0.2704777745806226
-0.27193201818051943
-0.2840878748800323
-0.29895896716441156
-0.30560116237463164
-0.33178309391325345
-0.3321063182370551
-0.333419622398112
-0.3351443353081281
-0.3383507622554302
-0.3497996885755117
-0.3527637928591855
-0.3676011364450031
-0.3695904180403886
-0.3708317005388352
-0.37669566837284946
-0.38651823633786336
-0.3903159062222888
-0.3912043258830884
-0.3921237761380987
-0.39246901728050865
-0.3934105739727701
-0.396442599561522
-0.3988587893796994
-0.40125755598115653
-0.4031498806051679
-0.40380074309963226
-0.4041443214976295
-0.40889779211283894
-0.40937833855527184
-0.4209484304703991
-0.42383532380600547
-0.4258377703926748
-0.4292050472502597
-0.43050673907245596
-0.43434858820399425
-0.4370106619839041
-0.44106617295428324
-0.44107437161922763
-0.44272588281070485
-0.4431502786893888
-0.44452190037991385
-0.44463593220206976
-0.4463873498384007
-0.45137419623788444
-0.46593564382055774
-0.4788742780685425
-0.48725887943583074
-0.5022979413413189
-0.5062911969143897
-0.5080522952032172
-0.5087308928341372
-0.5147984779966799
-0.5234819925479735
-0.53140310059305
-0.5347694931163763
-0.5350772805292817
-0.5415653481780153
-0.5480606129173847
-0.5489538710849227
-0.5520369644582388
-0.5557810637168586
-0.556382147942107
-0.5568011593339699
-0.5583131470484659
-0.5630230426477889
-0.5646143070422113
-0.5715131325640768
-0.5716017747763544
-0.5738468151539564
-0.5741776191280223
-0.5752234193821266
-0.581828633637997
-0.5839958733704407
-0.593490421840794
-0.5945205546038992
-0.5958471404155716
-0.6001770962694926
-0.600530062491695
-0.6008630805792143
-0.6055087395012378
-0.6128938200955207
-0.6161864211797365
-0.6164499646984041
-0.6251166950512145
-0.6311417759485006
-0.633949111312783
-0.6455343687751641
-0.6496744323563429
-0.6546085056848824
-0.6800627754273592
-0.6803477322682738
-0.6821629112985518
-0.6826367088194404
-0.6945487149430185
-0.6947394051676383
-0.7006314276502683
-0.7020015755027998
-0.7105825184421106
-0.7213957341025687
-0.7350334841758013
-0.7420460861358151
-0.7709044177944844
-0.7715091807767749
-0.7743300013858566
-0.7778993347543292
-0.7924596881028265
-0.8752807737328112
-0.9160172617994249
-0.9408794470131397
-1.0079561008938722
-1.0594486200716347
-1.0996068716049194
-1.1551193272074063
-1.1596040956676006
-1.2077543810009956
-1.216044768691063
-1.2371324509382249
-1.273236677981913
-1.3381561047087114
-1.348341554403305
-1.73847796022892
-1.7873192131519318
-1.8959707027922075
-1.991835594177246
-2.098911661033829
-2.2575398683547974
-2.563704105792567
-2.892606019973755
-4.2474277939181775
-4.490817546844482
-6.955003499984741
-7.132600784301758
