-0.0068487230758667765
-0.021793873980641365
-0.02295245612913277
-0.11362406462430955
-0.11543603986501694
-0.15205586701631546
-0.17438030091580003
-0.23475656856317073
-0.23509184613690845
-0.23825820188762414
-0.2420974796017011
-0.24868842238159736
-0.25291229293037804
-0.2535384602670092
-0.2573547709103366
-0.2605672514473554
-0.26356125143356623
-0.2659049135233675
-0.2688690671231598
-0.2719009135616943
-0.2743235740927048
-0.2752844359582433
-0.27809435872432703
-0.2802490100551324
-0.2836938185309161
-0.28372300879153256
-0.2859144199188557
-0.2897781655192375
-0.2965638121046747
-0.30101552297128364
-0.3032173444516957
-0.3046838828207304
-0.3129428249344023
-0.3150719667901285
-0.3161682691425085
-0.31683796813005455
-0.32072009369730947
-0.32622986341205734
-0.3368890456690946
-0.34056902094744146
-0.341636222886986
-0.3447558566442002
-0.34699391573667526
-0.34806687546273074
-0.35787638947367667
-0.3579692989561105
-0.3608092665672302
-0.36140371987114445
-0.36334940258206594
-0.3670080768254896
-0.36917595872582754
-0.3720881373931964
-0.3730770710279622
-0.37313119589186955
-0.37394222133194227
-0.3743496614346376
-0.3793470464075199
-0.3821745994500816
-0.38581472864303656
-0.3867555746110156
-0.38819640719921156
-0.39533959317031986
-0.39577941485555024
-0.39623507630312815
-0.39836038649082184
-0.39977657049894333
-0.4031440205812292
-0.4041479933075607
-0.40595132434262066
-0.4061928714159876
-0.41322895387808484
-0.41529178224838054
-0.42118692095656035
-0.4229484545661156
-0.42353592888684943
-0.42519732324406506
-0.4271084315453966
-0.4305927642355008
-0.4312104093563824
-0.4316692698188126
-0.43191854208513786
-0.4394321500380293
-0.4420930231087065
-0.4432087814719934
-0.44356324640975797
-0.44507447857823634
-0.44682031045002596
-0.4480912210419774
-0.4484600176413854
-0.44896182395517825
-0.45365930702038376
-0.4543883897937261
-0.4544520272726291
-0.45487689824774863
-0.45855531478527056
-0.4594470076262951
-0.45982790384441613
-0.4624629355035722
-0.46346704551251605
-0.4635529426741414
-0.46503741790850955
-0.46568885597603454
-0.4665251284417796
-0.46870586136355996
-0.4697209893725812
-0.46991147353713003
-0.47060090526273207
-0.4713870547711849
-0.47649223253562617
-0.47715127311595196
-0.47788599133491516
-0.4801898987756835
-0.4820365785853937
-0.482349321962829
-0.4831213552679401
-0.4831438383553177
-0.4859109410483922
-0.4860872760928032
-0.4869034411417993
-0.48695819670154056
-0.48755972012877463
-0.4881974439873981
-0.488241809852237
-0.48830698816002244
-0.4885384561734659
-0.49054503315128384
-0.4915637852003177
-0.4933137907198845
-0.4933317351757208
-0.4935077829428337
-0.493674604899504
-0.49430888573474746
-0.49513546195389196
-0.49555926214379725
-0.49558187707474355
-0.49632248613569474
-0.4965141151787975
-0.49796419955479604
-0.49811234526140125
-0.5009441651248684
-0.5017048392328434
-0.5019896440207958
-0.502732979006881
-0.5037518606055528
-0.503811455276959
-0.5045083106184999
-0.504837106515986
-0.5061425273111885
-0.5061870591285137
-0.5078775899484753
-0.5078959971666336
-0.5086389743112798
-0.5106841032716415
-0.5112282200483605
-0.5112770523052089
-0.5113874441761125
-0.5117914134805853
-0.5125640319246385
-0.5128019436572989
-0.5128358246170377
-0.5130822210207953
-0.5135437321777527
-0.5135766700841486
-0.5152381568082741
-0.5153476238275678
-0.5159083106555045
-0.5160758921078273
-0.5164390762264912
-0.5167162159457803
-0.517612479935633
-0.5187391930570205
-0.5189695192754946
-0.5200227820702518
-0.5206590504378255
-0.5209140160464143
-0.5220158951865002
-0.522394361672923
-0.522429341886891
-0.5234453169266797
-0.5241180822253227
-0.5251289436959529
-0.5264563184852401
-0.5272047225193217
-0.527353061363101
-0.5275868509682672
-0.5277005907468265
-0.5292189755023823
-0.5297483426447098
-0.5308854956674622
-0.530928004290763
-0.5318145934392565
-0.5328445347899106
-0.5343245074618608
-0.5345161814863483
-0.5362354660225199
-0.5367174272186175
-0.5374157358288627
-0.5377669353038073
-0.5393000417388976
-0.5395049291675049
-0.5397225747971485
-0.5413515742868185
-0.5428238347263282
-0.5430792795494199
-0.5440848236670718
-0.5444525471991963
-0.5448130154749379
-0.5467676672463616
-0.5472229276463623
-0.5475138377708694
-0.5481454208493233
-0.5486024758489482
-0.5492875826441579
-0.5501349318194492
-0.5506359321753616
-0.5508149266336113
-0.5508885027042457
-0.5509149482518296
-0.5515881256651483
-0.5518169488786953
-0.5520142475899774
-0.5539614597801119
-0.5540200945310062
-0.5541543431580067
-0.5557354072613331
-0.5570674195097616
-0.5571886027375093
-0.5576896065446947
-0.558120772323621
-0.558289369463455
-0.5593242077156901
-0.5594559336071446
-0.5596418195436227
-0.5601736245057859
-0.5602350523569233
-0.5606262096068045
-0.5613362915658703
-0.5615373691078276
-0.5623658230020241
-0.5628111475056004
-0.5636191600238413
-0.5653406380054852
-0.5687173712067306
-0.5693162130536856
-0.5695906430482864
-0.5705156066104943
-0.5706910420674831
-0.5715135239685575
-0.5728650581091642
-0.5728865149007603
-0.5733830394008412
-0.5743440717706108
-0.5765619084593796
-0.5778068828280084
-0.5785706511611352
-0.5791924030386976
-0.5793660933656307
-0.5805703031364828
-0.5812881312046486
-0.5819512086101375
-0.5825984943308867
-0.5830060802400112
-0.5830190132837743
-0.584602821059525
-0.5846228688576958
-0.5856333485183617
-0.5860387040302157
-0.5873830839060247
-0.5877474797016475
-0.5889662077524311
-0.5894808381396744
-0.5897475987323559
-0.5903733924238218
-0.59085817799496
-0.5915670463291463
-0.5921032524534634
-0.5923559171768527
-0.5933498157246504
-0.5945241118315607
-0.5965007250862462
-0.6024033031644649
-0.6024094447937041
-0.6025300382503441
-0.6033209162327694
-0.6037255724390539
-0.6040829283977344
-0.604148901271401
-0.604474566236604
-0.6047725180590836
-0.6048378070350736
-0.6051621064543724
-0.6054074720467335
-0.6057299525942653
-0.6083788077036539
-0.6084085721842711
-0.6088323880481766
-0.609184098843899
-0.6097483271732926
-0.6121827692040824
-0.6126141035929322
-0.6145518589783023
-0.6146460448821577
-0.6165440157055855
-0.6179855594721934
-0.6183420077897608
-0.6184717737713267
-0.6200557465862302
-0.6206342637112053
-0.6239133511786349
-0.6241084015928209
-0.6244364712852984
-0.624563483055681
-0.628761563450098
-0.6298906207248365
-0.6306901339092292
-0.6325776270584486
-0.6327509111301466
-0.633521748777639
-0.635548501110558
-0.6366655560210347
-0.6367686761543154
-0.6386376785114407
-0.639897134155035
-0.6400736947737945
-0.6404414898715913
-0.6407321954146028
-0.6412390595301986
-0.6412478089914657
-0.6422011987306178
-0.6427259533000844
-0.6431774860134788
-0.6440503347216041
-0.6441967302401151
-0.6453760385662058
-0.6459212557279638
-0.6462045840363806
-0.6472348576411605
-0.6472815388503174
-0.6480660147317394
-0.6482453588396311
-0.6501723378896713
-0.6509819365746807
-0.6511138780206238
-0.6518501667305827
-0.6519679377476374
-0.6534197443268366
-0.6545081052075451
-0.65588573301211
-0.6571989411488175
-0.6576401764926102
-0.6584304905097399
-0.6606644534225449
-0.6629778394199093
-0.6629847694365751
-0.6630342478407935
-0.6664253040216863
-0.6666044116020202
-0.6705382764339447
-0.6713827483355999
-0.6717681085293796
-0.6718366754551729
-0.6724767957814037
-0.6740950619248907
-0.6742537129256461
-0.6744336998090148
-0.6746139451861382
-0.6755097018820899
-0.6755150211509318
-0.6781386218965053
-0.6782085606275359
-0.6787361473834608
-0.679478395730257
-0.6800761174942765
-0.6810180056135222
-0.6811473879432823
-0.6819268122101979
-0.6826442673336715
-0.6829640582669526
-0.6832200462619463
-0.683298714316657
-0.6841170424595475
-0.6841677115298808
-0.6847824503978094
-0.6852192697780473
-0.6853420251508295
-0.686164073087275
-0.6866991004540718
-0.6871878270059824
-0.6877037565731867
-0.6881922880808512
-0.6908900897746207
-0.694040766784123
-0.6962809202377684
-0.6983613132366112
-0.6985958982259035
-0.6995570185274118
-0.701816560595762
-0.7018190261296695
-0.7029409304571649
-0.7044592941264537
-0.705190870910883
-0.7053542789071798
-0.7063411780529552
-0.7066899637381235
-0.7073379396715609
-0.707387951867921
-0.7076988979242742
-0.7079237509363642
-0.7093071507988498
-0.7095419426768785
-0.7117394193541259
-0.7118684444576502
-0.7123075563460588
-0.713034699857235
-0.7136650241113135
-0.7143362894654274
-0.7149378303438425
-0.715313613973558
-0.716753003946823
-0.7184037434635684
-0.7205991515268882
-0.7207824546843767
-0.7219052362779621
-0.7229363739357463
-0.7232533131106968
-0.7243084220422639
-0.7243567743222229
-0.7265886474827615
-0.7267573001897998
-0.7271998339731779
-0.7272427634947235
-0.7277613807236776
-0.7296264817317327
-0.7309079090773594
-0.7314473112564883
-0.7325605348596582
-0.7327791259934505
-0.7339466493576765
-0.7379163783043623
-0.7408114842006138
-0.7422473525318006
-0.7425446765763419
-0.7428352153627202
-0.7431905251384402
-0.7451504594646394
-0.7452985509298742
-0.7467374031742414
-0.7470026785611279
-0.7472028061747551
-0.7472227938040825
-0.7472604593882958
-0.7539184878890713
-0.7542962754766146
-0.7544999782710673
-0.7555684032849967
-0.7561499767988507
-0.7568439108654275
-0.7581156529486179
-0.7583786016330123
-0.7584923970053852
-0.7589983735233545
-0.7597473175264895
-0.7601475182196332
-0.760503590174873
-0.7627349950905357
-0.7632049466483295
-0.7655976716894657
-0.7660870594637734
-0.7668480625642198
-0.7669350089039654
-0.7671022518770769
-0.7691243018489331
-0.7708796587373529
-0.7716717297832171
-0.7722399905323982
-0.7753231788083212
-0.7757744526024908
-0.7757799506187439
-0.7771437941773911
-0.7774005606770515
-0.7775654757395387
-0.7776769428617425
-0.7796239267724255
-0.7801463513169438
-0.7802411948796362
-0.7811117701232433
-0.7811666667461395
-0.7815716241796812
-0.7815837593128284
-0.7838715096004307
-0.7843566091614775
-0.7861883630976081
-0.7865564872845425
-0.7870381884276867
-0.789524519466795
-0.7918367518577725
-0.792481963231694
-0.793523873601641
-0.7945026829838753
-0.7972644697874784
-0.7977321054786444
-0.8004537126315492
-0.8061949606984854
-0.806234247982502
-0.8062639541790954
-0.8063214153051377
-0.8066471228376031
-0.807269295056661
-0.8074159820874532
-0.807727993070148
-0.8080503427024398
-0.8083875964706143
-0.8093884039138045
-0.8112020158732776
-0.8121211377438158
-0.8134512218336264
-0.813909258984495
-0.8151746349823144
-0.8158918470144272
-0.8164321810007096
-0.8175805992380317
-0.8176275386009365
-0.8192367013543844
-0.8237013872712851
-0.824006162583828
-0.8256095390766859
-0.8266692540297905
-0.8266782155260444
-0.8267955301950375
-0.8268942564725876
-0.8276688407175243
-0.8286487733324369
-0.8307249709963799
-0.8310053441673517
-0.8318569147959352
-0.8331137745641172
-0.8331416158471256
-0.8366779145144392
-0.8385477516567335
-0.8406340416695457
-0.8410063205519691
-0.842068183546265
-0.8429597225505858
-0.8441415539543543
-0.8465048109646887
-0.8471673268650193
-0.8476252640996661
-0.8497573776791493
-0.8515294771641493
-0.8520062131186327
-0.8531335595471319
-0.8551221417728812
-0.8553679569391534
-0.8569265305995941
-0.8585849132921014
-0.8624034904475723
-0.864116605516756
-0.8654351543809753
-0.8674023267813027
-0.868915132060647
-0.8692789735893408
-0.8698787458706647
-0.8704883592824141
-0.8744266778230667
-0.8746967956423759
-0.8753698977109577
-0.8805776153070232
-0.8815760519355536
-0.8825496888603084
-0.8826701364346913
-0.8843094458182653
-0.8846357919586202
-0.8851839400012977
-0.8864607764407992
-0.892717631533742
-0.8944985270500183
-0.9038145962404087
-0.9047671878296468
-0.9053427780047059
-0.9090449469577935
-0.9103210559114814
-0.9142465708137024
-0.9155453711541163
-0.9158329898491502
-0.9267153345048428
-0.9356728556255499
-0.9397674202919006
-0.9443505615927279
-0.9448064973112196
-0.9452392765088007
-0.948566903360188
-0.9502714866772294
-0.9528973922133446
-0.954795695686092
-0.9553852873311067
-0.9570197259541601
-0.9580767918378115
-0.965822895988822
-0.978789584338665
-0.9805955510246349
-0.9819118723273277
-0.9836436100304127
-0.9921064097434282
-1.0008791438303888
-1.002163677738281
-1.0022004775702953
-1.0039815183004572
-1.0044094651937485
-1.0069695711135864
-1.0083942636847496
-1.0162443900480866
-1.0168916964903474
-1.0286052365360472
-1.0460938481846824
-1.0480880588293076
-1.075158379971981
-1.0853948215022684
-1.088466940447688
-1.0929187479196116
-1.0944209878798574
-1.09492306258887
-1.1146679357761968
-1.1227479479275644
-1.1240384529034297
-1.124473701789975
-1.1263847781034808
-1.127209125397106
-1.1282485723495483
-1.1317024951179822
-1.1367831639945507
-1.1413154761539772
-1.143498055177458
-1.1578767001628876
-1.1614923384040594
-1.161903977394104
-1.1626490329702694
-1.1758361061414082
-1.1840265672653913
-1.1950630421439807
-1.2237134178479512
-1.2242466807365417
-1.2330526406876743
-1.234629222502311
-1.2380322484920423
-1.2429097415879369
-1.2438730183057487
-1.2593100297575195
-1.2732864518960316
-1.2742622991402943
-1.2758089038543403
-1.2861201286315918
-1.2878722349802654
-1.2914668056182563
-1.303900311390559
-1.3076251115029056
-1.3118287324905396
-1.3139142896980047
-1.3145992755889893
-1.3209488054271787
-1.3384164245799184
-1.346660040318966
-1.350346559503426
-1.388497113250196
-1.4260087311267853
-1.4495121836662292
-1.488933116197586
-1.4992649942823846
-1.5036524534225464
-1.5083405176410452
-1.5398225634235132
-1.564449468627572
-1.6423069440788822
-1.6946141212247312
-1.701570063829422
-1.7238036543130875
-1.7424924976658076
-1.7866171896457672
-1.8015482132323086
-1.8035373594611883
-1.8319382993504405
-1.8412095392122865
-1.9050229787826538
-1.924362612888217
-1.9761921254297097
-1.976271353662014
-2.010259233415127
-2.012612033635378
-2.0139340590685606
-2.034958106931299
-2.0845932761828103
-2.1531185507774353
-2.166493025259115
-2.1824454162463858
-2.2077004288633666
-2.21137406428655
-2.229574143886566
-2.2467728121749437
-2.368617569329217
-2.374111882643774
-2.4032127261161804
-2.4784055203199387
-2.552382343215868
-2.6319281607866287
-2.7172558307647705
-2.7685744339833036
-3.0285402541048825
-3.1444919109344482
-3.173895999818342
-3.26119066728279
-3.515930414199829
-3.540814161300659
-4.359139442443848
-5.763202667236328
-6.691563606262207
-8.340421676635742
