-0.0004532501916401088
-0.05170090110914316
-0.09280640973399083
-0.09806761069921777
-0.10614748150110245
-0.12107619201924535
-0.17693725197265545
-0.17861007153987885
-0.21662049898753008
-0.23130107945326017
-0.23990322178724455
-0.2418043976620538
-0.2513987266458571
-0.25147509885330993
-0.267158092239697
-0.2701121077516291
-0.2722987647478779
-0.2850974500179291
-0.2871693968772888
-0.29326244443655014
-0.29953450793400405
-0.30368358952303726
-0.3356949344452005
-0.3359357016015565
-0.34970633595658
-0.35038733056613375
-0.35399135797550635
-0.3709890208620992
-0.3753124598006252
-0.37620452675619165
-0.37934740126527483
-0.38274118463907925
-0.3836958557367325
-0.38866140684112904
-0.39486404233806144
-0.39583379045749706
-0.3976976595586166
-0.4018096201406378
-0.40305471048590596
-0.4038892462849617
-0.4046096609745291
-0.41345146358944473
-0.4375744602002669
-0.43880728668429786
-0.4389386757143906
-0.4445528642067479
-0.44577448442578316
-0.4468216697569005
-0.4505400024150731
-0.45568222398511493
-0.4584738719277084
-0.45964946566770476
-0.4613311695201056
-0.4619684940470116
-0.4657648253565033
-0.4673556685447693
-0.46787319448776543
-0.46987071907561684
-0.4708829743525712
-0.47365082962000193
-0.4759637935087085
-0.4770494258652131
-0.4795204915313257
-0.4827864973805845
-0.48282653639877315
-0.4832852726491789
-0.48428216110914946
-0.48482281585102494
-0.4848873112221352
-0.4858381263911724
-0.48715937660179204
-0.49080713882576676
-0.49108407320454717
-0.4923499050550163
-0.4931566143408418
-0.4932266684540082
-0.49829127987322863
-0.5070160329341888
-0.5081110785055595
-0.5082837065652711
-0.5098833243163037
-0.511037067847792
-0.512614176919063
-0.5159308139916027
-0.5175159121048637
-0.517636134599646
-0.5185856296141681
-0.5188719285652041
-0.5188848395967701
-0.5199804992548057
-0.5217545144346163
-0.5228975055273622
-0.527413996309042
-0.5305755092762411
-0.5307887388786686
-0.5313286953390127
-0.5315478907432407
-0.5317261195191855
-0.5318527078876892
-0.5333195988704185
-0.5350407401914709
-0.5354956715891603
-0.5367633808138115
-0.5375616679605293
-0.5395113283484534
-0.5396634492291403
-0.5399099045787894
-0.5415029070495317
-0.5418352790709052
-0.5422649870493582
-0.5438389498740435
-0.5442921237813102
-0.5450430390260675
-0.5462983286796281
-0.5467869740733433
-0.5482673864337683
-0.5504687092725362
-0.5508501677335623
-0.5511738113127649
-0.5515883508720435
-0.5524890403836392
-0.5537975989806
-0.5541219295118935
-0.5543171055936094
-0.5551413552835583
-0.558700874603043
-0.5613586486709353
-0.5615313990507275
-0.5620368352625519
-0.5620896726817591
-0.5638866359198195
-0.5653184287948534
-0.5661735455020486
-0.5670487949003776
-0.5672782404747393
-0.5686050036922097
-0.5686832774016592
-0.5699170506093652
-0.5709749717095222
-0.5724776409559935
-0.5732162905355486
-0.5752170923689846
-0.5753778502278563
-0.5772425917854819
-0.5773388068271994
-0.5776955647394061
-0.5790529204322956
-0.5794647971633822
-0.5801257859316787
-0.5817437547724694
-0.5819610598097954
-0.5821089846504037
-0.5823845879503471
-0.5827519603279563
-0.5831238538958132
-0.584046668631749
-0.5841144637337753
-0.5850720547605306
-0.585580454726005
-0.5870634862065065
-0.5886769249207444
-0.589683372660407
-0.5901254185943495
-0.5904458927572704
-0.5907938833244972
-0.5913301444670651
-0.5921246125362813
-0.5922081433754001
-0.592289738535114
-0.5924056442454457
-0.5928672083786556
-0.5931285012047738
-0.5933817545398293
-0.5947478309273719
-0.5950591910320023
-0.5962514265464913
-0.5968759496874341
-0.5973083112573173
-0.6008360805324628
-0.6011227644713861
-0.6016460235696286
-0.6023303985595703
-0.6026001691177953
-0.6032349582528695
-0.6041576585010625
-0.6054306005567519
-0.6055351971939672
-0.6057415967661655
-0.6064829876815001
-0.6067254636436701
-0.60691578113862
-0.6070246106013656
-0.6073967040412955
-0.6090128039275962
-0.6098235786064632
-0.6122835498710628
-0.6129449105023274
-0.6154208769245694
-0.6169750991044566
-0.6179271310102195
-0.6181809315425603
-0.6201373100546854
-0.6211705001219848
-0.6237761968222912
-0.6238640269235475
-0.6247683017115507
-0.6252354767306575
-0.6257194858771982
-0.6267990295076743
-0.6291449269257201
-0.6293544560670853
-0.6294605818176124
-0.6295046619618786
-0.6318204655108275
-0.6318764638542363
-0.6320102311890676
-0.6322325559953849
-0.6341647979861591
-0.6357075986452401
-0.6365177338135254
-0.6367079205592745
-0.6374399313441245
-0.6376557304627366
-0.638738286215812
-0.6387434243224561
-0.6401763929623283
-0.6428803204849828
-0.6446634126827121
-0.6446642636612523
-0.645989399868995
-0.6460648308315411
-0.6485323315885451
-0.6487166949082166
-0.6497280930489069
-0.6516536248226961
-0.6524741766508668
-0.6538820127607323
-0.6539482792810304
-0.655176317319274
-0.6553618981884534
-0.6561920432270401
-0.6574816256761551
-0.6581020155637007
-0.659136371117913
-0.6592038087546825
-0.6596753029123648
-0.6632730207139892
-0.6634719922693203
-0.6647710502147675
-0.6661178059875965
-0.6665267942473292
-0.6666669539796809
-0.6667995373233376
-0.6677713764365762
-0.6686872031672725
-0.6687676651054062
-0.6703310108536648
-0.6709025409072638
-0.672040234268934
-0.6725010327257527
-0.6727975904941559
-0.6729238711607953
-0.6731322558286289
-0.6744560392689891
-0.6768101381150902
-0.6788256028667092
-0.6808329020626843
-0.6812635947135277
-0.6832233566480378
-0.6857542051002383
-0.6865910587865593
-0.6873897400995096
-0.6895090002799407
-0.6905091650364089
-0.6918931994296145
-0.6927421431884997
-0.6928033920315405
-0.692891020240495
-0.6931366920471191
-0.6931750853028562
-0.6937715243548155
-0.6961524666597446
-0.6971037916257046
-0.6976189206664761
-0.6982636887696572
-0.7003612814936787
-0.7009578812867403
-0.7012024186078634
-0.7023981999871987
-0.7024645053781569
-0.7032419664785265
-0.7045314413917367
-0.7055035163648427
-0.705734841680775
-0.7076315581798553
-0.708285617409274
-0.708452122984454
-0.7085639241253375
-0.7086396619706647
-0.7086814639187651
-0.7109934100881219
-0.711164656188339
-0.7112019961433751
-0.7112655059900135
-0.7119851739973657
-0.7124253085930832
-0.7137791529297829
-0.714617280708626
-0.7150248045412203
-0.7153687998652458
-0.7163424617943487
-0.7167827094854147
-0.7176933187991381
-0.7181039128772682
-0.7189929069330295
-0.7198984026908875
-0.7203594280930702
-0.7206274080400665
-0.7208925914019346
-0.7215161209926009
-0.7241224411409348
-0.7249291647587799
-0.7261773553909734
-0.7262733977637253
-0.7273502817610279
-0.7281041679671034
-0.7282194657018408
-0.731733110640198
-0.7321648180950433
-0.7322566801802688
-0.7325208293170564
-0.7332154653267935
-0.7333330880002384
-0.7350766419991851
-0.7354632713831961
-0.7356379474513233
-0.7361811001785099
-0.7370467163273133
-0.7380066587523159
-0.7404965797177283
-0.7406118437389119
-0.7407959587872028
-0.7424817332997918
-0.7429179885528154
-0.743552675736802
-0.7455750094726682
-0.7456805651076138
-0.7461223754410943
-0.7465008687494057
-0.7472883138273444
-0.7476380575034354
-0.7507552265189588
-0.7512237412389368
-0.7515921083278954
-0.75223310792353
-0.7528349440079183
-0.7529427520930767
-0.7533754680253979
-0.753833418401579
-0.7541812062263489
-0.7543458832161767
-0.7557324142027129
-0.7559269101669391
-0.7566469895860387
-0.7580464817583561
-0.7586415997761328
-0.7591046258341521
-0.7609054402758678
-0.7632460218854249
-0.763383904678954
-0.7637443193234503
-0.7639813871122897
-0.7647028391559919
-0.7649749011163496
-0.7656595592799765
-0.7679124384779822
-0.7685374345719105
-0.7688158344891336
-0.7711944270154668
-0.7713772913068533
-0.7726021318659676
-0.7735872247389385
-0.7742574820033041
-0.7745283545615772
-0.7759020153898746
-0.7761495559476316
-0.7770827991577486
-0.7776656276801077
-0.7797123144070307
-0.7805476407097145
-0.7814726985991001
-0.7815787020372227
-0.7820952981710434
-0.7827943441058908
-0.7835020361933858
-0.7843742505647242
-0.785508832661435
-0.7868093951896299
-0.7901051285314478
-0.7909155423403718
-0.7909322013147175
-0.7918626879691146
-0.7930487751145847
-0.7935466046910733
-0.7935891002416611
-0.7938267445024394
-0.794267454603687
-0.7944416127034596
-0.7945011059637181
-0.7946489907801151
-0.7947487923782319
-0.7951075325254351
-0.7979794657892652
-0.79861269146204
-0.7987936369143427
-0.7988877114839852
-0.7994925514794886
-0.7997236348688602
-0.8008748784454333
-0.8011358802206814
-0.803060156351421
-0.8035585736506619
-0.8052186134664225
-0.8058782048523426
-0.8062986975535751
-0.8073377496828991
-0.8079393122877393
-0.8082600174238905
-0.8087187252056441
-0.8104447118457756
-0.8120817461361488
-0.8140634383566471
-0.814974991656426
-0.8153491835182649
-0.8157403141260147
-0.8159440255840309
-0.8168929798661598
-0.8171951827618094
-0.8176123152176539
-0.820767555385828
-0.8212953803158598
-0.8222668667634329
-0.8234767094254494
-0.827848088861044
-0.8281296532601118
-0.8299711330069436
-0.8300294496119023
-0.8300809029800197
-0.8312745909279329
-0.8317210674285889
-0.8325604930578265
-0.8330916590988636
-0.8353886064141989
-0.8354121689684689
-0.8372842317985487
-0.837867586923364
-0.8382495906100504
-0.8403042070567608
-0.8404004842042923
-0.8426270570073809
-0.8460118481889367
-0.8470647163689137
-0.8475593883544207
-0.8476789444684982
-0.84955416371425
-0.8498807004652917
-0.8500801441924912
-0.8514760847720027
-0.8521844273782335
-0.8532963187566825
-0.854495612977189
-0.8560533433273021
-0.859089657664299
-0.8592118196189403
-0.8596175999380649
-0.8604938510106876
-0.8616823961751329
-0.8623852781020105
-0.8628083377261646
-0.8643896238257488
-0.8658347991295159
-0.8660260005563032
-0.8670535990968347
-0.868469312787056
-0.8720273513657352
-0.8724066084105289
-0.8737625788198784
-0.8741617606331905
-0.875028350629792
-0.8765136754761139
-0.8771377876400948
-0.8778016251578394
-0.8781433085872171
-0.8797306194901466
-0.882841340133122
-0.8832390121450382
-0.8842760586283274
-0.8873092619469389
-0.8876584424870089
-0.890179642662406
-0.8913094155224306
-0.8920135361608118
-0.8936628255643881
-0.8948851101514366
-0.8977591427974403
-0.8992891704494302
-0.8997568247307625
-0.9021042485255748
-0.9023737974115648
-0.9041671166196465
-0.9048164871055633
-0.9065282400364855
-0.9077816765755415
-0.9094352573156357
-0.9100436645094305
-0.9108664989471436
-0.9111319801637104
-0.9121426389086992
-0.91441606329754
-0.9156927375921181
-0.9173627352962891
-0.9180386948088805
-0.9181513200514019
-0.9208843319987258
-0.9216369041241705
-0.9232591520994902
-0.9245029496960342
-0.9251518028322607
-0.9269161584920117
-0.927112553268671
-0.9298723977059126
-0.9321431227856212
-0.9323466421725849
-0.9324806758335659
-0.935511901974678
-0.9371042511692005
-0.9414617879781872
-0.9421782072167844
-0.9442390551169714
-0.9460855685174465
-0.946322372648865
-0.9483352709612518
-0.9499201025813818
-0.9501801386475563
-0.9510735101842632
-0.9517519772052765
-0.9528873753210064
-0.9545092582702637
-0.9575600489707929
-0.9576123009125391
-0.9583357569451133
-0.959500577300787
-0.9620453977258876
-0.9620769710629247
-0.9624499894678593
-0.9633671287447214
-0.9667744922141234
-0.9689184665679932
-0.9692740853410214
-0.9695439040660858
-0.9695992209017277
-0.9716051683894226
-0.9742859196325299
-0.9742942474782467
-0.9745770559335748
-0.9764501745147365
-0.9789903348428197
-0.9805246010156614
-0.9807331026531756
-0.9824165033642203
-0.9824579015160756
-0.9834681836267313
-0.9840961894951761
-0.9846291753929108
-0.9851407985164163
-0.9851821834842364
-0.9862751295376155
-0.9863350003336867
-0.9876534615510276
-0.9898651327937842
-0.9904794534668326
-0.991567660322679
-0.9923169266964708
-0.9929722091183066
-0.9941022529133728
-0.9941782956011593
-0.9950155326061778
-0.9964006366208196
-0.9966066147511204
-0.9982676804065704
-0.9988325677501658
-1.0000865917652846
-1.0007515780627727
-1.0009081943093665
-1.0013190507888794
-1.0021695990581065
-1.0022077441215516
-1.0058484453475103
-1.0062784075737
-1.0081639185547828
-1.008486310640971
-1.0103388223797083
-1.0112503974565439
-1.0114203810691833
-1.0114531749526836
-1.0120315374806523
-1.0123975843723332
-1.0130843834485859
-1.014556411653757
-1.015871584681528
-1.017770008277148
-1.0181612938642501
-1.0192802796761196
-1.0197930462503184
-1.0198166780173779
-1.020258109550923
-1.0209851778215833
-1.0230740562081337
-1.0252692070789635
-1.0272048093999426
-1.0286188845833142
-1.0291677427788575
-1.0293486964489733
-1.0302477748029761
-1.0305271562602785
-1.0326263498864137
-1.036535421334621
-1.0401294492185116
-1.0406182296574116
-1.0413446378273268
-1.0418848311528563
-1.0435900233819015
-1.0436628804600332
-1.0463657299987972
-1.046841527024905
-1.0500654578208923
-1.0512033601601918
-1.0520219556987285
-1.0532128848135471
-1.0546731865809609
-1.0560750636504963
-1.0566447440327869
-1.0584622671206791
-1.0595008204025882
-1.061296519158142
-1.0628014639830023
-1.0642603325347106
-1.0649549193214625
-1.0654288506135345
-1.0673026564930166
-1.0679046696879797
-1.0702549152076244
-1.072809303800265
-1.076836766395718
-1.07741698785685
-1.0819792437056701
-1.0846910341125395
-1.0862976778298616
-1.0866043146699667
-1.0881534032523632
-1.08947757879893
-1.0925081983441487
-1.0945204269761841
-1.0952338265875976
-1.0992322292178869
-1.1004034027457237
-1.1070910096168518
-1.1076456022759278
-1.110257986932993
-1.1107140878836315
-1.1120360009372234
-1.1126457986732323
-1.1129573702812194
-1.1135906489299876
-1.1152230534702539
-1.1155767887830734
-1.118626526920707
-1.1188570210296247
-1.124243179091718
-1.1260717255529016
-1.1264337440952659
-1.128387276083231
-1.129058636818081
-1.129631392704323
-1.1300194384530187
-1.1316781911466802
-1.1322957983240485
-1.1344664653297514
-1.1345344016328454
-1.1350296584423631
-1.142504716757685
-1.145904516428709
-1.1482280400581657
-1.153959401883185
-1.1553158019281302
-1.1557384576648473
-1.1584974437952043
-1.1601301149930805
-1.1620690822601318
-1.1624543766180675
-1.1628698021173478
-1.1635361242690123
-1.1660765501437709
-1.166677211721738
-1.1683916934765874
-1.1741045750677586
-1.1746003972366452
-1.1765080019831657
-1.1803661626763642
-1.1805608967940013
-1.1806314334273338
-1.1842364862561225
-1.1846171282231808
-1.1847220212221146
-1.1920816227793694
-1.1937489472329617
-1.1939869914203882
-1.193989247083664
-1.194487156080348
-1.1962912782095372
-1.1984062604606152
-1.2028787732124329
-1.2061784834497504
-1.2085359822958708
-1.2096456326544285
-1.2104303650557995
-1.2105649158358573
-1.2131080385297537
-1.213517360583258
-1.21454419195652
-1.215712348620097
-1.2171444171108305
-1.2185027145314962
-1.2212064951658248
-1.2212068753849183
-1.2253120491902034
-1.228499072790146
-1.2290416285395622
-1.2300483288709074
-1.2333830874413252
-1.2351266695186496
-1.2369487589846055
-1.2440489464061102
-1.2461424968132633
-1.250822626054287
-1.2515335471834987
-1.2518668640055695
-1.252219009399414
-1.2522934824228287
-1.2544995844364166
-1.2579723000526428
-1.258995109796524
-1.2592402205445978
-1.264304582029581
-1.264746680855751
-1.2653050472727045
-1.2685470953583717
-1.2717081400041934
-1.2718213292343232
-1.272266507614404
-1.2784019290702417
-1.2805532030761242
-1.2811302497284487
-1.282800457839455
-1.285060539841652
-1.2856386974453926
-1.291086842616399
-1.2922239924470584
-1.2958884686231613
-1.296665635806593
-1.296975148220857
-1.298528178036213
-1.2989748120307922
-1.3020168940226238
-1.3037894470617175
-1.3125801961869001
-1.3139219958749082
-1.3169170655310154
-1.317178264260292
-1.3192659964164097
-1.322569244230787
-1.328928940789774
-1.329168975353241
-1.3297935724258423
-1.3305921989182632
-1.3343456387519836
-1.3378975845873355
-1.33968504704535
-1.3421195782721043
-1.3429980708493128
-1.344202948268503
-1.344693225622177
-1.3469793116673827
-1.3492670735809953
-1.3506779078044928
-1.3512495515402407
-1.3516638576984406
-1.3523800671100616
-1.3556698895990849
-1.3574201576411724
-1.3581761568784714
-1.3617334099752563
-1.3620453253388405
-1.3626656936747688
-1.3635084927082062
-1.367838164170583
-1.3720534056425095
-1.3749550183614094
-1.379152551293373
-1.3852488681674004
-1.3868045336566865
-1.3905423372983932
-1.3913270986328523
-1.3950316160917282
-1.3950779795646668
-1.3960032373666764
-1.4039168626070022
-1.409043767489493
-1.4149443068142449
-1.4162315901679297
-1.418596180776755
-1.419059008359909
-1.4216062854975462
-1.423708722797326
-1.4275558032095432
-1.4288723820022173
-1.4315245461650192
-1.432217621865372
-1.4397487971517775
-1.4410825043916702
-1.4411009506632884
-1.442066490650177
-1.4433002597652376
-1.4511025647322338
-1.453476145863533
-1.4540882930159569
-1.4541258275508882
-1.4562561064958572
-1.4589947418620188
-1.4630260273814202
-1.463941530045122
-1.465393342077732
-1.467959290991227
-1.4698672986456327
-1.4704242453553888
-1.473800203204155
-1.47382125928998
-1.4754171339445747
-1.479581743478775
-1.4846750661730765
-1.493395835161209
-1.5142707924048107
-1.514520113170147
-1.5241839555757386
-1.5350750535581028
-1.5372123767932255
-1.5527789071202278
-1.5532782077789307
-1.5591673056284587
-1.5599626660613077
-1.5712078213691711
-1.5750554899374645
-1.5814157407730818
-1.5962487766519189
-1.5989644229412079
-1.5991121292114259
-1.6010139903851919
-1.6076027130087216
-1.6121485829353333
-1.6132494111855824
-1.6196876764297485
-1.6243584722280502
-1.629839430252711
-1.630631148815155
-1.6323637677705847
-1.6381376270825665
-1.6383215859532356
-1.6384271395703156
-1.638886172324419
-1.6432873494923115
-1.6488249450922012
-1.649150364100933
-1.6542188009188976
-1.6638566351362638
-1.6645338416099549
-1.6713137502471607
-1.671574890613556
-1.674572542309761
-1.686243575066328
-1.690663400106132
-1.6916906982660294
-1.6929246187210083
-1.693819548934698
-1.6965132007996242
-1.6965474304743111
-1.6972167156636715
-1.698337872326374
-1.7027649134397507
-1.7043605546156566
-1.707350393757224
-1.7138440894583862
-1.7177529364853399
-1.7236151583492756
-1.7254863120615482
-1.7259919345378876
-1.7396042961627245
-1.7466874917348225
-1.7469577130977996
-1.749650549609214
-1.7554287295788527
-1.7597444877028465
-1.7676151990890503
-1.7694405317306519
-1.772928016881148
-1.773171563943227
-1.7765688846508663
-1.7783865667879581
-1.7789585483925683
-1.791565179824829
-1.7933380901813507
-1.7986705154180527
-1.803461122016112
-1.8063033521175385
-1.8078927071765065
-1.8085618043939273
-1.820794018606345
-1.8271512615028769
-1.8398067480884492
-1.8542903810739517
-1.85880795866251
-1.8825397094090779
-1.8851869344711303
-1.887700996051232
-1.8898811160276334
-1.8982634861022234
-1.9061990082263947
-1.9069317430257797
-1.919981708129247
-1.9223870411515236
-1.940426543354988
-1.9429935544729233
-1.944209337234497
-1.9522910515467327
-1.972321520249049
-1.9727089206377666
-1.9748188257217407
-1.9758176133036613
-1.9847001433372498
-2.0115126937627794
-2.0299451798200607
-2.030240386724472
-2.0392936770804226
-2.0441845001187176
-2.0656717175152153
-2.0687124677933753
-2.071429351965586
-2.0838800221681595
-2.0852584838867188
-2.08873983224233
-2.1028383895754814
-2.1283282786607742
-2.135044574737549
-2.145430994220078
-2.1456679105758667
-2.1521481121114143
-2.164593204855919
-2.1676354706287384
-2.1806008219718933
-2.181295466423035
-2.2100891222556434
-2.2114046812057495
-2.2378215342760086
-2.2455157041549683
-2.2534428437550864
-2.272059142589569
-2.2739996910095215
-2.2777607329189777
-2.2797362357378006
-2.286655381321907
-2.287566768626372
-2.2921821624040604
-2.2933431267738342
-2.3015936999581754
-2.3037722557783127
-2.3153780847787857
-2.357084646821022
-2.3574278593063354
-2.3636089339852333
-2.3786709904670715
-2.416662145778537
-2.4268401513497033
-2.4288886934518814
-2.4450365722179415
-2.4515440464019775
-2.4583783745765686
-2.462272435426712
-2.4691057428717613
-2.4741801718870797
-2.493959963321686
-2.5091002471745014
-2.5373377203941345
-2.5830905636151633
-2.5834188163280487
-2.5988594694063067
-2.650743715465069
-2.6578736305236816
-2.6583341360092163
-2.6821913719177246
-2.6999391242861748
-2.73503315448761
-2.7398606315255165
-2.7677887678146362
-2.795454114675522
-2.8101437091827393
-2.8242498636245728
-2.824960470199585
-2.8398673981428146
-2.842257261276245
-2.8501696586608887
-2.8588569164276123
-2.872618834177653
-2.8746994733810425
-2.8916327953338623
-2.8952865600585938
-2.898828685283661
-2.912879228591919
-2.9196821053822837
-2.9328399896621704
-2.9450684984525046
-2.977010816335678
-3.0325963497161865
-3.0382468700408936
-3.0581894715627036
-3.0774466395378113
-3.092932313680649
-3.094861139485147
-3.119567632675171
-3.1240097358822823
-3.2101962566375732
-3.2319135665893555
-3.2554492354393005
-3.2634701132774353
-3.29149729013443
-3.395639419555664
-3.396841208140055
-3.416647434234619
-3.4358069896698
-3.505127747853597
-3.513012021780014
-3.5134601145982742
-3.517856001853943
-3.521360158920288
-3.540062338113785
-3.5464943572878838
-3.567492425441742
-3.640105724334717
-3.702194333076477
-3.754675269126892
-3.785215139389038
-3.91607403755188
-3.9512391090393066
-4.047306060791016
-4.077626546223958
-4.125762701034546
-4.181701024373372
-4.182404279708862
-4.183109760284424
-4.279472470283508
-4.287827134132385
-4.322938362757365
-4.327012658119202
-4.353226542472839
-4.3570239543914795
-4.40833842754364
-4.561914920806885
-4.6024075746536255
-4.721906423568726
-4.828076362609863
-5.050971984863281
-5.085447788238525
-5.402783632278442
-5.550000786781311
-5.572394847869873
-5.749448537826538
-6.381464958190918
-6.596734523773193
-6.691249370574951
-8.1373291015625
-9.292577743530273
-9.826643943786621
-9.834212303161621
