-0.00015937011630740017
-0.025100531507632695
-0.03160017859408981
-0.06293542745212714
-0.07204949923713382
-0.08375723776625818
-0.09281742383609526
-0.09437208855524659
-0.10003312971675768
-0.12289601297945613
-0.12549298735102637
-0.14465399608016014
-0.14466020863619633
-0.1458500452006572
-0.14871195649417737
-0.15130003925296479
-0.15959071303950623
-0.16358763445168734
-0.1763455641339533
-0.17774055978017195
-0.178102886013221
-0.18739026317780372
-0.20446494476636873
-0.2155814006821149
-0.21661300300474978
-0.22080170747358352
-0.222940239822492
-0.22836149246965456
-0.25838267338986043
-0.26642474266450983
-0.2672215955783031
-0.26880924205761403
-0.28228711569681764
-0.28241174110527417
-0.28293778498967487
-0.2859922806916681
-0.2881190904590767
-0.28872347674849963
-0.28949643440345035
-0.2914585171965882
-0.2936955299432157
-0.2939874096514864
-0.2962016153947583
-0.30050260700663783
-0.3037212011792387
-0.3038347333462702
-0.3079356770031154
-0.3097320539943342
-0.31701920641353354
-0.32109927764031454
-0.3230405369928728
-0.32505293572321536
-0.3251589906794834
-0.326913457121312
-0.3295013640890829
-0.3321022887612344
-0.3329192978957768
-0.3348347497958457
-0.33910322790034114
-0.33922557352343574
-0.3404730412229482
-0.34437855589203537
-0.345664048276376
-0.34631000459194183
-0.34637685966703835
-0.34737875885912217
-0.3550678651032892
-0.3629310370435835
-0.36356375400727203
-0.36462249209095415
-0.36687915441580116
-0.3685159657680843
-0.37009459341546364
-0.3703775174193045
-0.37074635486351326
-0.37357065157266334
-0.3756311740144156
-0.37648194465630996
-0.3786232078435003
-0.3802269591720283
-0.38248224737536574
-0.38279072810255454
-0.38344059734501773
-0.3840084561961703
-0.38646270034627783
-0.38665487865606946
-0.39113856041803957
-0.3989380429338401
-0.39967669956386087
-0.4027574192220345
-0.40310649596041914
-0.40670903268296066
-0.4077403476112522
-0.4087147021200508
-0.41342388512566686
-0.413671785147983
-0.41834772016736677
-0.4210949881395815
-0.42124924462405033
-0.42622226227285864
-0.4277276144537609
-0.42824604125344196
-0.4289133608231168
-0.43219915845702417
-0.43509175912913634
-0.4352644407855613
-0.43719962871826
-0.4375749696304815
-0.43791238551057177
-0.43958961590782136
-0.4400142980593955
-0.4401217211579933
-0.44108937244163826
-0.4419503020090533
-0.4478939280345982
-0.44971243152951956
-0.453391063521849
-0.45375412235443946
-0.45530336746661404
-0.45863448409735
-0.46064917789772153
-0.46189870740054173
-0.46303367230159764
-0.46328895747622784
-0.46350692471732263
-0.46376702922862023
-0.4652436208561994
-0.4666637807843342
-0.46789687231913296
-0.4694043734767051
-0.4715820093289949
-0.472483864455516
-0.4730866754932019
-0.47342041274532676
-0.477101247018436
-0.47935701662208885
-0.48035069027294713
-0.48285162521060554
-0.48323867314805585
-0.48514657095074654
-0.4879609857286726
-0.4910501644015312
-0.49172521217951726
-0.4920965847559273
-0.49240688409190625
-0.49402682267827913
-0.49502662727287605
-0.49644649158128434
-0.5030987004574854
-0.5062164265880711
-0.5062413459236268
-0.5069935449992045
-0.5069965684786439
-0.5076003477019682
-0.5090980446749872
-0.5101531865158384
-0.5127587664523162
-0.5149375068576774
-0.5186375364959056
-0.5195777072571218
-0.5221343118697405
-0.5240213583456352
-0.5272955198200758
-0.529347175359726
-0.5297510563395917
-0.5304918905797725
-0.5349909872747958
-0.5395355322772437
-0.540202419378329
-0.5407659300004265
-0.5427004980156198
-0.5431074837979395
-0.543506994957473
-0.544337096210802
-0.5457725332234986
-0.546012635085
-0.5464715780457482
-0.5475178463384509
-0.5478148697325701
-0.5480012919055298
-0.5522191277292828
-0.5529647558461874
-0.5536593815486412
-0.5540865462480724
-0.5553048607253004
-0.5570678486255929
-0.5577914577276845
-0.5606375657021999
-0.5607018212613184
-0.5613601344092259
-0.5629606828027006
-0.5637274866458029
-0.5642907473569115
-0.5665000618235874
-0.5665096902986988
-0.5669664659847816
-0.5687318065255467
-0.5694416798392518
-0.5711122281745223
-0.5713532769586891
-0.5723724809868145
-0.573502782387255
-0.5765742318937555
-0.5771377137196916
-0.5781716482015327
-0.5800299653783441
-0.580665167454364
-0.5806841339333915
-0.584786637673258
-0.5949431364570046
-0.5966779595861832
-0.5983026161091403
-0.5994003403757233
-0.6011573469841096
-0.6040805820375681
-0.6045137550099753
-0.6046910456656902
-0.6047573941061273
-0.6066783219575882
-0.607138606623329
-0.6072144218321357
-0.6096140178851783
-0.6114129717869219
-0.6114504162484081
-0.6130698744091205
-0.6156312608509324
-0.6159212957671536
-0.6184782552882098
-0.6197778203447039
-0.6204446688119788
-0.6235277564806488
-0.6286271624267101
-0.6292865128464958
-0.6299856749246828
-0.6316037240774475
-0.6333147242665291
-0.6333740085052947
-0.634642749925011
-0.6349894157073532
-0.6394582542707212
-0.6402980304426618
-0.6409175262948417
-0.643956147134304
-0.6466797503041258
-0.6471833331078025
-0.6511943077202886
-0.6561329130290687
-0.6574163501150906
-0.65895146253024
-0.6601897143492741
-0.6610879725506363
-0.663237095810473
-0.6641000422597345
-0.6661371489365896
-0.6708478602580726
-0.6750339994406593
-0.6784839131120991
-0.6787200589065573
-0.6796895064457896
-0.6843817927923997
-0.6869241903379935
-0.6903535425662994
-0.6916265826051434
-0.6930385035100497
-0.6932928759294251
-0.6932933406205848
-0.696347882047121
-0.6969723710790277
-0.700108589825686
-0.7004956497112289
-0.7022846357689964
-0.7038584353285842
-0.7039188738646251
-0.7047060668468476
-0.705464100188952
-0.7062658877694048
-0.7078582849981103
-0.7082102888463331
-0.7110860734634722
-0.7153457137109298
-0.7162759409402497
-0.7164650992490351
-0.7164682764892599
-0.7169043102767318
-0.7174558528349735
-0.7188476473966148
-0.7199625585199101
-0.7219336329338452
-0.7233531860013803
-0.7248887713474688
-0.7274264577362273
-0.7280730568988171
-0.730117451865226
-0.7307816721266136
-0.7315927139328172
-0.7327879206604848
-0.7344225280519042
-0.7344792128000832
-0.7357484916225075
-0.7360431708988141
-0.7418291815498378
-0.745433279441204
-0.7462235217913985
-0.7487926034899339
-0.7515994700603187
-0.7519283517696229
-0.752858832484344
-0.7547566489200108
-0.7571362449406561
-0.7622945448868753
-0.7624640652211383
-0.7659535873754066
-0.7677081947536756
-0.771162074059248
-0.7774794596868256
-0.7881706196563564
-0.7888952075372799
-0.7900248076881613
-0.7912472070369404
-0.7941032669373921
-0.7945623613661155
-0.7961816390577171
-0.7974890668992884
-0.7997480570671281
-0.8055971130462629
-0.8098819794133305
-0.8100209474505391
-0.8104742195094278
-0.8166353043168784
-0.8189789343479787
-0.8202297586867644
-0.8251581830637795
-0.8273512523155659
-0.8275386689839741
-0.8286185590550303
-0.8297971026705844
-0.8320344720210414
-0.8386140521091875
-0.8398527946287336
-0.8434372445568442
-0.8466054864809849
-0.8473118791356683
-0.8490996394151201
-0.8618671695391337
-0.8622961759522696
-0.8627242293208838
-0.8636810549845299
-0.8642923206280102
-0.8655867077031871
-0.8662966583287925
-0.868559714040852
-0.8723008458813032
-0.875307235866785
-0.877300595657693
-0.8830637221872166
-0.8831535770422003
-0.8865899296735213
-0.8876888286322355
-0.888497918844223
-0.8900756265608255
-0.8904977336060256
-0.8916401340490362
-0.8938954899474213
-0.8979969480289862
-0.9005008045157107
-0.9015080016833963
-0.9022223003208637
-0.9050491947952347
-0.9051576446741819
-0.905772939149756
-0.9067142374813557
-0.9125710662454367
-0.9137248001992703
-0.9146354640688514
-0.918041653407272
-0.9199605774134397
-0.9205708174655834
-0.9206774430349469
-0.9238969818330728
-0.9250679588876665
-0.9285216068383306
-0.9325748615277311
-0.9392479360103607
-0.9404532194093008
-0.9415697030042514
-0.9422510784119368
-0.9441556319710799
-0.9471639351880489
-0.9472513498476474
-0.9516040080369648
-0.9517197549527433
-0.9545943463842074
-0.9598296518961433
-0.9608553766738623
-0.961520359152928
-0.970477481324148
-0.9707954516634345
-0.9767097216099501
-0.9883484593592584
-0.9898251490334847
-0.9967535200218359
-0.9973037679161886
-0.9979016131588391
-1.0020389151759446
-1.0022393741777964
-1.0091881425986584
-1.0126501254271716
-1.0132389434147626
-1.0178178891539573
-1.0208220463246107
-1.0228928286648755
-1.0355641413014383
-1.0357111614197492
-1.0413365587592125
-1.0425777543336152
-1.044564343430102
-1.0558121676246326
-1.0603390365528564
-1.0622308254241943
-1.0743240291873615
-1.078027498559095
-1.089255693058173
-1.091669035309072
-1.0942750990390777
-1.0948732197284698
-1.0984823169201263
-1.1135854022577405
-1.1139239072799683
-1.1193746984004975
-1.127395598217845
-1.1274633556604385
-1.1315742482741673
-1.1396183498824637
-1.1447672694921494
-1.1454716530628501
-1.14913793366577
-1.1543323373422028
-1.1549066081643105
-1.1552655182313174
-1.1579685881733894
-1.1595079102553427
-1.1622842390090227
-1.1625232751481236
-1.1668894420311386
-1.1809512330413174
-1.185089811682701
-1.1923740083979542
-1.1968837976455688
-1.2143765162676572
-1.2258746383886319
-1.2297966241836549
-1.2328435733086534
-1.2355555219459347
-1.2359908108289044
-1.2403256595134735
-1.2427052394486964
-1.253302112635639
-1.2645306289196014
-1.2657847004011273
-1.2785144567489624
-1.2808478847146034
-1.2877580275138218
-1.295985833182931
-1.2996291435427136
-1.3034773588180542
-1.3082320493413135
-1.3091980232857168
-1.3194729230516324
-1.3196921185590327
-1.3224546626210212
-1.3261386032681912
-1.3267702385783195
-1.331277717234722
-1.3316057255506166
-1.3479011416435243
-1.3541009822608128
-1.3621286299312487
-1.3640786034520715
-1.3681455329060555
-1.378524522180669
-1.3915020823478699
-1.4055674092045851
-1.4182788588472508
-1.422239932930097
-1.4358343197964132
-1.4397597573697567
-1.4486609548330307
-1.4703176808543503
-1.4774438242117565
-1.478505588194821
-1.5002880832762457
-1.5166721548885107
-1.518777400138788
-1.5319059640169144
-1.5374358408153057
-1.5406141591258347
-1.542870444090416
-1.5432323634934921
-1.55019336566329
-1.5515350651927293
-1.5622619315981865
-1.563508439809084
-1.5884475161631901
-1.5891715600155294
-1.592096005876859
-1.6084170134272426
-1.6332339942455292
-1.6383158868799608
-1.6517582300293725
-1.6543438902590424
-1.654490429442376
-1.662892334163189
-1.6852499792973201
-1.7016921192407608
-1.71707530785352
-1.7373182703740895
-1.740245019396146
-1.7719868086278439
-1.7892263348621782
-1.809609169140458
-1.8345320019870996
-1.8377553392201662
-1.852265112567693
-1.8632031194865704
-1.8643792569637299
-1.8672781909505527
-1.9022868871688843
-1.9361087162202846
-1.9449008504549663
-1.9517413104573886
-1.9624459178497393
-1.971507328748703
-1.9751770426519215
-1.9801752269268036
-1.9810789227485657
-1.9861096143722534
-1.9881331461947411
-1.9893911443650723
-1.9936425245638627
-1.9991260766983032
-2.014806521435579
-2.0285131856799126
-2.047007921338081
-2.0544214049975076
-2.1028028229872384
-2.104500412940979
-2.1242822408676147
-2.1652232011159263
-2.235556125640869
-2.3113467693328857
-2.325182318687439
-2.389190912246704
-2.4431707859039307
-2.4703712463378906
-2.5952084064483643
-2.6770236641168594
-2.748272916302085
-2.8262248039245605
-2.90128755569458
-3.1539056301116943
-3.265208672732115
-3.2880618423223495
-3.4181935787200928
-3.6093234419822693
-3.6446662545204163
-3.6554529095689454
-3.6707613468170166
-4.236866474151611
-4.6998071894049644
-4.807923657198747
-5.291025797526042
-5.362902641296387
-5.632767677307129
-6.192145109176636
-6.273594617843628
-6.299781084060669
-6.34220027923584
-6.452640533447266
-7.1613922119140625
-7.579841613769531
-7.8318772315979
-7.888813495635986
-8.453024864196777
-11.337105751037598
-12.61648178100586
-13.335280418395996
