-0.0031393314711749554
-0.00571855682937894
-0.01860489881558654
-0.042730443761684
-0.05345145799219608
-0.05464465823024511
-0.07168937204551185
-0.08742317462019855
-0.12802560555994408
-0.13959840112753832
-0.14346575675881468
-0.14624213930801488
-0.1820174091262743
-0.19225868382555847
-0.19441644232418703
-0.19613380300579591
-0.20204283425118774
-0.20887337119784205
-0.2132771332282573
-0.23197783663191432
-0.2402125783264637
-0.2472846220480278
-0.26839573111121556
-0.2730884071655358
-0.27459841885138303
-0.2758615601414931
-0.2773982539147255
-0.27816843474283814
-0.2845398506857843
-0.28511181776330985
-0.3004280552268028
-0.3028563307943841
-0.3048444700660184
-0.3152690135258516
-0.3157930037220164
-0.3199975733179599
-0.3256025069118054
-0.3282182248318956
-0.33198977470419777
-0.33376634807223127
-0.3343960811635043
-0.33864294325919925
-0.347638937833608
-0.3492364810896106
-0.34996213893672184
-0.35057600560847074
-0.352339674577789
-0.3543094731479262
-0.35830606188974345
-0.36038309469540764
-0.36293834930984303
-0.3670558410249214
-0.3924091466968613
-0.3926656100332669
-0.39974779031961755
-0.4023467562059523
-0.4037601128220558
-0.40957928881592426
-0.41293781910887145
-0.4180611204355955
-0.4211611533593476
-0.42837906603173387
-0.43572391289414775
-0.4376421467200594
-0.4383364054665435
-0.44021344623251935
-0.44773342092438334
-0.4478645422423142
-0.44974062961264283
-0.45998425468133064
-0.4604189540776942
-0.46051001487649046
-0.4610005203867331
-0.4678174599410138
-0.4682934663336103
-0.4715276089332797
-0.4798093620920554
-0.48657291311901646
-0.4885503630095627
-0.4900086674918254
-0.49289630725979805
-0.49376001445464146
-0.4941594828890326
-0.4947251521349244
-0.496082962017681
-0.49632308518266655
-0.49754028531970107
-0.5011873792282131
-0.5078063455972975
-0.5106124929262823
-0.512667489994783
-0.524921327852644
-0.5252847317475243
-0.525395858346019
-0.5261058572468755
-0.526656478509092
-0.5290552712360617
-0.5318680027266964
-0.5408072550759672
-0.5415736979139183
-0.5425356920888589
-0.542725314377629
-0.5435947601659352
-0.547768958179014
-0.5487628118462453
-0.5500431407243014
-0.5508758786854742
-0.5524309775268194
-0.5545741913633214
-0.5575336977887803
-0.5589922626932093
-0.5630900413539516
-0.5650455076247454
-0.5654881794122048
-0.5705067810849869
-0.571123536360184
-0.5782555263489485
-0.5828328538918868
-0.5952334623298157
-0.5986672453044986
-0.6007851374646028
-0.6027251196937868
-0.6039759701317442
-0.6097732585102287
-0.610579229063458
-0.610836561769247
-0.6118031356483697
-0.6180820353329182
-0.6182365659624338
-0.6196544536699852
-0.6226739324629307
-0.6249729722206082
-0.6251853553759348
-0.6301846813824211
-0.6314030837267637
-0.6329436878461691
-0.6426964339722568
-0.6430245051160455
-0.6441534647102733
-0.645374196767807
-0.647413857281208
-0.6517020716331899
-0.6522221273875662
-0.6525621358305216
-0.6531307573488447
-0.6566163901006803
-0.6573359754329431
-0.6586752333548955
-0.6598446249651412
-0.6604023723604927
-0.6615871760877781
-0.6688007909688167
-0.6695574527606368
-0.6730806484818459
-0.6801098182331771
-0.6812278500551151
-0.6836450163214717
-0.6840212407521904
-0.6845482115750201
-0.6894159962995099
-0.689737079112092
-0.6914224318461493
-0.6925598413993915
-0.6925774777308107
-0.6949313921587807
-0.6998911580478306
-0.7018370006117038
-0.7039791949093341
-0.7052345781994518
-0.7071175635443069
-0.7083271375546852
-0.7098512320468823
-0.7128940799972042
-0.7131568326128347
-0.7134288055167417
-0.7153219696134329
-0.716402689809911
-0.7234845149330795
-0.7242279835045338
-0.7267833952791989
-0.7283373960666358
-0.7299894945962089
-0.7308432262390852
-0.7324545818514058
-0.7330457765492611
-0.7336265451274813
-0.7354493576043751
-0.7356902730534784
-0.7381766696926206
-0.7383062648489916
-0.7399048528500966
-0.7424300360539097
-0.7426415868103504
-0.7432609090038957
-0.7434635569474527
-0.7452923033270054
-0.7499876415095059
-0.7507398407906294
-0.7510219944058918
-0.7536727717767159
-0.7540101075399435
-0.7569073230739117
-0.7620959163953861
-0.7636562295258045
-0.7647847439802717
-0.7652021576650441
-0.7652923042332986
-0.7654186236672104
-0.7687520217417235
-0.7710666650382336
-0.7722792391561799
-0.7736063950470891
-0.7753251271375726
-0.7813592019374482
-0.7833203604119868
-0.7889304069249192
-0.8046412190829869
-0.8049983855104074
-0.8053319156169891
-0.8064280374441296
-0.807661180345652
-0.8085087463918171
-0.8102691604031457
-0.8119287139658505
-0.8131575578299817
-0.8141366155687138
-0.8155600476477828
-0.8193333769040355
-0.8196104254573584
-0.824175022645957
-0.8250146116576312
-0.8278115614577053
-0.8281416741898283
-0.8289893849287182
-0.8366317494306713
-0.8381350131705403
-0.8418935388326645
-0.8420033294707536
-0.8424685367755592
-0.8434384225474787
-0.8435699952145418
-0.8440053017387982
-0.8462944209329888
-0.8473820582851962
-0.8495114870369435
-0.8504584248488148
-0.8508247686636254
-0.851366174008165
-0.8516086119183456
-0.8523914573728689
-0.8534813733422197
-0.853731450624764
-0.8543690467874209
-0.8544928302467072
-0.8590005235358452
-0.8596746863238514
-0.861894589685835
-0.8639293966213396
-0.8644867596775293
-0.8650954029536579
-0.8655428691364994
-0.8695376326562837
-0.8695399203337729
-0.8702538368524984
-0.8708977029480807
-0.8717462168626852
-0.8741800549189345
-0.8747732741612708
-0.8756156283430755
-0.8759375070221722
-0.8764807879924774
-0.8771886317072131
-0.8804272806737572
-0.8824843930080533
-0.8840341626071475
-0.8857282161712646
-0.8872197229415179
-0.8879159724326908
-0.891229283582652
-0.8923601899296045
-0.8939031687979069
-0.8943743311735007
-0.8966548811101044
-0.90268528671974
-0.9069708622538019
-0.9126564910014471
-0.9129658559751179
-0.9176390464029586
-0.9194683540198538
-0.9209985111115707
-0.9220734301954507
-0.9233070640184451
-0.9243170469462012
-0.9250176093686605
-0.9264446586021222
-0.9276968613266945
-0.9279877286520787
-0.930291890486842
-0.9384308848530054
-0.9396193418651819
-0.9431935079499252
-0.9505245015025139
-0.9506121384911239
-0.9513666080213928
-0.952300387993455
-0.9544200676464243
-0.9570738322710475
-0.9659371503657894
-0.9666468163320262
-0.9667257853288902
-0.9672963367775083
-0.9730473497304502
-0.974487679079175
-0.9754195804042476
-0.9768745212204522
-0.9787553657777608
-0.9831938120769337
-0.9832237114508947
-0.987159011332551
-0.9880478639097419
-0.993583866438712
-0.995636400870151
-0.9967459794133902
-0.9971749759046361
-0.9972934625994209
-0.9978891365230084
-1.0003318799038727
-1.0004771396359047
-1.000972987381309
-1.0040180209779417
-1.0070097056709022
-1.0074323251843453
-1.011493206800272
-1.0207811213860458
-1.0216039817647211
-1.0245398599836335
-1.0271122970589204
-1.0272746831411497
-1.027326249552425
-1.032336490880698
-1.0357110422240414
-1.0383656933903693
-1.03919991934672
-1.0417141978811872
-1.0420679083181312
-1.0428039630113
-1.0428531616260963
-1.043038406096457
-1.0432969111869552
-1.0473126910626889
-1.047748945143313
-1.0480090573546477
-1.0485604198442564
-1.0497565361947636
-1.052448451304092
-1.0529887062938152
-1.0533517475739176
-1.0554517178485792
-1.0585743075716891
-1.0613177079940215
-1.0615270353853703
-1.061631658161059
-1.0655006013112143
-1.0666720208093083
-1.0695060901343822
-1.0730287288315594
-1.075591650325805
-1.0809422426928694
-1.0851528095518006
-1.085500955581665
-1.0889764527479808
-1.0899255992345778
-1.0901466922368854
-1.0954786837100983
-1.0990435290150344
-1.09925861366523
-1.1003677904605866
-1.1009317073971032
-1.103760008700192
-1.108758540617095
-1.1120332069694996
-1.1132654671621691
-1.1187654286623
-1.1214919255691624
-1.1228384754084844
-1.1255486738195435
-1.1288069009042374
-1.1301155726385053
-1.1320630923090946
-1.1335930619627885
-1.1342410735274566
-1.1373957034998707
-1.1383423302977462
-1.1403305651474511
-1.1423744857311249
-1.1436782331697435
-1.143706803434826
-1.1472532520336765
-1.1472843409948317
-1.1494918291612217
-1.149672106017048
-1.1501276009716093
-1.1525052173011419
-1.1579812485724688
-1.1609386398710988
-1.1617319633563359
-1.1618076197883056
-1.165924357320182
-1.1669424519495806
-1.1675139081722592
-1.1689774965925608
-1.169210385531187
-1.1695082162768813
-1.1732367572507687
-1.1735221803188325
-1.1754218935966492
-1.177828029729426
-1.178392753819935
-1.179624659474939
-1.1864335924287193
-1.1869520313209958
-1.1888731056824327
-1.190792210219014
-1.1953086555392172
-1.1955433761662182
-1.1966962876289875
-1.1986022072711162
-1.2005137846701674
-1.2033524923026562
-1.2036877669539536
-1.208344200360963
-1.2161718429997563
-1.2162923072189895
-1.2194445435371664
-1.2232310560066253
-1.2251148968935013
-1.2289854008704424
-1.2297934468002303
-1.230118349647253
-1.2305343256550259
-1.2317434854650249
-1.2337195177872975
-1.2351155690848827
-1.2357389314100147
-1.2367663904869308
-1.2372599678114056
-1.2392613010015339
-1.2421635965195794
-1.245944334100932
-1.2459860070874649
-1.2466521628084593
-1.2491111550480127
-1.249422714735071
-1.2495510842735795
-1.2526685653461351
-1.2559010899470497
-1.259775198996067
-1.2606446051171847
-1.2626236200332641
-1.2671263416608174
-1.272681936051231
-1.2732736741603123
-1.2739750426262617
-1.2742993987243
-1.2779623450977462
-1.2785749024827964
-1.2812859329281179
-1.2814329398985138
-1.2853306142302852
-1.2855252178233059
-1.2898987464548555
-1.2941743970557582
-1.2964114886708558
-1.3079762855278594
-1.3082078596635256
-1.3129690975882113
-1.3141535585228767
-1.3145471679210914
-1.3146634644363075
-1.3148340210318565
-1.3161420874735887
-1.3168232590383426
-1.3172280588187277
-1.3178077506454429
-1.319840468626353
-1.3208417321244876
-1.3221729025244713
-1.32240442272612
-1.323633538389231
-1.3239385456674628
-1.3287544281920418
-1.3303961804033153
-1.336551011485212
-1.3376488210633397
-1.338863371689941
-1.3398964266501328
-1.3403044488368323
-1.3403618903830647
-1.3495014910456828
-1.3550406619906425
-1.3601123937183086
-1.3607044339179992
-1.3639370824934707
-1.370289385318756
-1.3746057360200212
-1.3760383129119873
-1.3783264781037967
-1.3795017472335271
-1.3818683549761772
-1.3824115462601185
-1.3825895308895269
-1.3837599409744143
-1.3862858592299745
-1.3873100839555264
-1.3916053671273403
-1.3973649117563451
-1.4039890907151857
-1.406532827859337
-1.410295458834818
-1.4132006764411926
-1.41397024890674
-1.4162898641079664
-1.417547363283423
-1.428384651740392
-1.4285495838121278
-1.4311847039498389
-1.4324500048533082
-1.436326304078102
-1.437089776027609
-1.4394502175204895
-1.4425303502939641
-1.4426306356908754
-1.44386960459607
-1.4443957773150435
-1.4466369694564492
-1.4553836410244305
-1.458555163661783
-1.468596479925327
-1.469807080924511
-1.4763796621991787
-1.482633113861084
-1.483953807502985
-1.4844454034335084
-1.4992305934429169
-1.5046877377899364
-1.5144263729453087
-1.5174093551468104
-1.519861494190991
-1.5242542151568665
-1.5325126394629478
-1.5336645042989403
-1.5347177554254554
-1.547838990097969
-1.5487954129930586
-1.5641059468143794
-1.5754558444023132
-1.5765240875383217
-1.5841358676552773
-1.5908035345375537
-1.5934505212143348
-1.5938199767454837
-1.5943161786650308
-1.595795729663223
-1.596016950905323
-1.6083893477916718
-1.61605207324028
-1.6253996829812725
-1.6265950888395309
-1.6326919747516513
-1.6392151851032395
-1.6433889474719763
-1.6459893385569255
-1.6534302005810397
-1.6544682696461677
-1.6605603452771902
-1.669148632802535
-1.6755242228507996
-1.6758318357169628
-1.6779487133026123
-1.6881236064558227
-1.7015920436630647
-1.7022526244012017
-1.7036888251701992
-1.7049473643302917
-1.708563764890035
-1.7251156270503998
-1.7255996316671371
-1.735729986190563
-1.73658253881149
-1.7376420465297997
-1.7406793691010938
-1.7483869971861818
-1.7534251511096954
-1.7541673302650451
-1.7582934836973436
-1.7666825890541076
-1.7683266426126163
-1.7704689919948577
-1.774545484688133
-1.7750449627637863
-1.7806846100304807
-1.7813396143693743
-1.7840552894558641
-1.7890871065153209
-1.7901076642530305
-1.7949425704926918
-1.7973262188432793
-1.8025303637342793
-1.8080233378956716
-1.8084901642054318
-1.8094422688300256
-1.8143116954181875
-1.8175402715802194
-1.8204782903194427
-1.827663090452552
-1.8409798135134308
-1.843334090275069
-1.8533029675483703
-1.8558261565864087
-1.8591997598608334
-1.8603575314173213
-1.8605219028395368
-1.8619477034292438
-1.8689805269241333
-1.8708165766937392
-1.8730360567569733
-1.876660456880927
-1.881341268788674
-1.8830603103269823
-1.8859419514321618
-1.8884973923365276
-1.8912651107336085
-1.8921284984874849
-1.8938140124082565
-1.8999181787172954
-1.9035886526107788
-1.9053562436252833
-1.9157385230064392
-1.9181333382924397
-1.919228647525112
-1.9266726858913898
-1.9360958571944917
-1.94343900680542
-1.9498264924623072
-1.955795448007328
-1.9565723642706871
-1.9565936587750912
-1.9690885090579588
-1.9717967072501779
-1.971925601363182
-1.9724835455417633
-1.9737851336598395
-1.9818039298057557
-1.9829955164343118
-1.9912791326642036
-2.002155131763882
-2.0151043459773064
-2.032445965334773
-2.0392472545305886
-2.043023943901062
-2.054404027760029
-2.0631897494729077
-2.065006038872525
-2.074943545041606
-2.08605388320575
-2.099552017450333
-2.121227840360786
-2.1265398723383746
-2.1395345189012005
-2.1433037891983986
-2.1695399284362793
-2.184928855548302
-2.197751622647047
-2.19907703747352
-2.207814003030459
-2.214816691353917
-2.218232618023952
-2.226229485869408
-2.2299373703343526
-2.233736314278628
-2.242395281791687
-2.24426701789101
-2.249020244926214
-2.2618258334356747
-2.2641784402076155
-2.2681024689227343
-2.2802647396922113
-2.2826747723988126
-2.2941958072284856
-2.2977502584457397
-2.321454018354416
-2.328085428724686
-2.3346430075665316
-2.3386059813201427
-2.3455952405929565
-2.351322571436564
-2.366428405046463
-2.3682312251185067
-2.3688052110373974
-2.375887542963028
-2.376601883520683
-2.379808266957601
-2.3855493515341855
-2.387821938097477
-2.3926474208710715
-2.4203839525580406
-2.43812753384312
-2.4397894628345966
-2.454571013649305
-2.464858836183945
-2.4689739152789114
-2.4709720597578175
-2.4809859010080495
-2.488720040768385
-2.502059086536368
-2.503815531730652
-2.51131584495306
-2.5209611161165717
-2.528541416861117
-2.529788948595524
-2.5353128165006638
-2.5603931583464146
-2.5989105701446533
-2.623002598683039
-2.65390853927723
-2.696593801677227
-2.6974482480436563
-2.728983393559853
-2.7413117526099087
-2.7658828422427177
-2.7986047193408012
-2.8086163997650146
-2.82064326107502
-2.840379466613134
-2.8405907469801606
-2.843853977508843
-2.8455119927724204
-2.8485477454960346
-2.8593528978526592
-2.8785183231035867
-2.8980880230665207
-2.915645705536008
-2.9362017065286636
-2.9414548503700644
-2.9427592356999717
-2.964241623878479
-2.979344935466846
-2.991382783651352
-3.0119740649370215
-3.012382601147692
-3.048663854598999
-3.0850667893886565
-3.16285640001297
-3.194488185411319
-3.2047046224276223
-3.224893905222416
-3.267064929008484
-3.3437451124191284
-3.3626171350479126
-3.3724412669738135
-3.381475105881691
-3.420068383216858
-3.4512845277786255
-3.507554608862847
-3.6336199045181274
-3.665929416194558
-3.6852909314602584
-3.7030171995211276
-3.703142369296984
-3.729595184326172
-3.7671666344006858
-4.005077809095383
-4.036219000816345
-4.1267874096520245
-4.141471296548843
-4.1467612981796265
-4.172241732478142
-4.419253408908844
-4.4747337638400495
-4.749494010116905
-4.790185213088989
-4.83823823928833
-4.952260136604309
-5.044428586959839
-5.121183633804321
-5.569903254508972
-5.689388751983643
-5.691738128662109
-5.713856220245361
-6.132724285125732
-6.653197526931763
-6.764916896820068
-6.903636455535889
-7.691944599151611
-8.032966613769531
-8.403132438659668
-9.255605697631836
-10.337799072265625
-10.844053268432617
-10.990852355957031
