-0.00020013139146612957
-0.0021275284234434366
-0.003464569686912
-0.0036286152480897726
-0.010320287430658937
-0.010427051776787266
-0.013025517357164063
-0.015081986435689032
-0.015414153909659944
-0.02777804925184076
-0.029487732409810025
-0.03122398232309414
-0.03346732530917507
-0.055472162435762584
-0.07199165936326608
-0.07838250716616
-0.08139536959222621
-0.08435699268842914
-0.09761857551832993
-0.10751816313713788
-0.11450259853154421
-0.1192597246117657
-0.11944382069990613
-0.12238218979910016
-0.12571952678263187
-0.12934800144284964
-0.13390805652098997
-0.14308548765257
-0.14715618127956986
-0.15597334504127502
-0.16220632472929233
-0.163500920387118
-0.1640759664151119
-0.1713284526631469
-0.17723563313484192
-0.18171395733952522
-0.18729452464160407
-0.18784513070325679
-0.18958149529579613
-0.18991868011653423
-0.19095940871297248
-0.1921142488634879
-0.1939050866290927
-0.19660932073990503
-0.19957846086472272
-0.20031780156811388
-0.20257228439939873
-0.2132088777268239
-0.21684892062330619
-0.21854195073246957
-0.21875065219355747
-0.2190253935488207
-0.22190016471514745
-0.22412658362882212
-0.22733993288129567
-0.22837871022638864
-0.2286997104762122
-0.23061813364074624
-0.23868761075169054
-0.2404043093653551
-0.24065002403222024
-0.24170991844896758
-0.24390337888949684
-0.2515540273549656
-0.2547290052087711
-0.25589944049715996
-0.25799060810822994
-0.26507164801781374
-0.2674034072219261
-0.27493274940310847
-0.27494694366275024
-0.27679315730571175
-0.27846656458523983
-0.28162843148623196
-0.2825404351344332
-0.28300393705721943
-0.28593403470003975
-0.2941777916992298
-0.2946704696631059
-0.29587008237770834
-0.2966412321797439
-0.3012520698539447
-0.3013482222624589
-0.301537149399519
-0.3065712361027029
-0.30851516081020236
-0.3114624788868241
-0.31432714133989065
-0.31492930757147924
-0.31641220542743603
-0.3173348670592532
-0.31897645405689745
-0.3202569875284098
-0.3217083750694821
-0.32765384009107945
-0.32783725154877175
-0.3290302805689862
-0.3299003288149834
-0.330689542053733
-0.33281269669532776
-0.33453233968854573
-0.3346130031393841
-0.3362829149527897
-0.3372117433963077
-0.339932220996291
-0.34269287262577564
-0.3447288957152826
-0.3457491248846054
-0.3463807544336305
-0.35239364420219016
-0.3525469067739323
-0.35678712333319706
-0.3580356921831315
-0.35816713274107315
-0.359080279499176
-0.35910710459575057
-0.36075280621714356
-0.3637595956060977
-0.3657694213713209
-0.3665412468515569
-0.3683162210509181
-0.3707507790199348
-0.3730135528104646
-0.37564885524463737
-0.3761727412464097
-0.37765376369352455
-0.3780983222881332
-0.37865392855435076
-0.379161508200923
-0.38045540899038316
-0.38081173344835406
-0.3831137234112248
-0.3840229321381469
-0.3905923752922957
-0.39086846448481083
-0.39169865612639115
-0.39217281722166164
-0.3934567929910762
-0.3940190722101501
-0.3940849202659188
-0.39457369360348415
-0.39609840847551825
-0.3989376769909127
-0.39960167573816663
-0.401734871212798
-0.4032120250786344
-0.4037164735740849
-0.40447743275435644
-0.4084398241525161
-0.4089072330721787
-0.409472559106588
-0.41084977239370346
-0.41134519228944555
-0.4118078611791134
-0.41188254056679496
-0.41240249436814336
-0.4154109716368839
-0.4163723017660562
-0.4166089313337579
-0.41700752784631084
-0.41975250836510797
-0.4202781080135277
-0.42069983885085094
-0.4217499234986588
-0.4226724853506312
-0.42385013747261835
-0.42438075244426726
-0.42497021639719607
-0.42525510333924404
-0.42699933407345303
-0.4281125289620832
-0.4282288254820742
-0.42869735637214035
-0.43139186229091137
-0.4319659041102568
-0.43435455337166784
-0.43724731525827126
-0.4374296361743796
-0.4377139589418221
-0.4391513918759301
-0.4399044794522019
-0.44083946410682984
-0.44108454925299156
-0.44253130465638907
-0.4436712338216603
-0.44521474454086274
-0.44550889301293256
-0.44594195546815174
-0.4463089439988835
-0.4472599035321638
-0.4474905076203868
-0.44770937201190886
-0.4489153185817746
-0.4497789733078597
-0.4499638302531821
-0.45040018728468567
-0.4510280200199265
-0.45168880168593634
-0.4539418799812784
-0.4547568364068866
-0.45481806956896825
-0.45503822554435047
-0.45539814912314924
-0.45588765875436366
-0.4563691900456669
-0.4567394506011624
-0.45678501576185226
-0.45886876567133833
-0.45938102888834215
-0.4595579555236988
-0.459592324552068
-0.4610125471837819
-0.4646155393264931
-0.46638890989124776
-0.46769501072251135
-0.4678340718771021
-0.46854432182024336
-0.46860418390715497
-0.46973196292528885
-0.4698962962720543
-0.4739226253910197
-0.47647228138521314
-0.4780471913036308
-0.48060494026867673
-0.4808719069364348
-0.48131953909019515
-0.4813782923544447
-0.48152704294770954
-0.48214140491560104
-0.48236987997370306
-0.4835035091964528
-0.48377217483357526
-0.4841158926073048
-0.48578335051424804
-0.4860275025479496
-0.4870038026710972
-0.48822921235114336
-0.48958316041777533
-0.4901181647874182
-0.4925548567192718
-0.49534026288893074
-0.49812829670762376
-0.4985474447409312
-0.4985475316643715
-0.4998753904882405
-0.5016542513751321
-0.5018263168167323
-0.5020612564348128
-0.5029478162061423
-0.5032852064552051
-0.5045861518150195
-0.5066474825143814
-0.5078385276719928
-0.509671795880422
-0.5102002962181965
-0.510394150391221
-0.5123001026028456
-0.5128740727797978
-0.5139012277359143
-0.5141604089876637
-0.5145818112262835
-0.5161680840572123
-0.5173643374194702
-0.518292803876102
-0.5197124549387289
-0.5200092599440652
-0.5202005661040958
-0.5210529849061678
-0.5225743227120903
-0.5233592161675915
-0.523444666992873
-0.5237825081373254
-0.5256464289074453
-0.5261484486206124
-0.527119871834293
-0.528417757875286
-0.5293530804208584
-0.5314034687332987
-0.5341304184209245
-0.534331817063503
-0.5367035493254662
-0.536777425557375
-0.537599052923421
-0.5380254774820059
-0.5390884578227997
-0.5414133189013228
-0.541467858978328
-0.5450971655822783
-0.5462152814783622
-0.5475084118467445
-0.5484367325378117
-0.5514392806217074
-0.5572537382443746
-0.5573994966356882
-0.5593196254223585
-0.5602597186191227
-0.5630398362603349
-0.563106632232666
-0.5641916760941967
-0.5662167490559763
-0.5675301176030189
-0.5682893129996955
-0.5684318167550373
-0.5687710359692574
-0.5699375209930752
-0.5714164571836591
-0.5718169047434528
-0.572753824715619
-0.5728701508138329
-0.5731643901838522
-0.5738846104592085
-0.5761581675297666
-0.5770995241160003
-0.579128648335528
-0.581622018006682
-0.5818866560293827
-0.5833016402320936
-0.5871676612878218
-0.5883747238133635
-0.5900911696953699
-0.5919114723801613
-0.5923882812494412
-0.5931245940349376
-0.5989489637315273
-0.6001646661898121
-0.6007112912833691
-0.6028111991654441
-0.6035962727453027
-0.6074585001915693
-0.6078764413897362
-0.609669023018796
-0.6110242530558025
-0.6173421485970417
-0.6176504425626869
-0.6189488599775359
-0.620409773720894
-0.6235022695036605
-0.6258710192826887
-0.6276862482191063
-0.6282100871072284
-0.6296735848300159
-0.6307717698315779
-0.6326331901364028
-0.636293246721228
-0.6408306693308987
-0.6426786463707685
-0.6435657292837277
-0.6436652784235776
-0.6458732925355435
-0.64687345422426
-0.6474635478595949
-0.648756287409924
-0.6496380137590071
-0.6497627515345812
-0.6516036924906075
-0.6525393439107574
-0.6535820286720991
-0.6577808624133468
-0.6587006898231006
-0.6590898467227817
-0.6636928484464685
-0.6657099588139151
-0.665739396106801
-0.6657912179362029
-0.6661836129263975
-0.672771095437929
-0.673231631051749
-0.6745472122624051
-0.6759822474478925
-0.677928397214661
-0.6804911652579904
-0.6811407729837811
-0.6821685651550069
-0.6845456930792092
-0.6872361726127565
-0.6877469709143043
-0.6882262602448463
-0.6904712002724409
-0.6907479512350013
-0.6933878036797978
-0.6973166293697431
-0.6982464612616847
-0.6996287846122868
-0.7002634695834584
-0.700669095851481
-0.7016527851422628
-0.7020779602229595
-0.703277489480873
-0.7035744454711675
-0.7042251333128661
-0.7044271451886743
-0.7078857776812382
-0.7079636089503765
-0.7092736045015045
-0.7127959690056741
-0.7143411663386764
-0.7217025894608994
-0.7270776915829629
-0.7285104444250464
-0.737455642898567
-0.7379872087389231
-0.7417065460467711
-0.7420264983633792
-0.7425567654892802
-0.7429072029578189
-0.74945440322959
-0.7519730417213092
-0.7559587014839053
-0.7561687029898166
-0.763360639102757
-0.7671594312414527
-0.7691080380852023
-0.7716598882883167
-0.7718068420266112
-0.7833869767685732
-0.7865113419247791
-0.7870644756060626
-0.791914252564311
-0.8022488253191113
-0.8023243863135576
-0.8074262157398542
-0.8108379188925028
-0.8149594004665103
-0.8198315850459039
-0.8259997883991067
-0.8441495723091066
-0.8455515314514438
-0.8495432168642497
-0.8551144767552614
-0.858209244441241
-0.8607728093241652
-0.862027123029596
-0.8659695582464337
-0.8733170593623072
-0.8847263902425766
-0.8853744007647038
-0.8876830398803577
-0.8890508477176938
-0.8953980021178722
-0.9118060804903507
-0.9588735464494675
-0.9590457628946751
-0.9646179412957281
-0.9702151070038477
-0.9760665036737919
-0.9761259133617083
-0.9909167587757111
-1.0080335040887196
-1.0099869792660077
-1.013059362769127
-1.030807890696451
-1.0510653657838702
-1.053107377141714
-1.0543530080467463
-1.0912398737855256
-1.0983626901482542
-1.1192190495542793
-1.1226146817207336
-1.1235987643400829
-1.1406251043081284
-1.1567875181790441
-1.165221500908956
-1.1840028546430403
-1.1866399032684665
-1.1912734990473837
-1.223657243574659
-1.2338844033074565
-1.2379844649500835
-1.244379434734583
-1.2459798206885655
-1.247653184022056
-1.2485266310395673
-1.251464176690206
-1.2529946994036436
-1.25347732543014
-1.2678439410907838
-1.2706840430328157
-1.280251920223236
-1.2949358384590597
-1.3021422387537314
-1.3073233794420958
-1.3336269091814756
-1.3413113919086754
-1.3611653063562699
-1.3656973964340675
-1.3756500051822513
-1.376810780406231
-1.3789018321433104
-1.3976237010210752
-1.4089968157059047
-1.4166644383997966
-1.430353005727132
-1.4324011210119352
-1.4385726638138294
-1.4459994779899716
-1.4500435704831034
-1.4576136429483693
-1.484986292384565
-1.4883065234559278
-1.504529893398285
-1.5073564354330302
-1.5079410382313654
-1.5162361406061489
-1.5505684922100045
-1.5530240138371785
-1.587473168130964
-1.6059708012093323
-1.610178331939096
-1.6107113401715953
-1.6121503142639995
-1.629352230578661
-1.6297759413719177
-1.6420439047118027
-1.65090820658952
-1.6930942336718242
-1.7906987443566322
-1.790866428753361
-1.8267119236988947
-1.8302634427091107
-1.8525211559608579
-1.8661718964576721
-1.8687225989997387
-1.8747708024457097
-1.898246449418366
-1.9067242810269818
-1.9638425707817078
-2.0144988067137697
-2.072781577706337
-2.116389252245426
-2.1386205898597836
-2.165573471953394
-2.1797610949724913
-2.2324987053871155
-2.2487635612487793
-2.267014369368553
-2.283317543566227
-2.3123772697678455
-2.350226640701294
-2.3595748119987547
-2.3913412801921368
-2.406139861295742
-2.616272449493408
-2.775041099637747
-2.801362793892622
-2.8249094486236572
-2.842552334885113
-2.8449928760528564
-2.907216698746197
-2.9383139610290527
-2.9517340660095215
-3.0162674952298403
-3.0728592835366726
-3.092317317146808
-3.3237260319292545
-3.393454489982105
-3.452754173418119
-3.558324012895658
-3.9921604428091086
-4.003647822886705
-4.039795756340027
-4.190931178629398
-4.190995363518596
-4.2371954917907715
-4.36550148576498
-4.40039587020874
-4.465416431427002
-4.725255640252726
-5.532396981492639
-9.55109977722168
