-0.00030769121076446027
-0.0010488166662980802
-0.0012034449082420906
-0.0015395653390442021
-0.006089299451559782
-0.0073746515233021155
-0.008014490138521069
-0.009666247273344197
-0.012681321240961552
-0.020049642800586298
-0.032387675982641265
-0.034011113581073005
-0.041318597653298636
-0.06410327833145857
-0.08277155240489265
-0.0992938509589294
-0.10260616149081705
-0.10761197506846136
-0.11761839902610519
-0.12020646364867894
-0.12385613466904033
-0.12444607172953208
-0.12574818617819497
-0.12874358023206392
-0.13183755149458937
-0.13480581825133414
-0.13578638687290046
-0.1481257182895206
-0.16292443199967643
-0.16450802201143233
-0.16564853389614395
-0.169272399159929
-0.17071285363053904
-0.17607060242444278
-0.1791210997284257
-0.17936002114120955
-0.18048372181753317
-0.18958401281963147
-0.19673307240009308
-0.1979996461304836
-0.2009022798653556
-0.20160272489819261
-0.2027509269270619
-0.2076659472474024
-0.2082595287465665
-0.21002350478083825
-0.2138714264812214
-0.21505048975814134
-0.21698497323086485
-0.2181623140904343
-0.2233151199616259
-0.22450793862143265
-0.22770542025630544
-0.22912894089114905
-0.23205916145861222
-0.2320874120159715
-0.23370306029974017
-0.2339044746098807
-0.2340676426589626
-0.23744474317676836
-0.23852563847119906
-0.2409680213429965
-0.24654548895196057
-0.24682127179888388
-0.24934180256067998
-0.25180529639078486
-0.25391827178100357
-0.2591092813397861
-0.26053528667587134
-0.26054313368634513
-0.2614710831497659
-0.262942894300259
-0.26416730010532774
-0.26491577678623596
-0.2658343947143294
-0.2717638299133493
-0.27277414767270197
-0.27473053670190795
-0.2782312650233507
-0.2798602138464048
-0.28061413212652464
-0.2806546914960361
-0.2818550623869669
-0.28186275193365873
-0.284172995670815
-0.2852394804164457
-0.2866082740628095
-0.28915075885577773
-0.29056186993839217
-0.29139774352273284
-0.291747059141926
-0.2925548561856729
-0.2933711913766664
-0.2936243253884291
-0.2949936231598258
-0.29878424310923685
-0.29928354846759414
-0.29932337794925845
-0.3015153862191558
-0.30170400405768305
-0.3021038768588608
-0.30662585363206746
-0.3084721569899365
-0.30971702364695375
-0.3109564870421309
-0.31400412009084405
-0.31904471945017576
-0.3208788865700626
-0.3235849054780213
-0.3236660874863446
-0.32368285078094533
-0.32369789309450425
-0.3241017150099651
-0.32445374109011027
-0.325174191745016
-0.3263764587211951
-0.3278926746588695
-0.3343746225083513
-0.33569117085141403
-0.33843213740733014
-0.3394881229136305
-0.34223630480701106
-0.34288355016944577
-0.34361535023033085
-0.3436921699350933
-0.3460803902707994
-0.3463157437616718
-0.34642562806766364
-0.3468469247325427
-0.34733831234948215
-0.34907465136348037
-0.34920197969768196
-0.35334219262003896
-0.3541558812430594
-0.3551843117115473
-0.35590813286317924
-0.3577919067174662
-0.3606104490580037
-0.36223917404034484
-0.3623949117835974
-0.3636027944048692
-0.3642475874262995
-0.36513075417577057
-0.3654366044929307
-0.3665197795877854
-0.3709813440684229
-0.3729651905596256
-0.3754047539550811
-0.37562430488944504
-0.37958133590543114
-0.3831100800115647
-0.3841456273058611
-0.38610625137801474
-0.3878359407442923
-0.3896324476227164
-0.3912448815137031
-0.3930289888133605
-0.39567142486048396
-0.3964278630912304
-0.3967340939067071
-0.39703500455914764
-0.39766186636728074
-0.4026699865303817
-0.4042747989678901
-0.4044967790444692
-0.4045952474552905
-0.40524478466726704
-0.40685081185022554
-0.4100482737121638
-0.41157536653627175
-0.4130599379132036
-0.4139684017858859
-0.41760624818562064
-0.4180942534992937
-0.41887184942606837
-0.4201979742515505
-0.42226027210875017
-0.42824984651069825
-0.4290108768812691
-0.42903732741833667
-0.43025783532775674
-0.43088516472198535
-0.4328266107679935
-0.43457265753531826
-0.43604403276985976
-0.43653410951592375
-0.4367410368286073
-0.4389525027381751
-0.44229541945678646
-0.44288149612212097
-0.44417656750495854
-0.44481698563904504
-0.44532718747440314
-0.4456090514634395
-0.4464141219446901
-0.4482127774594119
-0.44828201360360254
-0.44906315094946575
-0.44961921307064284
-0.45058002443046363
-0.4511665518039081
-0.45207662471511867
-0.4524932975570361
-0.4534486114687752
-0.4547024264727952
-0.4552994667828898
-0.45563184579174654
-0.456742837301655
-0.4585300447943155
-0.4617701795650646
-0.46319978874331963
-0.46495339274406433
-0.4663902285101358
-0.46678984093887266
-0.46918302435660736
-0.46946248540189117
-0.4704141740803607
-0.47091793711879293
-0.47234570421278477
-0.474295721265662
-0.4767415907517716
-0.47727692978514824
-0.47873536954284646
-0.4805266695313751
-0.4819259203886759
-0.4827765135301484
-0.48467754557786974
-0.4883064879880597
-0.4885411026480142
-0.4888619057795343
-0.48986917856382206
-0.49251160062946536
-0.49639904499053955
-0.49847773030134185
-0.500969144250525
-0.5010245515732095
-0.502570668009058
-0.5050279529532418
-0.5053234852766764
-0.5104005386432012
-0.5115210912423208
-0.5118222411644334
-0.5120017229263405
-0.5135823203017935
-0.5161927340419165
-0.5175931723603174
-0.5218256860971451
-0.5232033338048495
-0.5255726969335228
-0.5291521991603076
-0.5319059639983937
-0.5332460486824857
-0.5349037481839787
-0.5385570417586548
-0.5400558680719567
-0.5429337588471493
-0.5429459251059193
-0.5432219922464961
-0.5471047836588696
-0.5483263518868221
-0.5522251147044699
-0.5532819884163993
-0.5539851047564298
-0.556250172178261
-0.5582004263997078
-0.5588852028465934
-0.5598385085662206
-0.5612923940643668
-0.5654579410994691
-0.5663117509451695
-0.567088744260088
-0.5685896759802874
-0.570331301772967
-0.5720087168253182
-0.5734541714191437
-0.5769198052905267
-0.5779551056524118
-0.5789147515066101
-0.5792486784713609
-0.5797653530025855
-0.5802786607029182
-0.5830964921042323
-0.5833301395177841
-0.5844997793719813
-0.5845018807532532
-0.5852782782915581
-0.5866715488955379
-0.587627321202308
-0.5888045830070041
-0.5915220458215723
-0.592219207540135
-0.5970665469561937
-0.5976290445271714
-0.5979174694844654
-0.5981122354666392
-0.5998328326136938
-0.6056130593642592
-0.6095208741724492
-0.609596343128942
-0.6120584778753775
-0.612280280282721
-0.6152794783934951
-0.6153864269787542
-0.6179980091372272
-0.6181644971482456
-0.6182914924408708
-0.6188512790067762
-0.6191952258348465
-0.6205504855606705
-0.6208090144874794
-0.6232617827365174
-0.626490521710366
-0.6308771708411061
-0.6314899429678917
-0.6334920593847831
-0.6351884608739056
-0.6378462156280875
-0.6400179749005475
-0.6406039082711297
-0.6418934194371104
-0.6427243766374886
-0.6451260956403401
-0.646248075283236
-0.6472368722731646
-0.6484243711456656
-0.6528196682532629
-0.6543638715138513
-0.655508860538248
-0.6555966693413211
-0.6561157614924014
-0.6572386354491755
-0.6572687290608883
-0.657967117568478
-0.6591378948983869
-0.6607579714873282
-0.6630625973145167
-0.6659887968174493
-0.6676162655154864
-0.673145411060042
-0.6770530572560217
-0.6772702857851982
-0.6799371553352103
-0.6838220363133587
-0.6839546546883261
-0.6850126248060001
-0.6858293584547936
-0.6877518542524841
-0.688215862493962
-0.6986070504515536
-0.7025988745902266
-0.7029462930788668
-0.7034435078708662
-0.7053883171950778
-0.7058449003638493
-0.7093259592851003
-0.7104519015178085
-0.7145393304759636
-0.7147775392979383
-0.7183769911061972
-0.7207586591442426
-0.7219170746393502
-0.7227999433875084
-0.7254150833934545
-0.7267338278703391
-0.7267533432692289
-0.7283480763435364
-0.7314048591069877
-0.7316595356416655
-0.7347549661993981
-0.7361242161797625
-0.7375314556993544
-0.7475187465923747
-0.7492376461159438
-0.7494278813579253
-0.7538106760941445
-0.7553882685800394
-0.7594488566475255
-0.7603203803300858
-0.7638434034968972
-0.7647708817385137
-0.7660055849701166
-0.7681403259436289
-0.7687281912990979
-0.7712359549809662
-0.7716620648279786
-0.7746761753689497
-0.7756966352462769
-0.7775947018009093
-0.7807608097791672
-0.7818635106086731
-0.7834192378130476
-0.7837081889156252
-0.7876370582315657
-0.788814302161336
-0.792030856758356
-0.7947075366973877
-0.7985029676929116
-0.799693456540505
-0.8003360514662096
-0.8023990695364773
-0.8030282373407057
-0.8061527142251309
-0.8073191554285586
-0.8100021386835579
-0.8103662488865666
-0.8122947708034189
-0.8129648596048356
-0.8132201626431197
-0.8133327862014994
-0.8141988627612591
-0.8142101913690567
-0.814550385943481
-0.8169979899733638
-0.8177215654868633
-0.8180985015351325
-0.8213255181908607
-0.8234120869892649
-0.8240462779922382
-0.8247937299311161
-0.8265414780804089
-0.8315058009466156
-0.8322105815634131
-0.8336659915745258
-0.836407494066017
-0.8364624604582787
-0.8374809324741364
-0.8389268249480261
-0.8403527565300465
-0.8423746515597615
-0.8476227261126041
-0.8536103056477649
-0.8541280597448349
-0.8568452679152999
-0.8588524996351529
-0.859399139881134
-0.8617440321083579
-0.8618092394899577
-0.8649013635835477
-0.8669247608631849
-0.8727855402248679
-0.8743910416960716
-0.8825550723510484
-0.888920376698176
-0.889022562885657
-0.8977917944546789
-0.8982229977846146
-0.8996619120007381
-0.9085449819556541
-0.9086868713299433
-0.9118987372145057
-0.915205200513204
-0.9161843279871391
-0.9213309387365977
-0.9242621710523963
-0.9292445225291885
-0.933394723261396
-0.9382608853546637
-0.9391175299882889
-0.9391721703130835
-0.9509089757222682
-0.9576269964288388
-0.9589858888696957
-0.9603193446993827
-0.9726301673799753
-0.9739188949267069
-0.9754955098032951
-0.9807962849736214
-0.9887967734996762
-0.9926950395107269
-0.9998031556606293
-0.999830637127161
-1.004808101974777
-1.0122584455172425
-1.01959927380085
-1.0233929336071015
-1.029339405708015
-1.0333907544612884
-1.0347516046836973
-1.054363871080568
-1.0581083238357678
-1.0730083882808685
-1.0758645652482908
-1.0764604173018597
-1.078010312007973
-1.0780944786965847
-1.079530918245187
-1.0829430129379034
-1.0918496400117874
-1.0927946257094543
-1.0946686154900818
-1.099584164718787
-1.1006076157093048
-1.1029731233914692
-1.1139401212775348
-1.1296423375606537
-1.1305775940418243
-1.135716659327348
-1.1362240405481618
-1.142026906158814
-1.1434222080487026
-1.1549505544888754
-1.1551532968878746
-1.1607171297073364
-1.161252298951149
-1.1667398892168421
-1.1670526325702668
-1.170540848126014
-1.177233023777392
-1.183642916381359
-1.1853814274072647
-1.1897311210632324
-1.1959218010306358
-1.2044856051603954
-1.2067200740178425
-1.2089732487996419
-1.2092650961421896
-1.209492643829435
-1.2115953929363361
-1.2236561452349026
-1.2250169515609741
-1.2399405539035797
-1.2420433797233272
-1.2463539383606985
-1.247604990005493
-1.2479440341703594
-1.247962974011898
-1.257669746875763
-1.2640783501168091
-1.2692901442448299
-1.2720345966517925
-1.278645533323288
-1.2791337000206113
-1.2874246607534587
-1.2970616966485977
-1.3022955457369487
-1.3261975049972534
-1.3290057803193729
-1.3303275629878044
-1.3351090167319246
-1.3392711306611698
-1.3560733436606824
-1.3607186079025269
-1.366184191405773
-1.37505766376853
-1.4116853773593903
-1.4143784046173096
-1.4190834760665894
-1.4323682337999344
-1.4694915190339088
-1.4748199880123138
-1.4818854257464409
-1.4869410594304402
-1.4889115889867146
-1.4913055052359898
-1.496264656384786
-1.5158467690149944
-1.526801973581314
-1.5379106998443604
-1.538466788828373
-1.540943756699562
-1.6137422919273376
-1.6192539930343628
-1.6236601322889328
-1.6465628519654274
-1.6589815020561218
-1.6999298237108935
-1.7023625175158184
-1.711369820094357
-1.724898874759674
-1.7341222986578941
-1.7473543776820104
-1.75133029728507
-1.7516499757766724
-1.7883148789405823
-1.7910988926887512
-1.8389833569526672
-1.8760363120181864
-1.9049732089042664
-1.9131087064743042
-1.9382502436637878
-1.9614379405975342
-1.972521185874939
-1.9726787373929255
-1.988797810536198
-2.0293460935354233
-2.0309745143167675
-2.046289966978293
-2.0702059268951416
-2.076997397776722
-2.152971043185971
-2.2011786699295044
-2.2032544082030654
-2.238849028086406
-2.3410162329673767
-2.402629374731987
-2.426426351070404
-2.4542843652889132
-2.5269545977935195
-2.5760080814361572
-2.6469491720199585
-2.686631202697754
-2.764810358174145
-2.805818796157837
-2.837552547454834
-2.8410058973822743
-2.894869286159519
-3.0020172498965016
-3.005711555480957
-3.0067868256010115
-3.0518379607237875
-3.0676257014274597
-3.109219405800104
-3.126237945553536
-3.1390504718292505
-3.1485708419349976
-3.202257704882262
-3.2070987224578857
-3.2175073722488983
-3.3399486397975124
-3.3820444345474243
-3.398494243621826
-3.4277820982970297
-3.5140459537506104
-3.548777222633362
-3.55429208278656
-3.5585523415356874
-3.5883169174194336
-3.6181116104125977
-3.892347812652588
-3.903159499168396
-3.98290479183197
-4.112137317657471
-4.8237446546554565
-6.932734966278076
-6.964210033416748
-7.208345890045166
