-0.00041559641249477863
-0.01183869347005384
-0.02718360209837556
-0.027320728166766155
-0.02759972457230712
-0.03214070881949738
-0.03376342006959021
-0.0372309775557369
-0.041678385401610285
-0.04937286403340598
-0.05908533624218156
-0.06736796845992406
-0.0732251412534554
-0.07347342585368703
-0.07735665641957894
-0.09030969054438173
-0.1071173143282067
-0.11118473765479091
-0.1362448271829635
-0.1482028895698022
-0.15635402859188616
-0.16124729253351688
-0.16454962641000748
-0.16466298687737435
-0.1688966192305088
-0.17182624153792858
-0.17294882738497108
-0.17839717166498303
-0.18692781160435906
-0.20090637146495283
-0.20458106290607248
-0.20894496515393257
-0.20923936348408462
-0.20988130000187083
-0.2167410013731569
-0.22434147652529646
-0.22627429431304336
-0.22791050612189187
-0.2313518969375374
-0.23759588890243322
-0.24392300771756303
-0.24546063844657814
-0.24767468869686127
-0.24985393810881457
-0.25026740386965685
-0.253124185744673
-0.2553074515017215
-0.25625842984300107
-0.26289141101005953
-0.2636013427732645
-0.2652155561372638
-0.2689674648689106
-0.27038379820684594
-0.275621923385188
-0.27872172235511244
-0.2792839339849057
-0.2823181865271181
-0.28307848097756505
-0.2910664690192789
-0.29466575519472826
-0.29640011737744015
-0.2971511061768979
-0.30449216393753886
-0.30471737622610817
-0.3196120758439065
-0.31985233446757777
-0.32481045097423095
-0.32620389538351446
-0.3288537592161447
-0.3369049528717167
-0.33981319532419246
-0.3415520249604015
-0.34213128997726017
-0.3431781173916534
-0.3447247308213264
-0.34502508215622846
-0.3460276441881433
-0.3461563299060799
-0.3463459015474655
-0.3472820156253874
-0.3487765841224852
-0.34983147654150215
-0.35231071314774454
-0.3530881989863701
-0.3553757426794618
-0.35986284352838993
-0.36239735626926023
-0.363695183233358
-0.36854596258854144
-0.36922563309781253
-0.3693240712406502
-0.37341734148295863
-0.3842634027823806
-0.384281901953121
-0.3850987496669404
-0.38947147637372836
-0.3938919337000698
-0.3939192104153335
-0.3948392418161448
-0.39689765658113174
-0.39738701476848554
-0.3981285620894697
-0.39959551952779293
-0.39962200773879886
-0.4022632265696302
-0.4070115501859358
-0.4074757926476498
-0.40905813354765996
-0.41008297430484425
-0.4101227799223529
-0.4120115282930783
-0.4133285242979499
-0.4151704562827945
-0.4151958292350173
-0.41562107764184475
-0.41695227278396485
-0.41851083897719427
-0.4208152567967772
-0.4219874268164858
-0.4222255598753691
-0.4222677208483219
-0.4240769576281309
-0.42585468066569704
-0.4279659374927481
-0.4293260985314624
-0.43332800308126024
-0.433361292609738
-0.4339377816359047
-0.4355165016475237
-0.43896282888017596
-0.43918570472548407
-0.4403455470585161
-0.4410105641465634
-0.4419780272990465
-0.44312556176737417
-0.4432233280647779
-0.44334707954632385
-0.4437697678920813
-0.443863357262065
-0.4454541425056959
-0.4473808805813037
-0.4479000394640025
-0.4485293743533215
-0.44901451802191633
-0.4496105128588776
-0.45007522000620764
-0.45025393791365786
-0.45085819779584807
-0.4516567812417634
-0.4556260426506924
-0.45755247020029594
-0.45840998785570264
-0.4598481358960271
-0.45997486836276946
-0.4601513162488118
-0.46057436552031766
-0.4606419625575654
-0.46327975152858664
-0.46337504163384435
-0.46369707453995945
-0.46432642941363156
-0.4656404784311437
-0.46612576907500625
-0.4688738465309143
-0.47213813357811885
-0.4724458988962902
-0.47265841619082494
-0.4781571782493432
-0.4789627959020436
-0.4795582816732349
-0.479607470537303
-0.4797285720705986
-0.4803229554866751
-0.48285235141646926
-0.4832748931215104
-0.48383859374249977
-0.4844745737160944
-0.4860439192755924
-0.48629706753611873
-0.48663026022000444
-0.486908713914454
-0.4871989307284821
-0.487595697450969
-0.4876021916978061
-0.48825695317464124
-0.4885416315868497
-0.48889379133470356
-0.4902146662934683
-0.4904676005971851
-0.49072369653731585
-0.4909822999810179
-0.4917632181230666
-0.49544577942773077
-0.49614579463377595
-0.4967201817780733
-0.49705110226447385
-0.49829151555895806
-0.49944807549763937
-0.49961553727007413
-0.4997230245332633
-0.49990147738717494
-0.5009841122642124
-0.5014774359224248
-0.5026011325884611
-0.502742264943663
-0.506499091667744
-0.5074896052745836
-0.5092268624076886
-0.5093493275477764
-0.5094739297928754
-0.5102189640913691
-0.5102278773805925
-0.5114513488369994
-0.5121935995994136
-0.514774005032248
-0.5159105205287536
-0.5179592305794358
-0.5187049266183749
-0.5197592667430978
-0.5200581601303484
-0.5207148998975754
-0.5210992609936511
-0.5214011769858189
-0.5248145568184555
-0.5251760399135362
-0.5252929744440027
-0.5264352701342432
-0.527137369819684
-0.528953796174998
-0.5294663949171081
-0.5302100175370773
-0.530992782175807
-0.5312819521874189
-0.5318430480029848
-0.5330439748035537
-0.5334995619952678
-0.5335262237349525
-0.5340837795091303
-0.5368667349102907
-0.5373189820691349
-0.5374962062471442
-0.537535396963358
-0.5381085008848459
-0.5393927933847797
-0.5399850804436331
-0.5404386094823066
-0.5410049617562133
-0.5418704309267923
-0.5424262131564319
-0.5431504584848881
-0.5446947549159328
-0.5450212876571136
-0.5473466441762866
-0.5473712235689163
-0.5477336049312725
-0.5489747896790504
-0.551042906086271
-0.5515943938400596
-0.5538974439924849
-0.5541386235505342
-0.5552366349613294
-0.5552876718127384
-0.5564626214856451
-0.5570749526211459
-0.5585566684086289
-0.5605943566653877
-0.5607888514382972
-0.5619377363473177
-0.5619551455456531
-0.5658616764121689
-0.5659942266481396
-0.5660563436556711
-0.5682643697364256
-0.5691515109501779
-0.5723577738473458
-0.5730297171200315
-0.5745048801680761
-0.5780914593728838
-0.5780955006161498
-0.5792901580820659
-0.5807106749853119
-0.5811644406445945
-0.5828486456726254
-0.5842762726048628
-0.5842939449939877
-0.5844387825992372
-0.5890064934428665
-0.5892045963555574
-0.5904492960932354
-0.5910304807825014
-0.5912488533649594
-0.5923735212534667
-0.5929769006642428
-0.5934527273755521
-0.5936616575345397
-0.5938973440918036
-0.5942497003771778
-0.5944451736286283
-0.5949069447815418
-0.5956348732413191
-0.5962230937089771
-0.5979612638309065
-0.6014883910667979
-0.6015435785520822
-0.6024549579513925
-0.6034043835663598
-0.6039055210227767
-0.6058128697331995
-0.6065592465588865
-0.607974554222892
-0.608116369819202
-0.6098737149898495
-0.6104700900614262
-0.6139523456267153
-0.6177549704655327
-0.6179947778065171
-0.618416588807192
-0.6186078659569224
-0.6188274612009991
-0.6188858934231879
-0.6189930370892398
-0.6209454894065857
-0.6210508233780274
-0.6216167996753938
-0.6218533541541547
-0.6228451879229396
-0.6239655141362164
-0.6243552243449139
-0.6248058815253899
-0.6250876002013683
-0.627521799877286
-0.6287996092026955
-0.6295542747247964
-0.6307274745883081
-0.6308241188526154
-0.6309672539884393
-0.631054633607467
-0.6331180929671973
-0.6332395928911865
-0.6344547556447131
-0.6358737073351222
-0.6361804728231649
-0.6364549087094409
-0.6368018491253867
-0.6381968706846237
-0.6397440866592502
-0.6403086671295265
-0.6421666027357181
-0.6428885489691185
-0.6434695181853481
-0.6447271382436156
-0.6448693768470548
-0.6453152894973755
-0.6457094693118158
-0.6483416583699485
-0.6500363407346109
-0.6503587760031223
-0.6514808870851994
-0.6516320425036707
-0.6531255040317774
-0.6535666399221454
-0.65429432913661
-0.6547829695045948
-0.6554332431228629
-0.6556688345968723
-0.6576649814844131
-0.6576936973433476
-0.6584998066246044
-0.6590088479220867
-0.6592545712892725
-0.6593387474771589
-0.6595289116067922
-0.6606745922472328
-0.6608214275163066
-0.661474256353813
-0.6624431470229936
-0.6637679971754551
-0.6660429860115983
-0.6673378216801211
-0.6673654431727266
-0.6674002192914485
-0.667403707280755
-0.6681504314765334
-0.6709067963737263
-0.672606729201828
-0.6734439760446549
-0.6737166341141952
-0.6741815743347009
-0.6742503746555975
-0.6747636141781522
-0.6782079070496062
-0.6784166200603876
-0.6789661165326834
-0.679304463439621
-0.6793973047460895
-0.680284177086183
-0.6803170473334225
-0.6809205278529719
-0.6813659656792879
-0.6836876084811853
-0.6839590733870864
-0.6854440465588899
-0.6873433231841772
-0.6876693548983894
-0.6889602413607968
-0.6889840791467577
-0.6921727323723543
-0.6924900596107667
-0.694541238452075
-0.6964683437650092
-0.6986684367060662
-0.6987393736839295
-0.6994043431477621
-0.699519157926261
-0.6997219162165291
-0.7014632681384683
-0.7023630921737224
-0.7028488107025623
-0.7038604121189564
-0.704391798377037
-0.7051846963586286
-0.7056697878683917
-0.7059007925498817
-0.7071160189807415
-0.7092682378832251
-0.7104777813260443
-0.7107641237322241
-0.7114673570807403
-0.7131680331076495
-0.7134524866938591
-0.7147226322442293
-0.7170459814757729
-0.7231436905451119
-0.7264589321400438
-0.7265503715191569
-0.7271499017806491
-0.72878434948091
-0.728920316696167
-0.7308470010757446
-0.7312846587349972
-0.7320788788742253
-0.7321320058157047
-0.7366898908383317
-0.7367267951369285
-0.7409704730865391
-0.7411402700672625
-0.7425225852445388
-0.7430995335501697
-0.7452982739648886
-0.7455274275104914
-0.7465641870861873
-0.7468735666479915
-0.7492827009409666
-0.7507184093285885
-0.7509948636143235
-0.75261271125637
-0.7554440477064678
-0.7562406274179617
-0.7587319261261395
-0.7596468452939007
-0.7632116736785974
-0.765173097451528
-0.7662827049692472
-0.7694999780505896
-0.7696520717193683
-0.7698804139667614
-0.770221309186044
-0.7728490723917881
-0.7767803477389472
-0.7770148953422904
-0.7770376248019082
-0.7801528645898489
-0.7812592486734502
-0.7834303259383887
-0.784137620171532
-0.7849679676954919
-0.7873173669795506
-0.7875848207074929
-0.7878213446321232
-0.793641211747955
-0.7945386668046316
-0.7948720837399984
-0.7970285335904919
-0.8005806240447176
-0.8010631959353175
-0.8013130158185959
-0.8041002398822457
-0.8069563864264637
-0.809357532300055
-0.8098450172692537
-0.8098496282473207
-0.8106374258495634
-0.8112939918879419
-0.8118264979333617
-0.8127758693363931
-0.8234506455870966
-0.8238288164138794
-0.8251880288124085
-0.8299584230796123
-0.8311958353966474
-0.8321287852013484
-0.8324510852495829
-0.8325566353450995
-0.8334904704242945
-0.8365566429682076
-0.840693210872511
-0.8416406161591617
-0.8430243964030524
-0.8441798336571082
-0.8445223960559816
-0.8447279363870621
-0.8460675298701972
-0.8481396231800318
-0.8482137856073677
-0.8507000957098272
-0.8514636215753854
-0.8524312674999237
-0.8582164100371301
-0.8602843265980482
-0.8648031815634264
-0.8664968609809875
-0.8683431543409824
-0.8699013450338194
-0.8712207702919841
-0.872665420278079
-0.8730010609142482
-0.8752368986606598
-0.8802835786482319
-0.8829228399321437
-0.8829444206452796
-0.886262253858149
-0.88684349860996
-0.887327437774123
-0.8892847571056336
-0.8894873594787592
-0.8915447405140314
-0.8918305196799338
-0.8953394619747996
-0.8956998296082019
-0.8969728286777224
-0.9065990540693747
-0.9108866772303978
-0.9130616907340785
-0.9134804574539885
-0.9146832601167262
-0.9175143033266068
-0.9179216315678786
-0.9205586016178131
-0.921602395363152
-0.9231923655606806
-0.9243122097104788
-0.9248135133530013
-0.928525110182818
-0.9288735828207185
-0.9300054640916642
-0.9304937924399772
-0.931391426891787
-0.9395569350104779
-0.9419930631294846
-0.9426544232604405
-0.9462157413363457
-0.9473599461562117
-0.9475483581423759
-0.9483317847674092
-0.9499092822855649
-0.9503459751605987
-0.9548048098571599
-0.9558321411410967
-0.9577275144256419
-0.9648134543870887
-0.9651185852874603
-0.9654483397801717
-0.9655505744594848
-0.9668124324331681
-0.967397723859176
-0.9707638417603448
-0.9709500133991241
-0.9726149457856081
-0.9728615377563983
-0.9746549601097487
-0.9747542294984063
-0.9786782106772686
-0.9824652013679346
-0.9848287805087037
-0.9848562626866624
-0.9854036717442796
-0.9895633557171095
-0.9897289697080851
-0.9920820251107216
-0.9929348164858918
-0.9940343625429604
-0.994842823750029
-0.9964990125348171
-0.9979871897026896
-1.003688598672549
-1.0050394386053085
-1.0064285521395504
-1.013070893784364
-1.0165081742452458
-1.0179971992969512
-1.019396722316742
-1.020090065721888
-1.0211939099503473
-1.027126629371196
-1.0343655563580494
-1.0376197690816804
-1.040906270345052
-1.0411125151440501
-1.0444646851263113
-1.045027781144849
-1.0530896898562787
-1.0534656775649638
-1.0543036911015709
-1.05558646718661
-1.0567549080587924
-1.0571013374202367
-1.0582289099693298
-1.0617409605532884
-1.0644573690283323
-1.066527972201584
-1.069919274499019
-1.0699406919468726
-1.0709089456358925
-1.0725494424502056
-1.072880101390183
-1.0737673331677797
-1.0740310915280133
-1.076561674894765
-1.077240490913391
-1.0783718029658
-1.0875246108334977
-1.0877768310407798
-1.0971747819858138
-1.0991567689925432
-1.1022428583237343
-1.1035937029868363
-1.1050459730176954
-1.1063003151677548
-1.1067889929981902
-1.1089641358339577
-1.1101097318751272
-1.111452043056488
-1.1119499045889825
-1.1147661614231765
-1.127306227882703
-1.1280655235052108
-1.1290468250736012
-1.136526095867157
-1.138047844171524
-1.1382629834115505
-1.1386739156441763
-1.1463440849717397
-1.1523141223937272
-1.1530697364432854
-1.15366321025067
-1.1576474054406087
-1.1595714804716408
-1.161535340671738
-1.1662640899109344
-1.1719494958718617
-1.1738337677670643
-1.1752524436451495
-1.177644393593073
-1.1782657819858287
-1.1782946636279423
-1.1843994429509621
-1.1872439856330554
-1.1873587891459465
-1.1912675981002394
-1.2021779832818236
-1.2077521228098445
-1.22116623322169
-1.2223730683326721
-1.2229274081997574
-1.2254652624340872
-1.2266533108694213
-1.2366025609163833
-1.2378861880861223
-1.2383193193236366
-1.238638551343077
-1.2419971158692182
-1.2460923425054975
-1.248277389522021
-1.260256290435791
-1.2609948068857193
-1.2640183907933533
-1.2651827298104763
-1.2659651357098483
-1.2765530124306679
-1.2772938429843634
-1.2802622740467389
-1.2822179219918326
-1.3000599238090218
-1.3057907323042552
-1.306780130286435
-1.3100685129563014
-1.310468442699251
-1.3150070991068787
-1.315108100573222
-1.3161889143431416
-1.3163880861053865
-1.3179205514024943
-1.325309889820906
-1.3259758949279785
-1.3288403062809568
-1.3339051337291796
-1.3344402595290117
-1.3379414013719984
-1.3479578119392197
-1.3626067814018046
-1.363528784364462
-1.366244097861151
-1.3806257583200932
-1.3817881040740758
-1.3838364981735747
-1.3845366617250774
-1.3884109255547326
-1.3898921739310026
-1.3973075321409851
-1.400750639715365
-1.4277866184711456
-1.4305391311645508
-1.438607033342123
-1.4498763830342796
-1.466862067580223
-1.4790411293506622
-1.4839177280664444
-1.4912172772067909
-1.493487613896529
-1.4937719702720642
-1.496006503875833
-1.521585737655793
-1.5498343087965623
-1.5528797869171416
-1.5533578793207805
-1.5581728219985962
-1.5681023399035137
-1.5682688699647163
-1.5852661728858948
-1.5869534333294724
-1.587063695071265
-1.5977176371961832
-1.6043760031461716
-1.6112424060120247
-1.6116444028913974
-1.6222422905266285
-1.6295287418179214
-1.6295308702586528
-1.6430885791778564
-1.6433013135101646
-1.6525373756885529
-1.6560820217244328
-1.6650802890459697
-1.6724851230780284
-1.6777082235494163
-1.705620288848877
-1.719489773362875
-1.7490965127944946
-1.7494664192199707
-1.7495635173150472
-1.7509267330169678
-1.756400815397501
-1.770751817151904
-1.7926057688891888
-1.8055591583251953
-1.806916890045007
-1.8128166031092405
-1.81564212590456
-1.8171975135803222
-1.8382103443145752
-1.8417635411024094
-1.8448625206947327
-1.8623432708638055
-1.8690755784511566
-1.87320935629153
-1.8735342232200007
-1.8760574292391539
-1.8770842660548321
-1.8874947960887636
-1.8958282470703125
-1.8960625830416877
-1.9084082865544285
-1.9193747788667679
-1.9234545826911926
-1.9376632968584697
-1.9497516583651304
-1.9550134599208833
-1.9587977131207783
-1.988165768235922
-1.990023747086525
-1.9973254203796387
-2.0321406424045563
-2.0391554832458496
-2.042896032333374
-2.049445071257651
-2.066040980319182
-2.1047775875777006
-2.14606261998415
-2.1463531255722046
-2.1601359486424676
-2.1608341271057725
-2.172612726688385
-2.215785339474678
-2.233480902388692
-2.253114898999532
-2.2599851389726004
-2.2662396542727947
-2.2871070552500896
-2.287751395837404
-2.297604126483202
-2.3250096570700407
-2.3327328711748123
-2.3728643842041492
-2.386215329170227
-2.3877750374376774
-2.4317620992660522
-2.4391722679138184
-2.4744935035705566
-2.494396483898163
-2.4973350858781487
-2.5063038170337677
-2.526058793067932
-2.563662807146708
-2.5645073913037777
-2.589039321988821
-2.609232875518501
-2.610021559521556
-2.6403112014134726
-2.6702483892440796
-2.6830307245254517
-2.7043402306735516
-2.7200742637505755
-2.7303561091423036
-2.747518333955668
-2.75576384862264
-2.8038526326417923
-2.853185251355171
-2.874224374691645
-2.9356560707092285
-2.9671028703451157
-3.0335642982972786
-3.0688793659210205
-3.0785951614379883
-3.078983827261254
-3.0892761810682714
-3.1065911108162254
-3.106968015432358
-3.110705400700681
-3.1158579513430595
-3.163451069034636
-3.174589628353715
-3.178134560585022
-3.1810207068920135
-3.289450844284147
-3.2902960777282715
-3.3364200070500374
-3.3388171195983887
-3.362119495868683
-3.4084479808807373
-3.454644799232483
-3.5643434897065163
-3.56808396615088
-3.5765068233013153
-3.5825882107019424
-3.6181480884552
-3.642197906970978
-3.80081844329834
-3.852102756500244
-3.99018931388855
-4.169675588607788
-4.261272311210632
-4.337878584861755
-4.481218338012695
-4.752059660851955
-4.865789294242859
-4.8663153648376465
-4.912428855895996
-5.110775113105774
-5.377499103546143
-5.407665729522705
-5.521413326263428
-5.580982685089111
-5.652520179748535
-5.721606731414795
-5.803675174713135
-6.2289276123046875
-6.891756534576416
-7.7730302810668945
-7.844507694244385
-8.385334968566895
-9.31308364868164
-9.8920316696167
-10.945206642150879
