-0.20459481328725815
-0.22116227447986603
-0.3270657741464674
-0.3383002420887351
-0.5093538553919643
-0.5356739809709218
-0.5514634215971455
-0.5600774822024894
-0.560081492133367
-0.5648543255117077
-0.5682758749885992
-0.5727322269947484
-0.5784622063051517
-0.5803034202221574
-0.5840439241330483
-0.5858856389997527
-0.5860055685043335
-0.5901275330688804
-0.5940578177507068
-0.5943892453957734
-0.594608345741613
-0.5965620924385543
-0.5965783227235079
-0.6034374083610601
-0.6052033240388742
-0.6084299319423735
-0.6100540161132812
-0.6124284647405147
-0.6127874641041182
-0.6138969501036973
-0.615530330183295
-0.6163643022742251
-0.6194571351202635
-0.6222952639321139
-0.6232124954265984
-0.6265728844075718
-0.6269863207921541
-0.6309738499013682
-0.6361455989324234
-0.6372010044753551
-0.6428623433328338
-0.6435078945668304
-0.643808460060427
-0.6480983778356427
-0.6493981836461707
-0.6499669854839643
-0.6550288863637594
-0.6565431095547286
-0.6613701221843561
-0.6630498989529553
-0.670996242435649
-0.6729778020651013
-0.674887133948505
-0.6853625604417175
-0.6859965752982707
-0.689180836857607
-0.6939643638602103
-0.6997787948306983
-0.7034361510927556
-0.7075367560665611
-0.7075876046649434
-0.7103928329285096
-0.7156516736482873
-0.7170197002037808
-0.7221432840109945
-0.7241720426827669
-0.7298019814511968
-0.7378894804860465
-0.7456370466452031
-0.7482540431018505
-0.7495986987778451
-0.751324090209824
-0.7554676389088855
-0.756035048890626
-0.7577268799129039
-0.7618684359116014
-0.762446673435079
-0.7628915191572477
-0.768785336795263
-0.7731715726355711
-0.776309598099615
-0.7777225623528162
-0.7806414328182915
-0.7831427039863128
-0.7940569420655569
-0.795411505799469
-0.7955684959951728
-0.8002409438292185
-0.8079321278026328
-0.8183105116089185
-0.8247348787505567
-0.8395405970313732
-0.8413987712055031
-0.8466491438448429
-0.8585789874778129
-0.8786341600585729
-0.8816885005993148
-0.8872540779411793
-0.8996003868523985
-0.904486999000338
-0.9279115192592144
-0.9302238543792295
-0.9307619859464467
-0.93334473550997
-0.9667702945215362
-0.975954744964838
-0.9838470473885537
-0.9930454765756925
-1.0240381331183017
-1.0264603912830352
-1.0360455567327638
-1.0503389464720385
-1.0663008005078434
-1.13895745575428
-1.1720202990940638
-1.211981972058614
-1.250851884484291
-1.3697674497961998
-1.4294071942567825
-1.4615484606474638
-1.469470739364624
-1.5033776783384383
-1.6060492992401123
-1.6974747230609257
-1.7717390805482864
-1.832911531130473
-1.9204468925793965
-2.166085869073868
-2.567644387483597
-3.166466236114502
-3.2253343164920807
-4.297212600708008
-4.4558610916137695
