-0.000771820661611855
-0.005417716514784843
-0.007841248880140483
-0.012874045874923468
-0.024967711477074772
-0.02753540442790836
-0.03432450722903013
-0.035740809980779886
-0.03755899833049625
-0.049619864352280274
-0.05289802700281143
-0.0570830280194059
-0.058606233137349285
-0.06421055559026585
-0.08262892809164311
-0.08611679507885128
-0.08972031563462224
-0.10489841553498991
-0.11210763019820054
-0.1187108076867714
-0.11910841334611177
-0.12222371489042416
-0.13361251967984977
-0.1369765667244792
-0.14755416964180768
-0.14961299678095832
-0.15033164038322866
-0.1505068656988442
-0.15558774250426463
-0.16252923439024017
-0.16276562958955765
-0.16607677117281128
-0.16682757859650468
-0.1669703480373654
-0.16771994691807776
-0.17211865936405957
-0.17597436448947215
-0.1807671661178271
-0.18094390181067865
-0.1914691490936093
-0.19398537791857962
-0.1944349908735603
-0.19923192685070848
-0.20023156244618198
-0.20231594827611035
-0.20469681732356548
-0.2060244424501434
-0.2072248657544454
-0.20746915438212454
-0.20965319437285265
-0.21039414461535802
-0.21536403335630894
-0.21953518873779104
-0.2215633624990005
-0.22359437867999077
-0.22454803598423798
-0.2252920038998127
-0.2256557902213759
-0.22793609648942947
-0.22833935528372726
-0.23505877486119667
-0.2396379191830585
-0.24026654746267012
-0.2410674431535881
-0.24370939806103706
-0.24428398422896863
-0.24436133311828598
-0.2478593323379755
-0.2508374884258956
-0.255003007943742
-0.2573530318687618
-0.25773544428456163
-0.2627107215006478
-0.26441467544063924
-0.2653581457312352
-0.2656965686706826
-0.26726541231619194
-0.2676250293588964
-0.270855708645993
-0.272064328348885
-0.2765190410427749
-0.27814655454130843
-0.27843845514580606
-0.2849063908215612
-0.285241357240011
-0.28554444756758
-0.28670902938271564
-0.28813747002277523
-0.28838100703433156
-0.2893489475051562
-0.29057449945248665
-0.29126163772598374
-0.29256529713748025
-0.2938817018667968
-0.2950209297268884
-0.29651657268404963
-0.2973726492840797
-0.29773030895739794
-0.29985805911322433
-0.30129252845654264
-0.30329719225410373
-0.3041943936608732
-0.3045775612505774
-0.30582291302271186
-0.30586389090749433
-0.3060931300278753
-0.3066307197441347
-0.30684988545752795
-0.3073406911654664
-0.30916651878642903
-0.3103911564352789
-0.31062993715750054
-0.31482916778056985
-0.3152716784117123
-0.31606971925228006
-0.3246372488870596
-0.32968579018155914
-0.33180957932490857
-0.3345217454124294
-0.3374188949819654
-0.33813627910179395
-0.3403969449379171
-0.34230383144458754
-0.34364565562767285
-0.3437677628050248
-0.3457534330431372
-0.3463498938518266
-0.34848478334024546
-0.34898141789017245
-0.34917039290974994
-0.3505350293554856
-0.3510591401053326
-0.3517290572199272
-0.35556729819509203
-0.35692590283643866
-0.35834525687493046
-0.360137438091139
-0.36065190337831154
-0.36068594209306565
-0.36174118033211144
-0.3623732349369675
-0.3632551712798886
-0.3679544225342397
-0.3682067391637247
-0.3705293120195468
-0.3714042671024799
-0.37182792580878254
-0.3719514606313573
-0.37199442873575855
-0.37249233601614834
-0.3725617179297842
-0.37395750093273816
-0.3754062098450959
-0.3778049287696679
-0.37856210154714065
-0.379344790274362
-0.38003866283470417
-0.3803666447185808
-0.38094960823946167
-0.38172784735797904
-0.3817919449814196
-0.38186232676768367
-0.38259411486797035
-0.3852361529949121
-0.38606912394364673
-0.3862252600491047
-0.38784572929143907
-0.3878780308412388
-0.38809957829653285
-0.38866849229088984
-0.38997741172788664
-0.39047393668442965
-0.3906671750824898
-0.3918024579262627
-0.3919360212543431
-0.393031986663118
-0.39389773605055073
-0.3946445973124355
-0.39557580711940926
-0.3973732003942132
-0.39828762752003966
-0.3984592949439372
-0.3989297571592033
-0.3993321163746129
-0.40048760548233986
-0.40139982930074136
-0.40145264549011533
-0.4021111687179655
-0.40225126432986663
-0.4029101495231901
-0.40365817457703607
-0.4040470926556736
-0.4041315312497318
-0.406141746789217
-0.4063175226162587
-0.40643232699949294
-0.40713750139663096
-0.40721477174277726
-0.40748023554682733
-0.4075653400893013
-0.40824250570897547
-0.40851351274177433
-0.40867892195819877
-0.4087769681538798
-0.4093026133341482
-0.40979990425209206
-0.4114144682197979
-0.4124050552723929
-0.41407705714496285
-0.41525618974119427
-0.4160933490077566
-0.41718559007027317
-0.41856172391109997
-0.42001047025486415
-0.42118928730487826
-0.4216119291053878
-0.42220753747969864
-0.42308673875119823
-0.42358039567867917
-0.42495279021386523
-0.4256119624245912
-0.4259551415840785
-0.42622144470806234
-0.42648221435956657
-0.42719484148547054
-0.4277038158228
-0.42772905280747053
-0.4310778835430168
-0.43157772150718504
-0.43173274826258423
-0.43183085154742
-0.4319002763833851
-0.43219702911301283
-0.4327911514167984
-0.4337713031305207
-0.4348612959438469
-0.4350235295881118
-0.4358513833223177
-0.4377984801491645
-0.4385688528418541
-0.43868878515633314
-0.43869177167388523
-0.4388446971565357
-0.43896565282096467
-0.4395286226645112
-0.43963125442678574
-0.43972959064412864
-0.4409180028596893
-0.4419422107748687
-0.4429749772987432
-0.44347941171422245
-0.443621302396059
-0.44563782663964147
-0.44685305127253133
-0.4471363432239741
-0.44834151632676367
-0.4485004984308034
-0.4494439067784697
-0.4498949606437236
-0.4506150760437147
-0.4512364003021503
-0.4516878739775469
-0.4517563214758411
-0.45213600448623764
-0.45262884674593806
-0.4548570319748251
-0.4557593809440732
-0.4558962377278866
-0.45646124142513145
-0.45734976621655127
-0.4574782447889447
-0.4577922468568431
-0.4605298643495189
-0.46059104888367336
-0.4610332091106102
-0.46197501113056205
-0.46219903653088423
-0.462615678505972
-0.4635994354676869
-0.4640343083975543
-0.4644389435648918
-0.4652672279626131
-0.4675472134258598
-0.4684105475055825
-0.4686273217999509
-0.4688074259708325
-0.46923661476466805
-0.47010400511660716
-0.47058368950254387
-0.4705851910985075
-0.4708819314837456
-0.4709367889445275
-0.4710248937830329
-0.4725981801748276
-0.4736845896889766
-0.4738591469824314
-0.4739201522121827
-0.4753952725893921
-0.47565556524528396
-0.47568579331273214
-0.4759380482137203
-0.47615952999331057
-0.47661360934580443
-0.4767156165093184
-0.4775040872433844
-0.4786670288691918
-0.4790972608025186
-0.4791730961426058
-0.48000922324871154
-0.4801301537663676
-0.4801751908380538
-0.4810251436595406
-0.48151685181073844
-0.48179175497757065
-0.4818089749314822
-0.4827825172105804
-0.48518277825011563
-0.48718986596478236
-0.4883267689438071
-0.4891773456532974
-0.4920989142730832
-0.4940491318702698
-0.494322175721916
-0.4949848793912679
-0.49611226690467447
-0.49807392373168113
-0.4984228989730279
-0.5003948745628198
-0.5035360902547836
-0.5063190300716087
-0.5065334124697579
-0.5076448004692793
-0.5110037570848363
-0.5115499546130499
-0.5125932906022561
-0.5134678741451353
-0.5137202843477059
-0.5156514355912805
-0.5157018568619
-0.5159209625096992
-0.5161802704549499
-0.5168229548220077
-0.5178297566469863
-0.5182833448052406
-0.518437860137783
-0.5184843300117387
-0.5216352052986621
-0.5234249085187912
-0.5234642785508186
-0.527795071771834
-0.5280714090525483
-0.5289746177251168
-0.5290867036208511
-0.5368209983941845
-0.5369307834368485
-0.540454580138127
-0.5406271695101168
-0.5406411710816125
-0.5406710031028423
-0.5428471140563488
-0.5443253361154348
-0.5453084762208164
-0.545666527171852
-0.5462566670030355
-0.5463740962247053
-0.5482356338387555
-0.5491553692554589
-0.5491579222580185
-0.5522262805898208
-0.5522732824087143
-0.5528036125004292
-0.552831206160287
-0.5531298211879201
-0.5536745248828083
-0.5543541187245864
-0.5559676903196507
-0.5573602762073279
-0.5589534714818001
-0.5593648890887076
-0.56009865924716
-0.5605729877948761
-0.5607177331761565
-0.561823214404285
-0.5631881557055749
-0.564336315303555
-0.5646691207531029
-0.5647124297296008
-0.5689096407343944
-0.5689712009625509
-0.5710543436663491
-0.5713038028528293
-0.5744637787574902
-0.574761543655768
-0.5749210131665071
-0.5760291844459349
-0.5767067976218337
-0.5774755530059338
-0.5775536323587099
-0.5779919710808566
-0.5781669774218104
-0.5811285967273372
-0.5814780027472547
-0.5831965453301867
-0.5834430158138275
-0.5834848827549389
-0.5848292072727678
-0.5882874659029766
-0.5929971119912807
-0.5947645167720371
-0.5956444821786135
-0.5970974208580123
-0.5988240345743381
-0.5993657084065489
-0.6002300481001536
-0.6003365452966786
-0.6007913366629509
-0.6010431854261292
-0.602802594502767
-0.6046865616925061
-0.6051300778985024
-0.6093975681811571
-0.6104818824678659
-0.6111590388630118
-0.6126160496845842
-0.6130540187295992
-0.6157773556187749
-0.6167263900195914
-0.6192932732403278
-0.6198093739027778
-0.62073769357276
-0.6238820413903644
-0.6242848348338157
-0.6256020643282681
-0.6271372199058532
-0.6294027427211404
-0.63009262830019
-0.6314661055803299
-0.6332151098176837
-0.6346977829933167
-0.635233549401164
-0.6353264388938745
-0.6355160258390242
-0.6355771062274774
-0.635651869350113
-0.6361753949895501
-0.6369732021183674
-0.6405256766487252
-0.6419240379815593
-0.6441865359200165
-0.6512539337023294
-0.6519751171348617
-0.6541970216369789
-0.6561082803333799
-0.6581402685907152
-0.6601441258564591
-0.6688645041680762
-0.6697638077457668
-0.6703768132138066
-0.6724703144282103
-0.6737085442990065
-0.6756789319217205
-0.6777580335736275
-0.6791833162307739
-0.6806315688183531
-0.6864724397659302
-0.6884049483841019
-0.6884785522706807
-0.6945255874500921
-0.6945631808290879
-0.7003084775060415
-0.7032218701671809
-0.70444366397957
-0.7047062767669559
-0.7050639902008697
-0.7054328491911293
-0.7081196559593081
-0.7083833692595363
-0.709278383237474
-0.7141644041985273
-0.7164484511129559
-0.7181689385324717
-0.7189304645406083
-0.7208461435511708
-0.7211576155386865
-0.7221781089901924
-0.7234032479347661
-0.7285630226135253
-0.7296354963909835
-0.7302417644920448
-0.7316234695414702
-0.7340040969041487
-0.7349301977083087
-0.7361318975687027
-0.7365106504396809
-0.7367606505984441
-0.7377864380056659
-0.7399102002382278
-0.7413607910792861
-0.7416726425290108
-0.7448989877477288
-0.7465334177017212
-0.7477484170667594
-0.7564290517941117
-0.7578086159192026
-0.7651938785274979
-0.76591061899065
-0.7677432782948017
-0.7793512245019277
-0.7802024834478894
-0.7855183812272217
-0.7909937684557268
-0.7910003742823998
-0.7957552829239931
-0.7961830097871522
-0.796247764205974
-0.8004204373573884
-0.8033279128372669
-0.808971555531025
-0.8118114024400711
-0.8120239012641832
-0.8122890803497285
-0.8128232634626329
-0.8141867378726602
-0.8168804024656614
-0.819122695364058
-0.8199561625719071
-0.8205027013706664
-0.8256760984659195
-0.8286010548472404
-0.833054152627786
-0.8364912296334902
-0.8368146931752563
-0.8386613781977859
-0.8402701098350988
-0.8419493890057007
-0.8454065111000091
-0.8455069281626493
-0.8455905185081065
-0.8469975749030709
-0.8519471398321912
-0.8569651865400374
-0.8577219947474077
-0.8596475113493701
-0.8645784322732956
-0.8803324143730358
-0.8862384879321326
-0.8870097802952538
-0.8896115094423294
-0.8908777832984924
-0.9013905111286376
-0.9085920958646706
-0.9146790649741888
-0.917341777899613
-0.9191087409853935
-0.9253984242677689
-0.9315633738879114
-0.9317781205754727
-0.9502509236335754
-0.9532330702058971
-0.9599932670593262
-0.9629183014039882
-0.9658852154389024
-0.9698931822640589
-0.9703088899453481
-0.9737744529847987
-0.9753287997096777
-0.9838926166296005
-0.9850869486108422
-0.9865776548162103
-0.9962963938713074
-0.9981154166162014
-1.0019780418213207
-1.002923219198627
-1.0144368545928348
-1.0190940390340983
-1.0262352426846821
-1.0282077237498015
-1.02900563677152
-1.0365613669157028
-1.0375643942970783
-1.0394860953092575
-1.0401076388079673
-1.046680748462677
-1.0492391052345436
-1.060696866363287
-1.0765761509537697
-1.0790082663297653
-1.083270703908056
-1.088255725800991
-1.09489654112258
-1.1008798590462123
-1.1040200872404966
-1.108635794231668
-1.1090932736794155
-1.1178675444486241
-1.1188741523240293
-1.1354755411545436
-1.1395205797161907
-1.1398895782185718
-1.144071956941237
-1.1456650588661432
-1.151443791265289
-1.1566161438822746
-1.1577968155699117
-1.1596916168928146
-1.160511642927304
-1.1727486749490101
-1.1753119082083383
-1.1838385947048664
-1.1845144156056147
-1.188505282625556
-1.1896327418674315
-1.1914397378762562
-1.2031539363254393
-1.2094230651855469
-1.2104331765856062
-1.2291478705592453
-1.2354023481408756
-1.2459514141082764
-1.2722698279789515
-1.2800013273954391
-1.2802888832986354
-1.293444862239994
-1.293907192593906
-1.29416923224926
-1.2953503727912903
-1.3048979692161082
-1.3058466166257858
-1.3180804759263993
-1.320402066409588
-1.3352820215746761
-1.3363333733286709
-1.3813550854101777
-1.3818398546427488
-1.3963201542695363
-1.4006575703887003
-1.404567042986552
-1.4064545445144176
-1.4072694579760234
-1.4079050620396931
-1.4088386967778206
-1.408872739567111
-1.4368501651333645
-1.4381742272526026
-1.4396660830825567
-1.4515202111021306
-1.453792337483416
-1.456108426116407
-1.4659739881753922
-1.4791356374820073
-1.4818319524638355
-1.4952074065804482
-1.5109857320785522
-1.5451506227254868
-1.5628098351880908
-1.5836793382962544
-1.6076955050230026
-1.624027743935585
-1.6439095338185628
-1.6444576978683472
-1.6967366884152095
-1.7138570100069046
-1.7224905431270598
-1.723786907736212
-1.7290184549055994
-1.7435962166637182
-1.7611369751393795
-1.7741929593806465
-1.7860615216195583
-1.800541348871775
-1.839716523885727
-1.8778138031251728
-1.8979285558064778
-1.9303552365551393
-1.9337465427815914
-1.9520554790894191
-1.9576613027602434
-1.9868707852438092
-1.9961094856262207
-2.006620842653016
-2.0221968150387206
-2.039162258307139
-2.070342391729355
-2.0898351967334747
-2.094621119244645
-2.106852173805237
-2.116125133509437
-2.1497575398534536
-2.1591477094528577
-2.2316869348287582
-2.24289971900483
-2.309816598892212
-2.325199225684628
-2.341043870896101
-2.3496627528220415
-2.3573782444000244
-2.3611674476996996
-2.3735908567905426
-2.3810901480028406
-2.422397494316101
-2.453966498374939
-2.4942100709304214
-2.503663904964924
-2.526276156306267
-2.5669953795149922
-2.5741154812276363
-2.641810698628736
-2.749277896247804
-2.751984136237297
-2.768050342798233
-2.7879961133003235
-2.8052485709389052
-2.8922160590688386
-2.949424386024475
-2.9659528570482507
-3.013981262842814
-3.1238177833147347
-3.1294416007585824
-3.147361739189364
-3.147438406944275
-3.187668506987393
-3.296630024909973
-3.3367499510447183
-3.3693827994478247
-3.3992350101470947
-3.506318169335524
-3.510799747426063
-3.7516280012205243
-3.9436168670654297
-3.951475848443806
-4.228724479675293
-4.368577371002175
-4.474690834681193
-4.881233215332031
-6.780962944030762
-7.133984327316284
-7.645482063293457
-8.63519287109375
-8.753189086914062
-8.786808013916016
-10.97680950164795
-12.516369819641113
