-0.0005584587925113738
-0.03869062125644026
-0.042943112862606846
-0.04975813014607411
-0.05381638012477197
-0.0866837686553481
-0.10079748421994736
-0.14512812594572702
-0.15400083576969337
-0.17442773742368445
-0.18366631007354176
-0.18375329980626703
-0.22296601875738511
-0.22348427588804043
-0.23142775893211365
-0.242974389610546
-0.24347530864179134
-0.2626270204782486
-0.270608069782611
-0.2760725309199188
-0.2872175578959286
-0.29521680250763893
-0.2971622720360756
-0.29803143220897255
-0.300978590734303
-0.30833848689348997
-0.3105632022023201
-0.31239752750843763
-0.31273412436712533
-0.3135728292901864
-0.31648002564907074
-0.3165332573000342
-0.31817454018164426
-0.31953768370052177
-0.32228418200143744
-0.3231465587159619
-0.32437365196113077
-0.3319004438817501
-0.3320089053129777
-0.3326269024667889
-0.3334551858784289
-0.3376378182959008
-0.338603181971444
-0.34258906576516374
-0.34299500957131385
-0.3451920782547229
-0.3470747380517423
-0.34905006308690645
-0.3509675465870209
-0.3534066528751282
-0.3595806069307677
-0.36126027661465254
-0.3635060326941311
-0.3636817926890217
-0.36449197093827085
-0.3677399994270798
-0.3682430636566504
-0.36829838201156234
-0.36894948507792186
-0.36908625304285025
-0.369156809250449
-0.3692816335892117
-0.36992618069052696
-0.3711093820149674
-0.3713973455131054
-0.3723211224595226
-0.3728731490517186
-0.37355468950700016
-0.37386566848726943
-0.374470402624596
-0.3765680966898799
-0.3771681553667544
-0.3776821447525955
-0.3782014497090131
-0.3790845291223377
-0.37949372086053096
-0.3796785131562501
-0.38051029567112793
-0.38056242163293064
-0.38184392094262876
-0.3826827511998999
-0.3832830513517062
-0.3833715710481556
-0.3835333831608295
-0.3836395094040199
-0.3837368056109106
-0.38433296500112524
-0.38568490612156253
-0.3862188857980072
-0.38628341220319273
-0.3875318314880133
-0.38767562037392056
-0.38925461168400943
-0.3943412333354354
-0.3955518226837739
-0.3959677264210768
-0.396767105087817
-0.39760507967245456
-0.39781389234676245
-0.39995304122567177
-0.40010926257009094
-0.4010308428888062
-0.4019733418655746
-0.40328408362667845
-0.40514217922464013
-0.4062891378363764
-0.40807428596807377
-0.4082870103418827
-0.4084851123206317
-0.4098444921895862
-0.41146012587705627
-0.4135560983791947
-0.41436600272676777
-0.4175668130163103
-0.4175975928959642
-0.4189808059276806
-0.41973609152046265
-0.4201973509043455
-0.4202294772025198
-0.4213302710559219
-0.42208493100479244
-0.42429571580141784
-0.42451219107689603
-0.4248947011572974
-0.4255341217387468
-0.42585803419351576
-0.4266344655537978
-0.4282506259866447
-0.4290223152908896
-0.4296533812058011
-0.42979436048439573
-0.4304069569001773
-0.4316845475083315
-0.43211714054147404
-0.43267064264509825
-0.43308751852739424
-0.43313812772976235
-0.4355829060077667
-0.4358202453669427
-0.437263992219232
-0.43728917837142944
-0.43861950394057203
-0.4400626519229263
-0.44226140063256025
-0.4429713134886697
-0.44501936961231486
-0.4450689808775981
-0.44540076537264717
-0.4457079633139074
-0.44573792279697955
-0.446451967372559
-0.4474499024450779
-0.44772569050546734
-0.4478783754399046
-0.44833188597112894
-0.4495018233678171
-0.4512519426256934
-0.4515517239310106
-0.4516495888431867
-0.4526108752719925
-0.45384744747674893
-0.45460538131495315
-0.45570265416366357
-0.4562788604234811
-0.4576416200559054
-0.4610428032465279
-0.4612457036972046
-0.4628622897767595
-0.4642309786027504
-0.4642328570131212
-0.46502766352412955
-0.46535449160546705
-0.4654189918474003
-0.4670903914874153
-0.4674892889765593
-0.4676782482827548
-0.46784913224669605
-0.46881640527863055
-0.46912642354693485
-0.46970758626412135
-0.47240150570869444
-0.4724658168852329
-0.47597283212526237
-0.4764179991824286
-0.47735081310383976
-0.4775724767574242
-0.4787858099443838
-0.47921595445950516
-0.4820094653405249
-0.4830782388647397
-0.48388089053332806
-0.4857234039033453
-0.48586274369154125
-0.4900899969345321
-0.49010751070454717
-0.4907597101603945
-0.4910502259153873
-0.49273929062474053
-0.4932959760808444
-0.49331128171512056
-0.49431165893163
-0.49538202668455517
-0.4955160061900432
-0.4963154261233285
-0.4990916024071339
-0.499209949595388
-0.4992614999440882
-0.5001891992986203
-0.5003223935944132
-0.5011752708349377
-0.5016136655051794
-0.5024411785933707
-0.5026466780520422
-0.5042126124026254
-0.5061371475458145
-0.5068443059921265
-0.5068900492042303
-0.506937641557306
-0.506991748965811
-0.5076101841172204
-0.5083692558691837
-0.5094281686120666
-0.5118227912462316
-0.5123305059969425
-0.513320917263627
-0.5138178030028939
-0.514745599066373
-0.5173805108801885
-0.5183524764453371
-0.5193504911181258
-0.5227666794944525
-0.5228323269014558
-0.522868724016007
-0.5235183772630989
-0.5238552630413323
-0.525053690911995
-0.528153148572892
-0.5312624130165204
-0.531400191038847
-0.5314141052464644
-0.5324327059090137
-0.53265012614429
-0.5350211704149842
-0.5370357748534944
-0.5375825287774205
-0.5385979940183461
-0.5391204609639115
-0.5393319372087717
-0.5403463275482258
-0.5405176136177033
-0.5414133224403486
-0.5436917927971004
-0.5447959594894201
-0.5448590591549873
-0.5468945370780097
-0.5475530498143699
-0.5477407649159431
-0.5479905166264091
-0.5486984945523242
-0.5491860961150711
-0.551768539022305
-0.5534411418650832
-0.55572753213346
-0.557688997418154
-0.5593435866758227
-0.5605160941680273
-0.5614858117866485
-0.5642897675279528
-0.5645090594383267
-0.5707762546630369
-0.5712408565191759
-0.5744506892748177
-0.5752195591727892
-0.5757010436306397
-0.5780107766389847
-0.5781876946100966
-0.5856077063363045
-0.5877546997275204
-0.5880429388256744
-0.5883681002176471
-0.58860431634821
-0.5891145096263952
-0.5894493864228328
-0.589741243670384
-0.5904669631272554
-0.5911146499216556
-0.5912621808903558
-0.5923530937482914
-0.5929917097091675
-0.5939565335575026
-0.5942510136519559
-0.5948367601726204
-0.5949255990729269
-0.5966434473585751
-0.5983578726649285
-0.599114932740728
-0.5993767293790976
-0.6000205491270337
-0.6021525454190042
-0.6022337599133607
-0.6030192969233862
-0.60334823407983
-0.6033964653033763
-0.6038184493372682
-0.6041607851019273
-0.6043666459619998
-0.6056767702102661
-0.6059743911027908
-0.6065542551999291
-0.6068946830346249
-0.6074952838476747
-0.6077343919314444
-0.6081774733387507
-0.6082371767610312
-0.6093548373319209
-0.6156691256868986
-0.6160593360255007
-0.6167032298631966
-0.6181574441252451
-0.6181804796473848
-0.6183076526171395
-0.6193872997537255
-0.620321711152792
-0.6213027571017543
-0.6215130561548803
-0.6216147971339524
-0.6219430390213218
-0.6223462319932878
-0.6238106292568975
-0.6244144238298759
-0.624764064210467
-0.6253256982890889
-0.625365199521184
-0.6258027704898268
-0.6267255049751839
-0.6272717571409885
-0.6277132495306432
-0.6285147991031408
-0.6286939658639312
-0.6291065017382304
-0.6324311984436852
-0.6334683609505495
-0.6334901313400931
-0.6343072638381273
-0.6351149214638604
-0.6357336731161922
-0.6360974772833288
-0.6361571452580392
-0.6369631813140586
-0.6374694421122383
-0.637749954049165
-0.640090480982326
-0.6402888207929209
-0.6410479028376618
-0.6421185359358788
-0.6421562986862328
-0.6431798158737365
-0.6447484395466745
-0.6449668491259217
-0.6454136669635773
-0.6486009284853935
-0.6501936106554543
-0.6515748826786876
-0.6524990618927404
-0.653211335092783
-0.6550516890627998
-0.6552506391890347
-0.6582571182932172
-0.6615595924668014
-0.6620279276235537
-0.6627255522878841
-0.66324264369905
-0.6637614454541888
-0.666865635663271
-0.6675443732412532
-0.6675900846719742
-0.6703825080068782
-0.6710158220181862
-0.6711143033462577
-0.6714918087753985
-0.6717295357957482
-0.6720135162274042
-0.672779006883502
-0.6743850166676566
-0.6769713009009137
-0.6790820074642802
-0.6792737552896142
-0.6816418754881144
-0.6818172335624695
-0.6823943230722632
-0.6831484955425063
-0.6840938717126847
-0.6849301768732923
-0.6858049941559633
-0.6864447071663259
-0.6864977270364762
-0.6890904860920273
-0.6926207308657467
-0.6937304325401783
-0.6939175024628639
-0.6960686706006527
-0.6967427815414138
-0.6975456133484841
-0.6981062633761516
-0.699865992491444
-0.7011273254950842
-0.7014109472168938
-0.7039277821779251
-0.7058225929737091
-0.7072880951066812
-0.707590278605494
-0.7076821750961244
-0.7079235354438425
-0.7082942265309006
-0.7092287893319735
-0.710528595931828
-0.711275015026331
-0.7121297637802653
-0.7144480182323605
-0.7145988879104456
-0.7149794420227409
-0.71852747797966
-0.7185362464353804
-0.7192024474756585
-0.720724596249056
-0.7211067259777337
-0.7222812523444494
-0.7228846348589286
-0.7249923997765614
-0.7263227585159863
-0.7264478325843811
-0.7276591207832098
-0.7292616805061698
-0.7294743023812771
-0.7303388378479414
-0.7312103232058386
-0.7313473136164248
-0.7322638879219691
-0.7326391607522964
-0.7327300080408653
-0.7335911966874846
-0.7355383719716754
-0.7371091421227902
-0.7377712223678827
-0.7409846510963689
-0.7457545545767061
-0.7458585392062863
-0.7463311751683553
-0.7465581382728286
-0.7517860048537841
-0.7527657043602731
-0.7536861598491669
-0.7541891405625003
-0.7552075241158794
-0.7554344569022456
-0.7555572465062141
-0.756987696656814
-0.758695051074028
-0.763198578523265
-0.7635065503418446
-0.7645574446263103
-0.7646638318585853
-0.7655192092061043
-0.7663052669086028
-0.7666867589189982
-0.7679329574108124
-0.7685671323644263
-0.7692415773053654
-0.7699126318097115
-0.774763964349404
-0.7755396408028901
-0.7782242906590303
-0.7788076708093286
-0.7813448041677475
-0.7830417957084137
-0.7849030469854673
-0.7870839928897718
-0.788467590600097
-0.7899442625542482
-0.7901248757594398
-0.7911178555339575
-0.7913605219364399
-0.7954731807112694
-0.7961080328095704
-0.7964992856917282
-0.7967036912838618
-0.7968402553815395
-0.7973499670624733
-0.7993257963098586
-0.8000269286334515
-0.8033635780836145
-0.805152012491817
-0.806147168080012
-0.8108654825815133
-0.8173365932889283
-0.8181512102484703
-0.8263564752622707
-0.8267989620566368
-0.8280618907883763
-0.8319312706589699
-0.8366199449810665
-0.8467529340802381
-0.849100848287344
-0.8544235377848963
-0.8601110751430193
-0.8621257171034813
-0.8663961881150802
-0.8773324566427618
-0.878462360566482
-0.8785979424913725
-0.8792690113186836
-0.8831773020327092
-0.8838759064674377
-0.8905612602829933
-0.8911364004015923
-0.8977637717034668
-0.8979647592641413
-0.9032751619815826
-0.9044287451542914
-0.9052885435521603
-0.9087393730762414
-0.9101474285125732
-0.9159432462313108
-0.9181390881538392
-0.9184019565582275
-0.9202431687153876
-0.9252674198554208
-0.9255458370316774
-0.9256180226802826
-0.9262032866477966
-0.9263158986965815
-0.9266253596433671
-0.9307123925536871
-0.9396610686089844
-0.9412871641106904
-0.9440079790656455
-0.9473138153553009
-0.9478444767494997
-0.9490538984537125
-0.951445326488465
-0.9586394779228916
-0.9611460998654365
-0.9699338555335999
-0.9872208908200264
-0.9934442813197771
-0.9939053220053514
-0.9969938592112157
-1.0173295102082194
-1.0195991494692862
-1.024937242269516
-1.0253549168507259
-1.0257336845000584
-1.027087111558233
-1.0306064323654027
-1.0507267688711484
-1.0520511368910472
-1.0543337414662044
-1.0567974696556728
-1.064755397124423
-1.068357840180397
-1.0708492453365277
-1.075461808592081
-1.0782653747301083
-1.0800195202231406
-1.0807211697101593
-1.0811164213551416
-1.084468574076891
-1.0941702630370855
-1.1080772181351979
-1.1093127619889047
-1.1105773389339446
-1.1142935022711753
-1.1191502596650804
-1.1270958532889683
-1.1288052275776863
-1.1296523064374924
-1.1334348984062672
-1.1365429202075272
-1.1379491090774536
-1.1531473398208618
-1.1826606176793575
-1.1908796969801188
-1.1990776002407073
-1.2018778582802043
-1.2060679369606078
-1.2066123088200886
-1.217599809790651
-1.2336838605503242
-1.2401204332709312
-1.2430852125398815
-1.2459725886583328
-1.2535767654577892
-1.2556308656930923
-1.2618880507070571
-1.2716595530509949
-1.2765218515523884
-1.2835215151309967
-1.346115227075643
-1.3596145080712934
-1.375446617603302
-1.3888674825429916
-1.3944969773292542
-1.3972227772076924
-1.4077949409062664
-1.4368020941813786
-1.4383968512217205
-1.4904396124184132
-1.4960723519325256
-1.5031597663958867
-1.5404222905635834
-1.5428414999623783
-1.5549552594311535
-1.5765081197023392
-1.6056750475545414
-1.6060374180475872
-1.6066735995700583
-1.6247711181640625
-1.6263975283751886
-1.6388317743937175
-1.6741931637128193
-1.6891255229711533
-1.6917453187828262
-1.6978815703187138
-1.7035421282052994
-1.704890529314677
-1.711266940459609
-1.7167744487524033
-1.760603666305542
-1.7659116586049397
-1.7761950362473726
-1.7916516462961833
-1.8125965613871813
-1.829574813445409
-1.8360322788357735
-1.8524995250627398
-1.8559661507606506
-1.8756219148635864
-1.9215425848960876
-1.9379657705624898
-1.9495548605918884
-1.9616150856018066
-2.0124750138493255
-2.0126670598983765
-2.0417953729629517
-2.123591275885701
-2.1265980899333954
-2.14219306409359
-2.152848960055659
-2.1937789941051355
-2.2069830000400543
-2.2261905893683434
-2.2324215173721313
-2.452252166966597
-2.478436380624771
-2.487031251192093
-2.620772957801819
-2.6462747692130506
-2.695561319589615
-2.7618772238492966
-2.867190718650818
-2.9723682962358
-3.2805724143981934
-3.3340243101119995
-3.36330246925354
-3.3765634298324585
-3.4348784536123276
-3.5875296592712402
-4.229401588439941
-4.239884376525879
-4.255473391676787
-4.780966401100159
-4.935065746307373
-5.167388439178467
-5.429220676422119
-5.469282627105713
-10.416769981384277
-10.418603897094727
-10.490633010864258
-12.087600708007812
-12.557780265808105
