-0.0004316828562878072
-0.00409562315326184
-0.011195780243724585
-0.022866794686554687
-0.026605638209730387
-0.06803954031147441
-0.08750798210388666
-0.09998505661496893
-0.1005833647516738
-0.10664863525380497
-0.12424852885305882
-0.12984427005358157
-0.13080545630994797
-0.13327964071957865
-0.1389533298394781
-0.14262725692242384
-0.1540258937886089
-0.1633932563175525
-0.17555313836710412
-0.17560383900935347
-0.1815707769128494
-0.1835345370197198
-0.200083784526214
-0.2046474175703809
-0.20482042065850692
-0.21210966273110898
-0.22444251086562872
-0.23766104749638545
-0.24447150776783624
-0.2577224861763625
-0.2577977486312193
-0.2618178718036006
-0.2875908451860596
-0.29420305298676147
-0.2955326825685006
-0.29590826398796505
-0.296076308023228
-0.2961631010461474
-0.29987053054637725
-0.31112136734152174
-0.3151191089834486
-0.3176635168492794
-0.3176756054478574
-0.3191364688780846
-0.3223008359117167
-0.32347463496193996
-0.32510260715275763
-0.3290910579888333
-0.3291372708198196
-0.3304058556807124
-0.3310372248502972
-0.33606194723324734
-0.3363196674727078
-0.33665587746281744
-0.3370370723931302
-0.33863068763093906
-0.34199195916571623
-0.34327957651385077
-0.34349003271199763
-0.3446268785513504
-0.3502621613442898
-0.35098321594035187
-0.3559307929968156
-0.3571775757326729
-0.35923685614184603
-0.3610634327832789
-0.3617709496291354
-0.36576952884529923
-0.36766628762968045
-0.3679722791475797
-0.3694675545363377
-0.3702251151204109
-0.37093642663097626
-0.3742136667538034
-0.3742602830067578
-0.3753122373018414
-0.37559323483935714
-0.37701383652949577
-0.3827580046168805
-0.383973152497371
-0.3844702713358477
-0.38741220697504886
-0.38835479318927185
-0.3883632475656668
-0.38850390590414463
-0.3898019178854348
-0.3905998951117259
-0.39387072114871746
-0.39647968375223286
-0.39812025747128893
-0.39860389977628885
-0.3987656980752945
-0.39935610811678796
-0.400107704102993
-0.40290814016501686
-0.40307318809163917
-0.4051179530681111
-0.40755842778172824
-0.40963645220011
-0.41056323806858724
-0.41069703218009734
-0.41116337531379293
-0.4113264822740348
-0.4127295237894373
-0.4135271109794808
-0.4162845431255846
-0.41725542704625695
-0.42008877326718774
-0.4203552646777098
-0.42174295368334114
-0.4220599439255238
-0.4227597266435623
-0.4239842353099448
-0.4245316528825112
-0.42495150677859783
-0.4260725380554125
-0.42860759591514414
-0.4290555769078613
-0.42933593011023025
-0.42944270225048814
-0.42978303699055687
-0.4313481201728185
-0.43247901804999045
-0.4325762498681595
-0.43453613032288557
-0.43478292661408585
-0.4358368127141148
-0.43614522181744514
-0.4364375647260488
-0.4408583195932806
-0.4409819851684915
-0.44291140106506643
-0.4430646127419904
-0.44421297116957703
-0.44898088538187153
-0.4513692776038405
-0.4518268653191626
-0.45258469321126876
-0.453769702973356
-0.45625114689270657
-0.4591688811779022
-0.459437039680779
-0.4609844336648368
-0.46345512612929773
-0.4637108319434162
-0.4642206830127786
-0.4651305007177353
-0.4652875781742978
-0.4655433681811903
-0.465776183306035
-0.46587064190534877
-0.4679434529622085
-0.46825445227191914
-0.4685451395343989
-0.47027599096431266
-0.4716932001129652
-0.47329738923868564
-0.47364723816390325
-0.4736904676625272
-0.4766866479637126
-0.4779867053715634
-0.4783826482513784
-0.48020550939771867
-0.48021487043135697
-0.4803208780940622
-0.48283499984770767
-0.4900678977142484
-0.49304311267203754
-0.49417511433024297
-0.4956406787581121
-0.49623220294759246
-0.4964879077160731
-0.4977009163642833
-0.49907919640342396
-0.5023365329294999
-0.5027924054297443
-0.5054541929392145
-0.5066977680886418
-0.5073219356592744
-0.5087948430200413
-0.5095418514942543
-0.5112937480925029
-0.5114015816892789
-0.5128277847543359
-0.516567709390074
-0.5186784413868815
-0.5223443198353379
-0.5226077305923024
-0.5248996998492592
-0.52541679909711
-0.5259526610245302
-0.5263457128754371
-0.5278732691927311
-0.528548430119242
-0.5289911589144701
-0.5314625658922725
-0.5345514969501112
-0.5369319081539288
-0.5388139718145339
-0.5391871015587336
-0.5397494000693163
-0.5423691138211224
-0.5427244596222798
-0.5455211874920513
-0.5461266373232421
-0.5487548353507721
-0.5493242770566472
-0.5522443673355883
-0.552707947907038
-0.5539929614807079
-0.5560338410016682
-0.5601950943625221
-0.5612278274413711
-0.5630785647122788
-0.5642958552473121
-0.5656482975464314
-0.5665996936925998
-0.5667910077688161
-0.5669699031859636
-0.5678262652960985
-0.5696041249283326
-0.5703225810494688
-0.5757421828052429
-0.5759246654808521
-0.5767301824909866
-0.5810405480276261
-0.5815568473190069
-0.5821520339886774
-0.5826347786933184
-0.5841125133964751
-0.5844923963735104
-0.5872897156172969
-0.5897070027587056
-0.5905981333167541
-0.5914084920527785
-0.5952978442698319
-0.5981352115049958
-0.5994957884152731
-0.5995758466462056
-0.6000814637861569
-0.6058313846588135
-0.6092105978168547
-0.6193265938200057
-0.6196080595254898
-0.6208290402269498
-0.6231181475333869
-0.623372015543282
-0.6237573046108082
-0.625122025446035
-0.6261537555750775
-0.6268450271527399
-0.6276419835372103
-0.629256353613755
-0.6329438430922372
-0.6347209997111349
-0.6359629362123087
-0.6370370594837127
-0.6373777307569981
-0.6380863288381639
-0.6430256097926759
-0.6436117531120544
-0.6443904692453544
-0.647081804910916
-0.6514068326922029
-0.653960256346636
-0.6542638571176553
-0.6550891423597932
-0.6596582125251492
-0.6608644758040706
-0.6635749542287418
-0.6649535343840398
-0.6675966447219253
-0.6726547427242622
-0.6728840040103327
-0.6774953277358278
-0.6798643035375896
-0.6832172879203426
-0.6850105382502079
-0.6863508639857173
-0.6870281333362477
-0.7029254054609088
-0.7089019373059273
-0.7228758451011446
-0.7248409688472748
-0.7305292091332376
-0.7364944719399015
-0.7379265034105629
-0.7404204993508756
-0.7410540434531867
-0.7503541958451478
-0.7530999470812579
-0.7590938077607591
-0.7606172279765209
-0.7610686818758646
-0.761813285946846
-0.7676980048418045
-0.7683149442600552
-0.7694323531218937
-0.7699252106249332
-0.7709109520365018
-0.7729927630629391
-0.774807078181766
-0.7799621246755123
-0.7869268308859318
-0.7969311809865758
-0.7971927478753059
-0.7987845512456261
-0.802036834647879
-0.8177145066050192
-0.819718074434301
-0.8202659960836172
-0.8208381831645966
-0.8215228460418681
-0.8296351408041248
-0.8300753012687588
-0.8317665210925043
-0.8367676885762194
-0.840023844037205
-0.8453831613063812
-0.8495364962145686
-0.8506622090935707
-0.850863182276953
-0.8524143293560277
-0.8529474522630759
-0.854029535756581
-0.8626672578975558
-0.8658132240176201
-0.8697566539049149
-0.8726565981050953
-0.888863828365824
-0.9011149988532452
-0.9048270583152771
-0.9184008249430917
-0.9194520911745107
-0.9200836896896363
-0.9362420028408754
-0.9372126782933871
-0.9444939494132996
-0.9491318862419575
-0.959649246186018
-0.9716832097619772
-1.0056285640845697
-1.0066950758337043
-1.0072368764953352
-1.0108127370845068
-1.0525051785632968
-1.0698122700676322
-1.073508770018816
-1.0760382910569508
-1.0854427734730052
-1.0994772911071777
-1.1166790411807597
-1.1237640925683081
-1.150587876016895
-1.1511500724591315
-1.160307473813494
-1.1642799054582913
-1.1708951078355312
-1.1837044457594554
-1.1878079720772803
-1.1890544351190329
-1.1962274552643066
-1.1978767706702154
-1.2048522470384342
-1.2056572714742895
-1.2072047808518012
-1.2089251593819685
-1.2132223509252071
-1.2142524862365462
-1.2179078473118352
-1.2240818043523176
-1.2295325274268787
-1.229546383023262
-1.2529285410419106
-1.256587914385212
-1.2665019035339355
-1.274723930711237
-1.284196212887764
-1.2907215412706137
-1.300178548146505
-1.305709332227707
-1.3153177823405713
-1.3172848696509998
-1.3551423801109195
-1.362211332966884
-1.3796350288515289
-1.4274505145847798
-1.427931542818745
-1.4301383662968874
-1.4353273659944534
-1.4384860197703044
-1.4480815061057608
-1.4509911753237248
-1.4528584110387783
-1.4562960974872112
-1.4639750719070435
-1.4747793007021148
-1.5064267938335736
-1.5137139856815338
-1.5281645137816668
-1.540967182158056
-1.5424715218444665
-1.557287484407425
-1.6216277480125427
-1.6499788910150528
-1.6602216164271038
-1.66539953276515
-1.6729266047477722
-1.719418779015541
-1.7481396906077862
-1.7697911951690912
-1.7833978431299329
-1.7942153438925743
-1.8032919652760029
-1.803627610206604
-1.864483680576086
-1.8872084897011518
-1.9226652383804321
-2.044299840927124
-2.075887721652786
-2.2533356375060976
-2.257584974169731
-2.314688615500927
-2.332070827484131
-2.42077898979187
-2.4476862026688955
-2.4839786291122437
-2.5334767835835614
-2.554853362341722
-2.562143325805664
-2.5847444074849286
-2.655073881498538
-2.655165810137987
-2.8440760374069214
-2.9365231096744537
-3.0043215779587626
-3.194204810075462
-3.205612052232027
-3.223537564277649
-3.2598148584365845
-3.2625529851648025
-3.360792398452759
-3.7808048725128174
-4.096311435103416
-4.10650897026062
-4.24088978767395
-4.484821102523711
-4.601564835989848
-4.612523317337036
-5.392885684967041
-5.5474534034729
-6.707433223724365
-6.889138698577881
-7.519434690475464
-7.530766248703003
-11.78873062133789
