-0.008511010557413101
-0.06431551743298769
-0.07873370276065543
-0.07886282711600263
-0.09576103366271127
-0.11276076252882679
-0.16114605660550296
-0.2027028203010559
-0.21775728819193318
-0.2339267396600917
-0.24218588462099433
-0.2467656498774886
-0.2758195676248182
-0.2778296619653702
-0.27997828469545183
-0.30346601312824834
-0.3137747060197095
-0.32009255925991703
-0.3205737420551789
-0.34892142324824815
-0.3604994146153331
-0.36988475613179617
-0.3746087970212102
-0.3753152024000883
-0.37549940347671507
-0.3787432129481911
-0.38426743461685775
-0.38520239139907064
-0.38803564744471497
-0.3892570386847688
-0.39408715143799783
-0.3942821964388713
-0.39691275591030717
-0.39783937962387095
-0.39827802350434166
-0.39974484612932426
-0.39982473308919
-0.4026642127428204
-0.4031937091818286
-0.40648928470909595
-0.4082840731765221
-0.4130399833084084
-0.4135048886722264
-0.4161757883305351
-0.42071409153504646
-0.4223548561916687
-0.4227305535847942
-0.4232552611113836
-0.4241498999621399
-0.4247703144979563
-0.42727556022711927
-0.4275864565279335
-0.42892416594550015
-0.43013077591500143
-0.4335035700993291
-0.43363561701368203
-0.43427483285463847
-0.4358918225356879
-0.43701032223179936
-0.43716039111604915
-0.43818032698472964
-0.441038060747087
-0.4438389151430413
-0.4483666374082012
-0.44842619029805064
-0.45026642211277723
-0.4509596422892706
-0.45192853341723094
-0.45226492946739716
-0.45477606561267747
-0.45560989424120635
-0.4577279479242861
-0.45980659760534764
-0.46029843552969396
-0.46223272286754635
-0.46258170446769026
-0.46321734409250964
-0.46338784065774236
-0.4637533059046421
-0.4644450790559252
-0.46483325865119696
-0.46513878447668894
-0.46575636525556224
-0.465833944582846
-0.46711226935232325
-0.47115788282826543
-0.47133805080271224
-0.4721574194986245
-0.47478748700383155
-0.4753063984163519
-0.4774245247244835
-0.47776210095293614
-0.478770139766857
-0.4790476929114308
-0.48066243579378354
-0.4819733773505217
-0.48248304426670074
-0.4843453406657708
-0.4849711767747067
-0.4862725126900171
-0.48681837293718544
-0.4887604528080879
-0.4888184263358458
-0.489500799193047
-0.490762811155744
-0.491461919817084
-0.49196008024349186
-0.49382529395322006
-0.4946696085171425
-0.4956596203540501
-0.49578978090236586
-0.4973733557595147
-0.49776767352191004
-0.5018398031592369
-0.501936055457918
-0.503814994845362
-0.5046195165120514
-0.505476811202243
-0.5071603938995395
-0.5076831686892547
-0.5080181720099063
-0.5094106122518757
-0.5100809726592904
-0.5104933558031917
-0.5117441759616163
-0.5120865560602397
-0.512674964625727
-0.5139342098150139
-0.5144880438223481
-0.5157027582405135
-0.5157583814617955
-0.5163035364821553
-0.5177301439795304
-0.5193367359448609
-0.5198729732073843
-0.5204509187489748
-0.5239651519805193
-0.5244267768123083
-0.5252290736285171
-0.5264873428968713
-0.5269469052087515
-0.527107927430835
-0.5274812169373035
-0.5279654495418071
-0.5283399644278688
-0.5299560275907425
-0.5321745350956917
-0.5328431876206939
-0.5347081008891109
-0.5386695489287376
-0.5394826550036669
-0.5396769945509732
-0.5400525614037178
-0.5410601243687173
-0.5420499015100566
-0.5420774202793837
-0.5448748976923525
-0.5457095741658122
-0.54758817225229
-0.5483168184757232
-0.5487993152812123
-0.5501718342836414
-0.5519524691975676
-0.5536165184651812
-0.5542262516294917
-0.5544665836366929
-0.5553593970835209
-0.5557453922345303
-0.557088921032846
-0.5577430906705558
-0.5578769985586405
-0.5588369765639072
-0.5614405166771677
-0.5616704722467277
-0.5624440494924784
-0.5646004871066127
-0.5665259228221008
-0.5675351997003114
-0.5676519034637345
-0.5701740032860211
-0.5712330816313624
-0.5743439393991139
-0.5744925960898399
-0.5747266445929805
-0.5754810367943719
-0.5758785445068497
-0.5784961514902534
-0.5811467363188664
-0.5824979032788958
-0.5835530612617731
-0.5842932675565992
-0.5889100493597133
-0.5904540619812906
-0.59141303319484
-0.59384482097812
-0.5951866984367371
-0.5977584926877171
-0.5985924587585032
-0.6009967311751098
-0.6013028487563133
-0.6016213595867157
-0.6021952788966397
-0.6022656683797121
-0.6026944918558002
-0.6049209036500542
-0.6061086385510862
-0.6070034520234913
-0.6070428469683975
-0.6073081968352199
-0.6082619290798903
-0.6087759528309107
-0.6092274984758761
-0.6136369504034519
-0.615528828650713
-0.6171275477390736
-0.6175216346047818
-0.6229892767344912
-0.6262455262243748
-0.6284346170723438
-0.6288997714540788
-0.6290266316694518
-0.629725012129971
-0.6308566629886627
-0.6309746735205408
-0.6314774591475725
-0.6349698230624199
-0.6402042686628798
-0.6415449672689041
-0.6417550367905813
-0.6437317030504346
-0.6467667818069458
-0.6470993649299172
-0.6480934188390771
-0.6483046743669547
-0.6494403257707341
-0.6496144489385187
-0.655972914211452
-0.6575521169385562
-0.6577285710722208
-0.6590832833732877
-0.6601088622119278
-0.6606676264986163
-0.660782390832901
-0.6627715714275837
-0.6641319323331117
-0.6685459837317467
-0.6709388044352332
-0.6715080778314066
-0.6720764534547925
-0.6732229359447957
-0.6744433582267341
-0.6796180352568626
-0.6804667396354489
-0.6811570972204208
-0.6843576686722892
-0.6846071581045786
-0.6849004975520074
-0.6875623736996204
-0.688022145776712
-0.688374757184647
-0.6887388697825372
-0.6932257703149596
-0.6932628711801954
-0.6965035427128896
-0.7016093004494905
-0.702738583398362
-0.7064119132564348
-0.7101908907294273
-0.7119070138782263
-0.716820340094273
-0.7170285106533103
-0.7193279608797568
-0.71979850992102
-0.7215396937535843
-0.7279174253344536
-0.728094632178545
-0.7284880494698882
-0.729361285145084
-0.7304820138961077
-0.7396878693252802
-0.7397053741539518
-0.7413783919861695
-0.7429161794134416
-0.7446532659232616
-0.7580814750658141
-0.7587983744040898
-0.7607157522191604
-0.7619737124898367
-0.7656521797603504
-0.7842837646603584
-0.7844771135598421
-0.7870752336457372
-0.7876452758597831
-0.7878217396015922
-0.7913812409387901
-0.7999426623185476
-0.8001608401536942
-0.8153339227040609
-0.8240941550050463
-0.8243098336138895
-0.8369017498833793
-0.8377286760817066
-0.8427796773612499
-0.8483473360538483
-0.855110720731318
-0.8642296095378696
-0.8661184552022152
-0.8670010720379651
-0.8673065768089145
-0.8707974213533677
-0.874600485432893
-0.8765473524108529
-0.8842289704415534
-0.8860390165209537
-0.8862071293406188
-0.8887975316287743
-0.8903880529105663
-0.8935521937906742
-0.8942560303257778
-0.9026664480566978
-0.9096552357077599
-0.9117032401263714
-0.9190161732424583
-0.9202665984630585
-0.9297937832889147
-0.9527377727208659
-0.9562342371791601
-0.9572097600088455
-0.9594067852012813
-0.9597042281529866
-0.9610102804377675
-0.9652787414802746
-0.9669357240200043
-0.967924083272616
-0.9819753915071487
-0.9851302347545113
-1.0050405653193593
-1.0102468778689702
-1.0116521090801274
-1.024536502495822
-1.030750036239624
-1.0382711488637142
-1.0441502983060975
-1.0451841923873872
-1.0613272904107969
-1.077756643295288
-1.0904330335673875
-1.0998874614015222
-1.1050332114100456
-1.1145725790411234
-1.1175654126065118
-1.1198208928108215
-1.1292671021074057
-1.1450811237096787
-1.145681301930121
-1.148465713718906
-1.1753349900245667
-1.1863637189380825
-1.1890673637390137
-1.2023847370098035
-1.207668413966894
-1.2259429689341534
-1.2523582379023235
-1.2762766918167472
-1.2792191058397293
-1.294101720675826
-1.3059750432148576
-1.3159147511857252
-1.3169215654488653
-1.3214663863182068
-1.3351124725304544
-1.3351925811730325
-1.3390358567237854
-1.339627057313919
-1.3832832425832748
-1.3945944717464347
-1.4080039262771606
-1.4229343682527542
-1.4273013401776553
-1.4281896357424557
-1.4327764393761755
-1.4476179834455252
-1.4525641798973083
-1.4572302401065826
-1.4934608731418848
-1.5212217771040741
-1.5306832790374756
-1.53824679373065
-1.5406934022903442
-1.5628897117761273
-1.5640255585312843
-1.56856594607234
-1.5800851010717452
-1.5875661893514916
-1.607171930372715
-1.6123111794392269
-1.6206483710557222
-1.6537362188100815
-1.65552526138102
-1.6853402942419051
-1.692349124699831
-1.6997192949056625
-1.7458099722862244
-1.7486003637313843
-1.749582524721821
-1.7542705237865448
-1.760274994187057
-1.8268886655569077
-1.8283988075951736
-1.8380133986473084
-1.8465055972337723
-1.854630634188652
-1.9241330372169614
-1.9953413009643555
-2.009811325619618
-2.0464265743891397
-2.059837892651558
-2.0644204219182334
-2.069705367088318
-2.0726683934529624
-2.079936128730575
-2.0882281890759864
-2.106165364384651
-2.112064039334655
-2.115213950475057
-2.145391265551249
-2.2180715799331665
-2.3229816034436226
-2.4281808137893677
-2.496865150014249
-2.5477242469787598
-2.5894662936528525
-2.6740481158097587
-2.779630810022354
-2.874218225479126
-3.060900092124939
-3.107938469038345
-3.1793438823660836
-3.409030477516353
-3.630938708782196
-3.789667844772339
-4.029834747314453
-4.128119468688965
-4.352813243865967
-4.642077922821045
-5.281490802764893
-5.398948669433594
-6.021334171295166
-6.127727508544922
-6.3345794677734375
-7.343194484710693
