-0.00159761313504229
-0.018594262248370796
-0.025643116619903594
-0.03629082441329956
-0.09345046756789088
-0.12530303874518722
-0.12574646839251122
-0.19698195753153414
-0.2562485807982739
-0.25753899711417033
-0.29642854947596786
-0.30359285368051914
-0.3068112983833998
-0.3203550504320966
-0.3247365462593734
-0.33194179413840175
-0.3423368255607784
-0.35272787014643353
-0.38271861675893887
-0.38492578888932866
-0.394627805766504
-0.398393210634822
-0.39862514575943353
-0.40514614814892413
-0.4094710663193837
-0.41702161729335785
-0.41959731513634324
-0.43388652698680136
-0.43690865002443185
-0.447691386891529
-0.4482583813630009
-0.46126659391156866
-0.4638357926218305
-0.4657507960904468
-0.4792525046505034
-0.4792855464853346
-0.4842912241195639
-0.49016021258285036
-0.4957194205373526
-0.4972595984323157
-0.4980343593779253
-0.4991596202831715
-0.5064387463498861
-0.5089937891114258
-0.5090477189925664
-0.5096455028844782
-0.510234396904707
-0.5109448503305126
-0.5133405982633121
-0.5186284844031823
-0.5210178095389736
-0.5230873111057041
-0.5231872468979822
-0.5250707412099777
-0.5261950754094868
-0.5263794570346363
-0.526869197608903
-0.5297973985318094
-0.5299941199149804
-0.5364179870722672
-0.5370267870090902
-0.5385183816642893
-0.5389100341989088
-0.5448758929831393
-0.5452177938339966
-0.5461999305523932
-0.5472725334887704
-0.5482248394415364
-0.5484605402582221
-0.550098969496321
-0.5522325142519549
-0.5594055432205399
-0.5601074618753046
-0.563038970110938
-0.5635705873405991
-0.5636731792315173
-0.5660240074420082
-0.568139491447558
-0.5682866920542438
-0.5732530455823744
-0.5746779155432824
-0.5752605116327426
-0.576909140101634
-0.5805855523243448
-0.5814288502692112
-0.5826824090251214
-0.5836343276314437
-0.587712312338408
-0.589567537244875
-0.5900297704911618
-0.5907064515226723
-0.5922600415371042
-0.5928812009515241
-0.5932565388373203
-0.5937870199425359
-0.5984327332116663
-0.5990677771680768
-0.6048874513463278
-0.6067397168371826
-0.607727797391514
-0.6089439363956141
-0.6095261849462986
-0.609582697148793
-0.6120628359993654
-0.6122807243373245
-0.6125912414398045
-0.6142989396014147
-0.616316565046353
-0.6201057018450229
-0.6207953779292958
-0.625240370107349
-0.6262883267596148
-0.6291847452749997
-0.629476483726381
-0.6307274186789679
-0.6308673248212371
-0.6346221521962434
-0.639387000221177
-0.6394894989872617
-0.639737087523099
-0.6397897457471118
-0.6399847022865129
-0.6401993175968528
-0.6402239698218182
-0.6413773657044485
-0.646502563921136
-0.6480453175578365
-0.6485556005684071
-0.6490993806704258
-0.6494772292466627
-0.6514995225297753
-0.6526870936134153
-0.653061523301793
-0.6541065683621647
-0.654202385013923
-0.6544263694562357
-0.6569942352865697
-0.6575948099295298
-0.6579397349851206
-0.6599869481805298
-0.661132930536513
-0.6652003594619387
-0.6662103909378251
-0.6718847212614492
-0.6736807481385767
-0.6746722712026288
-0.6769127618860115
-0.6771571316445867
-0.6791885488597068
-0.6792379801159508
-0.6808441802451852
-0.6808993592082212
-0.6833809682866558
-0.6834161841931442
-0.6853618623895777
-0.6873606811729727
-0.6889562117867172
-0.6905090732810398
-0.6906265752913896
-0.6913830543402583
-0.6916973969306458
-0.6936939608228082
-0.6948236378011643
-0.6962334664422087
-0.6962865367240738
-0.6968915753415785
-0.697833677433664
-0.7000016349833459
-0.7029147512900332
-0.7037126895868115
-0.7054398456080393
-0.706382552937915
-0.7079395949840546
-0.7080420912666754
-0.7117902574295427
-0.7126988722520764
-0.7139677468920127
-0.7149767334961022
-0.7212600510800258
-0.7216745246667415
-0.7253455960191786
-0.7264269700066911
-0.7278924100100994
-0.7283780066296458
-0.7290643531208237
-0.7294118539430201
-0.7309183745868116
-0.7312433261137742
-0.7327563084661961
-0.7371872405832013
-0.7394681519621776
-0.7397033207428952
-0.7401128117926419
-0.7422339299810119
-0.7435778399230912
-0.7476493304018819
-0.7497659640697142
-0.7502295949379914
-0.752654763602186
-0.7528230943717062
-0.7534820410922597
-0.7550495747476816
-0.7568872243165969
-0.7579964416120409
-0.7596901605022139
-0.7602395437036952
-0.7617223023623229
-0.7618112636264414
-0.7635585144453216
-0.764111279303001
-0.7653243911243044
-0.7675193163158838
-0.770058186724782
-0.7701356476948907
-0.7703387212939561
-0.7710966020822525
-0.7719994793204885
-0.7721583204360546
-0.7730261597575413
-0.7775917877960536
-0.7806651961780153
-0.7810893583421906
-0.7825761876906304
-0.783605944563169
-0.785526257680936
-0.7859788764733822
-0.7869742104900069
-0.7870849706232548
-0.7880687170351545
-0.7899343232727714
-0.790887218748685
-0.79326511034742
-0.7934189303778112
-0.7971186170147525
-0.797396982414648
-0.7980004609562457
-0.7989679410820827
-0.8003605430421885
-0.8016709754941985
-0.8031096797436476
-0.8038794439984486
-0.8057151781395078
-0.8057963516977098
-0.8060061741206381
-0.806411708627517
-0.8068280735984444
-0.8080650416435674
-0.8098804101813585
-0.8112504803152247
-0.8121699501643889
-0.8122905397904105
-0.8131015678453777
-0.8133653679280541
-0.814600587955543
-0.8148463873990944
-0.8163572179360522
-0.8165291813202202
-0.8166392484886779
-0.8185565741732717
-0.8193625804657737
-0.8219613626489364
-0.8231296736048535
-0.8268949051077167
-0.8273323178291321
-0.8274595389229944
-0.8305474002180355
-0.8314615280833095
-0.8330228470265866
-0.8335134267807007
-0.8337955316936132
-0.8341058018850163
-0.834610809921287
-0.8350543144957295
-0.8357446795950333
-0.8367435223279664
-0.8369193915859796
-0.8369480915522823
-0.8391520884819329
-0.8400228942628019
-0.8404635181650519
-0.8408728983356721
-0.8418379107800623
-0.8421592281199992
-0.8452267692191526
-0.8502937494777143
-0.850909982714802
-0.8515206396890184
-0.8560411735836949
-0.8560793297365308
-0.8580132005736232
-0.8583007864654064
-0.8603006155230105
-0.8609501589865735
-0.8609563683470091
-0.8611099562711186
-0.8625827342038974
-0.8658489445224404
-0.8681616485118866
-0.8687037016265095
-0.8688680215273052
-0.8701599128544331
-0.8702463121847429
-0.8711004534270614
-0.8753011450637131
-0.8759357195813209
-0.8780052773490752
-0.8797517172875814
-0.8821730849126147
-0.8823384752031416
-0.8851456923099855
-0.8856905759977443
-0.8858394689392298
-0.8877526517275588
-0.8908004503464326
-0.8949534315615892
-0.8959372009461125
-0.8986175760570505
-0.8991711313719861
-0.9035983882910971
-0.9110083803534508
-0.911064614645309
-0.912292080494808
-0.9159604876767844
-0.9182380925281904
-0.9183068421087228
-0.9213173663509744
-0.9285567489376783
-0.930157540179789
-0.9303316433021488
-0.9305741619318724
-0.9313577304128557
-0.9351305783493444
-0.935984587908024
-0.9369615432806313
-0.9389208400971256
-0.9425096627923527
-0.94503029367188
-0.9455191403705006
-0.9470091355033219
-0.9529780686403123
-0.9541689425241202
-0.9558683274954092
-0.9577596994640771
-0.9592570373788476
-0.9597012717276812
-0.9615915229078382
-0.9636149649423632
-0.9642396638810169
-0.9652436888843242
-0.9669230132297214
-0.9675769316963851
-0.9686871932021209
-0.9707759656783613
-0.9709302092281481
-0.97508880464981
-0.9772499067370187
-0.9821055649857348
-0.98528376554272
-0.9859437421449305
-0.9869721125966558
-0.9895875555063997
-0.9900286135574182
-0.9930441730345289
-0.9970481181849858
-1.0003102937092383
-1.006885060109198
-1.0071092020370997
-1.0122658200562
-1.0133304428658447
-1.016412178132062
-1.0181586620553087
-1.0231805725821428
-1.0243354828562587
-1.0245369958380859
-1.0261428505018557
-1.0301138311624527
-1.0345464040680479
-1.0376991374893503
-1.0388192516576964
-1.0418151587015019
-1.0420808240305632
-1.0423039175220765
-1.044819730159361
-1.0452913030982018
-1.045701735187322
-1.0503479323815554
-1.0552312975632958
-1.063145093485498
-1.0721622849814594
-1.0722595022016321
-1.073201939308395
-1.0747575759887695
-1.075758637720719
-1.0773533498868346
-1.0794210019521415
-1.0859490748908784
-1.0863261382522371
-1.0927572271653585
-1.093046687170863
-1.100194690216865
-1.1075300313199736
-1.117083566263318
-1.124011536128819
-1.1254367629686992
-1.125696156355035
-1.1416633650660515
-1.1480310909682885
-1.1638844573088656
-1.1779588907957077
-1.1779926524613984
-1.182629349466879
-1.1862548880279065
-1.1938273208215833
-1.2253554537892342
-1.2265415601432323
-1.2295840297426497
-1.233843469634079
-1.2419012561440468
-1.2424963913857936
-1.2480177655816078
-1.2527267821133137
-1.2552258133888246
-1.258448868204141
-1.2586333273599546
-1.2606387635072072
-1.2695316980992044
-1.2823768818828587
-1.298376403748989
-1.3034193813800812
-1.3335816971957684
-1.342762231332017
-1.343173623983083
-1.3668431051385899
-1.3836304519791156
-1.384577950462699
-1.3921025693416595
-1.409756362438202
-1.4124979227781296
-1.4289458569255657
-1.4383624891440074
-1.4529222610872239
-1.463972020894289
-1.523476967588067
-1.5237489342689514
-1.534827560186386
-1.5350521355867386
-1.5432514754356816
-1.5564573682911162
-1.6118922179254394
-1.6586952573852614
-1.6683972515165806
-1.6938263177871704
-1.7126300940290093
-1.7209275662899017
-1.7337985038757324
-1.745578944683075
-1.7617458229263623
-1.7642858390463516
-1.781564378819894
-1.8255976773798466
-1.8411851152777672
-1.8686452322872356
-1.9146476835012436
-1.9164470881223679
-1.9268221855163574
-1.9595600962638855
-2.0754040678342185
-2.0898590298990407
-2.1062500674743205
-2.1416990990595273
-2.150417930446565
-2.1545187951996922
-2.383117736239607
-2.389768640200297
-2.410784443219503
-2.421792637401571
-2.623273953795433
-2.654543621620784
-2.656980276107788
-2.7478724465472624
-2.8054997199214995
-2.90903913078364
-3.082247367477976
-3.1075361695257016
-3.109356733795721
-3.2423160076141357
-3.336051245452836
-3.4535981193184853
-3.4577503711916506
-3.5753892958164215
-3.614786114078015
-3.666452020406723
-3.7516769766807556
-3.8121790885925293
-3.875772714614868
-4.081689806655049
-4.264435768127441
-4.581408202648163
-6.223967552185059
-6.33867621421814
