-0.00026127262390218675
-0.005670773644851579
-0.027876052491592418
-0.02840185812728022
-0.03601566539146006
-0.04398807518494626
-0.04736069219943602
-0.04784694192413655
-0.04912964457697752
-0.05599848731929212
-0.06128582283854485
-0.07337112812092528
-0.07717047072947025
-0.0892892535066494
-0.08967933148648756
-0.09175200634278251
-0.09966588068054989
-0.10065612755715847
-0.11171360029978435
-0.11639200737173033
-0.11857964813680155
-0.1461092877543706
-0.14820224369551788
-0.15043691594878006
-0.15772351018515313
-0.16589186264782257
-0.1758375473667832
-0.1851515015707264
-0.18717697511116663
-0.18925011151447413
-0.19032194356675194
-0.19305980736389755
-0.20071452268166468
-0.2032793397685581
-0.20690055807790486
-0.20713667987729423
-0.20782398110582265
-0.208725114015992
-0.20997836000424286
-0.21000157754252027
-0.21015068640330214
-0.21207516088900405
-0.21318460284510365
-0.21564956683303332
-0.21788016774977828
-0.22396955766064114
-0.22480305153242494
-0.22488153706126468
-0.23472035729459353
-0.23701192689244635
-0.23747149473856552
-0.23969547785203427
-0.24168936646219663
-0.24239562271486648
-0.24446348235269397
-0.24607837754200984
-0.24617247952119214
-0.24633217073772226
-0.24637536828716597
-0.24702002517575317
-0.24878683009198235
-0.2496127772028558
-0.2515044796699065
-0.25193875719768194
-0.2548927039573755
-0.25531152203620877
-0.25589198693789794
-0.25741101307060243
-0.26024632302711403
-0.2603585844238599
-0.2618702468353149
-0.2625985326594673
-0.26407919847406447
-0.26588341135842103
-0.26702961306727957
-0.2696049292117823
-0.2707593246964929
-0.2708315447414948
-0.27368748418043004
-0.2738176968911527
-0.27728768878150734
-0.277536394969502
-0.27839540704735555
-0.27933696879654235
-0.2824638214427978
-0.2838410300435498
-0.28419309880741583
-0.28427958501768963
-0.28505195089421576
-0.2854353348946126
-0.28546001989161596
-0.2868003559531644
-0.2905306291961876
-0.2911500616418348
-0.29357733208841336
-0.29435942638124757
-0.30077773492303095
-0.3016771684488049
-0.3023849397164263
-0.3042498681829279
-0.30490031398367134
-0.3064951974934831
-0.30692949533189867
-0.30919918148068365
-0.3108027689692108
-0.3152604843926383
-0.3153110760289969
-0.31644524781343836
-0.3164694316556961
-0.3173453804076871
-0.31937824956927213
-0.3217144951534768
-0.32574219184461983
-0.32618357040135176
-0.3276012031904732
-0.32798792228277307
-0.3285311819719417
-0.3306985182155456
-0.3335515563764299
-0.3339975629787659
-0.33633466208266327
-0.3391847230830333
-0.3411405937440577
-0.34224932152574183
-0.34288353144802386
-0.34450562133906715
-0.3447290775147849
-0.34728457764473813
-0.3496692213229835
-0.34980422876542433
-0.34999894474167376
-0.353948897855571
-0.35798731379216925
-0.3593206252349773
-0.3596809874024378
-0.3601736147433985
-0.36083747766679153
-0.36121395529577666
-0.36155541290160426
-0.3652605427951563
-0.3677644407565056
-0.3687625999383662
-0.3693481701452078
-0.3696850151219324
-0.3703061899390637
-0.3716881063883193
-0.3723220583051443
-0.37252411824738374
-0.37548474602711696
-0.3759540736908093
-0.37613078711575854
-0.3775273940584157
-0.37860810577149095
-0.3791631375655318
-0.37971919416595484
-0.3807428686413914
-0.3810681107945857
-0.38305106459973526
-0.3837423026802753
-0.38465982638012974
-0.38581954858964307
-0.38782942469008147
-0.38814526150207923
-0.38886447691662135
-0.38948228615045083
-0.39172772851695
-0.39306775263200205
-0.39910918078385293
-0.3991676141907062
-0.3991679655253912
-0.40183919308862337
-0.4020769180873792
-0.4037726793312686
-0.40668913425408965
-0.40757076911229106
-0.40820907262553063
-0.40891431127784017
-0.41035671079797403
-0.4105756884174688
-0.4129988321568817
-0.41331354178255425
-0.41458906407286933
-0.41577115334479864
-0.41739186223130675
-0.4184425478951572
-0.42307335857767614
-0.4231168508718838
-0.4251484593739459
-0.42545007418915964
-0.4275941563071683
-0.42895955239946487
-0.43095968291163445
-0.43469660574272795
-0.43564485146780496
-0.4368416792945936
-0.4378986675999061
-0.43815262449061265
-0.43855589212450596
-0.44096116531000007
-0.4437229094619397
-0.444913332324682
-0.4449266081210226
-0.4467657067016262
-0.446830808687082
-0.4493452907518076
-0.44966776662040503
-0.4516419004648924
-0.45232182659674436
-0.45239088071199757
-0.45377542213571037
-0.4562590717105195
-0.4565411638468504
-0.457532903817292
-0.4582702193098764
-0.46047490997756946
-0.4612575061619282
-0.4614094627322629
-0.4623223671379409
-0.4647555434858077
-0.4655640767628534
-0.4683099835692701
-0.4694745151064126
-0.4699738370050909
-0.4701265686437384
-0.47087804848124504
-0.4716000337386504
-0.4727130030644023
-0.4740229977396666
-0.4770402684965423
-0.4788508441270096
-0.4798829835109735
-0.481113847301458
-0.4839935749769211
-0.48406472780495985
-0.48412478855849866
-0.4858188626489469
-0.4867203123867512
-0.48702318561331864
-0.4883386801186134
-0.49054951272913827
-0.49318016380420887
-0.4933225597087585
-0.493731948248751
-0.4938893061397331
-0.4944233795350946
-0.49535620547696735
-0.4960919577990555
-0.4968877298524603
-0.49727465320320335
-0.4981167402916721
-0.4988775947648618
-0.4994707916307056
-0.5007127477787435
-0.5031408481073514
-0.5033848858438432
-0.50430520287981
-0.506162780104205
-0.5080783471542721
-0.5103531584463781
-0.5112970899790525
-0.5113709865965776
-0.5114953870993654
-0.5116719235759066
-0.5140992936818899
-0.5158118177464025
-0.5163658918269599
-0.5165433428483084
-0.5176147893424579
-0.5180875981226564
-0.5186618252191693
-0.5199653818937284
-0.5201849976377465
-0.5216186023358854
-0.5224647812743073
-0.5241222718969867
-0.5254160413921151
-0.5264126470881618
-0.5289934376443852
-0.5293233905686066
-0.5295889210990734
-0.5297314534545876
-0.5337877271392952
-0.5348697578467961
-0.5404138890527455
-0.540603146267434
-0.5407539075567911
-0.5418891785583193
-0.5438932366390267
-0.547470620716922
-0.5485837308256628
-0.5498723685741425
-0.5509625780861824
-0.5518715936091861
-0.5551641491557737
-0.5562129237689077
-0.556364729302004
-0.5592779648577562
-0.5596764816073119
-0.5612986477291477
-0.5616437730520071
-0.5623541169066315
-0.5625646763170759
-0.5629707707194029
-0.5646368654997787
-0.565225443802774
-0.565450897323899
-0.5672641366720199
-0.5673329593798068
-0.5681325461220694
-0.5689898556265689
-0.572905003093183
-0.5730714071542025
-0.5749090228928253
-0.576754828565754
-0.578816993086366
-0.582026718830457
-0.5827773769779014
-0.5845075246452325
-0.5850741379981628
-0.5865523555316031
-0.5884644294856116
-0.588831199973356
-0.5898117810009151
-0.5904619012629458
-0.5908491128648166
-0.592719100555405
-0.5954304077458801
-0.5985070263966918
-0.6012452010065317
-0.6017500096599439
-0.6021056859268962
-0.6058081397321076
-0.6060407285622205
-0.6070455776061863
-0.6103560533707163
-0.6125884449445747
-0.6139447341556661
-0.6144771507242694
-0.6145866858714726
-0.6165163739555283
-0.6173911286750808
-0.6190850805898662
-0.619856480810995
-0.6214035163632486
-0.6234456052382787
-0.6238632720705937
-0.6239047510316595
-0.6246128410100937
-0.6276534582364761
-0.6281332930472369
-0.6323087581064707
-0.6325767186004668
-0.6329804576974257
-0.6347460472024977
-0.6381157465279103
-0.6384549651993439
-0.6392285852925852
-0.6435018450021743
-0.6441645546990913
-0.6459234611756983
-0.6547024129083313
-0.656572128091024
-0.6576737188604764
-0.6634055252034159
-0.6729558199618219
-0.6738689951598644
-0.688853111024946
-0.6923506483435631
-0.6923646566218749
-0.6940183341503143
-0.7011117917718366
-0.7163926379289478
-0.7230250519157077
-0.7241219583277901
-0.7258998861606025
-0.732813598588109
-0.7434500759045477
-0.7518381296346585
-0.7524655320012243
-0.7525772102177143
-0.7529996170196682
-0.7604825928241813
-0.7628623403475753
-0.7680726816594999
-0.7682265259587439
-0.7701715693498651
-0.7705446451902389
-0.775881340703927
-0.7799767510732636
-0.7803863789886236
-0.7850627869367599
-0.7996294774347916
-0.8013008344076717
-0.8040408947505057
-0.8202391562517732
-0.8207868654280901
-0.8213543238583952
-0.8235763733585676
-0.824589042167645
-0.8295254697247098
-0.8396380146150477
-0.8419807238387875
-0.8444175932883289
-0.84656305401586
-0.8528030679711568
-0.8541561238933355
-0.8569072074256837
-0.8573710853233933
-0.862925861256978
-0.8633288620971143
-0.8653617750009289
-0.866137677570805
-0.8663449154368469
-0.8666163460817188
-0.8667708599939943
-0.8679857651392618
-0.8700040771625936
-0.8722308175172657
-0.8812082659977023
-0.8849099788349122
-0.8877377653649697
-0.8895034566521645
-0.8925434968434274
-0.8957441532984376
-0.9015522114932537
-0.9170303158462048
-0.9283590079867281
-0.9309572995261988
-0.9316082519612142
-0.9317779108881951
-0.9348692689090967
-0.9374898803980614
-0.9460698366165161
-0.9625331903007464
-0.9962757764539371
-0.9979883197229356
-1.0148385167121887
-1.0201940760016441
-1.020366486472388
-1.029841807903722
-1.0352269903058187
-1.0362519123591483
-1.0420318692922592
-1.0437465999275446
-1.0450183662275474
-1.071938838220376
-1.0749180937806766
-1.0788286210348208
-1.0797350974171422
-1.0858520194888115
-1.1340523604303598
-1.1374170212540775
-1.1613784804940224
-1.1727260567247868
-1.178415556748708
-1.1804732456803322
-1.1895464062690735
-1.199953275732696
-1.202722882186728
-1.2070528492331505
-1.2182463300414383
-1.2194389998912811
-1.222986751049757
-1.229164719581604
-1.2397827332218487
-1.256021482249101
-1.2612196430563927
-1.2616081349551678
-1.2631816522528727
-1.2678099274635315
-1.2800019681453705
-1.3172392608248629
-1.3451398971180122
-1.3676315546035767
-1.4300431509812672
-1.4456908570743963
-1.4506335391197354
-1.4531753519549966
-1.4557732208631933
-1.479182091852029
-1.4951438009738922
-1.4983020206273068
-1.4994246177375317
-1.4997774362564087
-1.5069874130034198
-1.5251088440418243
-1.5463714301586151
-1.58834512035052
-1.6087909738222759
-1.6109232902526855
-1.6372350735279422
-1.6387960452120751
-1.6570493429899216
-1.718215571095546
-1.7397234464685123
-1.74054254591465
-1.7463698387145996
-1.7475486397743225
-1.76703038305277
-1.798874082043767
-1.8042562884899478
-1.8329443484544754
-1.8422434255480766
-1.8969847758611043
-1.9017142057418823
-1.983287826180458
-2.063263237476349
-2.1041330099105835
-2.1090889051556587
-2.1160900394121804
-2.1175435185432434
-2.134752094745636
-2.1811252501793206
-2.205325558781624
-2.2138835191726685
-2.268083733593812
-2.2899361848831177
-2.2953938047091165
-2.3028947464190423
-2.359582108532777
-2.467502236366272
-2.486795702483505
-2.5157227538778293
-2.5301138162612915
-2.539498997386545
-2.5804605330340564
-2.9028124809265137
-2.9453290700912476
-2.94992458820343
-3.0811411142349243
-3.1067376136779785
-3.2611703872680664
-3.5548621714115143
-3.638981979340315
-3.801167173543945
-3.8258995914729894
-4.0000510844402015
-4.066833019256592
-10.418526649475098
-11.973860740661621
-12.690617561340332
