-0.0033319107023999095
-0.012892760860268027
-0.05548233166337013
-0.05830339598469436
-0.07438392098993063
-0.10035703365398756
-0.1258216818329553
-0.15271331214656433
-0.17539011190334955
-0.18211196269840002
-0.18710422841832042
-0.1904319578228145
-0.21318201242835735
-0.2393352184444666
-0.2463155325502157
-0.29267988801002504
-0.29995153099298477
-0.32126313727349043
-0.3272372097708285
-0.33087334129959345
-0.33768682966599173
-0.34596496432398754
-0.34947505096594494
-0.35040745033672593
-0.35145639069378376
-0.3524987345561385
-0.35663533993065355
-0.35893365376614383
-0.3676703717559576
-0.36916547156870366
-0.36942077179749805
-0.37793306100647894
-0.3820121136493981
-0.3855368118733168
-0.3858618516474962
-0.3920411210507154
-0.39600437397311905
-0.40387979503721
-0.4055205685086548
-0.4098221152606938
-0.41584684869459515
-0.4245114402438048
-0.4251706258704265
-0.43068072613742614
-0.43192587834265495
-0.43297527320683005
-0.43411946451912325
-0.43816855629639967
-0.43940806708165575
-0.44580399990081787
-0.44663142945085255
-0.4470336699450854
-0.454007730952331
-0.4556888831513269
-0.45739736687391996
-0.45870017912238836
-0.45881898840889335
-0.4616004666313529
-0.46348235476762056
-0.4653246029280126
-0.4678743166409226
-0.4747514962218702
-0.476332490461775
-0.47908203591941856
-0.47958331881091
-0.4812232412578952
-0.4823362622410059
-0.4827939895913005
-0.4869832433760166
-0.4942887653208648
-0.49709747382439673
-0.4975913342088461
-0.4977056433757146
-0.4991941601037979
-0.4996827698605894
-0.5036255006212741
-0.5037683504284359
-0.5038608510180244
-0.5040598448365927
-0.5050077494233847
-0.5081132750104492
-0.5119188487529754
-0.5243522832170129
-0.5249518686905503
-0.5260877353804452
-0.52637386508286
-0.5270984172821045
-0.5279898584121838
-0.531658920195999
-0.5342489876525683
-0.5393093923080919
-0.540928106677408
-0.5420526491527978
-0.542300486382222
-0.5427248594351113
-0.5442378904516427
-0.5442928514546819
-0.5461845863377676
-0.5466150840927314
-0.5502380656156068
-0.553943157219328
-0.555318375932984
-0.555800056052876
-0.5575577440375293
-0.5627399881680807
-0.5653833408307817
-0.5690316800377332
-0.5697352811004277
-0.5704138210338866
-0.5708200192580429
-0.5713071167868163
-0.5719311249059891
-0.5766123943263665
-0.5779783041549048
-0.5789701190806227
-0.5796955645394822
-0.5803880930346038
-0.5840712842764333
-0.5844333961319464
-0.5858906742564782
-0.5870441868901253
-0.5898855170235038
-0.5911335870623589
-0.5917565023891853
-0.5928590197581798
-0.5961719862883911
-0.5971599809505278
-0.598299652338028
-0.5988899307946364
-0.5997105737083724
-0.6008083252236247
-0.6046676453112619
-0.6053945939573977
-0.6057255251718492
-0.6062567433238857
-0.6077285694830911
-0.6088008033111691
-0.6093765534460545
-0.6101570039987564
-0.6119111226580571
-0.6173593550920486
-0.6183062763884664
-0.6185994431975165
-0.619314537839576
-0.6205586791038513
-0.6240791785530746
-0.6253113269805908
-0.6276566600427032
-0.6307134246453643
-0.6368941681769987
-0.63783248513937
-0.6399515524506569
-0.6402248349040747
-0.6419695377615946
-0.6425640988422351
-0.6427146628499031
-0.6450351721607148
-0.6463494765468769
-0.6468113160226494
-0.6483697104267776
-0.6494319296131531
-0.6531997023682509
-0.6533648868401846
-0.6553074419498444
-0.6558789854869247
-0.6559582948684692
-0.6603193823248148
-0.6635492617885271
-0.6643073523217546
-0.6644936608416694
-0.6667316913604736
-0.6681133545935154
-0.6691407732562058
-0.6733742228780801
-0.6764919029548764
-0.680437846109271
-0.6896382691338658
-0.6904898596306642
-0.6910489454865456
-0.691926356870681
-0.6943620617190996
-0.6976702455431223
-0.6978130503557622
-0.6985506881028414
-0.6995927184820175
-0.7020769454538822
-0.7063424989581109
-0.7085013829171658
-0.7092747059133317
-0.7100571119226515
-0.7188643530011177
-0.7212262973189354
-0.7238945947028697
-0.7250118429462115
-0.725441407929692
-0.7255177175005277
-0.727354691674312
-0.7283413231838495
-0.7294563548639417
-0.7344683366404339
-0.734652242496271
-0.7349529553736959
-0.7352864618645981
-0.7364936033263803
-0.7365759469568729
-0.7371251874260212
-0.7379808751866221
-0.7382625432685017
-0.7399762504113218
-0.7402820941060781
-0.7408719112475713
-0.7415376945088307
-0.7465040476992726
-0.7479571580058999
-0.7539727709779982
-0.7541073696273897
-0.7541621759533882
-0.7557102013379335
-0.7563782181435575
-0.7567220528920492
-0.7578425660729409
-0.7582189224660396
-0.7589310898135105
-0.7641063885959355
-0.7643376078922302
-0.7663072429597377
-0.7672200441360474
-0.7672804627153609
-0.7691823961213231
-0.7697431547123761
-0.7705736719071865
-0.7710492759943008
-0.7721503753215074
-0.7725886726832908
-0.7731087456146876
-0.7756534304935485
-0.7778601795434952
-0.7779033530111376
-0.7793514719723087
-0.7793813040480018
-0.7795559370424598
-0.7819722723215818
-0.7819839587900788
-0.7869723995293801
-0.7879450153268408
-0.793935469797124
-0.7951754996553063
-0.7957059714943171
-0.7957609494527181
-0.7960111072493924
-0.7990357105930647
-0.8005083035677671
-0.8010376011952758
-0.8013262810806433
-0.8025979056954384
-0.8036636594682932
-0.805365643883124
-0.8067378580570221
-0.8082208981116613
-0.8108015573687024
-0.8151750575531932
-0.8158467411994934
-0.8179347880650312
-0.8188220227344168
-0.821032621897757
-0.8222261789653983
-0.8233423980281633
-0.8256704296606282
-0.8258781798649579
-0.8264094522843758
-0.8268123427405953
-0.8280997761059552
-0.8286344366562035
-0.8296504514000844
-0.8302519788965583
-0.8319254364404414
-0.8340990374692612
-0.8346426678555352
-0.8350424929004576
-0.8351697325706482
-0.836069414857775
-0.8366501919614772
-0.83710429193452
-0.8431938636737565
-0.8443776142084971
-0.8474767456452051
-0.8478329991921782
-0.8493166734198374
-0.8499953290835643
-0.8514249160885811
-0.8536764008924365
-0.8537148340164047
-0.8544144637882709
-0.8557155080139637
-0.856188747410973
-0.8571989091399771
-0.8578563889022917
-0.8581976173445582
-0.8582719984607627
-0.8596885761246085
-0.860382847674191
-0.8622212925110944
-0.8623873736336827
-0.8628717184598956
-0.8649692162871361
-0.8654811083753076
-0.868655030237278
-0.8696457718033344
-0.8697724468074739
-0.8736993496616682
-0.8744997391477227
-0.8748612843919545
-0.8766923043876886
-0.87751133952822
-0.878110978504022
-0.8781874186318853
-0.8782099783420563
-0.878374083712697
-0.8790676161138848
-0.8798401512391866
-0.8800781294703484
-0.8854531697463244
-0.8869337886571884
-0.8875414703506976
-0.888720441237092
-0.8904754375293851
-0.8913431639472643
-0.8946277474363645
-0.8953500841744244
-0.8970707073807717
-0.8971581233432516
-0.8978488623268075
-0.8987240213900805
-0.8993042232779165
-0.8997038122923935
-0.8997182987630368
-0.9012296250245223
-0.9038077220320702
-0.9039877955219708
-0.9047418336073557
-0.9058141814043316
-0.9060318929453691
-0.9064185921452008
-0.9075094163417816
-0.9084555044770241
-0.9086933809125589
-0.9087774357758462
-0.9131050904591879
-0.9150444736911191
-0.9181456503204324
-0.9218716093649467
-0.9221534052630886
-0.9234632255340164
-0.9242473840713501
-0.9260328509286047
-0.9266078650123544
-0.9280306041240692
-0.9286395344910595
-0.9287030345035924
-0.9294830957318053
-0.9308440187014639
-0.9311668227116267
-0.9335233177430928
-0.9371526435017585
-0.9375120584283851
-0.942221075296402
-0.9434854586919149
-0.947817345460256
-0.9492745151743293
-0.950199915561825
-0.9524984977075032
-0.9531289879750047
-0.9550456936870303
-0.9574193648166127
-0.9582919859999998
-0.9593588908513387
-0.9596050475724042
-0.9622327471151948
-0.9636260241270065
-0.9640867132693529
-0.9673884630668909
-0.9743048405274749
-0.9757261749889169
-0.9775475614111532
-0.978527318952339
-0.979396310945352
-0.980689287185669
-0.98706378669224
-0.9881051013039218
-0.9935762323439121
-0.9943205334129743
-0.994378638267517
-0.9952147819567472
-0.9986760476604104
-0.9994953826069832
-1.0015133311972022
-1.003376989858225
-1.0092285369522869
-1.0097541926370468
-1.0122345089912415
-1.0154648710574423
-1.0155717960248392
-1.0170969058138628
-1.0191239952774984
-1.019400144842538
-1.0196581085522969
-1.0208616422023624
-1.0242909263405535
-1.027601489564404
-1.0310481062158943
-1.0320436962792883
-1.0328540233895183
-1.0373936182586476
-1.0374843461572059
-1.0397568557943617
-1.0406193518493738
-1.0412046221463243
-1.0420776133127219
-1.0441358427517116
-1.0465531344525516
-1.0494602819283803
-1.0497087451883338
-1.0533422199077904
-1.0539348343930517
-1.0664219575534974
-1.074885154608637
-1.0832281907399495
-1.0845493699113529
-1.094321895390749
-1.0951046019181376
-1.1009847683211167
-1.1050538322888315
-1.1082701270934194
-1.1094334876785676
-1.1120905061252415
-1.1171588182751293
-1.124979990767315
-1.1255626875374998
-1.1277085402980447
-1.1292410352163844
-1.132933207388435
-1.1349174435405682
-1.139868438988924
-1.1410711164852338
-1.1430630038181941
-1.1457784287631512
-1.151515394449234
-1.1519464838008087
-1.1562204081565142
-1.1608503566822037
-1.1611628755927086
-1.1638753367587924
-1.1671388316899538
-1.1676095129922033
-1.1724083075033767
-1.1741672677120991
-1.1749980387588341
-1.1782132163643837
-1.19245526753366
-1.1926085209124722
-1.1936025314033032
-1.1982531958761125
-1.204829823691398
-1.2194804797569911
-1.2227181563419955
-1.230658304478441
-1.2307210393249988
-1.2365957023575902
-1.2403208585456014
-1.2411519149318337
-1.243056396022439
-1.2462382957339286
-1.2497451038410266
-1.2506954999019702
-1.2585535507116998
-1.2586103460441034
-1.2594780856743455
-1.2620704948369945
-1.267805740237236
-1.2734593349908079
-1.2745994588476606
-1.2780875755207879
-1.2787984125316143
-1.2824632842093706
-1.2850100416690111
-1.2873384967446326
-1.2894852596024673
-1.2904139632093055
-1.2956262006579589
-1.3015602193772793
-1.3016895159768562
-1.3026455034102713
-1.3083551220595837
-1.3102453132160008
-1.311144874564239
-1.311655561439693
-1.3209579723576705
-1.321877432987094
-1.326793008380466
-1.3279721620850837
-1.3347435944846697
-1.3374398071318865
-1.3402028176933527
-1.3432037003624897
-1.3481866004876792
-1.352127989133199
-1.3537311206261318
-1.3562544009515218
-1.3576335778030066
-1.3610181535283725
-1.3660063028637524
-1.370382882654667
-1.3778101854841225
-1.3970577514597349
-1.4094033539295197
-1.4166544753534254
-1.4188985703513026
-1.4375864593312144
-1.4382249303162098
-1.4469986322025459
-1.4581348507532053
-1.4738200306892395
-1.4760499248902004
-1.4772520690069844
-1.4777094622453053
-1.484811051024331
-1.4887807294726372
-1.4958352074027061
-1.5047859350219368
-1.5064152117508154
-1.5234314873814583
-1.5487469527870417
-1.5559807233512402
-1.5567142954096198
-1.5623474884778261
-1.5837559302647908
-1.5928996205329895
-1.605341102555394
-1.6655230112373829
-1.6663774189849694
-1.6674860219160716
-1.6756803132593632
-1.6860776543617249
-1.7164575210772455
-1.7492889165878296
-1.7517120033236486
-1.7865001663565636
-1.815434592962265
-1.8202720074914396
-1.885485964268446
-1.9384243749082088
-1.944334582425654
-1.9458362311124802
-2.044330343604088
-2.0466539771296084
-2.07195907831192
-2.0848752055317163
-2.0881859942649803
-2.1046502597164363
-2.108286587831875
-2.130083766579628
-2.1395978331565857
-2.1435193875804543
-2.1573038630497954
-2.1815232038497925
-2.2019969075918198
-2.2106161657720804
-2.2175083477050066
-2.242288386821747
-2.2523292684927583
-2.269503808269898
-2.3050918579101562
-2.3151865005493164
-2.356928120367229
-2.3931840509176254
-2.3973453044891357
-2.406236787792295
-2.415483573451638
-2.4675140660256147
-2.6875625252723694
-2.733187250327319
-2.7537022214382887
-2.779074013233185
-2.8300250644485154
-2.8483305294066668
-3.0249292055765786
-3.035024075458447
-3.0940562477335334
-3.127448427180449
-3.2094696164131165
-3.271465837955475
-3.2843704083934426
-3.327935606241226
-3.4570272266864777
-3.6191892623901367
-3.665575087070465
-3.694911289960146
-3.6966946511529386
-3.707061688105265
-3.9058234691619873
-4.0203070640563965
-4.397514224052429
-4.532273769378662
-4.934506416320801
-5.12882661819458
-5.8063764572143555
