-2.95634672511369e-05
-0.06498657081586619
-0.07425787424047788
-0.12736214221513364
-0.15289730907210874
-0.2292647633201506
-0.2466898012207821
-0.26017706933169393
-0.27010644445386867
-0.2733184439537581
-0.28153502475470304
-0.29050639950073676
-0.290557028755613
-0.2905677466769703
-0.2906011018429126
-0.29179264140839223
-0.2941029429840173
-0.2978460408897566
-0.3041027233240046
-0.3068733906839043
-0.31473856071372414
-0.3159371403317588
-0.3170671811250421
-0.32373870038281893
-0.3275684976157208
-0.3302524777882354
-0.33194046394200993
-0.33541487177474966
-0.3355227734586647
-0.34067092136247085
-0.3451055762670876
-0.3458633727610244
-0.34702744560005766
-0.3512333597561034
-0.36182042354495797
-0.3686784680562246
-0.36934567094280724
-0.37245106866824546
-0.37538780645543457
-0.3766098735255322
-0.3774676640307668
-0.37760245323869607
-0.37903101579078274
-0.38094212221431706
-0.3826496692255023
-0.38322829938393127
-0.3832489205170922
-0.38759051056946064
-0.391323313416381
-0.3955204809151058
-0.40583875379525125
-0.40692871221505234
-0.4079117541783489
-0.40812594443559647
-0.4124164854598348
-0.4129133537256469
-0.414966261085485
-0.4165373745108809
-0.41714205137557453
-0.4176265493863159
-0.41910468881878143
-0.4205659776767868
-0.42248300312348874
-0.4230430682073347
-0.4257688377021203
-0.4271496059023775
-0.4294177963841624
-0.4313216887996532
-0.4319792177661189
-0.432203278850971
-0.43242252531932274
-0.43439434424647555
-0.43913664472810604
-0.44260462395031935
-0.4443471380351263
-0.44483037568473566
-0.44562183913795805
-0.4499724923856168
-0.4514546438952363
-0.45329499774379656
-0.45363910126616247
-0.45367279414633577
-0.45594999316462137
-0.4584336047642864
-0.4594174387554328
-0.46045750651925726
-0.4616199010863784
-0.4695448660873808
-0.4699677809991408
-0.47677479321851024
-0.48103736814446163
-0.48655947954911327
-0.49413540742049616
-0.4953506884722393
-0.4961303903692169
-0.4963178618571773
-0.49732558699491036
-0.4975944580251558
-0.4984507976504657
-0.4988245014489318
-0.5044453963637352
-0.5139937574664751
-0.5146766198595287
-0.515755403997239
-0.5159838893814594
-0.5227844305336475
-0.5253267791122198
-0.5259853874155548
-0.5260817455127835
-0.5268533461494371
-0.5306668613726894
-0.5306979754881468
-0.5326739690892821
-0.533741125571396
-0.534462162128572
-0.5346475804264493
-0.5366248323553009
-0.5425725808832794
-0.5431973386940727
-0.5461176752245852
-0.5478922011901411
-0.5503105220405915
-0.5511636650836509
-0.5540439353014032
-0.5607692691846751
-0.5622199911824857
-0.5683708178314393
-0.5690154324854828
-0.56982715508294
-0.5701372128290435
-0.572977572795935
-0.5764152769515931
-0.5769985239967355
-0.5781085852533578
-0.587575240933802
-0.6011065933271311
-0.6026349809020758
-0.6062269136309624
-0.6062639326389346
-0.6071114800084615
-0.6081009613844799
-0.6174695311735073
-0.6188852041377686
-0.6221865862607956
-0.6265013544187624
-0.6265393421927001
-0.6345979056342104
-0.6412631254476894
-0.6434803751762956
-0.6473571442256798
-0.649558479587237
-0.6503300417777306
-0.6533051916630939
-0.6538328891270794
-0.6554735904210247
-0.6562202292095337
-0.656650428310968
-0.656976279988885
-0.6575741668542227
-0.6587183891928622
-0.6648868605391018
-0.6664708366879495
-0.6693262888632793
-0.6721329011314083
-0.6734097231489916
-0.6750519378628168
-0.6755737526342273
-0.6788472827923085
-0.6805595156736672
-0.6822062966206835
-0.6835519978776574
-0.6852479122268657
-0.6925093700798849
-0.6929381954076235
-0.6963821572659071
-0.7005969561432721
-0.7038406278006732
-0.7047031000256538
-0.7050628503784537
-0.7107219500633489
-0.7113274836188389
-0.7146835586638189
-0.7192645867665609
-0.7221007026964799
-0.7258919008309022
-0.7317086242006293
-0.732415147870779
-0.732983164023608
-0.7344585011402766
-0.7401969159901556
-0.7422478715423495
-0.7466613572090864
-0.7483108440879732
-0.7484542868401417
-0.7501110675075324
-0.7536387350410223
-0.7540888530929806
-0.7567022233037278
-0.7575781161460327
-0.7594375731423497
-0.7624334793848296
-0.7659703535693032
-0.7753074138890952
-0.775990420312155
-0.7768072457651475
-0.7774689790792764
-0.7895397297106683
-0.7914401777428187
-0.7933612022482391
-0.7985892756705117
-0.8032736646011471
-0.8047935160492281
-0.8071124740527011
-0.8076189683852135
-0.8083593288902193
-0.8103648922551656
-0.8124168574810028
-0.8143775884943482
-0.816416988770167
-0.8169538470683619
-0.819866817858484
-0.820456025143027
-0.8243460142984986
-0.8458034555826869
-0.8464723438826494
-0.8503707304596901
-0.854524479538668
-0.8566933944821358
-0.8575730986194685
-0.8619166895747185
-0.8625197807947794
-0.8654121408859888
-0.866389791170756
-0.8688188799553447
-0.86918328050524
-0.86932901541392
-0.8779984476665655
-0.888622989977843
-0.8975065824575722
-0.911729272975208
-0.9199856147752143
-0.9314466398209333
-0.9407999226823449
-0.9444865845143795
-0.9470182831088702
-0.9497998431557789
-0.9509836464292474
-0.9547638734802604
-0.961114051086562
-0.963458175980486
-0.9678182899951935
-0.9702784643159248
-0.9737649162183516
-0.9836320718750358
-0.996053723274963
-1.0073236376047134
-1.0097045868635177
-1.0161871017888189
-1.021274344374736
-1.0219346035737544
-1.022505923069548
-1.0371960563585163
-1.0487075746059418
-1.0530061168330056
-1.05939319729805
-1.0651566601203133
-1.065700650215149
-1.0687208076318104
-1.0718249543569982
-1.0718590470496565
-1.0796905439347029
-1.0857079569250345
-1.1269727326143766
-1.1306698828935624
-1.1538642272353172
-1.1687880977988243
-1.1740590315312147
-1.1804823279380798
-1.2018451244415094
-1.2111412485440571
-1.225903514510719
-1.2562059164047241
-1.3066168675820033
-1.3092427251394838
-1.3131298224131267
-1.319083571434021
-1.3420423865318298
-1.342544726654887
-1.3462620377540588
-1.393283772468567
-1.4024309194646776
-1.415420074403907
-1.4195469518502553
-1.4333797171711922
-1.4379837810993195
-1.4421137012541294
-1.4512545466423035
-1.4536719620227814
-1.491028442978859
-1.495017617533449
-1.4964568009600043
-1.501477837562561
-1.5132726907730103
-1.5172909771402676
-1.5315728036221117
-1.5462863724678755
-1.5574870556592941
-1.5709317922592163
-1.5769976844458142
-1.5882291495800018
-1.611229384870967
-1.6415129005908966
-1.6553759963717312
-1.6744131029893954
-1.6771254191116896
-1.6973486542701721
-1.7741479722317308
-1.8077043890953064
-1.8172304747422459
-1.8196547664701939
-1.8231328129768372
-1.845470905303955
-1.8466222696006298
-1.8790901775161426
-1.9087443351745605
-1.9216591715812683
-2.1316739346366376
-2.2098452472127974
-2.7322185337543488
-2.8309571743011475
-2.9298187759898915
-3.1616111993789673
-3.397702217102051
-3.704343038611114
-4.49749755859375
-4.831562042236328
-5.133872032165527
-12.784953117370605
-13.545977592468262
-14.138710975646973
