-0.014992625801824033
-0.17106718140712474
-0.17340812521676222
-0.30786297656595707
-0.3458649944514036
-0.4212388455867767
-0.4572529873500268
-0.4769508832444747
-0.4897655629007204
-0.49095941613464117
-0.4991310238838196
-0.49990109032310454
-0.5167002758632103
-0.5200808660980935
-0.5351800117641687
-0.5408304095268249
-0.541700063765837
-0.5441583659267053
-0.5527828775078748
-0.5590809192965805
-0.561334759246425
-0.5641643059331857
-0.5813995867967605
-0.5874235444207443
-0.5947877839498688
-0.6030920813500416
-0.6417114347896131
-0.6573620988731272
-0.6637654251751007
-0.6780197650194169
-0.6806216551721546
-0.6833868082612753
-0.6845740125118754
-0.6851529893585769
-0.6944958178856824
-0.7013890970159661
-0.7061288563224176
-0.7082233800964397
-0.7082530528306961
-0.7089503966005092
-0.7090797286407367
-0.7097370398028202
-0.7113626027615586
-0.7129084702284108
-0.715898470579775
-0.7189872572640086
-0.7224698409872872
-0.7325733175617642
-0.7333749811061554
-0.7398254966433991
-0.7453207538866471
-0.7455521561475636
-0.747896172106266
-0.7496460941557805
-0.7552336479877036
-0.7559235841811945
-0.7590828864237719
-0.7601069242227823
-0.7633395627573398
-0.76426127817831
-0.7707720587932272
-0.7725616352094221
-0.7759779468760826
-0.779056106430168
-0.7794368397444487
-0.7801203456619987
-0.7801351689292156
-0.7833454323134512
-0.7836883697134909
-0.783754607817779
-0.7870299962806337
-0.78801101737886
-0.7882890642526595
-0.7938858213185865
-0.7955522099829977
-0.7966895080753602
-0.7970420628786087
-0.7975335239479319
-0.7988197499819633
-0.8018365561729297
-0.8020186685876662
-0.8058997674534718
-0.8080276949622203
-0.8116786950226275
-0.8131673377043221
-0.8133772267028689
-0.8143485382008495
-0.8166932212382866
-0.8181912805885077
-0.8187522312910005
-0.8191009002205517
-0.8192292627956097
-0.8210770138539374
-0.82314030910269
-0.8233765055212477
-0.8244019418752941
-0.8248698714887723
-0.8298279063395361
-0.8311637191509362
-0.8330551632679999
-0.8349244002133168
-0.8352271772067373
-0.8372558686936221
-0.8389852170604053
-0.8422160437694401
-0.8422718229690376
-0.8460145629942417
-0.8484796984412242
-0.8500288921568426
-0.853138844948262
-0.8537918014939081
-0.8566459238226183
-0.8615684336650052
-0.8650438345968723
-0.8652574490719976
-0.8660159180770911
-0.8680240534740733
-0.8684625520993274
-0.8704907461651601
-0.8704944886267185
-0.8720712602080312
-0.8731901357352495
-0.8737963158637285
-0.8759266071800468
-0.8804463317458558
-0.8814138181166383
-0.8821336484364414
-0.8828619968068475
-0.8836232946903858
-0.8852014294825494
-0.8862316999584436
-0.888426571036689
-0.891308389690239
-0.896086051563907
-0.896089036638538
-0.8977635581570211
-0.9016902948933421
-0.9041178613882949
-0.9060209566450794
-0.9097514331453567
-0.9108768257449681
-0.911552420258522
-0.9129452183176334
-0.9143931459402665
-0.9162283744582581
-0.9187184270005673
-0.9313744312152267
-0.9337687136398422
-0.934576848806284
-0.9416248351335526
-0.9533090214304941
-0.9554710365615998
-0.9561102638124592
-0.9715008934338888
-0.9752441951568471
-0.9755986016653796
-0.9804116734303534
-0.9877106523228576
-0.9901549108843837
-0.9955663979053497
-0.9977465653792024
-1.003670909091549
-1.0068029193207622
-1.0081529445189517
-1.0100461194912593
-1.010826309521993
-1.018917971639894
-1.0245062598052235
-1.0276140466332435
-1.0373082177982378
-1.0408203137631062
-1.0515056077310874
-1.0536560283508152
-1.0554054466541856
-1.0574880596250296
-1.0581068556755782
-1.0679103036901714
-1.0684314016252756
-1.0822567918027441
-1.0834629535675049
-1.0870449451729656
-1.0881684443463908
-1.0916165925251942
-1.0917456369982876
-1.0928919832739565
-1.1021880797213979
-1.106598057739029
-1.1074053320501531
-1.1177308464422822
-1.1205455561478932
-1.1207321209626064
-1.1234165263886098
-1.1235068067908287
-1.135717767290771
-1.1464596036821604
-1.1474815727108054
-1.1505333401728421
-1.1527838923502713
-1.1561030802258756
-1.156263594329357
-1.1620306161542733
-1.1633196216183326
-1.1749368858349043
-1.1760120568796992
-1.183447255132099
-1.183965891185734
-1.1896358305588364
-1.1933773477576324
-1.2088631590207417
-1.2091657916704814
-1.2129018865525723
-1.2138051105255727
-1.222194445984704
-1.2230263619761292
-1.2271161178747814
-1.227124358061701
-1.2276184689253569
-1.2328829562498465
-1.23680579662323
-1.24574780691829
-1.2654304755851626
-1.280208518107732
-1.285360430367291
-1.290607362985611
-1.340325524409612
-1.3760967254638672
-1.388487845659256
-1.4174702564875286
-1.4367474764585495
-1.4855475823084514
-1.4975371919572353
-1.5175026468932629
-1.591330195311457
-1.6109752170741558
-1.6430752277374268
-1.6601958870887756
-1.6896656503280003
-1.6952545195817947
-1.9625312636295955
-2.325337588787079
-2.4560243785381317
-2.553107036277652
-2.621111468722423
-2.895040512084961
-3.169485282152891
-3.267486810684204
-3.323853015899658
-3.4671828746795654
-4.270107237622142
-4.311549186706543
-4.33803383045597
-4.473292350769043
-4.534347211651038
-5.101452708244324
