-0.00015639036428183317
-0.008096842834493145
-0.021608787938021123
-0.022904799290699884
-0.030519249864482845
-0.033023604291277785
-0.04461771417118143
-0.061262418515980244
-0.07255384240609904
-0.07851197908348695
-0.07939197809901088
-0.08252135056850071
-0.08609801852920403
-0.09200584376230836
-0.0951234080013819
-0.09641263377852738
-0.09674048235683586
-0.10258813068106644
-0.11574013726785778
-0.13066791667370126
-0.13267861972174919
-0.1356126117267801
-0.14342968388357097
-0.1610401315614581
-0.16534032529619122
-0.16680096327819718
-0.19273716770112514
-0.20196860199794173
-0.2030765824019909
-0.20484045830865702
-0.20508196246292856
-0.21191804209125362
-0.2149188634680791
-0.2166066223113663
-0.21692227051244117
-0.2170541584212818
-0.2180810071999076
-0.21843333329597953
-0.21947102629201254
-0.22125203586962444
-0.22284011507572893
-0.225653373557725
-0.2279661176726222
-0.2313092487215558
-0.23438380829858943
-0.23604122176766396
-0.23756094630031535
-0.2407347212501918
-0.24201789441415006
-0.24232502705917797
-0.2446267662776841
-0.25009950674906245
-0.25360461529950185
-0.25440883122680064
-0.25447322530671956
-0.25862013865636463
-0.25912344035977086
-0.263002139915313
-0.26882898471861455
-0.27448284468846396
-0.2766371437456756
-0.27906483797050896
-0.27910382534901146
-0.28472980973174344
-0.2892914289469546
-0.2898186639981759
-0.29418622675196576
-0.2984131671902206
-0.3007913824015607
-0.30204364659193045
-0.3026984611002532
-0.30466029811650513
-0.3060703035444021
-0.30646748942614066
-0.30745033402217814
-0.30748910731708745
-0.3101591447462292
-0.31174683953092125
-0.3159148532728938
-0.317274191044271
-0.32180053145358606
-0.32226883767483133
-0.32248038053512573
-0.3225893594435884
-0.3238344579420906
-0.32747848527147794
-0.327507857978344
-0.32806712947785854
-0.32979801230248995
-0.3304719488005503
-0.3308460784356957
-0.3331029127418463
-0.33357143483590335
-0.33419688838264183
-0.3352884053524273
-0.3363316711038351
-0.3364713754308468
-0.33687576125703345
-0.33868168672779575
-0.34129170730658287
-0.3421776179665326
-0.34252315437003167
-0.3427158286853228
-0.3431718251667917
-0.3466763587919279
-0.34730028147168923
-0.3474633266549582
-0.3481515933755353
-0.3485459668367791
-0.34911558266321663
-0.35019257927862263
-0.3530359139808247
-0.3530748720028593
-0.3531831809355376
-0.35654020777437834
-0.35708273937846324
-0.3614759581085915
-0.3660087668844922
-0.3665728337382461
-0.367038757094997
-0.3711324943265376
-0.3715443005785346
-0.3718873556289408
-0.37198473410211996
-0.3726241449309912
-0.37272422119147247
-0.373420801873594
-0.37458721129752864
-0.37527140392153846
-0.3756912623066455
-0.37612822733353823
-0.37724231821484866
-0.3783842582255602
-0.38026008934684796
-0.38241945789195597
-0.3847768803211188
-0.3849230542313308
-0.3864163075529083
-0.3864989397407044
-0.38702098168601207
-0.38786245661079494
-0.388270086194906
-0.3891785855405033
-0.3900352977216244
-0.39091060087351553
-0.39105119109153746
-0.39205480742061305
-0.3943034936208278
-0.3943520267494023
-0.39462850757408885
-0.397657732375794
-0.39859344803595115
-0.39940577859736304
-0.3997048769212727
-0.39988635244247106
-0.40015579416002667
-0.4021913647884503
-0.4022383708894874
-0.4026447705857988
-0.4027192879933864
-0.4035837946459651
-0.40604486559297787
-0.4069250334157712
-0.40930705664019723
-0.40959544604993425
-0.41439638661228984
-0.41503448388539255
-0.4158379394677468
-0.41823895698568475
-0.418382978066802
-0.4198368944020735
-0.42050028529722894
-0.4220834906788214
-0.42512055796881515
-0.42596155765932053
-0.4271640912112262
-0.4281467133900151
-0.428368679509731
-0.42837027476770556
-0.4295405344002777
-0.4303899077625829
-0.4309116647687511
-0.432873816744053
-0.4348461000190582
-0.4351617800801553
-0.43521286444269613
-0.4360686690274451
-0.43721085667077986
-0.43875105907788264
-0.43941405167182285
-0.4410499152254488
-0.4412817886916148
-0.4427397379444705
-0.44691855474375186
-0.44832502356307075
-0.4487652697910865
-0.4493685300824129
-0.4497273568995297
-0.45052560969634214
-0.4508154605116163
-0.45145399812608955
-0.4533450068799236
-0.4550568001810461
-0.4553701115975855
-0.45641666950864923
-0.4568944433849538
-0.4585589411668479
-0.4588935197415677
-0.45979023328012164
-0.46017821691930294
-0.46460754638537766
-0.4655254125315299
-0.4671140483035494
-0.46788147357680526
-0.4683433582928653
-0.47104915529489516
-0.4711283679120243
-0.47752360871527344
-0.4796441337093711
-0.48361769413313593
-0.48365867307196214
-0.48725144415715
-0.49124584160745144
-0.49495303649129474
-0.4961654827930033
-0.49728142871172165
-0.4978500108933076
-0.5026720532740001
-0.5033455345546827
-0.5046685001060446
-0.5052897110581398
-0.508777447976172
-0.5103390883280857
-0.5118167460378673
-0.5129628317663446
-0.5134305323008448
-0.5144066070206463
-0.5165993209063474
-0.516788274521241
-0.524595303076785
-0.5342649955520755
-0.5462151371563474
-0.5505889148451388
-0.5527858308383397
-0.5532916547672357
-0.553569327108562
-0.5556120133493095
-0.5590400452725589
-0.5618405786548725
-0.573835717793554
-0.5746776426676661
-0.5774527889831612
-0.5801160266467681
-0.5823707285744604
-0.5897028317922377
-0.5915776998735964
-0.5974054131656885
-0.6070960527285933
-0.6162384959558646
-0.6164401521285375
-0.620363789284186
-0.6320927515625954
-0.6341814171464648
-0.6350476741790771
-0.6388645565602928
-0.6408876149604718
-0.6415708997810725
-0.641582745447522
-0.648732905217912
-0.6518971685852323
-0.653499286621809
-0.6538850273419585
-0.6563254345208407
-0.6574350243026856
-0.6574574951482646
-0.6586391321470728
-0.6601430602895562
-0.6605842709541321
-0.6620537451468408
-0.6646537995431572
-0.6655825909976556
-0.668187345698243
-0.6733305470086635
-0.6740337666873529
-0.6751365876290947
-0.6771660219722738
-0.6789264072043201
-0.6841611054725945
-0.689557347400114
-0.6902535454525301
-0.6908797766747219
-0.6919153324597573
-0.6947876488072021
-0.7000134090582529
-0.7023986322650065
-0.7056154968616154
-0.7069525064155945
-0.7155181233926365
-0.7165845135692507
-0.7240697228504965
-0.7255862708203494
-0.7267705351114273
-0.7290805638102549
-0.7307224319665693
-0.7328767254948616
-0.7351068065036088
-0.7393617760390043
-0.7428318357560784
-0.7431184651330114
-0.748021143655933
-0.7491096236238567
-0.7492483829148113
-0.7497131259491047
-0.751101719836394
-0.7531278201786336
-0.7558055609464646
-0.7618203542486299
-0.7634437640344913
-0.7649204730987549
-0.7657721088617109
-0.7677101890246073
-0.7855782836675644
-0.786595931649208
-0.7866675446275622
-0.7907787084113806
-0.7986146993957846
-0.8039233147530467
-0.8043303719854781
-0.8050753097631969
-0.805690332802312
-0.8128593101719161
-0.8154549039900303
-0.8197808373824955
-0.8225962018768769
-0.8249108175339643
-0.8305405734106899
-0.833774659394597
-0.8390016562416349
-0.8391536108683795
-0.8447918947786093
-0.8535410099928933
-0.8550813431324463
-0.8679881904274225
-0.8738619641711315
-0.8773006064711808
-0.8783293840766419
-0.8878121564775938
-0.8924946278178444
-0.8944205857308892
-0.9023402938619256
-0.9051644230882326
-0.9161410303786397
-0.9192734412111653
-0.9225947065278888
-0.9271049943442146
-0.9279386643320322
-0.9319796148556634
-0.9404125805788984
-0.9490017528645694
-0.9651870347054986
-0.9759506669826805
-0.9853102893568575
-0.9945891474373638
-0.9970272905891762
-1.0217949748039246
-1.0249573666369542
-1.0270140808075667
-1.0293301963247359
-1.0299423813819886
-1.0343211646541022
-1.0413195479355637
-1.0559449325228343
-1.0560703196562826
-1.0599744625505991
-1.0708479111199267
-1.0854481017886428
-1.0926037014772494
-1.1082495647133328
-1.1122108474373817
-1.115543755237013
-1.115801418821017
-1.126971157733351
-1.149236391911732
-1.1552832782908808
-1.1698567622341216
-1.177189663052559
-1.2083326580468565
-1.2085809767246247
-1.2189140758904007
-1.2365567737797392
-1.2377785295248032
-1.23837806781133
-1.238532205694355
-1.2408832723333034
-1.242022212682059
-1.253830426093191
-1.2559638134262059
-1.2640932198613881
-1.276584304869175
-1.3015995911322533
-1.313584561641619
-1.3230251371860504
-1.3335563354194164
-1.3593357019199175
-1.368855069577694
-1.3760924451053143
-1.377318324893713
-1.3990889344364406
-1.4018805441252578
-1.4465292189270258
-1.4588547547658284
-1.4727292656898499
-1.5082245105877519
-1.5150247782468795
-1.5161348084608715
-1.660103739798069
-1.6933169132098556
-1.7633330524743844
-1.7730379104614258
-1.7782160639762878
-1.805526022799313
-1.8379928171634674
-1.8499535918235779
-1.8544263243675232
-2.0749770490219817
-2.097288880497217
-2.175227891653776
-2.2057785391807556
-2.2369887828826904
-2.2562614163452963
-2.2932575199374696
-2.436466852823893
-2.5161117104192576
-2.538939227660497
-2.5573266791179776
-2.6729857325553894
-2.7089650630950928
-2.737731342203915
-2.777865208685398
-2.937972897605505
-2.9467159163905308
-2.9700507149100304
-3.001150369644165
-3.017531010477493
-3.0314919055672362
-3.1719963550567627
-3.2784362137317657
-3.4370150566101074
-3.888024717569351
-3.959900736808777
-4.141927106305957
-4.390980839729309
-4.414439797401428
-4.4537598657479975
-4.575802803039551
-4.894108608510578
-4.983974286340526
-7.283316135406494
-8.17257022857666
-10.190641403198242
-10.22105598449707
-12.506237030029297
-15.45428466796875
-15.969823837280273
