-0.012443990505744296
-0.047996893525123596
-0.09226856987988867
-0.09754230028338498
-0.10880746646726039
-0.12594101686651507
-0.14011533558368683
-0.14113580246339552
-0.21442351954222735
-0.22824911692025904
-0.2576558085080857
-0.26725365942547796
-0.29400249918253396
-0.29426528252661227
-0.2959379373953032
-0.3060827460004865
-0.3122244603931904
-0.3152664528087885
-0.33850915394723413
-0.35325938135954654
-0.3561770404859999
-0.3605687652047049
-0.3626133800239116
-0.3673865531194539
-0.36828830316662786
-0.36856552134724613
-0.36879679751000366
-0.373543982053174
-0.3744344562292099
-0.3746739318667096
-0.37723670161573897
-0.379057409562895
-0.3797972097268535
-0.3800136836697935
-0.3816974665921104
-0.388912121557496
-0.3894088480643088
-0.3925028078330797
-0.39362288657866884
-0.3976732256540282
-0.40165019430947724
-0.40170798987877787
-0.40198463004162477
-0.40418180620674876
-0.4042876852860597
-0.4045623280552328
-0.40482354887773486
-0.4096625097095966
-0.413321276078932
-0.4133817921732164
-0.416104864258299
-0.41613336920423094
-0.41638115055684466
-0.41813508732443083
-0.42238601846038365
-0.42316007710032866
-0.425156591384075
-0.43029195027176886
-0.43392247990306243
-0.43512163377308755
-0.441825317142866
-0.4445490587645706
-0.4550289814708069
-0.46692059073555153
-0.4734124193109892
-0.4813037449879946
-0.48514784476234735
-0.4870913793638465
-0.487948747187329
-0.4890420921918121
-0.49223096251334936
-0.5023880803149184
-0.5038087568784704
-0.5044093427641201
-0.5050664426633054
-0.5072239623672291
-0.509244336198511
-0.5105249812574281
-0.5131505940771603
-0.5132574608014693
-0.5198818495652328
-0.5288337511010468
-0.5291446676956184
-0.5302936355292331
-0.5330557682965364
-0.5336490127333996
-0.5344255182038372
-0.5432361727018562
-0.546299263027322
-0.5477652884310373
-0.5488143275895709
-0.5500566166010685
-0.5514115974413775
-0.5560120790487417
-0.557007126607156
-0.5586491900446292
-0.5648324573724975
-0.5656229916914728
-0.5691051799568574
-0.569983223971836
-0.5704000634464642
-0.5732850411342738
-0.5790910151717981
-0.5823733785990044
-0.5898627126901855
-0.5932449778535686
-0.594173016028233
-0.5972935421165554
-0.5985388518335975
-0.6019596412110592
-0.603231882360361
-0.603512337106622
-0.6037569833985929
-0.6038308588469686
-0.6047076179284987
-0.6119559467846961
-0.6138243134929715
-0.6175546811355161
-0.6254253157734638
-0.6263259744919196
-0.63288747475987
-0.6339736185564107
-0.6357826977621769
-0.63773103854813
-0.6452779730549082
-0.6470170884165869
-0.6561324137583142
-0.6562171844270779
-0.6580110163641317
-0.6606440427713096
-0.6625713042313388
-0.663652416480343
-0.6656531562459551
-0.6673334594033804
-0.6686840558457854
-0.6735444451132935
-0.6742464861211678
-0.6747304923366755
-0.6749035161197493
-0.676065883958654
-0.6766187799860037
-0.6776871821144596
-0.6787853422879596
-0.6792264378280379
-0.679312971006665
-0.6804463204229251
-0.6823452066455502
-0.6846381596645058
-0.6857996967541112
-0.6858173301210627
-0.6879352267618136
-0.6884095328587136
-0.6923157313707634
-0.6925908468692796
-0.6995370098803606
-0.7129705598733077
-0.7161915955786955
-0.7209207015330321
-0.7225063860274127
-0.7254629244894854
-0.7266865761599287
-0.7270150036395838
-0.7294384299938639
-0.7296455171890557
-0.7299116690950801
-0.735713280341588
-0.735831155608009
-0.7365352847380564
-0.7398936778947245
-0.7434495526530165
-0.7448215346511071
-0.7449533207836794
-0.749976766702457
-0.7535995276375616
-0.7547556402969349
-0.7548996244974356
-0.7563619850466239
-0.756479803352704
-0.756486572785636
-0.7582280444103162
-0.7593818913058689
-0.7628478280174831
-0.7667776341277204
-0.7712293701673237
-0.773723423957967
-0.7744079347143674
-0.7784072330869094
-0.7801648746783485
-0.7835718789676775
-0.7891400228952989
-0.7891473258132464
-0.7942764614243061
-0.7951370488295247
-0.7966758331937983
-0.7999153456373408
-0.8018403460785825
-0.8032926480186039
-0.8033123562733332
-0.8058922907570377
-0.8072540713280129
-0.8073943884774053
-0.8086391893365155
-0.8091184903132671
-0.8140339612000389
-0.8171051270368149
-0.8184450480288693
-0.8242125362933924
-0.8253000500146299
-0.8279468081891537
-0.8311955551343999
-0.8324985653017782
-0.8347178860276472
-0.8362737531794913
-0.8440049963806254
-0.8455422674214788
-0.8497206332969653
-0.8636980655479419
-0.8667493529152125
-0.8674232950434089
-0.8705744473263621
-0.8772596862758152
-0.8782892949413508
-0.8842378431665046
-0.8849256788289495
-0.8873712184715259
-0.8907947153008232
-0.8944103062015281
-0.9014615881460486
-0.9020381541922688
-0.9063829570409975
-0.9090393228689209
-0.9108223553193966
-0.9136304706335068
-0.9138785840012134
-0.9217537712102057
-0.9353631617232168
-0.9393240134464577
-0.9498223291507202
-0.9584254008451742
-0.9625714980528838
-0.9660812923684716
-0.9684772301465273
-0.970971408832286
-0.9949993225080627
-0.9997348830636058
-1.0040559785751004
-1.0160442559048533
-1.0205330550670624
-1.0350709776061453
-1.0560730045156863
-1.0573203616908617
-1.059999007571201
-1.060808781068772
-1.0613658418878913
-1.0659462579836447
-1.0729523874553186
-1.0735519081354141
-1.097158943186514
-1.101720585487783
-1.107945494664212
-1.115566204302013
-1.1221872931346297
-1.1284404474310576
-1.1332318841935678
-1.1388713060878217
-1.1492558906786143
-1.176845685844975
-1.1857591286097886
-1.186626957419018
-1.1888946751278127
-1.2189803197979927
-1.2225743832920368
-1.235947569521765
-1.2651434598956257
-1.2742908019572496
-1.2851516116206767
-1.2955769748550665
-1.3051762506365776
-1.3062440464273095
-1.3082658926025033
-1.321392949980994
-1.3219285585015315
-1.3365324081853032
-1.3542113977484405
-1.3765338485439618
-1.3892382301390171
-1.3917501286875147
-1.3921284213662148
-1.4139200432691723
-1.4142345163971186
-1.4207246617685694
-1.4356603134947363
-1.4577208161354065
-1.4689185291528701
-1.4884393854687612
-1.4928197115659714
-1.513745195697993
-1.5154246212914586
-1.528019261197187
-1.5353480571648106
-1.5621449891477823
-1.6558390349149703
-1.6824815567524638
-1.6833339432875316
-1.8384209123129647
-1.8547593752543132
-1.879341471940279
-1.952336072921753
-1.9626994282007217
-1.9812921645740669
-2.045713350176811
-2.074133977293968
-2.157847801844279
-2.3059034016914666
-2.321388045946757
-2.343649973433154
-2.3999590078989663
-2.4678842226664224
-2.5166310469309487
-2.5490774313608804
-2.63875412940979
-2.6573725938796997
-2.7372965017954507
-3.0345608443021774
-3.0538929849863052
-3.184433937072754
-3.2801151871681213
-4.3461431711912155
-4.42786468565464
-4.636917367577553
-4.776137962937355
-4.976251378655434
-5.009271547198296
-5.829349040985107
