-0.0001037067049765028
-0.0009343157580588013
-0.015112747307284735
-0.021291542216204107
-0.024453262261840792
-0.028372406028211117
-0.030557120165516
-0.04090416668914258
-0.04202498332597315
-0.04808155100909062
-0.048974014360283036
-0.052372146669464804
-0.061285590012523566
-0.0615246164961718
-0.0644020444813664
-0.06614417074888479
-0.06865166460556793
-0.0748949316448967
-0.07549545128962823
-0.07814140364062042
-0.08844202241743915
-0.0942751412690086
-0.09458480775356293
-0.10127033806514062
-0.11161234463049498
-0.1226655812196955
-0.12369530239892709
-0.12506984973636767
-0.13558141156099737
-0.13595413026450842
-0.13952129488079662
-0.14042825199905326
-0.14199421760812667
-0.1470566589155674
-0.149096827643613
-0.15427898902479292
-0.15470248351398783
-0.15602872110321186
-0.15741251346965632
-0.15769795883291712
-0.15928447840269655
-0.16013134309157198
-0.1646029471593465
-0.16726573731739336
-0.17729666586637904
-0.17748438444868953
-0.18028153403594677
-0.18122256367496448
-0.18203670498249785
-0.18330443436279892
-0.18457483948441222
-0.1873127901996089
-0.18789626533786455
-0.19296258176554046
-0.19329064013636527
-0.19731286571671566
-0.2055610705405839
-0.20638728240806986
-0.20645713279191114
-0.2075714728794992
-0.21363966303345347
-0.2162201598045573
-0.21937392764957622
-0.22249620922957547
-0.223576349549694
-0.22585517520201392
-0.22741376656363413
-0.2294389825547114
-0.22985997170811365
-0.23252093116337033
-0.23545981687840095
-0.24157388424750284
-0.24181137436452055
-0.24658839015533243
-0.25250688152335077
-0.2527233209342846
-0.25528782052944216
-0.25909582002870074
-0.26263044362380583
-0.2626527234937789
-0.26349978236895466
-0.26447937885652584
-0.2663392648100853
-0.27236705025910246
-0.27505323216298294
-0.27522844867780805
-0.2787582516350085
-0.28174701193347573
-0.28225442208349705
-0.2849144710227847
-0.28521881300548557
-0.286953711246107
-0.2874700275162468
-0.2874747053720057
-0.28938101210769673
-0.2981623607037738
-0.29886958709411215
-0.3008368628436764
-0.3018271319568157
-0.3025959658629482
-0.30799260695347486
-0.3087528573581949
-0.30914209657021274
-0.3125764784126659
-0.3129318406184514
-0.31332503238185644
-0.3134603496744401
-0.3139500255232346
-0.3163836519492583
-0.31716062663191996
-0.3184056046415612
-0.32508479803800583
-0.32629762278443913
-0.32885167977947277
-0.330245431890944
-0.33257859357399866
-0.3339248806325486
-0.33401567919551667
-0.3341793311701622
-0.3398768003517034
-0.340717442248133
-0.3412961482164165
-0.3416021293378435
-0.34168239789687505
-0.3424291744915536
-0.34285894846737264
-0.3461406293510943
-0.3463753886624343
-0.3464426898339298
-0.3468519006699073
-0.34752631380170995
-0.3480550802312791
-0.34844506193330743
-0.34953756776600736
-0.3505193478647723
-0.3514392102845401
-0.3516733434746584
-0.3530309564201161
-0.35391843100430714
-0.3540955349000999
-0.35569975022891803
-0.35663237429689615
-0.3569088892739468
-0.35825324153993277
-0.35872538131661713
-0.3606344469284021
-0.36118872774386546
-0.3623521893613917
-0.3630013873588051
-0.3630827038064631
-0.36394066029461103
-0.3642666270690305
-0.3654372588964179
-0.3659106374502049
-0.3660079021938145
-0.3689006394189265
-0.3690526270268795
-0.36935706371236043
-0.37063932546880096
-0.37163655586320804
-0.37277399965872365
-0.37325463623749655
-0.3736751780347226
-0.37455021892845464
-0.37656269629422406
-0.3766127278316465
-0.37738693016330344
-0.37786182381096295
-0.37833519032975693
-0.3787376456632046
-0.38024053007829933
-0.38372276759093016
-0.3846415487874765
-0.38596167226933176
-0.38791586597678057
-0.388382069231011
-0.38947688193079205
-0.3895371738019296
-0.3962172426690813
-0.3967454152472783
-0.39698597049573436
-0.3993875064317965
-0.40055611525895074
-0.40161707324700224
-0.4048559823521646
-0.405943509133067
-0.40705278811510653
-0.4087381944086196
-0.41076532567240065
-0.4117170309764333
-0.4133828863268718
-0.41371209730817404
-0.414383106585592
-0.4151311640439417
-0.41668450087308884
-0.41853495930055423
-0.4197492773421497
-0.420092834573653
-0.4202514832697647
-0.4225830834675435
-0.4233939141655962
-0.4238524243119173
-0.425074661441613
-0.4258258785509194
-0.4258758811888078
-0.42606205951560694
-0.4270284011843614
-0.428128995337627
-0.428140577653216
-0.4333664308302104
-0.43357650204052334
-0.4338833043536094
-0.4343594703823328
-0.436184482860502
-0.4365261053938481
-0.4366454990051187
-0.4368371757809655
-0.43803261269608307
-0.4438792732147373
-0.44428710625231216
-0.44570151193614077
-0.4465911598720898
-0.44797551166266203
-0.4479770341755024
-0.44919305546209215
-0.4496805143259865
-0.44985389299690726
-0.45048151514908696
-0.45464381924830377
-0.45479681648915476
-0.456821675464097
-0.4570984664217879
-0.4577143258114423
-0.45824435353279114
-0.4588214040517674
-0.4593087702873163
-0.45932968101826394
-0.4604398429616075
-0.4615670700017786
-0.4619773245916664
-0.4620096779894084
-0.4638283450854942
-0.4640196646408488
-0.46680481114890426
-0.4668051658793249
-0.46879210643692204
-0.4692303128540516
-0.46954600408207625
-0.473450236604549
-0.4738996960222721
-0.4748566874768585
-0.47524873398841644
-0.47600825112021994
-0.4762499395059422
-0.47628486319445074
-0.47722921617387326
-0.4775986807006929
-0.4792128240223974
-0.47934372941001685
-0.4793581943460075
-0.48066417104564607
-0.4811130238696933
-0.4823812749569437
-0.48266116902095746
-0.48477070186213084
-0.4850560414506617
-0.48540438552663545
-0.48561268695630133
-0.4857620614978562
-0.4869213557824315
-0.48749581375159323
-0.4902924951747991
-0.4907865490947318
-0.4910139552796156
-0.4916197471320629
-0.49196306211160845
-0.49388348539027255
-0.4945867788337637
-0.495423360478728
-0.4962463366700831
-0.4974685463950866
-0.49770367168821394
-0.4979092363889019
-0.4979904292849824
-0.4993520460371986
-0.5017618866870179
-0.502697611020671
-0.5029237920758036
-0.5045816863449069
-0.5058162292698398
-0.506020282226018
-0.5064808302558959
-0.5069674282068652
-0.5074819347738867
-0.5085385871456917
-0.508541450130805
-0.5099204545212591
-0.5102899356279522
-0.5133856027387083
-0.513794000192623
-0.5145706169839416
-0.5185955706595754
-0.5188832283856755
-0.5203719759592786
-0.5215423102490604
-0.521687917073723
-0.5237569755408913
-0.5244347550906241
-0.5245891667242782
-0.5246623403043487
-0.525304678400668
-0.5273198733157187
-0.5283544617039817
-0.5288467156416219
-0.5315709275503954
-0.533333134255372
-0.5335663430392742
-0.5347268837736919
-0.5368728055618703
-0.5373789155855775
-0.5374644353170879
-0.5382940237080523
-0.5398091003492785
-0.5427452530776564
-0.5441357563366183
-0.5451584842056036
-0.5462893111165613
-0.5474532072403235
-0.5483998759425178
-0.5485251403413713
-0.5503871791988786
-0.5504664810374379
-0.5505951563827693
-0.5533634957558077
-0.5536856584043967
-0.5564031738322228
-0.5567112937569618
-0.557477742433548
-0.5577607792317091
-0.5581756381317973
-0.5582388904665343
-0.5615018138196319
-0.5652203415003088
-0.5653823230855374
-0.5667996083340969
-0.5676613663256701
-0.5738214179873466
-0.5760671780703382
-0.577789306640625
-0.5784308543428779
-0.5802348118304508
-0.5867464384452129
-0.5881278216838837
-0.5885485139442608
-0.5889086365059484
-0.5907371218005816
-0.5945400041528046
-0.5955821590291129
-0.5958893685989702
-0.5966140581294894
-0.5981741978903301
-0.6008547885784148
-0.6013917527540219
-0.6014267317431015
-0.6014943511411099
-0.6042213648906909
-0.6048062911722809
-0.6052319425507449
-0.606354657945653
-0.6066453009843826
-0.6109387394002018
-0.6122548477724195
-0.6128034415654838
-0.6194217299926095
-0.6199322570529249
-0.6215135416215551
-0.6229246417060494
-0.623923640618159
-0.6253737395995164
-0.6259246901609004
-0.6306655928958207
-0.6364277358613132
-0.6387167338814054
-0.6393606504425406
-0.640811555320397
-0.6415287049765337
-0.6416879910975695
-0.6426403987820127
-0.6436789277940989
-0.6451163407170952
-0.6451301658526063
-0.6478067454881966
-0.6481001246138476
-0.6486055836721789
-0.6490127248356917
-0.653313218176158
-0.655303900440534
-0.6555408157485848
-0.6567588878097013
-0.6589045450576426
-0.6620869813777972
-0.6625982567978402
-0.6633145316607423
-0.6659838487394154
-0.6681965854018926
-0.674993165768683
-0.6777852039813297
-0.6794130105214814
-0.68050424782684
-0.6838616746827029
-0.6840720165346283
-0.6873346248321468
-0.6882768406487432
-0.6883742983142535
-0.6905248921539169
-0.6972410877545675
-0.6976310262543848
-0.6999103446335843
-0.7002828135820371
-0.7024322899669642
-0.7024762257933617
-0.7067749763421792
-0.707065807597246
-0.7073284106930563
-0.71685357298702
-0.7191536085214466
-0.7192718988018376
-0.7194521250901744
-0.7195996660157107
-0.7216747863179384
-0.7258443925529718
-0.7298860542401339
-0.7342005207070282
-0.7357070777565241
-0.738231980270939
-0.7386001697741449
-0.7478622590812544
-0.7482465313126644
-0.749039960000664
-0.7496637431904674
-0.7525109074582966
-0.7575405982206576
-0.7587325231482586
-0.7594160651788116
-0.7607947319983006
-0.7666914866616329
-0.7681139201546708
-0.7681477889884263
-0.7753057947847992
-0.7760260946815833
-0.7762018751353026
-0.779392727650702
-0.7890692486980697
-0.7977082151337527
-0.798991221934557
-0.8029304171601931
-0.8056972328573465
-0.8067780234850943
-0.8068174246698618
-0.8068272570768992
-0.8136583645828068
-0.8215760760009289
-0.8226634704374841
-0.8228366359003952
-0.8266661167144775
-0.82915575876832
-0.8295130481322607
-0.8334622979164124
-0.8345107812434435
-0.8366754353046417
-0.8405743681692651
-0.8411773668136447
-0.8412118150386959
-0.8414994557388127
-0.8439821936190128
-0.844172532776914
-0.8452544048438236
-0.8541225833119824
-0.8553401639685034
-0.8561399295926094
-0.8693547628819942
-0.8700388173705765
-0.8744675321504474
-0.8860192811116576
-0.8879610235744622
-0.899243488162756
-0.9057218450470828
-0.906348030269146
-0.9098521441221237
-0.9101471222937108
-0.9108886858448386
-0.9178979676216841
-0.927270838059485
-0.9279876415093895
-0.9329517357982695
-0.9331606171326712
-0.9380302282050252
-0.9394196622073651
-0.955366132222116
-0.9578439293836709
-0.9614444758432606
-0.9659914066083729
-0.969094529747963
-0.9710122514516115
-0.9784709322266281
-0.9818583577871323
-0.9827544070625057
-0.9881787026242819
-1.0032291103561874
-1.006612779184555
-1.0074561034271028
-1.0102269276540028
-1.013082955032587
-1.0278036402189172
-1.0346333121415228
-1.0404588079079986
-1.0453966691857204
-1.1168250981718302
-1.1250169811149437
-1.1348705440759659
-1.1378622899452846
-1.1407379314303399
-1.1504652391498287
-1.1652134391479194
-1.1760743847116828
-1.193016032455489
-1.1986951451690402
-1.239471251765887
-1.2513550706207752
-1.2571530647886295
-1.2594991326332092
-1.2680156055139378
-1.2853857055306435
-1.2924911982069414
-1.300823909540971
-1.3151003122329712
-1.318486861186102
-1.327093375613913
-1.3903625113307498
-1.393078316313525
-1.4590308560679357
-1.4735809219419025
-1.480193518975284
-1.5567449821780126
-1.5607345002354123
-1.6353794932365417
-1.7221916451429327
-1.7712089649867266
-1.7805625704738002
-1.7819491865423818
-1.7884997949004173
-1.794063847977668
-1.7961249244399369
-1.8095685634762049
-1.8277302980422974
-1.8429422974586487
-1.8479847479611635
-1.8719763363090653
-1.8762951791286469
-1.9429859051015228
-1.966532949047784
-1.9849503207951784
-2.0071944519877434
-2.0077389606740326
-2.0088302488438785
-2.0446013174951077
-2.0541494973003864
-2.121568441390991
-2.1778053641319275
-2.2362180650234222
-2.2456170641526114
-2.464284829882672
-2.570152312517166
-2.5855321288108826
-2.5913403688464314
-2.6113187395676505
-2.6175134079530835
-2.642660921672359
-2.76158352625013
-2.841175707493676
-2.888457376451697
-2.901891459710896
-2.956679679453373
-2.9998345375061035
-4.343079766695155
-4.534053048555506
-4.612812712788582
-4.651084622804774
-4.788186490535736
-9.606186866760254
-11.219276428222656
-12.561823844909668
-13.28853702545166
-16.35926055908203
