-0.0010386077919974923
-0.0066792985019977396
-0.010188201596406543
-0.016463560280082373
-0.06030588876456022
-0.20509596780804148
-0.2347916151629761
-0.2615475062412017
-0.2864762829026972
-0.3074578874021735
-0.30991279039314507
-0.3125679151001444
-0.3162073548010085
-0.3219687355256697
-0.32350576106948176
-0.3243024413629125
-0.3338156474305184
-0.3362913830205798
-0.3483398031288137
-0.35660923024406654
-0.37209653821476724
-0.3781737694621609
-0.3805749028913851
-0.3818635704694316
-0.3856337107471128
-0.39347970185398856
-0.3957287544530118
-0.4060288779437542
-0.4146109201537911
-0.42110052158408573
-0.422672729795782
-0.433171041305953
-0.4366577570973378
-0.44345840859573227
-0.44780940924334167
-0.4550717028323561
-0.4561078006118722
-0.45752584922593087
-0.46300348365912214
-0.4686469730339013
-0.47238240997423575
-0.47401926743623335
-0.47599169790628365
-0.4776098574198605
-0.48087348751557457
-0.48156832840241903
-0.48320930062254774
-0.4836505055427551
-0.4859011898094347
-0.48698340461123735
-0.4885990761556766
-0.48890934318187645
-0.4892815203056671
-0.48950880432901456
-0.49100379049777987
-0.4934159296348558
-0.4949723286923612
-0.49544540999340825
-0.49775178180619456
-0.49828488104976715
-0.4994145083910553
-0.5006791967840399
-0.5007568104511948
-0.5020412770515706
-0.5117175270082953
-0.5126225807471201
-0.515121435732487
-0.5163899622128156
-0.5175958512118086
-0.5180041160660751
-0.5182142445638809
-0.5210191343114983
-0.5214789595338516
-0.5275637445389293
-0.5289709201548248
-0.5363343960616476
-0.5376246766399537
-0.5379206411048977
-0.5402881756399438
-0.543482888561179
-0.5440813677094412
-0.5474246714846231
-0.5541699291148688
-0.5549284076732874
-0.5560162825742736
-0.5569692949055545
-0.558868607422634
-0.5597606060249606
-0.5630278903699946
-0.5651073524236886
-0.5663889374783366
-0.5664772120494903
-0.5759697222577719
-0.5784804061346221
-0.5806125364894493
-0.5820241606751062
-0.5824067523460392
-0.5824430546220226
-0.5890091291628778
-0.5892091885209083
-0.5902541976707502
-0.5907167880860571
-0.5919028067728505
-0.5923490228829905
-0.5958582828282791
-0.5971172500382635
-0.5971371003189623
-0.5982418263706172
-0.5997416339993763
-0.6108614624827169
-0.6120455251657404
-0.613286814374078
-0.6141533688124683
-0.6149577618731806
-0.6160226257179511
-0.6184418650372419
-0.6208536343872311
-0.6259239683044143
-0.626066634458022
-0.6267571152783754
-0.6287651647580788
-0.6301369502778269
-0.6311805294955977
-0.6312841488882744
-0.6376162623734368
-0.6380036585906055
-0.6382829394941736
-0.6387450480192547
-0.6430239574879774
-0.6431080059090164
-0.6480134694526593
-0.6489885616271446
-0.6500627368222922
-0.6511067541898228
-0.6538578128189935
-0.654684060854581
-0.6558017946444276
-0.6594533863244578
-0.6609092233369925
-0.6614826712757349
-0.6746236346276706
-0.6763632799719107
-0.6781265819445252
-0.6783766938994328
-0.6829995065927505
-0.6830678924416134
-0.6842211128540883
-0.6904506119351481
-0.6913725448475816
-0.6986039195209741
-0.7008651333922747
-0.7013675676882031
-0.7018682343671875
-0.7063468130887486
-0.7145352590253294
-0.7205522183794528
-0.7260198339317867
-0.7263517493847758
-0.7299732731305995
-0.7304273349780653
-0.7314384299841348
-0.7327900046948344
-0.733667446533218
-0.7362754251468383
-0.7370701684596194
-0.7376852557063103
-0.7383827439367047
-0.7392012242227792
-0.7401847752194499
-0.7560811495208327
-0.771108001011372
-0.7755291341648748
-0.7833698065109534
-0.7863981344271451
-0.798480506928172
-0.8008087642940356
-0.8036216631153366
-0.8061341196298599
-0.807623674970025
-0.8081382931559347
-0.8192208093799422
-0.8213853864193273
-0.8220861603040248
-0.8238586166213887
-0.8245557026337338
-0.8316309677643908
-0.8320660704360611
-0.8321957641179324
-0.8343917257194075
-0.8387102298001992
-0.8424413230584833
-0.8475530189403798
-0.8482858464994933
-0.8558153516623861
-0.8570978778763674
-0.8623645100742579
-0.8664519401707886
-0.869254394635675
-0.8704826272199474
-0.8763414267450571
-0.8798186820873525
-0.8809850631281734
-0.8835647908847022
-0.8837497453205287
-0.8865409220125002
-0.8887667388189584
-0.8935888616244483
-0.901676136845102
-0.9152277052402497
-0.9175938361634811
-0.9212445282443825
-0.9229494254104793
-0.9251419261097908
-0.9358903193380683
-0.9372949862387031
-0.938330629762883
-0.939325842180882
-0.9416427386750001
-0.9468944505482796
-0.9508239120870712
-0.9750244325969106
-0.9751236324820118
-0.9755908274557441
-0.9776129182639786
-0.978889786376385
-0.9816782193025574
-0.9826319247949868
-0.9855541939531187
-0.9865827223667029
-0.9920850512359969
-0.9989428731623775
-1.0060757279861718
-1.0317722345876974
-1.0520712739089504
-1.0702373570141692
-1.0713747888803482
-1.0812227834960342
-1.0899665190102041
-1.0917212021951046
-1.117699120607641
-1.1237326932896394
-1.1398495126632042
-1.148674100637436
-1.1539855167003614
-1.1563562109367922
-1.1586532516230363
-1.1598929839415684
-1.1660811558340356
-1.1668033672322053
-1.2072569271549582
-1.2097904686816037
-1.250892625749111
-1.253218873636797
-1.2660200774988652
-1.2675354133049648
-1.26762929931283
-1.28112069144845
-1.2932366174645722
-1.3176747693990667
-1.3623267551884055
-1.382925695180893
-1.3921435396503512
-1.4037307023286303
-1.4051245279842988
-1.4194909473881125
-1.4197467436481799
-1.4259970605373382
-1.428583195606916
-1.4336094897506493
-1.4582871061450402
-1.46754943812266
-1.48079978298795
-1.519201385974884
-1.5314542580395938
-1.5506488905687417
-1.5521689311911662
-1.553535768412985
-1.5776793262256044
-1.5800381377339363
-1.611761949956417
-1.6218336870272954
-1.6733776777982712
-1.6825772325197856
-1.7395099975168704
-1.7570130626360576
-1.785089282008509
-1.79686688631773
-1.8403916135430336
-1.8781405463814735
-1.9288020730018616
-1.9466626341454685
-1.9911147952079773
-2.081354998983443
-2.107929542660713
-2.117432697051754
-2.118394762277603
-2.14821557700634
-2.1857523222764335
-2.1954562067985535
-2.319428333059477
-2.3239589631557465
-2.3353758832978806
-2.3600088556607566
-2.3625862983365855
-2.3953484520316124
-2.424489148129396
-2.54631108045578
-2.5639844861415213
-2.849215110143026
-2.9928325737516084
-3.0092108249664307
-3.1309595902760825
-3.1433796087900796
-3.2283017560839653
-3.230748156706492
-3.39961043993632
-3.504094103972117
-3.6297253370285034
-3.8771819472312927
-4.357267260551453
-4.460429549217224
-4.486935496330261
-4.556087017059326
-4.838958263397217
-5.162848949432373
-5.520120620727539
-6.2752580642700195
-6.493501663208008
-11.614541053771973
-13.654826164245605
-13.689833641052246
