-0.0016772158269304782
-0.004959190351655707
-0.06272958498448133
-0.08896422851830721
-0.21319866180419922
-0.2233173912463826
-0.2881396431475878
-0.3157034417209043
-0.3408278276522954
-0.3535438351333141
-0.35777825117111206
-0.3791209899354726
-0.38361624537329014
-0.40495285381563006
-0.41508982255860855
-0.4296211100835353
-0.4379563821496925
-0.43871128615923227
-0.441912838810822
-0.44315506145358086
-0.4769111428823736
-0.48392668957655716
-0.48902369663119316
-0.4977318048477173
-0.49802177809178827
-0.5032100832128586
-0.5157884297126051
-0.5279907154747181
-0.5290609229229052
-0.5301741294308819
-0.5349879793568768
-0.5366867330989668
-0.5473649408388883
-0.5478508591186255
-0.5481808334589005
-0.5507924364879727
-0.5582087239970199
-0.5587324200767196
-0.5591770820319653
-0.5602379610839611
-0.5648507576107102
-0.5678270985372365
-0.5702758620932905
-0.5718731077387929
-0.572231407975778
-0.574374006677638
-0.5761265556211583
-0.5765217890342077
-0.5783092177880462
-0.5784719567745924
-0.5843823138199261
-0.587170373997651
-0.5897029610408936
-0.5928360536694527
-0.5940317198013266
-0.5945839899941348
-0.5968006397597492
-0.5997141781780455
-0.6022954905201914
-0.6038000290282071
-0.6071002692478942
-0.6122260096682501
-0.6150773001136258
-0.6187491927295923
-0.6198879387229681
-0.6199936603329012
-0.6223330414163527
-0.6224163265898823
-0.6238474701789932
-0.6257141884416342
-0.6275939316255972
-0.6314241921322213
-0.6392029784154147
-0.6479230328986887
-0.6486135065555573
-0.6493298831240585
-0.649594110250473
-0.6511581715617684
-0.6532472685489449
-0.6547380374977365
-0.6566556952893734
-0.6567496771458536
-0.6599606585223228
-0.6601184894097969
-0.6643646590411663
-0.6645780131220818
-0.6656601931463229
-0.6680419318377971
-0.6692645153185973
-0.6730212833732366
-0.6730655147028821
-0.6803452305030078
-0.6805773818299973
-0.6822449100998648
-0.6848356872797012
-0.6852260809391737
-0.6860885720566979
-0.6864606635353994
-0.6888917786709499
-0.6909498907459367
-0.6919949534866545
-0.6990019418299198
-0.7007411383092403
-0.7016641531372443
-0.7025755302747712
-0.7048431064933538
-0.7052179585610118
-0.7085737081477419
-0.7092047140002251
-0.7121292948722839
-0.7124025344848632
-0.7125231538278362
-0.7135820378150258
-0.7137736422674996
-0.716963991522789
-0.7195909768342972
-0.7302377985583411
-0.7322077629422503
-0.7323590373354298
-0.733608614676632
-0.7365956557914615
-0.7374286422971637
-0.7378160508582369
-0.7393232963513583
-0.7402315575163811
-0.7434069216251373
-0.7436345662507746
-0.7441452005296014
-0.74447335758143
-0.7484031277043479
-0.7487276126397774
-0.7525226831436157
-0.7550137104190071
-0.7581401268641154
-0.7583167281215234
-0.7654958795659089
-0.7660413420785012
-0.7662855993025005
-0.7713380794316023
-0.7717317031929269
-0.7740713317568103
-0.7750860750675201
-0.7755377029201814
-0.7757862687110901
-0.7759888291358947
-0.7846535481512547
-0.7875620967575482
-0.7899969935417175
-0.7901871229211489
-0.7921564598218538
-0.7929233023896813
-0.794030075892806
-0.7941274285316468
-0.7950767736349788
-0.7971996347057737
-0.7981246819254011
-0.7985341822883735
-0.7991042051996503
-0.8000486890474955
-0.8029639353044331
-0.8048003077507019
-0.8081973228836432
-0.8089985038552966
-0.8174322925042361
-0.8180368304252624
-0.82054346089717
-0.8251470914110541
-0.8288969248533249
-0.8309419983997941
-0.8311498468198503
-0.8313985218604406
-0.8322813749313355
-0.8366061126192411
-0.8413224728299409
-0.8436479472775796
-0.8459559381008148
-0.8504066988825798
-0.8532552123069763
-0.8551384289083737
-0.8564913915935903
-0.8565540239214897
-0.85739037891229
-0.8575028652946154
-0.8577931671299868
-0.8616615192343792
-0.8625334948766976
-0.8627588624755541
-0.8638213710219134
-0.8638937034472627
-0.8641394556034356
-0.8661551256664097
-0.8685775418765843
-0.8709163584280759
-0.8710477934335359
-0.8756199106108398
-0.8777717418270186
-0.8781009614467621
-0.8784859210228253
-0.8819487243890762
-0.882690715789795
-0.8833867460489273
-0.8844802628404328
-0.8845271602272987
-0.8860251944512129
-0.8860820643603802
-0.8901079694333021
-0.8927008219595466
-0.8942352905869484
-0.8944567567791397
-0.8948329858637104
-0.9041928382823243
-0.9045606727272065
-0.9096883430870043
-0.9137384610716254
-0.9152363964489528
-0.9167974531650543
-0.9180569491814822
-0.9193252168743956
-0.9224273486121092
-0.9255051811536154
-0.9282346846739529
-0.9286432054941542
-0.9306795656060179
-0.9320120319801694
-0.9343282945686952
-0.9344941143302575
-0.9362651003175415
-0.9493992352276109
-0.9516306755443414
-0.9521057053352706
-0.9572959865650369
-0.9573293946683407
-0.9604193910956382
-0.9613765735179186
-0.9640865872303644
-0.9662962632137351
-0.9665659666061401
-0.9689176479975382
-0.9692099913954735
-0.9700221027887892
-0.9738710110208818
-0.9777802326716483
-0.9778483292553574
-0.9793439110120138
-0.9811467409133912
-0.9815534051507712
-0.987591814994812
-0.993802504407035
-0.9941599967190996
-0.9942065280745738
-0.9969010572880507
-0.9970661326195114
-0.9978084340691566
-1.0095664219814353
-1.0101682742436726
-1.0136030426656362
-1.0137305433551471
-1.0152645158943616
-1.0162102061190776
-1.0170554595866375
-1.0193140962057643
-1.0210522621870042
-1.0212201405316592
-1.0233362518250941
-1.0241282931528986
-1.0243733901530505
-1.0259258898986445
-1.027809130648772
-1.0308288388478104
-1.0344132185314916
-1.0344176825135947
-1.0345862035950024
-1.0357896413188428
-1.0368274498614483
-1.0382870435714722
-1.0391643732786178
-1.0397119812387245
-1.0406679461399715
-1.0415493092603154
-1.0432334031599264
-1.0433049136772752
-1.04378891736269
-1.0447985836201243
-1.0478263075153034
-1.0493147014640272
-1.0497229626136166
-1.0526528432528721
-1.0538864175656013
-1.0555386126041413
-1.0573278687661514
-1.0574185838922858
-1.0583518043160438
-1.0598455667495728
-1.0616215899062809
-1.064632624015212
-1.0672250817879103
-1.0720747854560613
-1.0795646599597402
-1.0812573083676398
-1.081902793298165
-1.0841497778892517
-1.0843109079222712
-1.0878474180187498
-1.0915829713145893
-1.0947867213334475
-1.0969940054540832
-1.0986063777003436
-1.1050274139270186
-1.1055553617188707
-1.1073718327097595
-1.1093499954804429
-1.1095498466553788
-1.1098446746667225
-1.1134032998234034
-1.1162248961006602
-1.1170332746745164
-1.1258344415109605
-1.1264130014926195
-1.1269162278622389
-1.1275553359753556
-1.1277188422391191
-1.1303669386543334
-1.1304297621051471
-1.1307672659556072
-1.1335622556507587
-1.1372697843180504
-1.1383062193635851
-1.1397011458045907
-1.1407367986227785
-1.14161117068891
-1.1433923359960318
-1.1466837953776121
-1.1481972723267972
-1.1485431152395904
-1.1545720412977971
-1.15752707918485
-1.1585113807684846
-1.1628993808158807
-1.1632113430649043
-1.1679616368242673
-1.1700350679457188
-1.1703335236137111
-1.1716017201542854
-1.173500302247703
-1.1771202393408333
-1.179240882396698
-1.180764480959624
-1.1864294498227537
-1.1867211554199457
-1.1870559555079256
-1.1911441614834726
-1.1926031814073212
-1.193511188030243
-1.200581256300211
-1.2016650225434984
-1.203932725219056
-1.2041483904634203
-1.2115415558218956
-1.2142544573172926
-1.2162248753011227
-1.2254791365793118
-1.2351431929107224
-1.2474665198475123
-1.2540475264191628
-1.2543484580043394
-1.257096298208291
-1.266235365931477
-1.2691533267498016
-1.2701385912951082
-1.2754023034146733
-1.2788287997245789
-1.2825213087101777
-1.2846797772799619
-1.2854430366020937
-1.2981049051242215
-1.3004899695515633
-1.3065541634956996
-1.3070311546325684
-1.319857017622174
-1.3354276684778077
-1.3361665420234203
-1.3379036037717014
-1.340665038176147
-1.3421728887728281
-1.3492058962583542
-1.3512058428355627
-1.3585317693227394
-1.359597086906433
-1.3611690551042557
-1.378676521902283
-1.4024529829621315
-1.433281668384249
-1.460954992119999
-1.467237169854343
-1.4929937604659547
-1.4936487388513342
-1.5055268990496795
-1.5063361823558807
-1.5115508361253887
-1.5306729674339294
-1.5381234781816602
-1.5382587684318423
-1.5578827638877555
-1.561726955929771
-1.563334435224533
-1.568723561312072
-1.5784201730042695
-1.5916636354765312
-1.5975260511040688
-1.6129202730953693
-1.6233791609605153
-1.6292295344173908
-1.640878869406879
-1.6443848684430122
-1.652116096719207
-1.656774279475212
-1.6571576694647472
-1.6682647546753286
-1.693878136575222
-1.6999775767326355
-1.7050167918205261
-1.7057500183582306
-1.7121557129547
-1.720400766779979
-1.7223326942378965
-1.7355252678195636
-1.7469301521778107
-1.7634321749210358
-1.7857879623770714
-1.7860169019550085
-1.7881624732787411
-1.7899503424763679
-1.8067473322153091
-1.8489322498440743
-1.8608846552670002
-1.8611813932657242
-1.8650861289352179
-1.8722298722714186
-1.885621588677168
-1.9061474688351154
-1.9112840183079243
-1.9304332975298166
-1.9475312277674675
-1.9513531029224396
-1.9534832283854484
-1.9613695038482546
-1.9744044244289398
-1.9789504893124104
-2.0021053835749627
-2.0319435596466064
-2.0451027552597223
-2.0541058825328946
-2.1057240962982178
-2.1506044073961674
-2.1760603877482936
-2.23620003182441
-2.2530786991119385
-2.2889773221686482
-2.348544217646122
-2.3595606656745076
-2.3596940923307557
-2.3658455583111695
-2.4031781228550244
-2.452373250183882
-2.456291977316141
-2.5118456445634365
-2.5287434698839206
-2.588906019926071
-2.607737679965794
-2.697763046977343
-2.7206777731577554
-2.74896324519068
-2.799561192281544
-2.80246128635481
-2.8125254809856415
-2.8528880251105875
-2.9506728755659424
-2.9526966474950314
-3.0072572925128043
-3.084400842587153
-3.1542314682155848
-3.216635149437934
-3.273205127567053
-3.2773879505693913
-3.3072372132446617
-3.3294015878927894
-3.334750719368458
-3.3520880142847695
-3.375927441054955
-3.4265588919321694
-3.434562126174569
-3.4608782324939966
-3.865808351431042
-3.876987027004361
-3.9333213404752314
-4.05840794253163
-4.277854558080435
-4.4247623682022095
-4.6901960372924805
-4.881060600280762
-5.47162389755249
-5.497446854909261
-5.624062379201253
-5.771319627761841
-5.898815631866455
-5.90231466293335
-7.257318019866943
