-0.3892031398268477
-0.42651460101749955
-0.4272603266733936
-0.43275491306081093
-0.435263536602942
-0.4404217316921572
-0.4450779650200258
-0.4469308939452984
-0.4471869791096331
-0.4483295857609164
-0.44951897977507216
-0.4733554043855861
-0.4957752678556281
-0.49594606850856615
-0.4978603544533888
-0.5126007765304621
-0.5186117319390178
-0.5196813635612679
-0.521414839822365
-0.5361619739948194
-0.5441098012702478
-0.5442541548982263
-0.547107406672726
-0.5475576786810289
-0.5495781137648484
-0.5513569026655808
-0.5602392992936075
-0.5615062809930268
-0.5649759544111106
-0.5650257792090997
-0.5657448015537673
-0.5665136841549114
-0.5717241607360377
-0.5781849033737005
-0.5795354245762739
-0.5816114866174757
-0.5862142602528843
-0.5945632610186611
-0.5955972165268447
-0.5957101840259773
-0.5972051510354504
-0.5974626997062429
-0.6018470902151117
-0.6069423883066823
-0.6086822918801945
-0.6135284922873745
-0.6138748662689557
-0.6143932684193715
-0.6149970988432566
-0.6257669042050839
-0.6343930106171572
-0.6347690676697172
-0.6398257003165781
-0.6467147706502338
-0.6477004596932889
-0.647950048558414
-0.6509595238877353
-0.6544717267593699
-0.6598512026179205
-0.6710949241023627
-0.6712819546461105
-0.6780841677100398
-0.6804152854418039
-0.680450200630326
-0.6827751332447305
-0.6895230132914466
-0.6895515484047792
-0.6910369798672036
-0.6917591370808871
-0.6928656814149387
-0.6946442223395154
-0.6990346984966891
-0.6997277429948251
-0.6999597538262605
-0.7018545175102956
-0.7065719697164354
-0.7164673778461292
-0.7224321051908191
-0.7510015052432816
-0.7514704273933257
-0.7533804883714765
-0.7536709865671355
-0.7599251944245354
-0.764371485033189
-0.7650937758047472
-0.7723615437733113
-0.7797699942950405
-0.7910788060398772
-0.7925012921914458
-0.8002098457266887
-0.8048105322784977
-0.810400757783403
-0.8158026732271537
-0.8165340351794536
-0.8264748931053744
-0.8285739423008636
-0.8384387955884449
-0.8428264738370975
-0.8439021144683162
-0.8529665512698037
-0.8668481345687594
-0.8710515089333057
-0.8786131315506421
-0.8897368300419587
-0.9088892615704522
-0.9221751585653031
-0.9238459534171852
-0.941581500073274
-0.942439404129982
-0.9662590655749558
-0.9712635402974996
-1.0031053490205926
-1.0468133664689958
-1.0719313621520996
-1.0730706136673689
-1.0807414911687374
-1.0932734136780102
-1.0933013401925564
-1.1132932912558318
-1.1501828644956862
-1.1706178672611713
-1.2982318103313446
-1.3109231939306483
-1.4157419573515653
-1.474033236503601
-1.557143873644236
-1.602482069656253
-1.6932524889707565
-1.724823037783305
-1.7276936132460832
-1.7773363217711449
-1.9899285634358723
-2.002704898516337
-2.0049053132534027
-2.026850402355194
-2.046383511275053
-2.0806201299031577
-2.303010106086731
-2.4003289540608725
-2.423354148864746
-2.6119900941848755
-2.9098260402679443
-4.161844849586487
-4.631835103034973
-4.652172207832336
-5.177850961685181
-5.595398426055908
-5.619440317153931
-6.821040630340576
-8.726234436035156
