-0.0005064981087343767
-0.0057835579791571945
-0.012388166040182114
-0.02475938154384494
-0.05916962710519632
-0.07035108376294374
-0.09226237062830478
-0.10861914853254954
-0.12139741066494025
-0.1594818327575922
-0.1814165562391281
-0.1904768099387487
-0.23284180276095867
-0.23818061045312788
-0.2427728082984686
-0.25891284285379307
-0.26000581681728363
-0.2725515748466493
-0.2927729424691814
-0.30227088960236514
-0.30262598730623724
-0.3053214488442921
-0.3068422629641226
-0.3184739319452395
-0.32487420324468985
-0.32925986818483344
-0.34009308623880596
-0.34122747098121586
-0.3437975205830298
-0.3504557767882943
-0.35106149926255253
-0.35152177422423136
-0.3519774627140058
-0.35219225026085044
-0.3526448173215613
-0.355502594380784
-0.35996944139090675
-0.3602892181137577
-0.3615358679089695
-0.361961253386523
-0.3638926798594184
-0.36484648910118267
-0.36531695201992986
-0.36840947389719075
-0.3725909700539584
-0.37482945963191533
-0.37647985134875245
-0.3767696474161413
-0.37961092311888933
-0.37977341139048804
-0.3808469365769135
-0.3847047449235106
-0.38683072668905166
-0.39015182112537633
-0.3902901748563939
-0.3917975736673855
-0.39389586972122614
-0.39671447467602167
-0.3986326667596586
-0.39867249882081524
-0.3998139168189872
-0.40030729575556945
-0.40234401135967346
-0.4037364524944375
-0.4056241603102535
-0.40659387981785194
-0.40718483205829914
-0.40758414363621603
-0.40900163938270206
-0.4109403108304832
-0.4119191522141381
-0.4144219125737436
-0.4195087926814772
-0.4198116021995832
-0.4204638587387028
-0.42206835802644493
-0.4235317764166546
-0.4236136069909359
-0.4253687057276501
-0.4286338942591101
-0.4308460929431021
-0.43125927177257833
-0.43151143328180874
-0.4325175397883868
-0.4331855747732334
-0.43446545397119524
-0.44192429250106213
-0.4476753195525486
-0.4555135647940915
-0.4558233068091795
-0.4567746732916151
-0.45874266759492455
-0.4593470920399004
-0.45951725511501235
-0.46086324390995764
-0.46589877842925487
-0.4689449114763799
-0.4689460061490536
-0.4735705778002739
-0.4742800194013398
-0.47428540411471787
-0.47534436772444416
-0.4772763472981751
-0.4797952931257896
-0.48849479790078476
-0.48877804779913275
-0.48907340426929297
-0.4906112003955059
-0.4912916497948269
-0.4948818398018678
-0.4955788374479328
-0.49645022994705607
-0.49692010556048316
-0.4971674522384859
-0.4992131874896586
-0.5038845233087029
-0.5049069612636231
-0.5051899730627026
-0.5060439506196417
-0.5102220831257809
-0.510771585861221
-0.5114742759615183
-0.5122748124413192
-0.5134436879307032
-0.5136279524303973
-0.5155133262964054
-0.5169358204526361
-0.5186427359779676
-0.5207656529835529
-0.5214701588265598
-0.5216340218515446
-0.5219116636217223
-0.5221055081288796
-0.5223900992423296
-0.5231972054267923
-0.524198881801567
-0.5271872614510358
-0.5276970254878203
-0.5300939442589879
-0.530456887190147
-0.532629415750437
-0.5360398418342811
-0.5360614779576856
-0.5377792765696844
-0.5387958707150948
-0.5393738446291536
-0.5448630836077167
-0.5467218641133513
-0.5472579565830529
-0.5476773221577916
-0.549855858553201
-0.5513327916463217
-0.5528671486924092
-0.5532464764805304
-0.5546831190419782
-0.5570122776553035
-0.5574475431349128
-0.5586499273777008
-0.558747056664692
-0.5603405264472323
-0.561721561010927
-0.5621566673378564
-0.5627595516187804
-0.5665370683289237
-0.56668590686538
-0.5669911964131253
-0.5679038237533806
-0.5684724164838415
-0.5687017536589077
-0.5693978795380745
-0.5707980300183408
-0.5721775229088962
-0.572235189533482
-0.5724241610926887
-0.5724466711457353
-0.5735896589855353
-0.57368038619461
-0.5744860631712072
-0.5746987339807674
-0.576058651600033
-0.5781529127788316
-0.5795898244856895
-0.5799038017430576
-0.5803966058625115
-0.5813269380984517
-0.5819594506028807
-0.5853163623881604
-0.5865623522549868
-0.5871782371153434
-0.5881327611474262
-0.5888412143220194
-0.5901481273273627
-0.5904719918966294
-0.5925416816025972
-0.5936146393651143
-0.5944049399346113
-0.5991442956858211
-0.5997640857473016
-0.6014728782964605
-0.601927387714386
-0.603280795388855
-0.6033164635300636
-0.6033854858780449
-0.6034112703055143
-0.6043062609221254
-0.6059857070446014
-0.6070343086289035
-0.6077160972636193
-0.6081789066083729
-0.6092136632883921
-0.609674770035781
-0.610173662006855
-0.6105622788891196
-0.6120199672877789
-0.6155613977462053
-0.6161232121288777
-0.6201121958438307
-0.6205591566395015
-0.621316259377636
-0.6234736061499765
-0.6248384958387099
-0.62589071393013
-0.6262120202183723
-0.6290283742030928
-0.6299770060512755
-0.6300628127792152
-0.6311442570127838
-0.6359525312270436
-0.6364207805600017
-0.6365694969892501
-0.6376096562016755
-0.6429437095066532
-0.6433006215504267
-0.6449096955558551
-0.6462514167651534
-0.6508376541547477
-0.6516695790924132
-0.652132121793693
-0.653701588511467
-0.6544152001983353
-0.6544647507059077
-0.6565145652391948
-0.657611278258264
-0.657623495394364
-0.65817954628305
-0.6582169904722832
-0.6588038466870785
-0.6619733575265855
-0.6620492606416519
-0.6627629324793816
-0.6652458959392139
-0.6657220178416797
-0.6703874900358642
-0.671914601829485
-0.6725716635584831
-0.675546939846956
-0.6758465062032754
-0.6758775094953867
-0.6783970171370759
-0.6784400567412376
-0.6789897392503917
-0.6798806563019753
-0.6802273243665695
-0.6803658902645111
-0.6831683468073606
-0.6851563663221896
-0.6902500738700231
-0.6904811267075794
-0.6917901991733483
-0.6923172888346016
-0.6929163924521871
-0.696269364375621
-0.6994691946440272
-0.6997233115964465
-0.7014304760541563
-0.7015275930364927
-0.702255399315618
-0.7032022376855215
-0.7039936403258858
-0.7045305053202006
-0.7054225631679097
-0.7055518803452807
-0.7069958283536835
-0.7128475366742351
-0.714317493676208
-0.7145056337118149
-0.7159107990562916
-0.7161225706338883
-0.7165846896823496
-0.7167454808950424
-0.7171577055835061
-0.7220182935707271
-0.7227108788876129
-0.725901456666179
-0.7268005754255379
-0.7275312246222582
-0.7306642532348633
-0.7313440829515457
-0.7342562627745792
-0.737532158032991
-0.7387131188297644
-0.7393835151645666
-0.7419122536666691
-0.7432449416567882
-0.7460067957639694
-0.7463749852031469
-0.7494634417816997
-0.7513879226012663
-0.7540512074010621
-0.759132524154016
-0.7595653664985937
-0.7605199676293594
-0.7618232859032494
-0.7620217792347022
-0.7640853623549143
-0.7644776602586111
-0.7679704336527114
-0.7717107584079107
-0.7725335747070078
-0.7747161313891411
-0.775849750963971
-0.7771838187240064
-0.7786280911947999
-0.7820234398047129
-0.7837640366383961
-0.784028736608369
-0.7912250090656536
-0.7926467508077621
-0.7931913037085906
-0.7956159975793626
-0.7963175401091149
-0.7994023288289706
-0.8020063834264874
-0.8038149684667587
-0.8041744846850634
-0.8065220013260841
-0.8076940597966313
-0.8107882034447458
-0.8122902315642152
-0.8153007883112877
-0.8178472731794629
-0.8185743492407104
-0.820345259399619
-0.8285205531865358
-0.8286595704654852
-0.8303428141128583
-0.836709542106837
-0.8383030643065771
-0.8389786783308308
-0.8389792541662852
-0.8424827804168066
-0.8455428764767324
-0.8484105559065938
-0.8523201445738474
-0.8553671170957386
-0.8566635430324823
-0.8579848716966808
-0.8591159805655479
-0.8605097100720741
-0.8605767418630421
-0.866815747320652
-0.8682941099007925
-0.8745687380433083
-0.8764877520501614
-0.8793652921915054
-0.8804062703624368
-0.882246615877375
-0.8836627440019087
-0.885812097042799
-0.8867839876562357
-0.8909511387348175
-0.8958036239658084
-0.8959862721152604
-0.8977827926476797
-0.8980937676969916
-0.9005719730630517
-0.9030752056195135
-0.9047904077917337
-0.905037053860724
-0.9089965832419693
-0.9110496072098613
-0.9124822307910238
-0.9191050065564923
-0.920159486567718
-0.9255491027777846
-0.9311338080601259
-0.9340727031230927
-0.9383820984512568
-0.9425060782167647
-0.9428839863588413
-0.9488229276612401
-0.9515445809811354
-0.953263322263956
-0.9536327682435513
-0.9639195919036865
-0.966345751658082
-0.9688072372227907
-0.9731553718447685
-0.9734273868263699
-0.9780867449395979
-0.9847969869151711
-0.9858224673662335
-0.9924545228248463
-0.9936417060438544
-0.9988779906522144
-1.015642219947444
-1.0171012977759044
-1.0174935969213645
-1.0218624249100685
-1.023015825284852
-1.0273546346773703
-1.035895589273423
-1.0408943646645639
-1.045440636575222
-1.0480738868687436
-1.0525400701444596
-1.0585285015404224
-1.060911178216338
-1.0656135082244873
-1.0690882007280986
-1.0727075630178053
-1.0820707380771637
-1.0834198047717412
-1.090178456157446
-1.0951261606969638
-1.0953213942237199
-1.107080284645781
-1.107952284316222
-1.1146622223572598
-1.139039409160614
-1.150778153198189
-1.1541519165039062
-1.1709517985582352
-1.192657463459505
-1.2268531670173008
-1.2291616300741832
-1.2323534278548323
-1.234714198935156
-1.2379637385408084
-1.2441290587497253
-1.2622686992981471
-1.2655246158440907
-1.2808923224608104
-1.2828339288632076
-1.2852518434325855
-1.2987981637318928
-1.346076339483261
-1.3504061698913574
-1.3670074939727783
-1.371349811553955
-1.4081201553344727
-1.4564323844970204
-1.4643710814416409
-1.473288542032242
-1.480160536756739
-1.4879478216171265
-1.5082009807229042
-1.5227627772837877
-1.5628371784696355
-1.5748244476756856
-1.5764752244964864
-1.6182013675570488
-1.6786271309746164
-1.6899032711982727
-1.7032631039619446
-1.71624072548002
-1.737821095623076
-1.7417460655172665
-1.7533760536462069
-1.759384257098039
-1.7624330567196012
-1.7847018763422966
-1.8133447682484984
-1.8374816104769707
-1.8457438349723816
-1.8682887721806765
-1.9153926372528076
-1.9252363368868828
-2.0130927562713623
-2.0178914319646233
-2.039160738931969
-2.040139132644981
-2.1080103116109967
-2.108682260848582
-2.149245413020253
-2.1532318787794793
-2.1538206189870834
-2.172117292881012
-2.2115178303793073
-2.2780819134786725
-2.2784442007541656
-2.3624254325404763
-2.5293337972058603
-2.5847997860983014
-2.625091668781048
-2.6590725587060056
-2.6987210432901825
-2.729879998213922
-2.747587561607361
-2.771104932297021
-2.840323635842651
-2.943012425210327
-2.9581791847012937
-3.044403105042875
-3.1510286517441273
-3.170016348361969
-3.4032843308668816
-3.631166645733174
-3.717360525391996
-3.826425581239164
-4.0010328573407605
-4.063295926898718
-4.086867138743401
-4.599261820316315
-5.148581694927998
-6.552235126495361
-6.9124369621276855
-7.234357595443726
-9.347994804382324
-9.868132591247559
