-0.00879020377760753
-0.009723733256881436
-0.010209552594460547
-0.011726378463208675
-0.015795871429145337
-0.015956696392095182
-0.02250467613339424
-0.03134785607689992
-0.03247587520551557
-0.03587683942168951
-0.0403724933664004
-0.05952147244741874
-0.06105862476397306
-0.06848414801061153
-0.0713086089429756
-0.07308485370595008
-0.07343402380744617
-0.07352032419294119
-0.0751634743064642
-0.07593176502268761
-0.07811342796776444
-0.08119612035807222
-0.08965016100091816
-0.09843814880587161
-0.09854223392903805
-0.10206946766831809
-0.10341310782823712
-0.10676269341881077
-0.11706264216918498
-0.11797431287252241
-0.11954345181584358
-0.12253862712532282
-0.12782907925013984
-0.12854651575908066
-0.13037645118311048
-0.13240851425022507
-0.13383455077807108
-0.1371624255552888
-0.13948839902877808
-0.14825980034656822
-0.15017474442720413
-0.1507411984493956
-0.1526141751175081
-0.15529538786075944
-0.15838915943168103
-0.1585863055079244
-0.16046027462774268
-0.16541457171551882
-0.16708874702453613
-0.16902540370614993
-0.17275133897783235
-0.17382732052356004
-0.17428785686691603
-0.17615587976761163
-0.17714765537530183
-0.1786178612253732
-0.17884880892233923
-0.18329116720706223
-0.1845492497086525
-0.18459637948156646
-0.19250177099768603
-0.1932909917353148
-0.19444382605297506
-0.19733909103088082
-0.20043491329997778
-0.20071886479854584
-0.20082824467365
-0.20083739555307797
-0.2046996491961181
-0.20629215302566686
-0.20909075159579515
-0.21009792728970447
-0.2124340005684644
-0.21429583053686657
-0.21513409912586212
-0.21713949262630194
-0.22174646482073093
-0.22284015766086263
-0.2244534194469452
-0.22586454381234944
-0.22662666313616292
-0.22681398002896458
-0.22722670943476259
-0.2280747734475881
-0.22914096899330616
-0.23058827752884964
-0.2306301947949881
-0.230641430347792
-0.2341036925920182
-0.23579891266611716
-0.23616092836406702
-0.23742321535246447
-0.23832014172027507
-0.23968665720894933
-0.24221233665214284
-0.24313708938825584
-0.24413124471902847
-0.24507571384310722
-0.24599239261006006
-0.25114727082351845
-0.2522901536113667
-0.254063607704112
-0.2569268602273951
-0.2574892367236316
-0.25793540507914836
-0.2584278027393988
-0.25985918327101637
-0.2603467700861914
-0.2612052714070564
-0.2619258554186672
-0.2678076996063978
-0.27160855267429723
-0.27304908473576817
-0.27388929724894784
-0.27435387666951605
-0.2749420553445816
-0.27554207295179367
-0.27627887117809485
-0.2768116536740722
-0.27957681108576554
-0.27961696066267905
-0.280707691454154
-0.28088067332515493
-0.2811895605797569
-0.28167431969195605
-0.28323506191615405
-0.2846104604541324
-0.28526980788446965
-0.28547224154074985
-0.28565327343530955
-0.28710179814582015
-0.28721140193588596
-0.2884209944940477
-0.29029822784165543
-0.29088807851076126
-0.2921027038246393
-0.2928394817540215
-0.2929316978081174
-0.2937258967431262
-0.29428678321564805
-0.2954314909099291
-0.2959469703750478
-0.29627568073919974
-0.2975501664914191
-0.2985219813781441
-0.30008403584361076
-0.30115325885292676
-0.30133383994087065
-0.30134887574240565
-0.3026154488325119
-0.3030752320308238
-0.3032341321146198
-0.3037222569982987
-0.3054547273524804
-0.30815724035104114
-0.30859003510439914
-0.31032057863194495
-0.31104478574707173
-0.31166617331909946
-0.3120391159085557
-0.3128754254896194
-0.3128947088844143
-0.3138895821037678
-0.3139326704096877
-0.3153912635520101
-0.3176429090090096
-0.3187499086239508
-0.31877422363322694
-0.3196352105948054
-0.3208139970898628
-0.32093432429246604
-0.3211861860472709
-0.3213251234497875
-0.32198641300201414
-0.32214213121915236
-0.3233036725515766
-0.324688933066292
-0.3249301830306649
-0.3253459787927568
-0.32556242716964334
-0.3259245231747627
-0.3260939121246338
-0.32707991619827226
-0.32731594708748163
-0.3273581966657528
-0.32756985068554056
-0.3283167875682314
-0.3288863638622893
-0.3291613216777997
-0.32922622181164723
-0.32931743773951894
-0.32983345210086557
-0.3301832307285319
-0.3303820988163352
-0.3305228062319137
-0.3306529382908983
-0.3309699741192162
-0.33139971556859865
-0.3320600503884007
-0.33207622900668604
-0.33222808067997295
-0.3322540656146076
-0.33240896082133986
-0.33242998644709587
-0.3345957695772605
-0.3348834186160405
-0.33547047013416886
-0.3356325919739902
-0.33745752333973844
-0.3383181809137265
-0.33894508984858956
-0.3393777390941978
-0.34003490047211926
-0.3404812567556898
-0.340833367846374
-0.3411205685697496
-0.341161764278594
-0.34166516629712923
-0.3423252697334233
-0.34263955035486204
-0.3427536226162273
-0.34386955325802165
-0.3450165980591856
-0.34581468217074873
-0.34593016364508206
-0.34680868374307466
-0.3489630289944163
-0.35092394054855075
-0.3516988344490528
-0.3533267800489234
-0.3541152825113386
-0.3543308773543686
-0.3563332038077836
-0.3583066319770296
-0.35844724625349045
-0.3594489536480978
-0.3601751143911055
-0.36040267754684796
-0.3613509507233496
-0.36151239201426505
-0.3620717693120241
-0.36222171740021286
-0.36307818489149213
-0.3636993270367384
-0.36585299296504153
-0.36648107138462366
-0.367530731641797
-0.36814797967672347
-0.36836746191450703
-0.3684868689053569
-0.3686841709568398
-0.36890137790598804
-0.3704424073423272
-0.3709010490316099
-0.37108878418803215
-0.3718210242688656
-0.3720579689501652
-0.37216135937916606
-0.37231077160686255
-0.37256864830851555
-0.3726100577817609
-0.3732282668352127
-0.373482799416201
-0.37383406740679803
-0.3754907125296692
-0.37560341123025864
-0.37627649044669753
-0.3771528629917561
-0.3777027918753447
-0.3799768804262082
-0.38015793653687946
-0.3811406747748454
-0.3814730194604231
-0.38278601318597794
-0.3833116710718189
-0.3834859157084591
-0.3834891496059884
-0.38387472244600457
-0.3840338071135597
-0.38554091062396767
-0.38567270354833455
-0.3867118443013169
-0.3871970182080986
-0.38795466556413366
-0.38812291083741
-0.38843621481209994
-0.3887606660525004
-0.3888173419012067
-0.38948229543166235
-0.3899550437927246
-0.3903245736977884
-0.3907777667045593
-0.39183217799291015
-0.3920034348136849
-0.3924297770485282
-0.39251154397425125
-0.3926061801612377
-0.39366983622312546
-0.39395495848730205
-0.3952306455175858
-0.39547113158429664
-0.39648382276063787
-0.396550493935744
-0.3968537368113175
-0.39841090568474363
-0.3989050817102767
-0.39909518994390963
-0.4005265067021052
-0.4016132144471189
-0.40301779295744683
-0.403644990020742
-0.4037194810807705
-0.404310173488089
-0.4047795521161918
-0.4048334060270073
-0.4055251544341445
-0.4058597132563591
-0.4066984780132771
-0.4081307053565979
-0.408376257866621
-0.408825296184255
-0.40903474084500757
-0.40946622223903734
-0.4096216675492802
-0.41087301707427415
-0.41091775792566215
-0.4110367437824607
-0.41149004735052586
-0.41286181677132844
-0.41403768490999937
-0.41430330243892965
-0.41587533224374057
-0.41634520138096476
-0.41655096178874373
-0.41741536428722054
-0.41825545418128296
-0.4185615308582783
-0.4196828066681822
-0.4201452061533928
-0.42170041892677546
-0.4217623719247058
-0.4217781456187367
-0.4222070140764117
-0.423221350084835
-0.4236306364514998
-0.42425263424714404
-0.4248215069528669
-0.4250507991140087
-0.42514379596751595
-0.42582790486514566
-0.42600013812383014
-0.4272752476649152
-0.42866945423011205
-0.428988607255397
-0.4292474165558815
-0.4307738734874874
-0.43097028881311417
-0.4310743037611246
-0.4313642289605923
-0.4319787986460142
-0.4343104356004106
-0.4353186448237726
-0.4358403317630291
-0.43616812536492944
-0.43627873019722757
-0.43787498062010854
-0.4391688037818919
-0.43922575790848994
-0.4393124979817205
-0.4398425956023857
-0.4405239492189139
-0.44072519725887105
-0.441562798259838
-0.4419436395401135
-0.442116283409996
-0.4424124737076151
-0.4428118738449282
-0.44347363399962586
-0.4436686527915299
-0.4438905253820121
-0.4441115253915389
-0.4446520027039306
-0.4450220428407192
-0.4452239782032039
-0.4456686581543181
-0.44580209329724313
-0.44679252756759524
-0.44686653222888706
-0.44702811976894735
-0.44735625026644105
-0.4475160405272618
-0.447689592306103
-0.448768147195761
-0.45113105699419975
-0.4518316989997402
-0.45523203779011967
-0.4556342620187654
-0.4559402234095614
-0.4563389226794243
-0.4563919621416264
-0.45752649288624525
-0.45806167405098674
-0.4585362659501178
-0.4594669135287404
-0.4603529893211089
-0.4616915719982769
-0.46213330154673066
-0.46213863519951703
-0.4622504930943251
-0.46370882760467275
-0.4639522683703237
-0.4641843879362568
-0.46470586338546127
-0.4648092558607459
-0.4658172223716974
-0.46660611741244795
-0.46672990610823034
-0.4675174683332443
-0.46804124736227093
-0.46822642572806217
-0.46940312860533595
-0.4696116515807807
-0.4697446507276394
-0.47031574828648254
-0.47055562407088775
-0.4705684029807647
-0.47114174380355206
-0.4717233700988193
-0.47174465865828097
-0.4722240217443969
-0.4722751222550869
-0.47256372931102913
-0.47442695019500597
-0.47483744873898104
-0.47491915225982667
-0.47577985245734455
-0.47704791761934756
-0.4771449746719251
-0.4773881622989263
-0.4778092206688598
-0.4778686928912066
-0.47851440627127884
-0.47886743578128516
-0.47901168242096903
-0.47907255551156896
-0.47911307436879724
-0.479149391874671
-0.4793054102254765
-0.47958617471158504
-0.4802013536294301
-0.48033599013514405
-0.4815964032119761
-0.4817184194922447
-0.4818289123682512
-0.4824035524507053
-0.48315988276153804
-0.48402127251029015
-0.48478018811770845
-0.4849389899108145
-0.4854184554091522
-0.4860312625034047
-0.4863006534675757
-0.48840839014603543
-0.488671094386114
-0.4893316440284252
-0.489406707463786
-0.4894826867093798
-0.49075079259152216
-0.49081285775173455
-0.49111622269265354
-0.49193284462671727
-0.49257521107792857
-0.49269206123426557
-0.492925805815806
-0.49321235704701394
-0.49624784228702384
-0.49636886939406394
-0.496466482265128
-0.4987386808265001
-0.4987498153414991
-0.4987802365129547
-0.5008178981952369
-0.5009270053253405
-0.5011690635234117
-0.5015483944055935
-0.5017181839017818
-0.5024774118016163
-0.5043064964120276
-0.5045473525921503
-0.5047280956059694
-0.5048342619091273
-0.5052967715697984
-0.5053462413139641
-0.5056243154353329
-0.5057023248324791
-0.5057062527371777
-0.5058858040969686
-0.5061132002414929
-0.50652491611739
-0.5065513520035893
-0.506735704470581
-0.5067833453882485
-0.5075821533799172
-0.5077171216585806
-0.5077471844851971
-0.5087460527235331
-0.5087970606936142
-0.509196400642395
-0.5103547830473293
-0.5109304774170076
-0.5112461775541306
-0.5116107334693273
-0.5120622074852387
-0.5128942314865222
-0.513574505050201
-0.5145880144555122
-0.5146916881203651
-0.5148712143301963
-0.5149767730617896
-0.5151876269041428
-0.5166222028434276
-0.5171407774323598
-0.5173975755294252
-0.5177743356260989
-0.5182508500292897
-0.5194744160398841
-0.5214223274961114
-0.5221077069374067
-0.5224713503072659
-0.5230094676371664
-0.5235506445169449
-0.5239501635410956
-0.5241136087237724
-0.5245631728321314
-0.5247245817040296
-0.5248435714747757
-0.5255719827384584
-0.5265662824468953
-0.527084220511218
-0.5273148745764047
-0.5277854161919094
-0.5281970590838919
-0.5285284727287944
-0.5296857318389812
-0.5321230214654601
-0.5323364255018532
-0.5325627728986243
-0.5334007777273655
-0.5336039380733079
-0.5343310416469144
-0.5345277543179691
-0.5351178472296202
-0.5351698497310281
-0.5368139767087996
-0.536861508153379
-0.537159675732255
-0.5374182192608714
-0.5380191300064325
-0.538371076923795
-0.5388021791353822
-0.5398169249296189
-0.5400761539737383
-0.5406282444794973
-0.5409895713964943
-0.54106072584788
-0.5410673930309713
-0.5410917750559747
-0.5413544789189473
-0.5417336008511484
-0.5419866767711937
-0.5422227764502168
-0.5428042761981487
-0.5434132521558139
-0.5434298207517714
-0.5438907756987545
-0.5439391972419495
-0.5444824943939844
-0.5461450042203069
-0.5464394209440797
-0.5470304489135742
-0.5471962578594685
-0.5476470036432147
-0.5485850192910422
-0.5488114446401596
-0.5491241917014122
-0.5497975531965494
-0.5498498467689691
-0.5507446973118931
-0.5509910174712006
-0.5512098131730454
-0.5523903096715609
-0.5538304136558012
-0.5538593903183937
-0.5541030189022422
-0.5543927053610483
-0.5550590705126524
-0.5557210724335164
-0.5559695787313912
-0.5565459547007257
-0.5566408269340173
-0.5566832710115704
-0.5573630311759189
-0.558257278210173
-0.5602472145941907
-0.5615992266684771
-0.5620919973256865
-0.5627639975088338
-0.5634879834949971
-0.5644518570043147
-0.5645913366778669
-0.5647906831
-0.5650339055864606
-0.5655185325692097
-0.5655949624876181
-0.5659834273159504
-0.5665262627104918
-0.5666923995854126
-0.5677684144331858
-0.568844330497086
-0.5688952025957406
-0.5696904498181539
-0.5705408460150162
-0.5721519474172965
-0.5724448450491764
-0.573359092539509
-0.5736041559837759
-0.5736707374453545
-0.575478142965585
-0.5755217238135325
-0.5768274456262589
-0.5785893257707357
-0.5788808010518551
-0.5794532161729876
-0.5806187125188964
-0.5808930496374766
-0.5809868794167414
-0.5811936519263933
-0.5824500577582512
-0.5825283892918378
-0.5826883552363142
-0.582865963379542
-0.5830247271806002
-0.5835242417330543
-0.58375593572855
-0.5839667692780495
-0.5842752954922616
-0.5849572700293114
-0.5863872244954109
-0.586976608633995
-0.5874981998155514
-0.5879412926733494
-0.589308443168799
-0.5904574170708656
-0.5909082181751728
-0.591059784591198
-0.591334382731778
-0.5923923825224241
-0.5926040216748204
-0.5929383917578629
-0.5931831298928175
-0.594390730932355
-0.5958637967705727
-0.595983662891538
-0.5967180690087843
-0.596771774730379
-0.5968029957264662
-0.5972509946674108
-0.5982231768779457
-0.5989549837041912
-0.5992718183435499
-0.6001719263537476
-0.6001842457626481
-0.6022550623165444
-0.6024530076732239
-0.6032750853337348
-0.6038943799212575
-0.6041706859001091
-0.6049464959651232
-0.606029559459005
-0.6073062621057034
-0.6081930138170719
-0.6086521446704865
-0.6100558652542531
-0.6116357509874635
-0.6123026417568326
-0.617725250000755
-0.6179132006530251
-0.6180819753557444
-0.6182698615205785
-0.62456832267344
-0.626373833252324
-0.6265488192439079
-0.627549106720835
-0.6280635766064128
-0.6315977953374385
-0.6328721913741902
-0.63324277972736
-0.6334699552986421
-0.6335606867447495
-0.6338359111299118
-0.6344518496654927
-0.6362391419243068
-0.6378257472068072
-0.6389815403769413
-0.6390759949073461
-0.6408605403784249
-0.640943887953957
-0.6415661058078209
-0.6418914776295424
-0.6423975813668221
-0.64303326793015
-0.644398633390665
-0.64527034945786
-0.6492451892829396
-0.6494715829379857
-0.6498872969299555
-0.6545427131156126
-0.6548969033174217
-0.6580632038414478
-0.6589036084187683
-0.6599358199629932
-0.6635020360350609
-0.6658051885664463
-0.6662643220689561
-0.6669079060666263
-0.6675688060931861
-0.6677296400070191
-0.6690509668551385
-0.6704109592570199
-0.6705395840108395
-0.6709693548166089
-0.67123092048698
-0.6738584364486289
-0.6751749993818521
-0.6754350509080622
-0.6760197044350207
-0.6774261231933322
-0.6780005163912263
-0.6789984770119191
-0.6793963571079076
-0.6795553341507912
-0.6802968865908359
-0.6806942692824772
-0.68128129420802
-0.6817976747240339
-0.6819349317294028
-0.682643713163478
-0.6827433270867914
-0.6827626191807212
-0.6828837496125035
-0.6845289668359328
-0.686414415637652
-0.6874074086546897
-0.6880031861364841
-0.6898033475794364
-0.6899274094435184
-0.6914168312796392
-0.6918609015909689
-0.69375857161358
-0.694745659828186
-0.6951456787064672
-0.6955329896882176
-0.6978720463812351
-0.6984304457902908
-0.6992276459932327
-0.699836088771311
-0.6998426222375461
-0.700170271564275
-0.7022954594743039
-0.7032752577215433
-0.7055641640617978
-0.7057588212192059
-0.7083907062187791
-0.7085674578944842
-0.7088283348828555
-0.7089423504658043
-0.7099627526476979
-0.7113220777933748
-0.7123438194394112
-0.7135467287153006
-0.714495595684275
-0.7155704217031598
-0.7158627324533882
-0.7162804380059242
-0.7173150270954585
-0.7191223403705018
-0.7204242691999146
-0.7211503781378269
-0.7212655678391456
-0.7219402876993021
-0.7227778399523231
-0.7230723038315773
-0.7232806707421938
-0.7233786880970001
-0.7245072474082311
-0.7245898423716426
-0.7252270842436701
-0.7259959553678831
-0.7279202414210886
-0.729036503781875
-0.7295560501515865
-0.7306325534979502
-0.7317694632167165
-0.7330752387759276
-0.7337398343515815
-0.7347407740437322
-0.7349924715235829
-0.7351232517717613
-0.7356342809895674
-0.7357635312509956
-0.7362607842822197
-0.7369967467772464
-0.7378934106001487
-0.7379002682864666
-0.7383388198213652
-0.738959789276123
-0.7391386926174164
-0.7393119014385674
-0.74075558767654
-0.7430763988134762
-0.7469131639227271
-0.749856498092413
-0.750272961333394
-0.7512963550786177
-0.7525999148686727
-0.7527028878219426
-0.7547652789702018
-0.7563202455639839
-0.7566849806811661
-0.7582191973924637
-0.7582589089870453
-0.7595614735037088
-0.7596781030297279
-0.7599421921186149
-0.7615692696223656
-0.7621046074976524
-0.7624801062047482
-0.7705565591653188
-0.7727429347911051
-0.7788380077108741
-0.7799507237039507
-0.780010029906407
-0.7800643866260847
-0.7830725312232971
-0.7848893571645021
-0.786200494505465
-0.7862500250339508
-0.787781611084938
-0.7886210037395358
-0.7894092251857122
-0.791313840332441
-0.7915657423436642
-0.7957502901554108
-0.7958071753382683
-0.7963016470894217
-0.7974858321249485
-0.7982573490589857
-0.7990472352132201
-0.8001409664750099
-0.8007556189383779
-0.8018720736727118
-0.809546047821641
-0.8140075324568897
-0.8176553450641222
-0.8185880265664309
-0.8190709422342479
-0.8253807984292507
-0.8260989729315042
-0.8270229328423738
-0.8286592002425875
-0.8307980705285445
-0.8344721514149569
-0.8351082024164498
-0.835341855417937
-0.8408771349131712
-0.8417675953824073
-0.8424076561816036
-0.8473993995155777
-0.8538365637883544
-0.8541931946761906
-0.8544618492014706
-0.8567629717290401
-0.8577852089490209
-0.8584539770769576
-0.8596156341955066
-0.8596318986799035
-0.8623567510928426
-0.8632692153099925
-0.8634061014486684
-0.8634622835864624
-0.8650113630186146
-0.86599433918794
-0.8691327880535807
-0.8727304380387068
-0.8727309368550777
-0.873029440563793
-0.8763701971620321
-0.8767386071383954
-0.8769914458195368
-0.882488498929888
-0.8838793471455574
-0.8870590314682987
-0.8877159744501114
-0.8889967544625202
-0.8900035621066179
-0.8906464715089116
-0.8926449689082802
-0.8969944268465042
-0.8983815051615238
-0.8993388567119837
-0.900138663535472
-0.9087422699667513
-0.9098099768161774
-0.9101607427001
-0.9126053352374583
-0.9141833655303344
-0.9159586951136589
-0.9174604676663876
-0.9211601721388953
-0.9226386591792106
-0.9233334512682632
-0.9237757660448551
-0.9238074906170368
-0.9242267655208707
-0.9248419342828649
-0.9249290724595388
-0.9249938115477562
-0.9253623886033893
-0.925778889438204
-0.9266650721430778
-0.9281779542681761
-0.9297382868826389
-0.931013573310338
-0.93437410145998
-0.9368900458017985
-0.9394172348082066
-0.9411805272102356
-0.9468634709094962
-0.9491312997415662
-0.9499304592609406
-0.95113880539106
-0.9516236409544945
-0.9573854878544807
-0.9574543237686157
-0.9582559519580433
-0.9582811826840043
-0.9626390582416207
-0.9641883596777916
-0.9663676388029542
-0.9672872465103864
-0.9683846873231232
-0.9703370911302045
-0.9705128847724862
-0.9710610120091587
-0.972056500799954
-0.973416688718966
-0.9737813572088877
-0.9748001371820768
-0.9786230127016703
-0.98181411921978
-0.9838680773973465
-0.9849215779453516
-0.9904786908911773
-0.9906645342707634
-0.9916127696633339
-0.9917722009122372
-0.9954869815458854
-0.9962979830801487
-0.9981736565629641
-0.9992887750267982
-1.0028012196222942
-1.003759076197942
-1.004631146788597
-1.0054324708180502
-1.0074071049069364
-1.0086754510800044
-1.0087161175906658
-1.011313756229356
-1.011491833254695
-1.0135326559344928
-1.0145775286946446
-1.0161510854959488
-1.0185922901146114
-1.0186505024986607
-1.019233013689518
-1.0223490063633238
-1.0230324061121792
-1.0241230558604002
-1.0246333569288253
-1.0248900325968862
-1.025740320980549
-1.0276605188846588
-1.0282483251066878
-1.0298753630137072
-1.0301399236544966
-1.0329472161829472
-1.0383605795602004
-1.0419340622611344
-1.0472790002822876
-1.0475051626563072
-1.0514622628688812
-1.0517136370763183
-1.0524041205644608
-1.0524432314559817
-1.0531366765499115
-1.0546230537584051
-1.0562416659668088
-1.0592721346765757
-1.0599520951509476
-1.0601296164095402
-1.0621796742081642
-1.0649950504302979
-1.0654617218034608
-1.0660163739489183
-1.0682834776650583
-1.0686579991930298
-1.0691530816257
-1.0737046748399734
-1.0789394086847703
-1.0862622065469623
-1.0863273330032825
-1.0912786230444909
-1.0924820073414594
-1.0941853200395901
-1.0976644632007395
-1.0976754426956177
-1.0979866475931235
-1.101615205939327
-1.102899005015691
-1.1086013339725989
-1.1095630768686533
-1.1134042931454522
-1.1154503301950172
-1.120963505585678
-1.1242827673753102
-1.1338736779987812
-1.1342098029951255
-1.1364064001245424
-1.1382133265957237
-1.1394707808891933
-1.139724502960841
-1.1441879570484161
-1.1485745459794998
-1.1492522309223812
-1.152451851288788
-1.1533807766224657
-1.1561886966228485
-1.1601969432085752
-1.1625261587141722
-1.1759722456336021
-1.176134137534973
-1.1781153324991465
-1.1799741387367249
-1.1806504546354215
-1.1868512243032456
-1.1871849962820609
-1.1894269943237306
-1.1943192556500435
-1.194694156292826
-1.1956136624018352
-1.202889045079549
-1.2063058229784172
-1.2065119419712573
-1.2077977269887925
-1.211266040802002
-1.2156128921196796
-1.2162311589345336
-1.2172948109606903
-1.22324045188725
-1.2259787619113922
-1.2261134386062622
-1.2291684914380312
-1.2298995165952615
-1.2326989471912384
-1.2382038487121463
-1.2390813731277983
-1.2395321428775787
-1.2405867675940196
-1.2413282804191113
-1.2427371870726347
-1.2437294190749526
-1.2472394909709692
-1.2500429935753345
-1.2529210060834886
-1.2577101631710927
-1.261927168816328
-1.2636278867721558
-1.2689762907102704
-1.2704437002539635
-1.2717682225629687
-1.277088963985443
-1.2790972143411636
-1.2852147236466407
-1.2895202537377675
-1.2913239188492298
-1.2952642366290092
-1.2974494371563197
-1.3019781483337283
-1.3038978289502363
-1.3053380514805515
-1.3070309236645699
-1.307869330048561
-1.309075008922567
-1.3091686256229877
-1.3096196359644334
-1.3100418948257964
-1.31247012813886
-1.312736690044403
-1.3177642741107516
-1.319361577431361
-1.3209866943458717
-1.3222287874668837
-1.3372682873159647
-1.339513748884201
-1.3421581089496613
-1.345937465627988
-1.3512082546949387
-1.3520685735469062
-1.3560872375965118
-1.3599078096449375
-1.371503233909607
-1.3739636639753978
-1.3774737517038982
-1.382184511423111
-1.3837642017751932
-1.3856952264904976
-1.3869643472135067
-1.390330150257796
-1.3944503863652546
-1.3949122428894043
-1.4004317354410887
-1.4023039918392897
-1.4047012229760487
-1.4070862470931995
-1.4083914669851463
-1.4129607961513102
-1.413457548439813
-1.4175864160060883
-1.4193890556693076
-1.4205237594433129
-1.4313955514226109
-1.431963172974065
-1.4469736963510513
-1.4518402454753716
-1.4542799890041351
-1.4565421727796395
-1.4606861520558596
-1.463239055359736
-1.4666638473669689
-1.467462345957756
-1.4675543705622356
-1.490338812271754
-1.4944527223706245
-1.5048100699981053
-1.5256572443371017
-1.5296001434326172
-1.531762458384037
-1.532508835196495
-1.5354231148958206
-1.53562630712986
-1.5372104030102491
-1.5600306987762451
-1.5620693545788527
-1.5654305443167686
-1.567608045724531
-1.5697934040799737
-1.5716960281133652
-1.57179963439703
-1.5806500564018886
-1.580918550491333
-1.5815183197458584
-1.5819028448313475
-1.5829965937882662
-1.5952531894048054
-1.604167427867651
-1.6179023571312428
-1.6232937245319288
-1.6286536678671837
-1.6316508380696177
-1.6376732289791107
-1.637903411872685
-1.6389174324770768
-1.642317522317171
-1.6434550881385803
-1.6475383978104219
-1.6649906635284424
-1.6698461882770061
-1.6936756018549204
-1.700007438659668
-1.7046584950294346
-1.707854755378018
-1.7099007666110992
-1.7137493789196014
-1.7192795127630234
-1.7275125086307526
-1.7413330957293511
-1.7417126297950745
-1.7518138606101274
-1.753027237765491
-1.7712020874023438
-1.7943612597882748
-1.805968465283513
-1.8091215819120408
-1.8221987811848521
-1.8306310046464205
-1.8386969999410212
-1.8436534404754639
-1.849097652360797
-1.8497997159138322
-1.876437110826373
-1.8891145884990692
-1.892776247113943
-1.89349727332592
-1.897158905863762
-1.9014298915863037
-1.9057491184212267
-1.9140303581953049
-1.914331391453743
-1.91679723529766
-1.9263469527165096
-1.9338274504213284
-1.9449366331100464
-1.946370220432679
-1.9501102566719055
-1.9675289373844862
-1.9993308521807194
-2.0326825144390264
-2.0330865383148193
-2.046453073620796
-2.0571434842422605
-2.0579219460487366
-2.0847726464271545
-2.13690185546875
-2.1955381613224745
-2.1994627118110657
-2.206031322479248
-2.2145214676856995
-2.243638336658478
-2.2823907546699047
-2.4177826941013336
-2.4295992851257324
-2.4503266401588917
-2.4633943935235343
-2.479607008397579
-2.551366802304983
-2.6553709506988525
-2.6607887744903564
-2.68485153792426
-2.7085576876997948
-2.859868902247399
-2.889997720718384
-2.9461300373077393
-2.950994153157808
-2.9630282325670123
-3.0242043137550354
-3.162947468459606
-3.193415490211919
-3.285421133041382
-3.404615104198456
-3.5971897169947624
-3.7022835053503513
-3.7628337336936966
-3.823115035891533
-3.852160930633545
-3.897144347545691
-3.9264173806877807
-4.212182625196874
-4.215198040008545
-4.258096218109131
-4.330417633056641
-4.637039542198181
-4.961894989013672
-4.985231399536133
-5.069521427154541
-5.586338043212891
-5.899484157562256
-5.94196891784668
-5.997563362121582
-6.018874645233154
-6.512969017028809
-6.884499549865723
-7.357194900512695
-7.547599792480469
