-0.0003169610087449352
-0.002391244842632053
-0.0028319502889644355
-0.006636075602727942
-0.008083553623873741
-0.013096299895551056
-0.013789404929752891
-0.027942559308939963
-0.02911971812718548
-0.03305473803751132
-0.042509023384506385
-0.043124847440049054
-0.04545921115883781
-0.05021294859034242
-0.05591694184113294
-0.06245758251061488
-0.07806444948073477
-0.07858708993239816
-0.07946677282370729
-0.07995341167552397
-0.08204431517515332
-0.09514905096383093
-0.09626708241800468
-0.09715883629396557
-0.10805889732000651
-0.11054838543835406
-0.11373531722929328
-0.1188120843098659
-0.11882503354596945
-0.12058652844280005
-0.12090452023160954
-0.12161250596312
-0.13822717106668278
-0.13857042836025357
-0.14012579621963336
-0.14208369559491985
-0.1446751522802515
-0.1449816747335717
-0.14544744349162406
-0.15083019217297533
-0.1514215720118955
-0.152715729920601
-0.1528002729691151
-0.15672680141142337
-0.15837174028274603
-0.1618920598681143
-0.1652224749393229
-0.16721188291142294
-0.16829873658328628
-0.17151521045461776
-0.1719215793057458
-0.17956603198726953
-0.18175885052187368
-0.18767967032423863
-0.18818337115226313
-0.1922952253371477
-0.1946096240571933
-0.19491225967394712
-0.19525562469652868
-0.19818889595002734
-0.19963049889580967
-0.2085433289802394
-0.20958402682910154
-0.2109295327374841
-0.21244142874202226
-0.21710117205742896
-0.2189867027002817
-0.22360714010123048
-0.22562352293929366
-0.22696221503429115
-0.2294061373298367
-0.22960883837777146
-0.230994181033869
-0.23294357548002154
-0.23587255645643695
-0.2361333605574853
-0.2364629182680801
-0.23787670041110687
-0.23862720031977985
-0.2386744060633263
-0.23998145624800996
-0.24119870381478645
-0.24193444194385777
-0.2443023584006975
-0.24504098592384252
-0.2460103101253164
-0.24623057194163694
-0.24661469582750012
-0.2467216749727312
-0.24739421864259106
-0.2475826215619842
-0.24782036836229424
-0.24943114956840873
-0.250030504606132
-0.25162971050413036
-0.2516429735680706
-0.25167014385806397
-0.25184841530776964
-0.25346716057974844
-0.25364408103875274
-0.25616589566497544
-0.2603958284848044
-0.2610663076507626
-0.2624598637466197
-0.2633749744447414
-0.2646585355019356
-0.2647099084841708
-0.26521667307824826
-0.2659959345415007
-0.266295101842843
-0.2674819677951746
-0.26882668714388275
-0.26907321322568867
-0.26916650604523185
-0.2703544899259749
-0.27182796597480774
-0.27287151442587854
-0.2732224882003356
-0.273528725552751
-0.2745093807815188
-0.27471823611510143
-0.27535607423633335
-0.27617570804832214
-0.27903861358778237
-0.27940785953581904
-0.27948265010491014
-0.2807010085200004
-0.2809986493659727
-0.28125301402178593
-0.28153711805740994
-0.2815976382098597
-0.28274799614215834
-0.2832157616992481
-0.28429118226515127
-0.2868649169583531
-0.2884845117107034
-0.2896079093847862
-0.2914419247768819
-0.29296094922028715
-0.29414302793641883
-0.2944583684555255
-0.29517254764020134
-0.2955745263365176
-0.29622826950960895
-0.2965594720509317
-0.29894962689390275
-0.2991034038277576
-0.29924313241122036
-0.29960089745000007
-0.3004559073597193
-0.30131145287305117
-0.3019120126700727
-0.30266501705400517
-0.3027263219969777
-0.3031819725583773
-0.303490656402169
-0.304331275227014
-0.3049067173851654
-0.30612675452139226
-0.30616265088091105
-0.3066461042811473
-0.3090626466106061
-0.3093330361106813
-0.30972297170592356
-0.30978440491162473
-0.3104828489613283
-0.3118838089657776
-0.3120441332889291
-0.31246409223725397
-0.3130474469391629
-0.3140036045316313
-0.3141647752996313
-0.31421621097251773
-0.3143057037442405
-0.3146931232884526
-0.3150970194234105
-0.3155650323522942
-0.3159271386367353
-0.3164995985019102
-0.31701767903619577
-0.3173893694241997
-0.3180062541589775
-0.3182261099876917
-0.31832269581759143
-0.3185297320673463
-0.3188907699659467
-0.3189392622674671
-0.319035667358232
-0.32157919236730476
-0.32234351099759806
-0.3237611122009791
-0.3237877693479984
-0.32505297378447723
-0.3253543543527485
-0.32636701546531793
-0.3273154295942125
-0.3278325790429096
-0.32809105182095666
-0.328470462312301
-0.3288018143357476
-0.3304271544271614
-0.33247010498307644
-0.33271236304955726
-0.33417329465737566
-0.3350953527726233
-0.3362825528951362
-0.33781070249387996
-0.33932517956749175
-0.3393629124177096
-0.34085660942146206
-0.34188105694483967
-0.34324925891996827
-0.34350085200276226
-0.34393055248074234
-0.34435730733717457
-0.3464427312065709
-0.346463079140189
-0.34708649340609554
-0.34714529829517266
-0.34728476831999916
-0.34741242949126494
-0.3482103308585162
-0.3484187480320947
-0.34950427304614673
-0.34964203790035464
-0.35016823136247693
-0.3512965088561941
-0.35149236106210285
-0.35201505516063963
-0.35333076169869554
-0.3533916338770227
-0.3549354076385498
-0.35511918439016005
-0.3553277816681657
-0.3558023378936923
-0.3562328898580745
-0.35671029931732584
-0.3567290052276803
-0.3575852862041857
-0.358728663623333
-0.359399753913749
-0.3595848560798913
-0.36031497322255746
-0.36259554573060837
-0.36365213002927704
-0.3637071028344508
-0.36494443330659787
-0.3674109267509159
-0.3694284459877963
-0.369480284040128
-0.36979616405442356
-0.3698238731761064
-0.37031593920255546
-0.37051108822395856
-0.3710534513337916
-0.37169787325547077
-0.3723645084278865
-0.37316946804057805
-0.3743432405535714
-0.37567173287139405
-0.3757245845619764
-0.3758470772088458
-0.3787492651802798
-0.37905254199786215
-0.38101659676467536
-0.3819114735427623
-0.3825998350770937
-0.38271095843520014
-0.38306361643804443
-0.3845465318461518
-0.3848852419527248
-0.3858899628248764
-0.38734440790722147
-0.3878947410150431
-0.3899304790887982
-0.39023686895379794
-0.3907099552969966
-0.39133176271085784
-0.39218678128802115
-0.39357695950893684
-0.3937292718037497
-0.3953479196772807
-0.3956936509595835
-0.3957505882717669
-0.39667753293178976
-0.3979832871461137
-0.3980978498431413
-0.39823371780050154
-0.39888920536264777
-0.39966733632609247
-0.3996837715701986
-0.3997622213856731
-0.4001088820529587
-0.4002337269717827
-0.4015185907570412
-0.40200747196795417
-0.4027839652088005
-0.403369026344163
-0.404109458761433
-0.4043986897740979
-0.40576316334126106
-0.40596135328523814
-0.4064252150710672
-0.4065848969621584
-0.40699068806134164
-0.40757525982917286
-0.40840751580461593
-0.40969908077062833
-0.4110828667258223
-0.41288391673151636
-0.41388655395712703
-0.41600788721916615
-0.4183099032845348
-0.4184868527983781
-0.4187085707832921
-0.4192802051074068
-0.4204309411230497
-0.4206080513285997
-0.4246518001396907
-0.42564627999672666
-0.4259603250862306
-0.42666717791871633
-0.42700203152425176
-0.42898896732367575
-0.4293698476006587
-0.4299111043685116
-0.43079196285398214
-0.43190567558303883
-0.43234017821627774
-0.43498521569100296
-0.43572383446411955
-0.43647945881821215
-0.4367629683886965
-0.4386840422230307
-0.4393524059705669
-0.44030263769673184
-0.4413843613066193
-0.4437133655163052
-0.44398543700719106
-0.4445358879835112
-0.44829924030054824
-0.4485180247963096
-0.4499000111896748
-0.45018751771810156
-0.45042321118526163
-0.4505439032135265
-0.45071158942300826
-0.4522466352338799
-0.454447959295728
-0.45512165396939963
-0.4554715269623557
-0.4574315407051472
-0.4575696608849934
-0.45758409994757837
-0.45820763586865115
-0.4588032589066036
-0.45936198692652397
-0.46035457085818055
-0.46162915414398803
-0.4626104752533138
-0.4647544640720298
-0.4649890845674755
-0.4656482322716329
-0.4673725361547743
-0.4686825202545151
-0.46869306200751454
-0.4704879123924507
-0.4715777660280259
-0.4723014829732064
-0.47277647233113385
-0.4742778249346884
-0.4751104687872742
-0.47630241375882176
-0.4769944058672991
-0.47717577348521445
-0.4775990530481795
-0.4791743487326635
-0.48063112747622655
-0.48108272600475177
-0.4817428124240703
-0.4818708944755296
-0.48375426035151275
-0.4857425498258736
-0.4871316174045205
-0.4871964184567332
-0.487331045508472
-0.4878590518819692
-0.49102883267268127
-0.4931501948274672
-0.4937323595113412
-0.49396743552227107
-0.4945053592590349
-0.4951394060365904
-0.4977902263402939
-0.49841079328741345
-0.5000891104864422
-0.5013983029251298
-0.5017775496235117
-0.5037908895820793
-0.5066548353541813
-0.5087188966572285
-0.5088482869582044
-0.509413524893009
-0.5099301330545651
-0.5107974249171093
-0.51143490044134
-0.5117739380988496
-0.5133310270806154
-0.5143109907357939
-0.5151991857565008
-0.5160220848130328
-0.5168284769687388
-0.5182188131338556
-0.5188318710360262
-0.5188978540245444
-0.5195054805160453
-0.5217259999917587
-0.5223339633395274
-0.5234533834688287
-0.5234783255374558
-0.5235219519119709
-0.5250834347680211
-0.5267576891928911
-0.5271486028213985
-0.52761466609728
-0.5281456494038659
-0.5306667426817252
-0.5307287577961688
-0.5313520811323542
-0.5315779547439888
-0.5320570203475654
-0.5335118599468842
-0.5348107084735401
-0.537080374546349
-0.5375843915990117
-0.5423085935617564
-0.5453977972269058
-0.5456118566216901
-0.5476821759250015
-0.5499392775585875
-0.5502497234847397
-0.5511267602269072
-0.5511988520156592
-0.5514437118079514
-0.5525649439247596
-0.5533268395374762
-0.5541195358498954
-0.5563037046654894
-0.5574645292508649
-0.55823861657409
-0.5592201568942983
-0.5624021300754976
-0.5624102436538253
-0.5649793244636183
-0.566182404756546
-0.5676676426457041
-0.5682002431713045
-0.5699607141515506
-0.5703995238457408
-0.5706378615771731
-0.5730336265239332
-0.5740319766983804
-0.5741415994617411
-0.5750648139073746
-0.576959998496542
-0.5782145703211427
-0.5784362239563572
-0.5789718409068882
-0.5799818582858683
-0.5812120984774083
-0.5817353972088313
-0.5845327177508547
-0.5848144979349205
-0.5863240349572152
-0.5866686559411391
-0.5919071745341853
-0.592032770844753
-0.5926971122680698
-0.5947238215885591
-0.5956839838812206
-0.5960501593363006
-0.5965681623201817
-0.5992295933101559
-0.599381441457404
-0.6001931975254138
-0.6010151536902413
-0.6014804197184276
-0.6044627329101786
-0.6051202426933742
-0.6087526049839653
-0.6101778438314795
-0.6108822509500896
-0.6109296115225789
-0.6111727831419558
-0.6168205619751461
-0.6175561381038278
-0.6192285585157151
-0.6196703371658389
-0.6201032382668927
-0.6225681985479241
-0.6240935888771284
-0.6254214057407808
-0.6257859275404675
-0.6264539336916641
-0.6282850959525805
-0.6285777054581558
-0.6292534021728594
-0.6308787812345794
-0.6313700842147227
-0.6320150981264305
-0.6333290522452444
-0.6349525293335319
-0.6375492148508783
-0.6419259500107728
-0.6439645308653
-0.644155258331531
-0.6469324361726952
-0.648099405056035
-0.6495545120643718
-0.6512218241890272
-0.6530038741766475
-0.6537052545641523
-0.6539365816861391
-0.656069297938302
-0.656166181754088
-0.6570916091150139
-0.6594313730615795
-0.6595593673409894
-0.6596090503269807
-0.6634086053818464
-0.6651844224293849
-0.6653144530808697
-0.6671478903153911
-0.6696372780483216
-0.6696562962606549
-0.6716682023501822
-0.6722120314720087
-0.674500907498782
-0.6768209037060539
-0.6770960177694049
-0.6782060709723737
-0.6815242757835221
-0.6819040797272464
-0.6824338227743283
-0.6933544566854835
-0.6935342898359522
-0.6940487577554045
-0.6941379554627929
-0.694828557299583
-0.6970806255820208
-0.697370782494545
-0.6981638135863856
-0.698794450663263
-0.6997856022266206
-0.7011653479809562
-0.7051455142375614
-0.7089351820166485
-0.7095837366456786
-0.712408923311159
-0.7144349097612906
-0.7145317420363426
-0.7151254699953521
-0.7158093736895049
-0.7221971816616133
-0.72405883063662
-0.7245496016278464
-0.7254973351882654
-0.7305551005993038
-0.731773403837516
-0.7321043063753417
-0.7370713241398335
-0.7378586458895976
-0.7394926404813305
-0.7462181101242701
-0.74802602676682
-0.7518710006843321
-0.754045233130455
-0.7557979866933238
-0.7559382570907474
-0.756573414701658
-0.7572975325165316
-0.7593131601141068
-0.7597590142043676
-0.7601514720784811
-0.7623269284764925
-0.7623431860702112
-0.7670959383249283
-0.7682963734634021
-0.7703274439554662
-0.7707327200526682
-0.7755739161705909
-0.7803425080944888
-0.780665368802147
-0.7830715291202068
-0.7863308180434009
-0.7928020097024273
-0.7935175799357239
-0.793923597317189
-0.7943841114465613
-0.7946818090276793
-0.7949302444855372
-0.7981272754725068
-0.8021372698771302
-0.803226153086871
-0.8034014897421002
-0.8044926350703463
-0.8088604655910915
-0.8197955487063154
-0.8210580638454607
-0.8244837276336815
-0.8314621050813003
-0.8316389806956673
-0.8332423279061913
-0.8341642108745873
-0.834216758608818
-0.8351286307442933
-0.8410123554058373
-0.8455162931765828
-0.8460276342229918
-0.8467886897914079
-0.8483223296195016
-0.8488388771074824
-0.8550013895262965
-0.8597065229550935
-0.8642278428208859
-0.8673513183991114
-0.8717202272164286
-0.8735236068439137
-0.8758509616115285
-0.8777923518015692
-0.8790022358686352
-0.8800123360540185
-0.8818219739943742
-0.8877703949110582
-0.8908572771470062
-0.896566373645328
-0.8966865624970524
-0.8970241355044501
-0.8974871039390564
-0.9018110108183464
-0.9031661067856476
-0.9049109586436922
-0.9061824425589293
-0.9072618084360978
-0.9078835869149771
-0.9106947515004625
-0.9109769485658035
-0.9131828696990851
-0.9149453065474518
-0.9162011647907397
-0.9173375812359155
-0.9200944727053866
-0.9275238631027085
-0.9276870414614677
-0.928846835391596
-0.9327829069724041
-0.940172117203474
-0.9422254093057875
-0.9474461477560302
-0.9517456154959897
-0.9528398589696735
-0.9534930139780045
-0.9623216030886397
-0.9703829124337062
-0.9756701034036398
-0.9784805883786508
-0.9794498477713205
-0.979985810990911
-0.9867056235671043
-0.9871591158211231
-0.9878095744158296
-0.992252990603447
-0.9987349949466685
-1.0045688539743423
-1.0199786284938455
-1.030655100941658
-1.031425141916164
-1.033700357200966
-1.035366003960371
-1.036862365086563
-1.0381357905222104
-1.0419042452122085
-1.0466550470058185
-1.0562921619663637
-1.0573180932551622
-1.0614919885410927
-1.0640945635270327
-1.070428490638733
-1.0732082312460989
-1.0803163266886258
-1.082266968442127
-1.0929569612587027
-1.094524584710598
-1.0946474176744232
-1.1021305248141289
-1.1058645844459534
-1.1077217074198416
-1.10786460324501
-1.108226014750835
-1.1123753463228543
-1.1237500164657832
-1.1241197908918064
-1.1304594203829765
-1.1332842925039586
-1.134304607907931
-1.1360100328408105
-1.1366950657684356
-1.1397504014118265
-1.1400207187446842
-1.1436713710427284
-1.1446294864173978
-1.1483313374599675
-1.1520618125796318
-1.153651968576014
-1.1548099006249686
-1.1672325568894546
-1.1673204489052296
-1.1745456143641302
-1.174999228096567
-1.1753508881665766
-1.1767793269924975
-1.1795286794367712
-1.1901580840349197
-1.1965737794525921
-1.1970671791495988
-1.1997246608273902
-1.200360710422198
-1.201708204889049
-1.208160873502493
-1.2104544786634506
-1.2146234524785542
-1.21631528288126
-1.2242372691631318
-1.226852984179277
-1.2299388855171856
-1.2310591242276132
-1.2328701775695663
-1.2372861877083778
-1.2391870021820068
-1.2466787314158865
-1.2475731527438256
-1.2535512627412875
-1.261625157308299
-1.2672365720694263
-1.2681411114288494
-1.2713338732719421
-1.2831036395393312
-1.2916854345239699
-1.3086397647857666
-1.3136716783046722
-1.327635571360588
-1.3316430756938644
-1.3388661016942933
-1.3410569876432419
-1.3413346890204896
-1.3566901793237776
-1.3616643380373716
-1.3652722556144
-1.365588627755642
-1.3699336349964142
-1.3768998831510544
-1.3826680383644998
-1.3860513670475485
-1.3878473544027656
-1.3940325640141964
-1.396666546817869
-1.3989208439985912
-1.4035617234185338
-1.415625344729051
-1.4260922968387604
-1.4297123883540432
-1.4471367597579956
-1.4497969051202138
-1.4571964447386563
-1.4611536264419556
-1.4671975886449218
-1.470355307625141
-1.4718761002683702
-1.4864101675339043
-1.4919277429580688
-1.494296145439148
-1.4991915822029114
-1.5014283806085587
-1.5062115545733832
-1.5122472384634118
-1.5173198718694039
-1.5179512785034603
-1.5225022551494476
-1.55144864320755
-1.558379583992064
-1.56163629591465
-1.5637660396751016
-1.5685850083827972
-1.5698529498185962
-1.5719000804238021
-1.5784666389226913
-1.5908706560730934
-1.5925622954964638
-1.5936385905370116
-1.6097888052463531
-1.6417737679556013
-1.6421109341827105
-1.6491379095241427
-1.670168677267308
-1.6838214496771495
-1.7024012506008148
-1.7112765908241272
-1.713920681802847
-1.7214208576090944
-1.7281282843323424
-1.7380901873111725
-1.764667846262455
-1.7647094661951996
-1.7647700508435566
-1.7803208847763017
-1.865636259317398
-1.8691701889038086
-1.871643766760826
-1.9022520780563354
-1.9252949246050168
-1.9649946009740233
-1.98545943847148
-1.9884305596351624
-2.00402170419693
-2.0053975731134415
-2.137261927127838
-2.157666257582605
-2.18126118183136
-2.2084906895955405
-2.2118924350021794
-2.2182060100358285
-2.2274781465530396
-2.230658451502677
-2.2990408163641405
-2.299798160791397
-2.384304843337304
-2.3889792561531067
-2.39042866230011
-2.4207356192891893
-2.472479152260348
-2.6102159081298546
-2.615505543847879
-2.6445242617822564
-2.70600011550899
-2.8038514852523804
-2.8676899671554565
-3.096997197717428
-3.113005452672951
-3.3167710080742836
-3.328394625452347
-3.6227319615815454
-3.740348537452519
-3.867302061757073
-3.8949412420964413
-4.061455542920157
-4.108834028072124
-4.13320475659566
-4.256289005279541
-4.782453612191603
-4.894784847594565
-6.103593707084656
