-0.0001124638047258486
-0.0007353477540164022
-0.005558120901696384
-0.010963886568788439
-0.05033936662994165
-0.06407379184383899
-0.0779612548649311
-0.08377165946045093
-0.08613426238298416
-0.08860650658607483
-0.09458046228489063
-0.11368163812439888
-0.12901756539940834
-0.1488229204696836
-0.1828458276577294
-0.19168865226674825
-0.20741675794124603
-0.20875822682864964
-0.2110837224120657
-0.21110385958809275
-0.21615493297576904
-0.2190164099811227
-0.2366381991583694
-0.23780925117898732
-0.24482485104556417
-0.24827138210336366
-0.24992322375759385
-0.25051162727177145
-0.2521764501798316
-0.2527219707073008
-0.2594020061385183
-0.26261614842420994
-0.2663393804316353
-0.26651777391830717
-0.2741764726928422
-0.27734221695421485
-0.2824162113853056
-0.2857388624596145
-0.289602119974396
-0.29070068448781966
-0.2929952593985945
-0.29606538029594276
-0.29625621532135193
-0.3006839650677951
-0.30216210135081795
-0.30497838377298403
-0.30591110037806046
-0.3064103500219062
-0.30955420452725474
-0.31044324748134905
-0.31089878057003567
-0.31315003184136003
-0.3158446676698077
-0.315927953463688
-0.31672154534608127
-0.31857361346010293
-0.3210634556930169
-0.3229007843054003
-0.32373300200111665
-0.32685094919257346
-0.3279304768558088
-0.328707279083028
-0.32878676752847646
-0.3289838007085564
-0.32939599103398604
-0.3315825480928652
-0.3319983838333024
-0.33563301313136307
-0.3393841838198049
-0.343233257484053
-0.3434627354682187
-0.3438102959965666
-0.34415333718061447
-0.35044496187141966
-0.3507617947179824
-0.3517143489652448
-0.35247446772538954
-0.35271219888300737
-0.35402554702013733
-0.3558407421741221
-0.35586450191003677
-0.3565745629370213
-0.35710157950719196
-0.3572375026346651
-0.35876173374634845
-0.36180399600416424
-0.36346798344230613
-0.36510958410799504
-0.3652809778494494
-0.3666225133817231
-0.3677648551323121
-0.3686380574818989
-0.36973301480065857
-0.3697369051910755
-0.3715111033784019
-0.3740077549115258
-0.3742755731537353
-0.3745090067386627
-0.374701845810705
-0.3749192660674453
-0.3767042421961264
-0.37741208124525655
-0.3775350561158525
-0.3779999842081452
-0.38038535658257466
-0.3813405187370575
-0.3814712495036474
-0.3824923025313183
-0.38251570644570165
-0.3857119385218259
-0.3871201252270773
-0.3878775583975117
-0.3888605608372018
-0.38892535203033024
-0.3891852145988196
-0.39002060342670575
-0.3914817964145378
-0.392877196823368
-0.3930631736286614
-0.3962215927283978
-0.39644889426158947
-0.39659657683223487
-0.3976474697221117
-0.39863380549953337
-0.39907871969044206
-0.39933162696546615
-0.40046449246983684
-0.4011569757014513
-0.4024840694840785
-0.4025372020259965
-0.4041380442444539
-0.4051149869337678
-0.4063135310632333
-0.40665843594676215
-0.4082916429529591
-0.4092109953554023
-0.40948999114334583
-0.4103575348854065
-0.4125850246254231
-0.41678413105281914
-0.41688054106874917
-0.4174625249773574
-0.4176129991602566
-0.41903118789196014
-0.42297852368144295
-0.42331095186818857
-0.4242340363562107
-0.4259889966342598
-0.42627072613686323
-0.4273855877429963
-0.42755057476460934
-0.4277696600216182
-0.4279442647738116
-0.42822388699170444
-0.4318137839261908
-0.4322019183034879
-0.43439781035522174
-0.4360094161737444
-0.43613041357861626
-0.43638535074635
-0.4367345670859019
-0.4367924582745348
-0.43713197901228407
-0.43727067250729307
-0.43912378489213827
-0.4412936066445481
-0.44203656007136616
-0.4421156837810346
-0.44230140913277866
-0.4453819589980412
-0.44549272392032435
-0.4472679360155275
-0.4473141260703609
-0.4489386481454858
-0.44946202989667655
-0.45036527804202503
-0.450587204862781
-0.45067774118379694
-0.4536641832479897
-0.4546673152223005
-0.45550600685352877
-0.4559869123574791
-0.45701872586018
-0.45922542866319416
-0.4628288077385605
-0.46655839961190043
-0.4666520153907186
-0.4669684733596244
-0.4675648473203182
-0.46939774478475255
-0.46943568699086125
-0.4720239583014821
-0.472043217410201
-0.47264248842765255
-0.47461646280928105
-0.47498157918744255
-0.4777138534070348
-0.4782985630407548
-0.47833312175913306
-0.47844469450258725
-0.48175241058281526
-0.4828038034960628
-0.48329825037055546
-0.4838646363525186
-0.48703458117961357
-0.4870884755626321
-0.4885393468023267
-0.4886406412348151
-0.4922884719783724
-0.49334068099657696
-0.49599000066518784
-0.49787211455404756
-0.49795152347002747
-0.49882854521274567
-0.5047726101813168
-0.5076804872498744
-0.5099142371946073
-0.510270912386477
-0.5106845405462082
-0.5130128508940938
-0.513489112444222
-0.5228205098885357
-0.525434051672599
-0.525543351761169
-0.5259796205708166
-0.5277814123124295
-0.5282630914061883
-0.5288915635544982
-0.5289356000721455
-0.5295922562363558
-0.531105974689126
-0.5336978244199599
-0.5346559445772853
-0.5367150289201845
-0.5372851177264237
-0.5381392658746336
-0.5390930229623336
-0.5396095352716657
-0.5420990884304047
-0.5429359062982257
-0.5446097715609994
-0.5460525242611766
-0.5493784424616024
-0.5518580805510283
-0.5548732299357653
-0.5552649041637778
-0.5560764269437641
-0.5564047427210931
-0.5572014795150608
-0.5574828796062548
-0.5583668558725289
-0.5586676699391925
-0.5597711857408285
-0.5605929339570659
-0.5617368031835213
-0.5621181037276983
-0.5669314060360193
-0.5713756399280909
-0.5724130276245817
-0.5728513607738412
-0.5748563949018717
-0.5779411438171438
-0.5806242747009188
-0.580705397654674
-0.5808074979909829
-0.5818100174888968
-0.5882442394892374
-0.5884828449076979
-0.5886060401797295
-0.5895336894413958
-0.5901367212257659
-0.5901767207043511
-0.592843852689839
-0.5932649173256423
-0.5937258700529734
-0.5937938192801084
-0.5947051097949346
-0.6015250100754201
-0.6027757988427765
-0.603077514590647
-0.6044472156924409
-0.6047105047909973
-0.6047381874173879
-0.6076061371713877
-0.608210470607446
-0.6099499873572702
-0.6101823911968884
-0.6138396700844169
-0.6139053077391249
-0.6139850160107017
-0.6144934538751841
-0.6164984040296986
-0.6170585968939122
-0.6187269334332086
-0.6192621663212776
-0.6195694169029593
-0.6246795902649561
-0.6264108065515757
-0.6265294719511681
-0.6276195272851813
-0.6280191253338542
-0.6317407773807645
-0.632313589255015
-0.6338083151107033
-0.6346875131683192
-0.6393721518771989
-0.6441138923102698
-0.6460459300627311
-0.646686246333411
-0.6477288223371337
-0.6551245097070932
-0.6553877618696008
-0.655838570324704
-0.6564020266669104
-0.6582606704196223
-0.66029012799263
-0.6678817633073777
-0.6779614393599331
-0.6780657182365152
-0.6845192611217499
-0.685238827165449
-0.6896426476538181
-0.6931940674767247
-0.6940328139615304
-0.6984363833635143
-0.7010372683405877
-0.7012528538689367
-0.7017504411536114
-0.7064117192191285
-0.7161554565187543
-0.7162494948133826
-0.7171190324454353
-0.7194961159645269
-0.723407270697256
-0.7306916337305059
-0.7341975292544832
-0.7347562108188868
-0.7349287602119148
-0.7356649274976613
-0.7358421929180622
-0.7358439318421814
-0.7516983146238739
-0.7548021508264355
-0.7563899895176291
-0.7584202267229557
-0.7683539185672998
-0.7698362405811038
-0.7705174386501312
-0.7775389118386167
-0.7814704661981927
-0.7821861909524159
-0.7944426991245044
-0.7944733589887619
-0.8060651735092202
-0.8071908342341582
-0.8088571852006551
-0.8091065108776092
-0.809863638873685
-0.8165045389905572
-0.8186815977484608
-0.8199936553835869
-0.8208741635084152
-0.8280675575137139
-0.8287315002574663
-0.8340587196871638
-0.8509331583976746
-0.8519866904243827
-0.8600917369185481
-0.8603361807763577
-0.8610084888044639
-0.8618649910204113
-0.8709470674927745
-0.8745892519752184
-0.8748886521890654
-0.8795968326074737
-0.8889277453223864
-0.8895358821609989
-0.8926603589206934
-0.8929991581078086
-0.894297681748867
-0.8944543796990599
-0.9148443974554539
-0.9183166988193989
-0.9420222998596728
-0.9537655897438526
-0.955919505096972
-0.957059825817123
-0.9580595965186754
-0.9598579159790006
-0.9778055092319846
-0.9804888367652893
-0.9823360795271014
-0.9871261529624462
-0.9998432135209441
-0.9998843311997396
-1.0171418233464162
-1.0302660061445619
-1.034827997078537
-1.0491143688559532
-1.0562870406678744
-1.0714763663709164
-1.0790911422494294
-1.1044267723336816
-1.1330146387219429
-1.151239953469485
-1.15132487565279
-1.151664307154715
-1.1529529786234889
-1.1532034714307104
-1.1678728185161162
-1.201029369328171
-1.2488500078519185
-1.2506547383964062
-1.253427426641186
-1.2628704383969307
-1.2640845080216725
-1.2701479254756123
-1.272682748734951
-1.2861969530582429
-1.2873494308441877
-1.3087447558840115
-1.3104068860411644
-1.3132344580122404
-1.331931620836258
-1.3329456943960394
-1.3548313528299332
-1.3832390073221177
-1.3848837561672553
-1.3888985029188916
-1.4031936426957448
-1.4541288614273071
-1.4707863181829453
-1.490652084350586
-1.5073044747114182
-1.556284754860826
-1.5875240862369537
-1.5994700410395428
-1.6179210165810218
-1.6367790916313727
-1.6501605833570163
-1.6725818142294884
-1.6770279332995415
-1.7055276756485303
-1.7319110110402107
-1.7358914534561336
-1.7723412960767746
-1.788863331079483
-1.802137694961857
-1.8244994126143865
-1.8384163305163383
-1.841911032795906
-1.8812795482303954
-1.9005537033081055
-1.9180330435434978
-1.9740945150454838
-2.1051158086672026
-2.1708945631980896
-2.2053171197573342
-2.2395583337638527
-2.2984597697504796
-2.346497575441996
-2.438278755173087
-2.4739805748940853
-2.7944950461387634
-2.874581358705958
-2.8993611545301974
-3.0734043809352443
-3.1682084798812866
-3.809686705004424
-4.053051494367537
-4.194069498218596
-4.390339195728302
-4.661714841495268
-4.68223643861711
-4.798244953155518
-4.9771106243133545
-5.10930871963501
-5.158870613420731
-5.61746883392334
-5.899639844894409
-6.3053703010082245
-6.341520309448242
-7.427840232849121
-7.884683609008789
