-0.00020847532141488045
-0.02613555794232525
-0.09767912357710884
-0.10304509096507293
-0.10896843047812581
-0.11030736290073644
-0.11353410970574866
-0.13521298579871655
-0.13577293453272432
-0.1670427998760715
-0.17106613516807556
-0.17290006737623895
-0.18360840094586214
-0.18511944922335846
-0.22493916603306044
-0.22855962757603265
-0.23349725237737098
-0.2462479385558881
-0.24820971532931757
-0.26566755088226107
-0.27613160127377623
-0.2942167785764799
-0.30404881318099797
-0.3046367597375398
-0.3107489077374339
-0.3142423935939102
-0.3281423345853048
-0.3317296083356875
-0.33633900433778763
-0.33749588768696415
-0.3401524465625698
-0.34187077917158604
-0.34350437191808497
-0.34770885318842676
-0.3500960708828643
-0.3502995287999511
-0.3517189391423017
-0.355573994867882
-0.3562098670132084
-0.3584200477011369
-0.3586657674699941
-0.35878403800344805
-0.35954057326750405
-0.36143401150300636
-0.3616178314128774
-0.36285072440902394
-0.3641794588511402
-0.3647044981844374
-0.36830177903175354
-0.3702801567204814
-0.371399679420782
-0.3736660897350073
-0.37397220340726955
-0.3755232379674756
-0.3767858821825939
-0.377700746948432
-0.3808973360224627
-0.38654360906002694
-0.3880799032696005
-0.3881415464842576
-0.3883973731935839
-0.3933774382591461
-0.39371175166859756
-0.39536925523942856
-0.3976224141685331
-0.4025237082852982
-0.40274757782637605
-0.4040663899455207
-0.40829066683848697
-0.40829085316509006
-0.4120123175283273
-0.4180754766267845
-0.4188215183421562
-0.4262488021890426
-0.4268405448645353
-0.431122993293684
-0.4320692429319024
-0.4334438375335594
-0.43834387692105437
-0.439613727357937
-0.4407352499353389
-0.44111239655170786
-0.443433877066127
-0.44838865821449353
-0.45109319905750456
-0.45389904788462443
-0.4541565688930859
-0.4542565026204102
-0.4543696763459593
-0.45556812338431235
-0.455683429052624
-0.45630751155913457
-0.4568499787710607
-0.4570517056636163
-0.4612314174300991
-0.46317240387101527
-0.4638821204878493
-0.46545753919391636
-0.4676647826418048
-0.47231432236084303
-0.4772520648936431
-0.4778844068447749
-0.4795423225981982
-0.48133144417079166
-0.48149576062860433
-0.48819410550640896
-0.48830068932147697
-0.48850608219384284
-0.4903739209486438
-0.49231671052984893
-0.4927300098242995
-0.49446709236751
-0.4944763386415111
-0.4955245420904248
-0.49687057609359425
-0.5087871058785822
-0.5097183275429416
-0.5102456802812715
-0.5102854224714974
-0.5149558290805933
-0.5153576198033989
-0.5226940764317988
-0.5256653179725012
-0.5257799449376762
-0.5264966997451016
-0.5287134051322937
-0.5306851693229484
-0.5315059181448305
-0.532952867646236
-0.5351127184306582
-0.5355402686633169
-0.5359420721005235
-0.5378590176454358
-0.5419658715274029
-0.5420907209109929
-0.5440120440390375
-0.5506951265851967
-0.5517000576538045
-0.5520284855738282
-0.5538960502017289
-0.5545761887333356
-0.556157824376391
-0.5564372336375527
-0.5565948407165706
-0.5566019013058394
-0.557505909463062
-0.5595497889444232
-0.5605901846647612
-0.5612407907811714
-0.561503945539395
-0.5616994293199645
-0.5621177303604782
-0.5623615645906992
-0.562382810098435
-0.5647850145275394
-0.5659314778943857
-0.5665796578978188
-0.5673266236088239
-0.5678244042210281
-0.5685992041602731
-0.568640910089016
-0.568718420474657
-0.5692896211519838
-0.5695541439345106
-0.5746146969599067
-0.5785136971818773
-0.5792109926929697
-0.581450273268274
-0.5820612123425235
-0.5850774936669041
-0.5854174208361655
-0.5880844752407737
-0.5894749569386477
-0.5901806820183992
-0.5928425529040396
-0.5929339776048437
-0.5929502861574292
-0.594096759127246
-0.5942421856719496
-0.5964638032019138
-0.5965513031530593
-0.5989071226296281
-0.5989879306107468
-0.599792511947453
-0.6010539035705733
-0.6014803651916353
-0.6016184656065888
-0.6032038373799878
-0.6040665416803677
-0.6065208856016397
-0.6071154115987676
-0.6071421289650191
-0.6074766134126828
-0.6080459831282496
-0.6087879683965673
-0.6104011664034
-0.6113691361000141
-0.611651744718792
-0.6129603976797726
-0.6129739753901958
-0.613091498427093
-0.6135654683566827
-0.6153045239858329
-0.6154231228325183
-0.6156872484328536
-0.6161988179665059
-0.6169689361639838
-0.6177816388533555
-0.6187640465795994
-0.6197689218373853
-0.6205841187444381
-0.6206434761855538
-0.6214101377408952
-0.6218066236211194
-0.6227050007631382
-0.6227615931384207
-0.6231388888321817
-0.6245881581691921
-0.6248195385317862
-0.6267869575560325
-0.6278126004617661
-0.6280641513876617
-0.6282242627348751
-0.628303992455767
-0.6283848496153951
-0.6289932678919286
-0.6307402535208634
-0.6313983239233494
-0.6314521054388024
-0.6341557980049402
-0.6346357404919607
-0.6367493423500231
-0.6370958213810809
-0.637403302360326
-0.639306815341115
-0.6398063426022418
-0.6406008319722282
-0.6406077010815352
-0.6408735214732587
-0.6414256731804926
-0.6414531430151934
-0.644320351162201
-0.6452041535812896
-0.6453652487562067
-0.6453732004447374
-0.6471531596034765
-0.6472244666656479
-0.649057146439898
-0.6495467616801357
-0.6499351912061684
-0.6503700005821884
-0.6507484584193056
-0.65121851535514
-0.6522883241996169
-0.6528987301746383
-0.6542496418632153
-0.6553817387071571
-0.6558514870266663
-0.6569140239194634
-0.6573124335845932
-0.6573801668360829
-0.6574777651112527
-0.6580573584884405
-0.6596654175276248
-0.6597888495307416
-0.6617041413090192
-0.6623908087611199
-0.6630051694034288
-0.6630144336127809
-0.6649644925873872
-0.6656563765369355
-0.66641219164012
-0.6679201424121857
-0.6679370291531086
-0.6680392581686398
-0.6683078537680558
-0.6685104991775006
-0.6704763744492084
-0.6716023797518573
-0.6718460785923526
-0.6726061808359292
-0.6747723264823435
-0.6761852820803013
-0.676347698783502
-0.6778198072686792
-0.6781566709812198
-0.6786259880755097
-0.6795752949619782
-0.6806057313457131
-0.6814366371138021
-0.6817109512776369
-0.6819168262649328
-0.6823698844760656
-0.6845206860388215
-0.6855424009263515
-0.6873064217361389
-0.6895027697086334
-0.6895345841330709
-0.6904661417938769
-0.690806798357859
-0.6913023840897949
-0.6918027231149608
-0.6931604822224472
-0.6988627698405513
-0.6995132439769804
-0.6999561120238569
-0.7004749145624893
-0.7018715754812173
-0.7021862742387586
-0.7027936100733795
-0.7033332153223455
-0.7048190217465162
-0.7057717137504369
-0.7061744027305394
-0.7065792251378298
-0.7081152573373402
-0.7098769606964197
-0.7112054964818526
-0.7112970717975663
-0.7123349945593093
-0.7124051566546162
-0.7127797192893922
-0.7155887168482877
-0.7156976249068976
-0.7159192387713119
-0.7163880529951712
-0.7169781309203245
-0.7173005143091965
-0.7177171218894988
-0.7180145106831333
-0.7186007369309664
-0.718714314250974
-0.7187539481868347
-0.7208639349167546
-0.7212703440390114
-0.7213137316543402
-0.7226212720037438
-0.72553720921278
-0.7257009885739535
-0.7265343820618
-0.727663853514241
-0.7283380696026143
-0.7284144634493928
-0.7290445798342782
-0.7307269568037655
-0.732021234370768
-0.7324874558086906
-0.7331347168656066
-0.7354118544608355
-0.7355256254474322
-0.7381781089003198
-0.7392602019011975
-0.739520600065589
-0.740084942064381
-0.7413288416961828
-0.7429951778613031
-0.7435493260466804
-0.7437283504754305
-0.7441388110940655
-0.7454506471664596
-0.748723282207114
-0.7509070592900066
-0.7536455250616806
-0.7545356037028667
-0.7565174317278434
-0.7567099829256121
-0.756820257254211
-0.7585949165125688
-0.758701597340405
-0.7591802257811651
-0.759476986289623
-0.7602338328026235
-0.7619688908259074
-0.762586716376245
-0.7664230386061328
-0.7664629830978811
-0.7675698377133813
-0.769121276990821
-0.7692461784929037
-0.7705312099074945
-0.7724791039816208
-0.7731479814043268
-0.7735747336409986
-0.7737135541101452
-0.7739403068521319
-0.7759013500064611
-0.7788235437474214
-0.7798464299412444
-0.7802465036511421
-0.780859319922456
-0.7827203178325859
-0.7849644988309592
-0.7859092466533184
-0.7880456354404386
-0.7922796839977511
-0.7926826193514798
-0.7953857239335775
-0.7971528824418783
-0.7987434217429836
-0.8009672722546384
-0.8021251016871247
-0.8036813296377658
-0.8055950080493598
-0.8086738853404919
-0.8092585495776601
-0.812068784609437
-0.8129725663457066
-0.8140100364883741
-0.814952140301466
-0.8208061456680298
-0.8211474197596544
-0.8220837513916195
-0.8245576564222574
-0.8253920372575522
-0.826013596568373
-0.8323791669536149
-0.8360854890132841
-0.8367937969655032
-0.8368440081346004
-0.8377711580772149
-0.8379550824174657
-0.8398039983439958
-0.8476244912017137
-0.8491866234253393
-0.8494545165781996
-0.852827754967353
-0.8529510045991628
-0.8540629984810948
-0.8555785334950391
-0.8659906635460045
-0.8666594765548196
-0.876788022564142
-0.876795954262806
-0.8790804424885815
-0.8791775983492178
-0.8792453209067995
-0.8800298389147169
-0.8807187814797673
-0.8813958908431232
-0.8830055475368032
-0.8831978479865938
-0.8855586774414406
-0.8877163430054983
-0.8883956108992506
-0.8897875673690578
-0.8903910000808537
-0.8904836921886142
-0.8915228738139073
-0.892546897487981
-0.8941594039400419
-0.9007573743163246
-0.9020219400658139
-0.9058541991814438
-0.9106921236489143
-0.9156249066193899
-0.9198623553093057
-0.9219086194643751
-0.9296639654785395
-0.9311216978328177
-0.9319666335592046
-0.9332978915423155
-0.9348644628189504
-0.9363487651239016
-0.9376477599143982
-0.9378466988107123
-0.9384280988670071
-0.9401843352791142
-0.9402809393650386
-0.9406419165898114
-0.9430896905214468
-0.9446249306201935
-0.9481128066933403
-0.9497123298545679
-0.9527323255315423
-0.9565719533711672
-0.958071542205289
-0.961983060115017
-0.9660447910428047
-0.9693423499971686
-0.9701179480471183
-0.970593191930675
-0.972928709542347
-0.9769322149455547
-0.9781854937706763
-0.9782004455725352
-0.9798239823430777
-0.9799269922077656
-0.9807444103062153
-0.9833317498366038
-0.9891858119517565
-0.9893890581879532
-0.9893940308441719
-0.9895790777954971
-0.991321325302124
-0.9915372520685196
-1.000820515770465
-1.0014535437027614
-1.0016348209852974
-1.0031721806153655
-1.0034122201614082
-1.0042874058708549
-1.0052458248101175
-1.00668229945004
-1.0092120356857777
-1.0097165333572775
-1.0104625400466223
-1.01164494206508
-1.013673164571325
-1.0171010622754693
-1.0176915774742763
-1.0182620785381005
-1.021484035366614
-1.0258949639974162
-1.0314471290136378
-1.0357285641754668
-1.038732257974334
-1.04056675308384
-1.0449033707773197
-1.0478970302889745
-1.0479321973398328
-1.0543403847194794
-1.0572128475954135
-1.057710980993691
-1.0605207905173302
-1.0617842013016343
-1.0661307834088802
-1.066666951868683
-1.0761089879088104
-1.0791974196262244
-1.0801369065811741
-1.0818965188892824
-1.0844087600708008
-1.0926863500014103
-1.09324979968369
-1.094789046794176
-1.1018907801351614
-1.105238759831991
-1.11434130036893
-1.120817304821685
-1.1260392392675083
-1.1322219686408062
-1.135256244518262
-1.137628961354494
-1.1437233090400696
-1.1474464893341065
-1.1542165398597717
-1.157730090564915
-1.159539968939498
-1.164894875475309
-1.1699678807533929
-1.1704819530641544
-1.1724402264683573
-1.1759442931397643
-1.1765605434775352
-1.1884865011476602
-1.1963628762002503
-1.2016111590201035
-1.2052650558762252
-1.2093937619123607
-1.2098933880527813
-1.2102513015935463
-1.2147646082157735
-1.2200672574309954
-1.220384529232979
-1.2521592585059504
-1.2583701901370659
-1.2586206360720098
-1.2586546765126816
-1.2630159656206768
-1.2695357715710998
-1.2721697032699013
-1.275205197361564
-1.2782917261123656
-1.2793667471657197
-1.2935714901735385
-1.3012642736175621
-1.3049489410768729
-1.3103352540250246
-1.3114157617092133
-1.3224643774330616
-1.323336158132103
-1.3258447306172456
-1.328871155778567
-1.3323684453964233
-1.354512916955476
-1.356629878282547
-1.3584648370742798
-1.3613539338111877
-1.3643333613872528
-1.3669082820415497
-1.3685255713382503
-1.3761857870966197
-1.3779931664466858
-1.3795551170894345
-1.3806664446989696
-1.3847964406013489
-1.404812879077508
-1.4056005869060755
-1.4056886012355487
-1.4131918910217272
-1.4292383206629893
-1.4336158405058086
-1.4352822937071323
-1.444842877238989
-1.4472617074082206
-1.4518613678713639
-1.4534556766351063
-1.463511069615682
-1.4701444307963054
-1.4791659737626712
-1.4794595303634803
-1.483556516468525
-1.4838075041770935
-1.4841802436640137
-1.4858236834406853
-1.4948776563008626
-1.4971726163639687
-1.500997543334961
-1.5238745737199981
-1.5326910018920898
-1.5488738656664889
-1.5502306974958628
-1.5563779771327972
-1.5627711150445975
-1.5659906137734652
-1.5674059092998505
-1.604990005493164
-1.6151046677026897
-1.6167855442812045
-1.6200514001150925
-1.6252509118203307
-1.628083070119222
-1.6301454058848321
-1.6347240409813821
-1.639175671339035
-1.6418460500659422
-1.6429326236248016
-1.6432227213226724
-1.6439278852194548
-1.6483081059530378
-1.6540553937666118
-1.6608079733947914
-1.6671765763312578
-1.6674860077244895
-1.6752360435202718
-1.681869897292927
-1.6869109496474266
-1.6907528241475422
-1.7119971960783005
-1.7328037858009337
-1.734563986460368
-1.7418498420156538
-1.7458439568678539
-1.7464269399642944
-1.7519607543945312
-1.762458563549444
-1.7658709135333386
-1.778150274604559
-1.8028803548465173
-1.8191855549812317
-1.8254521012306213
-1.8302972708285477
-1.8480764767155051
-1.8587189515431721
-1.8679605480283499
-1.8718221336603165
-1.904785358288791
-1.9351559340953828
-1.976225825957954
-1.9895034631093342
-1.9902165732346475
-1.99498051404953
-2.015061756130308
-2.029956743121147
-2.037959575653076
-2.062218129634857
-2.083015203475952
-2.084601775932242
-2.162156403064728
-2.162691376172006
-2.17976313829422
-2.1803572392091155
-2.213043964933604
-2.23248283068339
-2.2546141743659973
-2.2978057246655226
-2.3003304600715637
-2.323367599863559
-2.34184244973585
-2.376665231616547
-2.39750212430954
-2.4192444682121277
-2.438209004700184
-2.478123977780342
-2.487764112651348
-2.516547600428263
-2.6036421060562134
-2.6415024995803833
-2.7188469022512436
-2.758021593093872
-2.888563632965088
-2.908036284148693
-3.1724185943603516
-3.2688846588134766
-3.295101761817932
-3.2997233867645264
-3.339777559041977
-3.463241919875145
-3.539754271507263
-3.5852127075195312
-3.7020209431648254
-3.8536987006664276
-4.154370305099292
-4.180660247802734
-4.601408004760742
-4.6786708837607875
-4.840188980102539
-5.050033926963806
-5.198663711547852
-5.243265151977539
-5.795804262161255
-10.324909210205078
-11.787727355957031
-12.605913162231445
