-0.21048092898646636
-0.22570158723933023
-0.232031385056741
-0.24750590546422505
-0.2545176495797932
-0.2874162908540004
-0.2902626682155712
-0.29201371893286704
-0.29255248833982883
-0.29917850667051327
-0.305385225603199
-0.30684762560226125
-0.3090414459593376
-0.31024146320851287
-0.310383329997017
-0.31235404305415515
-0.3150212878595734
-0.320141325183483
-0.3210028590146976
-0.32431751073545456
-0.3315385399300794
-0.3326222012983635
-0.3336139186688412
-0.3365936016276604
-0.33841326993981213
-0.3399232739557192
-0.3507075821253238
-0.3537102811304586
-0.35430591905282605
-0.3564883019231881
-0.3581451532382775
-0.35907117437201796
-0.3595907389061284
-0.36018755566328764
-0.3618863678981412
-0.3626302018295974
-0.36380858386426396
-0.3645452171767829
-0.3670234352021533
-0.371120603774519
-0.3771580656679968
-0.3801361557561904
-0.3801956337238979
-0.38053779186266184
-0.38376304653606247
-0.3853990531497402
-0.3873642117875904
-0.3875326414903005
-0.38876510672271253
-0.3915752343264802
-0.3920266125607989
-0.3922558581568943
-0.3941532167082187
-0.39420113394391426
-0.39434600580716506
-0.3949030657939147
-0.3974787705836048
-0.39845192146182445
-0.4007276160088528
-0.40327589093179156
-0.40465241830415005
-0.4065927637596454
-0.40704149546830815
-0.4073664715934473
-0.40851221133198123
-0.4090015268729379
-0.4109606087519999
-0.41871187594369985
-0.42151644197292626
-0.4234534741179751
-0.4243945440587898
-0.42625630221856925
-0.42698076450809214
-0.43001702913461487
-0.4314473627600819
-0.4334176669045436
-0.4336164509149967
-0.4355871303123422
-0.4370497394619243
-0.4411645974905696
-0.441621038687299
-0.4426235586611761
-0.4439674199622294
-0.4448949998865525
-0.44546302262989973
-0.4460475751160023
-0.44640520438340237
-0.45008583944290875
-0.45055279358202827
-0.4545104030778595
-0.45864851093746867
-0.4634438429160842
-0.4652142467777594
-0.46596638690389225
-0.4689202319830656
-0.46979916705666774
-0.47000566915481945
-0.47072557820938526
-0.4736203509980298
-0.47399389986983603
-0.47707407338311897
-0.47940852291399744
-0.4898240157506532
-0.4921502010402037
-0.4933676835207734
-0.49951563387488324
-0.5004982495613929
-0.5110190323845017
-0.5133169232350256
-0.5206225955043919
-0.5274962826557125
-0.5300711527961539
-0.5317953160764384
-0.5444710377976298
-0.5505823569698259
-0.5507908049039543
-0.5653476965939626
-0.5680027442378923
-0.572344293477945
-0.5771178485426519
-0.5807613250799477
-0.5866616837059458
-0.5911211617290973
-0.5956328040402796
-0.5962651081111593
-0.5965093198465183
-0.5981019623577595
-0.5994209858278433
-0.6005414651396374
-0.6024400360882283
-0.6046520327683538
-0.605779567558784
-0.6143329339767141
-0.6163408881467249
-0.6182690420084529
-0.6218035126637135
-0.6278150955680758
-0.6285653334343806
-0.6313465729544987
-0.6435174660828125
-0.6445294666167077
-0.6490213451441378
-0.6506338017716189
-0.6556933986555252
-0.65685500515004
-0.657430337369442
-0.6579801728366874
-0.6628899654329178
-0.6670472340729248
-0.6698785702697932
-0.6722031986961762
-0.6804541237652302
-0.6836636069541177
-0.6846427832626634
-0.690671730604663
-0.6908265054225922
-0.6951421209610998
-0.695734487225612
-0.700425274670124
-0.7011140048400395
-0.7051579006947577
-0.7056988260398308
-0.7057394576724618
-0.7075773120547334
-0.7082579283742234
-0.710368172172457
-0.7105391771118674
-0.712708949111402
-0.7140718932108333
-0.7168443333357573
-0.7213439131931713
-0.7213828718393214
-0.7240262873470783
-0.7264977821873294
-0.7270126350224018
-0.7292079069385571
-0.7324475085362792
-0.7336852136999369
-0.737680410552356
-0.7414931904524564
-0.742983378097415
-0.7446115645579994
-0.7460841817315668
-0.7529737930744886
-0.7534619697369636
-0.7599750100052916
-0.7659998957067728
-0.7678465554490685
-0.7678490993566811
-0.769966316409409
-0.7710526529699564
-0.7716308395378292
-0.7732286384950081
-0.7852862709842157
-0.7901944387704134
-0.7915682436800316
-0.7973241605278518
-0.7982333347201347
-0.7987008723430336
-0.8044591272482648
-0.8117734870341208
-0.8147937794662236
-0.824407824780792
-0.8307085602544249
-0.8398434246579806
-0.8659664928913117
-0.8760626744478941
-0.8802534981763789
-0.8949609384095917
-0.9053221916779876
-0.9119012653827667
-0.913947561988607
-0.9171341515611857
-0.9199890948366374
-0.9241923317313194
-0.9309897543862462
-0.9332578293979168
-0.934657071051853
-0.9469917342066765
-0.9486714126542211
-0.9546294497326017
-0.9551204190589487
-0.9597362702978509
-0.961453078702713
-0.9736602157354355
-0.9831112548708916
-0.9833113718777895
-0.9837999256061656
-0.9959360298234969
-1.0121200196444988
-1.0141472748170297
-1.0241468638802569
-1.0282863413449377
-1.0292800091207028
-1.0581198829459026
-1.0657779307415087
-1.076396405696869
-1.1034410924961169
-1.1287020705640316
-1.133271009971698
-1.1386821183065574
-1.140985395759344
-1.1571594413835555
-1.1648821135361989
-1.1965003032237291
-1.2026735921390355
-1.214530374854803
-1.2305173208005726
-1.2381992572918534
-1.2399548552930355
-1.2461457184205453
-1.2760870987549424
-1.2937891098360221
-1.2939220597036183
-1.2957674264907837
-1.3604177807768185
-1.3747153381506603
-1.3767667077481747
-1.3777182335034013
-1.3798083403546895
-1.4098754897713661
-1.4146316880360246
-1.518160765369733
-1.5209100480590547
-1.5280592189436513
-1.5314134620130062
-1.5328985516514098
-1.545413613319397
-1.5503414918979008
-1.5946065559983253
-1.6467519935686141
-1.7174760401248932
-1.8551933392882347
-1.8823696312028915
-2.047307811677456
-2.30964058637619
-2.8086190223693848
-3.5232653617858887
-3.8052964210510254
-4.335789680480957
-4.669765949249268
-6.07582950592041
-8.396134376525879
-9.814732551574707
