-0.0008823553798720241
-0.06346916807316509
-0.1076564991963096
-0.11445115875297536
-0.12454790771007537
-0.12699608434922993
-0.14575171204549925
-0.15318647089103857
-0.1645778832025826
-0.19214300625026226
-0.2118625726018633
-0.24080912210047245
-0.3074388464552943
-0.31489055492565965
-0.31713422554700327
-0.3281016239197925
-0.33413912195246664
-0.3345126836664147
-0.34135292246937754
-0.3417554179738675
-0.3421449810266495
-0.34312468592543155
-0.3477089963853359
-0.35241625016849293
-0.3551531061530113
-0.35734809865243733
-0.3599992523118595
-0.36486586188475484
-0.36625275264959783
-0.3714433353808191
-0.3732062531635165
-0.37749483777831
-0.38381053948542104
-0.3839026244357228
-0.3890247625764459
-0.3912349634769338
-0.3914839582931664
-0.39400411397218704
-0.40002984724317986
-0.40724179026437923
-0.40885248058475554
-0.41063026313786394
-0.41158888159164536
-0.41166838156906044
-0.4135236577682295
-0.41839301807340235
-0.4207151834620163
-0.4217548283955289
-0.423297183892618
-0.4284442045124403
-0.4328370529291188
-0.43726717261597514
-0.4418135570595041
-0.4419592715566978
-0.44202172877267004
-0.44806382796239286
-0.4487996843185854
-0.44908039490966234
-0.449843208409018
-0.4516009518022959
-0.4521796505432576
-0.4543393107596785
-0.4565605916432105
-0.457335542421788
-0.4586026059802283
-0.4605518060807998
-0.4621978822397068
-0.4622327333316207
-0.46225460269488394
-0.46362537254268926
-0.4657537843158934
-0.46672978028655054
-0.4686167549341917
-0.4689872112237559
-0.4695824903877413
-0.47327564063016325
-0.47374127624588536
-0.4784025863212134
-0.48100124547878903
-0.4820299694935481
-0.4825132331711107
-0.4845534900502701
-0.48569653439335525
-0.4883929851050198
-0.49212454658533844
-0.49711937152314933
-0.49871167045785114
-0.49880165177204744
-0.5021932897054486
-0.502556664403528
-0.5076024544642468
-0.510064945742488
-0.5147000186428029
-0.5147786113333755
-0.5151636573885169
-0.515425742703623
-0.5231953998736572
-0.5273494321852923
-0.5273540888912975
-0.531533638946712
-0.5376899253266553
-0.5400264761410654
-0.5415261694975197
-0.5471309647182352
-0.5497694820165634
-0.5559805113822222
-0.5567779865201661
-0.5586767594143748
-0.5597368997469958
-0.5605587090055147
-0.5631675194534991
-0.5642484233155847
-0.5649420240273079
-0.5651484536273139
-0.5654732058510968
-0.5677018114365637
-0.5739304017042741
-0.5825018577244399
-0.5852304747095332
-0.5874845757110355
-0.5876674195751548
-0.5880837196865204
-0.5903865899124771
-0.5904344211532069
-0.5926645907262961
-0.593855627519251
-0.5939642253642281
-0.5947818528860808
-0.59491166472435
-0.594992959605796
-0.5968341540013041
-0.5980653812044433
-0.6027451947979305
-0.6035981913737487
-0.6054007666451591
-0.6068913614643472
-0.6111830894526344
-0.6144613439838091
-0.6174578263631297
-0.6213742524741974
-0.6217247176294526
-0.6220934711396694
-0.6222292666672729
-0.6225266413995996
-0.624093030889829
-0.6251532305032015
-0.6268302011506065
-0.6272009885304963
-0.6280124184365073
-0.6314950022885265
-0.6318804567192935
-0.6325641255825758
-0.6347166488275808
-0.6348721996570627
-0.644673632757206
-0.6450792720774189
-0.6484984359703958
-0.6501777816005051
-0.655986012580494
-0.6571197236965721
-0.6617288791264097
-0.6630595823129019
-0.6653744398383423
-0.6659255903214216
-0.6682738023477474
-0.6700721360419107
-0.6718836628004081
-0.6737693358230424
-0.6744492776691914
-0.6754390897796206
-0.676403122022748
-0.6767415392123872
-0.6786013096570969
-0.6822245058675225
-0.6858291304670274
-0.6865240098494623
-0.6892841806014379
-0.6894725543446839
-0.690128771122545
-0.6915636280900799
-0.6922881120815874
-0.6931346294470131
-0.6953141979873181
-0.7034701553173364
-0.7041824626780692
-0.7059710090979934
-0.7111695600407464
-0.7160667385905981
-0.7175072310598228
-0.7222473496970322
-0.7272341811466807
-0.7394469532533549
-0.7511087562888861
-0.7610925283903877
-0.7626193806063384
-0.7687337529866702
-0.772072150092572
-0.7744556459365413
-0.7763352004811168
-0.7865072784373875
-0.7909689676016569
-0.7920304210856557
-0.800280372845009
-0.8061785698868335
-0.8323679726787044
-0.8355747058780657
-0.8391371425241232
-0.8400146991014481
-0.8470733712116877
-0.8477179701440036
-0.8716538037572589
-0.8754422204568982
-0.8754565984010696
-0.8844474243621031
-0.8995751837889353
-0.9010380495339632
-0.9247901590747966
-0.9251736141741276
-0.925680385902524
-0.9407852476462721
-0.9432655440436469
-0.9516157840262167
-0.9552535053342581
-0.9595345966517925
-0.9610798973590136
-0.9752117331139744
-0.9795955612013737
-0.9804488261870574
-0.9848886026069522
-0.9877666980028152
-0.9906034506857395
-0.9976848652586341
-1.0131340511143208
-1.0182152683846653
-1.030584702640772
-1.036937922006473
-1.0583110094070434
-1.0644148904830217
-1.0649704155803192
-1.0682100297676191
-1.0757980830967426
-1.0813210358222325
-1.105080303736031
-1.1279488280415535
-1.1369453507165115
-1.1459425301291049
-1.1736945925901334
-1.179457951337099
-1.1839568242430687
-1.2042232044041157
-1.2349756211042404
-1.2406132897982995
-1.267583070943753
-1.267618265002966
-1.2689711228013039
-1.2786117727868258
-1.2969242259860039
-1.3063812075803678
-1.313617430627346
-1.3368190710122387
-1.3588481053709984
-1.39884388318751
-1.5308913638194401
-1.5835516820807243
-1.668814703822136
-1.7490825223503634
-1.773836374282837
-1.8211838838954766
-2.0123199224472046
-2.0892644127209983
-2.162492331233807
-2.2210619747638702
-2.2299438808113337
-2.2306349370628595
-2.239744707942009
-2.310576527689894
-2.362550771484772
-2.4043199345469475
-2.6203359365463257
-2.686090032570064
-2.7071148932057745
-2.864423632621765
-2.93669181317091
-2.9782938957214355
-2.9952921867370605
-3.1200907230377197
-3.3726485893130302
-3.433046340942383
-3.448914051055908
-3.4595837593078613
-3.5005206482019275
-3.714968681335449
-4.338812294299714
-4.598947525024414
-5.098774671554565
-5.119914412498474
-5.576828956604004
-5.868252754211426
-7.85007381439209
-8.822142839431763
-10.362053871154785
-10.87044620513916
-10.929497718811035
