-0.0005706486663257238
-0.06501374245272018
-0.15063958974289043
-0.15742487311945297
-0.19364399493982395
-0.22667118919032095
-0.2450739381602034
-0.26391684783448
-0.26884942370234055
-0.2797215314098265
-0.28325744885902776
-0.2890668821579311
-0.2922786612595831
-0.2975223893180747
-0.3114059538758219
-0.3137517408256165
-0.3167844260525372
-0.3248565863468684
-0.324988694221247
-0.328903586207889
-0.32959141019213284
-0.3386383077336682
-0.339713327921927
-0.34119479744954334
-0.3458828166981488
-0.34612734932926725
-0.34734029765541924
-0.3525903866226751
-0.35697994041698555
-0.3625850333586901
-0.3628042511804365
-0.36412986647814377
-0.36472667949439913
-0.3670517953701514
-0.367628793230259
-0.36850140525752473
-0.36972069222947873
-0.37435211096453713
-0.3753312505712664
-0.37615543422926795
-0.37734371001182043
-0.37881163633428516
-0.38099077029037287
-0.38318434344876096
-0.3832637647588107
-0.3839358914270997
-0.38473950688225717
-0.38517171254992716
-0.3851824757051266
-0.3867415255105395
-0.38693361412733795
-0.3880314087378792
-0.3902504752538789
-0.39122425645124165
-0.3914013343940799
-0.3948753702033256
-0.3964287952537863
-0.3977988964465681
-0.39780261640108244
-0.40077048434856505
-0.40204309759740553
-0.4026873951610785
-0.4028290629386902
-0.4032601012597577
-0.40372936365092754
-0.40456254966200805
-0.40489472004264826
-0.40519161987402996
-0.40594951309132105
-0.4081062387880853
-0.41135322460904716
-0.4125841807607295
-0.41362497375255614
-0.41441268874677917
-0.4151720154111209
-0.41600617854855954
-0.41674294733966233
-0.41739160439994355
-0.417750600193228
-0.41849873154889794
-0.4187681137617411
-0.4199526194529931
-0.42759746062233717
-0.43549153001772034
-0.43829317095223813
-0.4384150726074495
-0.439951339546867
-0.4418323533318471
-0.44256074411678126
-0.4475655924280822
-0.44787835472253273
-0.44952349382605034
-0.45029688796494155
-0.4537994193114256
-0.4649915785121266
-0.4659307192559936
-0.4676090864059006
-0.4757089090484881
-0.48175610988400874
-0.48236295787824524
-0.48340551387518643
-0.4847095566801727
-0.48609669937439703
-0.4921900698449463
-0.49395109437020324
-0.496236183870739
-0.49706823665862127
-0.49756718451618553
-0.49777565165368287
-0.49813947334405384
-0.506112536493068
-0.5065953392897629
-0.5077673779218458
-0.5146452742628753
-0.5179913361228371
-0.5243084400892257
-0.5247421181864209
-0.5317030254082056
-0.5334035918058362
-0.542505384190008
-0.5495935713406652
-0.5505170039104996
-0.5605548831756876
-0.5620334273189656
-0.5687942281656433
-0.5702523374347948
-0.5729998714190775
-0.5813505562297602
-0.5853868463438832
-0.5923107324117154
-0.5932438758900389
-0.5952293407383629
-0.5962503866579097
-0.6028702915983127
-0.6184551668952086
-0.6228469995316118
-0.6302692925091833
-0.6360736373398039
-0.6493830851146153
-0.6566348748248336
-0.6646978101978841
-0.6665064886781491
-0.6667344860699294
-0.6730897094355897
-0.6746549409581348
-0.6750407021963838
-0.683374852939908
-0.6839822704399315
-0.6876843191372851
-0.6891864164333258
-0.6916976105421782
-0.7038367925599232
-0.7049749205923743
-0.7053660143735923
-0.7083230149000883
-0.7393724084831774
-0.7711686072512888
-0.7889338152017444
-0.809154888188156
-0.8240388361232666
-0.8326989157940261
-0.8422549876073996
-0.8426233788952231
-0.8463340961607173
-0.8515786109133981
-0.8742392689455301
-0.8767732588208413
-0.9279201254243616
-0.9347765419100013
-0.9650172103817264
-0.9831582171842456
-0.9875703086810452
-1.0010403797163494
-1.0082447116263211
-1.011930744030646
-1.0122392327466514
-1.02561215577381
-1.0398051124066114
-1.0604605390191344
-1.0789134030230343
-1.112752310524229
-1.1408601184230065
-1.156912819443581
-1.1701172413886525
-1.1828381948173046
-1.1972386262379586
-1.2174304804693747
-1.2438844056800007
-1.2450596760725603
-1.2496396970236674
-1.270427649685492
-1.3337033474817872
-1.3552163135027513
-1.363789808092406
-1.3666218130965717
-1.3863443238951731
-1.3889400392238582
-1.3949444628217154
-1.448397047817707
-1.4722251798957586
-1.4755671358563833
-1.492000533785257
-1.5334526915103197
-1.5477933019399643
-1.5625151051208377
-1.604590424469539
-1.6176285899917795
-1.654545671044616
-1.657554268836975
-1.686169359460473
-1.6925794777926058
-1.6928925842046738
-1.7419085714966058
-1.757213819772005
-1.7781853675842285
-1.9231567482153575
-1.9446283929670851
-1.946563760439555
-2.018255409435369
-2.139293074607849
-2.1557609190543494
-2.2123514618724585
-2.2368806540966033
-2.2480403557419777
-2.42459577023983
-2.4249762892723083
-2.508384846150875
-2.540842406451702
-2.583845853805542
-2.7634936769803367
-2.874224327504635
-2.909345768392086
-2.93060302734375
-2.977954864501953
-3.113671859105428
-3.2726808389027915
-3.2813706986926263
-3.283131755888462
-3.3105907440185547
-3.40301251411438
-3.5513914823532104
-3.6202259779126202
-3.6684145053377506
-3.9280359049638114
-4.002913475036621
-4.188736766576767
-5.382002174841091
-5.455525934677098
-5.546742791077122
-5.676701068878174
-5.961643570801243
-6.2897117137908936
-6.931934356689453
