-0.0001658063702052459
-0.05120296623291714
-0.09289572858607345
-0.09931664999392827
-0.10467123637208715
-0.11013047218633194
-0.11356209359348668
-0.12021151646695216
-0.12105163873638958
-0.1274577338869373
-0.13453296571969986
-0.1366485595703125
-0.13845656669460973
-0.1403135359287262
-0.14292780558268228
-0.14508738129451457
-0.151258687954396
-0.15665531184058637
-0.16445214845152806
-0.16508578956644568
-0.16605892785037213
-0.1684412150255715
-0.17176482880022376
-0.17388512066099793
-0.1759370378276799
-0.17657194096273088
-0.18227311840746552
-0.18363397942230222
-0.19911308377813838
-0.200724775819981
-0.20150312071637017
-0.20231721807310046
-0.20274007608604733
-0.20331120621412993
-0.20349958970336957
-0.20565165764110133
-0.20729701383970678
-0.20829615276306868
-0.21340312307580936
-0.2178524593822658
-0.22080847227411332
-0.2222749943699455
-0.22267533616589694
-0.22315804751124232
-0.22784935528034111
-0.23048290567183155
-0.2315720527461197
-0.23409706827563545
-0.23642259041985703
-0.2367271135358351
-0.23687278831355799
-0.2374191933486145
-0.23813332253484987
-0.23972747503306052
-0.24013508297583838
-0.24167671610750682
-0.24283172508997572
-0.24376565484433538
-0.2444179926739404
-0.24580231248667891
-0.24747556061306064
-0.24881830881349742
-0.25084111990856955
-0.2519073936222908
-0.2521754953144905
-0.252203206055707
-0.25427914071425267
-0.2548291531857103
-0.2566134259705953
-0.25675619698212476
-0.25751638354747475
-0.25941445781936634
-0.26066923700273037
-0.2612258314038627
-0.2616639998471907
-0.2634711525220997
-0.26645624638588156
-0.2668206606082094
-0.27106881968448643
-0.27158048881600344
-0.2730059409155122
-0.2748753513757644
-0.2757163448966268
-0.27917645969428123
-0.2791795435403704
-0.28201596938197326
-0.28281311157625166
-0.28303393202590726
-0.2839176398795947
-0.2857402667308634
-0.2861590958204593
-0.28727629478817107
-0.2906687086824604
-0.29191800905391574
-0.29209513375756685
-0.2922032794065392
-0.2931086303200573
-0.2936817696331673
-0.29425470748295385
-0.2975037754164077
-0.29781664483663106
-0.3040484140424269
-0.3042293960461393
-0.3051002252752369
-0.30910660926156197
-0.3116818368434906
-0.31210506708261426
-0.31293893863455324
-0.3163519610439107
-0.32016621381044386
-0.3202182716534783
-0.32103196001698964
-0.321230417197512
-0.32203809906204695
-0.32473884735049474
-0.32653210663702337
-0.3265530831344864
-0.3288678133436146
-0.3308954873820767
-0.3314955683599692
-0.33660921454429626
-0.3382523708976805
-0.33992474936530925
-0.34139841014984995
-0.3431239145935424
-0.3449300538526413
-0.3465892117884424
-0.34658954427723077
-0.3469228474830743
-0.3470179023893757
-0.3480560858558473
-0.3488574548308471
-0.34928723742777945
-0.35011057809470003
-0.3501815646595787
-0.352158504913942
-0.3524451544296674
-0.36470478420111857
-0.36565531672677026
-0.36638790568233365
-0.366520684134836
-0.3673300557304174
-0.36952257014854695
-0.3695564796042163
-0.3718008607625961
-0.3718710077460855
-0.3721838720747049
-0.37246779787819834
-0.3726810441808589
-0.37278079731428687
-0.3729381844258079
-0.37295760050765236
-0.37478392687626183
-0.37521193479187787
-0.3755563923290798
-0.3762509825582028
-0.37841600030660627
-0.3785678671327852
-0.3804960975077544
-0.3811882670355165
-0.381525721091748
-0.384560819377657
-0.3872153142833018
-0.39028055713537596
-0.39103373804973673
-0.3924994213351359
-0.3928870602601819
-0.39477019199901925
-0.3948395242681727
-0.3981306756613776
-0.3993538543683826
-0.3994390266847664
-0.4014855273067951
-0.40358894353266805
-0.40377071213775445
-0.4060334479269971
-0.40613983978206913
-0.4063811841318966
-0.4072051704558059
-0.4072477336143493
-0.4074909678184385
-0.4078224262754832
-0.41231202793174554
-0.41354503507156753
-0.4156156296667177
-0.4178795452547395
-0.42116794094685106
-0.42148582823817077
-0.42153889477568945
-0.42180685685266156
-0.42610468808561563
-0.42702425637980923
-0.4285160556435585
-0.4287140477293481
-0.4320025358599729
-0.43239765826729126
-0.43741151390390265
-0.445306368812453
-0.44638254332821814
-0.4465155738020258
-0.44826676111136166
-0.44847751541861464
-0.44901583022014663
-0.4508824395015836
-0.4515137781854719
-0.4519017543807422
-0.45203219532656175
-0.45212034840369597
-0.45220004371367395
-0.45440132978061837
-0.4546377567781342
-0.4586121231051428
-0.45983026453759523
-0.4632228221908008
-0.46365143347065896
-0.4656417356163729
-0.4658317174956513
-0.4671946669030668
-0.4672041307148902
-0.4677701441284556
-0.46783682703971863
-0.467980492208153
-0.46901883785799975
-0.4691979466782262
-0.47084353553197744
-0.4738169724470936
-0.47673253829790546
-0.48025499447248876
-0.4853247385472059
-0.4854588810620563
-0.48653558319555096
-0.4875049975235015
-0.4886637817669128
-0.49062961451664494
-0.4921400405000895
-0.49265651069581506
-0.4969248754277942
-0.49697150238272214
-0.49765699638373917
-0.49888181015849115
-0.4993388030537365
-0.49935009802824687
-0.4995974597807687
-0.5007248421097756
-0.5042796998634003
-0.5050387510709697
-0.5066367129329592
-0.5070239005038853
-0.5073330141603947
-0.5088448504316797
-0.5091724248257898
-0.509476320608519
-0.5102782685878791
-0.5105784432962537
-0.5110477787841644
-0.5157579353596832
-0.5157900960184634
-0.5198071659891866
-0.5199935766350892
-0.5230844726320356
-0.5233082266834875
-0.5249584306031465
-0.5255804491628494
-0.5271799308029586
-0.5297912710346282
-0.5308759598216662
-0.5334174666902982
-0.5334509602186948
-0.5341249168018943
-0.5402249572332949
-0.5457031040998572
-0.5492728533378491
-0.5492972570937127
-0.5515735650114948
-0.5516787133577358
-0.5528784857830032
-0.558982660373052
-0.5592177983098736
-0.5603295880282531
-0.5623046369501026
-0.5626307872124017
-0.5674189655910595
-0.5682366232113054
-0.5705714315641671
-0.5761900106315605
-0.5771115068346262
-0.5784600120969117
-0.5800473889581294
-0.5805808739649365
-0.5807657927008611
-0.5817472658220342
-0.582566987590066
-0.5837213283715149
-0.5891919291267792
-0.5897881748775641
-0.5909195162714931
-0.591210259241052
-0.5938890266503828
-0.5943797866348177
-0.5982575000574192
-0.6035479610630622
-0.606368859502254
-0.6092523767147213
-0.6106417732662521
-0.6145343082857185
-0.6166283447528258
-0.6167955435812473
-0.616979506550706
-0.6188522725351504
-0.6209303630007939
-0.6291686730372021
-0.6301728913353549
-0.6311216680856887
-0.6323627190577099
-0.6330975147429854
-0.6366482159588486
-0.6417689427733422
-0.6436473419390885
-0.6437910998865846
-0.6470626836235169
-0.6481632472326359
-0.6497718017587127
-0.6546753776492551
-0.6552520345770366
-0.6552809417391052
-0.6557496648581166
-0.6563372071483172
-0.657542398533451
-0.6582817516496612
-0.6589317648264114
-0.659828151226975
-0.6616081221388109
-0.6685832189396024
-0.673856013258046
-0.67761395056732
-0.678549945820123
-0.6799975781686953
-0.6817267157215005
-0.6825962789960917
-0.6914795290392178
-0.6980118304491043
-0.6983381523023127
-0.6995578076291297
-0.7000532248988748
-0.7033086251467466
-0.7050057567226199
-0.7088965851670275
-0.7112675926376445
-0.7116614133119583
-0.7118679425213486
-0.7125223370967433
-0.7152647138864268
-0.7198391423508939
-0.721665248075234
-0.7234556339681149
-0.7254481860436499
-0.7272942476799168
-0.7302744320128113
-0.7316023259409121
-0.7386016884508232
-0.7403879761695862
-0.7543757405132056
-0.7544469486456364
-0.7558380966286429
-0.7584936311468482
-0.7672764580735626
-0.7680720042437315
-0.7686998727731407
-0.7747765369713306
-0.7747960194945336
-0.77682168999454
-0.7838944964110851
-0.7877764962613583
-0.7915686436795762
-0.7945717123569921
-0.800120674141605
-0.8085806118324399
-0.8091905859531835
-0.8198788613857081
-0.8283597081899643
-0.8340968480333686
-0.8356634526498965
-0.8385040030116215
-0.8428112134337425
-0.8451549708843231
-0.8584947632625699
-0.8699748423881829
-0.8895214083604515
-0.8906579091174839
-0.8976045772433281
-0.8983399495482445
-0.9042970389738911
-0.9110905006527901
-0.9286128660314716
-0.9303650921210647
-0.9315155722200871
-0.9365764928981661
-0.9390262762705485
-0.9405539897270501
-0.9463852904348945
-0.9652771728675967
-0.9686265736818314
-0.9690011990256607
-0.9787408007541671
-0.981790570775047
-1.0128294877707957
-1.0179101467132567
-1.023271268606186
-1.0307114621003468
-1.038316656918531
-1.0419186840415933
-1.0420861790577571
-1.063098809947925
-1.0745063722133636
-1.0768001824617386
-1.0962771140038967
-1.1068165774146717
-1.1089813329279423
-1.1095596365630627
-1.117989968508482
-1.1215786536534627
-1.135285236183942
-1.138174369931221
-1.1386838716765244
-1.1460268571972847
-1.150007131199042
-1.1740654483437538
-1.1797727639010798
-1.2156226789811626
-1.2304870791267604
-1.252111425002416
-1.258690357208252
-1.2679319853583972
-1.2696303648408502
-1.2950604061285655
-1.2963657602667809
-1.2971704800923665
-1.3119932115077972
-1.3347215900818508
-1.3402330584358424
-1.3522915057837963
-1.3770458581857383
-1.3873799927532673
-1.4000129302342732
-1.431307514940272
-1.476217965556619
-1.5771697387099266
-1.6416415700514335
-1.64521320660909
-1.6498884409666061
-1.6562595963478088
-1.6571891158819199
-1.6582861244678497
-1.680199682712555
-1.6809255331754684
-1.6890755742788315
-1.6909348216528695
-1.717391329507033
-1.7178574823774397
-1.7261812509968877
-1.7522228807210922
-1.7533562102665503
-1.754220712929964
-1.7885259985923767
-1.7899779379367828
-1.7989296317100525
-1.8021847009658813
-1.8478461503982544
-1.850559413433075
-1.929227963089943
-1.946086272597313
-1.9478336870670319
-1.953014314174652
-1.9898919463157654
-1.9916437715291977
-2.0232460498809814
-2.098492654544922
-2.2050251808638373
-2.214364990592003
-2.461455225944519
-2.473393738269806
-2.5249260663986206
-2.622621250532878
-2.7125346660614014
-2.7343509197235107
-2.8988756584003568
-3.005758587270975
-3.2714289724826813
-3.433159351348877
-4.104121685028076
-4.141222834587097
-4.891223907470703
-5.323764085769653
-6.949876308441162
-11.285797119140625
-11.36484432220459
-11.493194580078125
