-2.288792165927589e-05
-0.001016147023619851
-0.004203090618830174
-0.0060359689703091135
-0.0066861904100126894
-0.010870405317473342
-0.01425730437040329
-0.01644745422527194
-0.018494898024073336
-0.031145747671259345
-0.033923227154776796
-0.03410732059767595
-0.03480226662617901
-0.03505025175400078
-0.042127638142119395
-0.045795236525373186
-0.04872824519770802
-0.05096265639917874
-0.06147806433727965
-0.06230189494921693
-0.07720212262900361
-0.08167045543784753
-0.08237539623951307
-0.08534102518266688
-0.08698313661928599
-0.09060619688300774
-0.09086665709901354
-0.09525524878956597
-0.09700672196534772
-0.09915110336649897
-0.0998507227486698
-0.10073073024184516
-0.1044899926520884
-0.10520356865631317
-0.10550104647409171
-0.10591004529851489
-0.10793653794998877
-0.10911441170954579
-0.11005777607078505
-0.1121748502390057
-0.11253476315928222
-0.11370154389878735
-0.11788543338318253
-0.12317381811324424
-0.12418953619198873
-0.1274024786028131
-0.12741556380448552
-0.12770069832588624
-0.13047582921544396
-0.13086597433882868
-0.13115079600356694
-0.13207544437214994
-0.13305490780999207
-0.13703941414132714
-0.1374638822162524
-0.13756484046461992
-0.14126943001792824
-0.14275534332061438
-0.14455515860744644
-0.14749400729779155
-0.14999447418376805
-0.15350348027641303
-0.1544490125864589
-0.16043609876454765
-0.16101360948778165
-0.16170983919558543
-0.16229350222675748
-0.16293964846837525
-0.1634284693336055
-0.16362787926143482
-0.16367295027796847
-0.16379336127381197
-0.16416516196918132
-0.16496786835000812
-0.16537176792912062
-0.1664973539891041
-0.16746587869809818
-0.16819408744924721
-0.16927681396482513
-0.1714680926940803
-0.17191602049696383
-0.17247731118233944
-0.17532649443730564
-0.17656222854181242
-0.1779559181894456
-0.17799597332619518
-0.17958782985806465
-0.18021397449774668
-0.1819385034087693
-0.18213981092185844
-0.1840570265693324
-0.18430513532472437
-0.18495274970882747
-0.18501971548175788
-0.18537748735398055
-0.18687471663097627
-0.18687859743095273
-0.18848502843049017
-0.1904037337284535
-0.19089980050800173
-0.191426670343958
-0.19331652519146078
-0.19416407964506385
-0.19436090919189156
-0.19489179039241702
-0.1951614255942245
-0.1961225923535292
-0.2002664095473332
-0.20061799883842468
-0.20118177156837191
-0.2012070723766692
-0.20236901807840224
-0.2057079305741354
-0.20669123682786117
-0.20917272255795524
-0.20982400863308345
-0.21223470809054562
-0.21302523500263407
-0.21352409312841145
-0.2135459502111189
-0.2146792850495937
-0.21544482077505173
-0.21640263437393514
-0.21762695931829512
-0.2194206606977519
-0.21984894417354894
-0.22038559772772714
-0.22075023052748294
-0.22176476251333951
-0.22232067432064054
-0.2223571524822445
-0.2236029768747518
-0.22363135404884815
-0.22446322085452267
-0.22572525943236052
-0.22797210089629516
-0.2286133531560528
-0.2294174904120483
-0.23008622924260586
-0.23444158904021606
-0.23572153317316236
-0.236784378187232
-0.23684136693676314
-0.23838520513123107
-0.23921778828662354
-0.23989383859198402
-0.24152200088159198
-0.2442749747860944
-0.24449895751313305
-0.2446881347614891
-0.24710684319936924
-0.2502744686207734
-0.2529424511594698
-0.25478507819406104
-0.25671210340260586
-0.2576805816616213
-0.2593425444044572
-0.26185689853125493
-0.26283837134750293
-0.2633636669642435
-0.266077368136564
-0.26780166000955635
-0.26838767669846675
-0.26847739298682427
-0.2692271478964748
-0.2697204437572509
-0.27172040160722744
-0.27271058854118263
-0.27282827263697984
-0.2728602515899143
-0.27427575559288797
-0.27574000151468103
-0.27641411817499567
-0.27663068837460336
-0.2769892678363249
-0.2778668117010966
-0.2786841103014821
-0.280500428925734
-0.28596039582043886
-0.2862552496659856
-0.28826513627692213
-0.28967209698748775
-0.2933215988585009
-0.2956209347466938
-0.2957913840014953
-0.2967102423135657
-0.3001237068558112
-0.30038560057679814
-0.30095760514861214
-0.3036086269518516
-0.303621460614118
-0.30496692955493926
-0.3068322322020928
-0.30729120064227444
-0.3084450978785753
-0.31292501526574296
-0.3135852551159377
-0.3150541422655806
-0.31638419275259366
-0.31750079620338384
-0.31797245014458897
-0.32090469770958985
-0.3218765254003099
-0.3220717795065866
-0.3238972390172421
-0.3245730670168996
-0.3252257813716521
-0.32784814168553567
-0.33049342397753206
-0.33181806781794876
-0.33532319439109415
-0.33558341403982517
-0.33574232323897174
-0.33808416761563753
-0.3389264842969299
-0.34208113088971004
-0.34231295656839694
-0.34252139349555366
-0.34359278112866115
-0.3437722383782784
-0.3438731065252796
-0.3442431953037158
-0.34645504790823906
-0.3470444985419211
-0.3480702043289057
-0.3499363384099625
-0.3508155163144693
-0.351843374936531
-0.3533133034490877
-0.35435628313571216
-0.3545827970447135
-0.355753522424493
-0.35660726015921684
-0.35759393594079564
-0.35817660467632273
-0.3591998448828235
-0.35981241394620156
-0.36319566413294524
-0.3652787954114111
-0.3678643857627841
-0.3703049069736153
-0.371096630477243
-0.3728402072770728
-0.3744756268149811
-0.3779833920915345
-0.378565889201127
-0.380105999764055
-0.38070922773719457
-0.38077939972281455
-0.3818868647148419
-0.38258593111199196
-0.3865204489455209
-0.38690740744156454
-0.3876364759902913
-0.3877595563135401
-0.38826684809755535
-0.3896020834023754
-0.3905042252619751
-0.3927076204436162
-0.3939611307345331
-0.39403075594455006
-0.3941002026175348
-0.3941201754431758
-0.39655937906354666
-0.39734646570286714
-0.3979674542424618
-0.3985177558497526
-0.3993361657817981
-0.4012141667605777
-0.40178210373932627
-0.4030789917063278
-0.4055068854941055
-0.4067075403285344
-0.4079542353477639
-0.41104613425704883
-0.411449472320133
-0.412264014807685
-0.4142985848884564
-0.4145560279939673
-0.41640963706110296
-0.41803070285823196
-0.41827332289216834
-0.4184487020344629
-0.41997875790629124
-0.4200117284056129
-0.4212119219591841
-0.42239913573887733
-0.4264048107692765
-0.4290921741582376
-0.4292599858599715
-0.43008001292279613
-0.4303424561387926
-0.43113704687275456
-0.4355831153063466
-0.43780688091693115
-0.4379343853099272
-0.43825210278157556
-0.43840785771802376
-0.43934381380355403
-0.439535981287554
-0.44041234110288013
-0.4421877447231155
-0.4436821461475928
-0.44422664378847304
-0.4453270335992177
-0.44545827807289445
-0.4466484776736858
-0.44877115418057656
-0.4496601219289005
-0.44968454767432475
-0.45133111262694003
-0.45608539345751825
-0.4576113903977254
-0.45790001979496864
-0.45852190791629255
-0.4614957624289673
-0.46211749623762444
-0.46420350845437497
-0.4670113022106567
-0.4684710808680393
-0.4699497090186924
-0.4740790591342375
-0.47590350853279234
-0.4775931129232049
-0.47784026209264996
-0.47861754273374874
-0.479620088590309
-0.48170859718488324
-0.4819509413625513
-0.4835167393335723
-0.4857420725121402
-0.487981753796339
-0.4888296775364627
-0.4898931795731187
-0.4920487198313432
-0.49332859345142627
-0.49471390556492323
-0.4959781700046733
-0.49598031586338037
-0.4986984049726743
-0.5004989916458726
-0.5008934841258451
-0.5014092333980703
-0.5053468174766749
-0.5086760696851544
-0.5150637948212938
-0.5163782830815762
-0.5181051641702652
-0.5211299672722817
-0.5230551722634118
-0.5250012042621771
-0.5263518404648898
-0.5269763625547057
-0.5277546557398247
-0.5278902254067361
-0.5288749997400575
-0.5290837463819318
-0.5299352554397451
-0.5331479512155056
-0.5359978503547609
-0.537041576889654
-0.5399487141320216
-0.5408416315374552
-0.5416391734033823
-0.5417012754543167
-0.5431265655533934
-0.5465893879532814
-0.5502760493545793
-0.5524611487984658
-0.5539907477796078
-0.5554259293894575
-0.5564866241038544
-0.5566297514556311
-0.5570346590597183
-0.5610797316767275
-0.5679584325601658
-0.5698402343938748
-0.5701787406142103
-0.5789766464120248
-0.5910972548382623
-0.5936327908475505
-0.5961513533644999
-0.6030404656000125
-0.6062137282354213
-0.6103320200030188
-0.6131232925117303
-0.613507078262046
-0.6140921574551612
-0.614593518559559
-0.6146849299160143
-0.6178589969873428
-0.6195574244525882
-0.6218477760752043
-0.6340261179575464
-0.637957469432149
-0.638282860070467
-0.6392496109656349
-0.6468252222070338
-0.6476978196680591
-0.6536035019283494
-0.6607627272605896
-0.6658548349514604
-0.6688123051077127
-0.6688186992614646
-0.6728615383891187
-0.6747582070529461
-0.6760011427104473
-0.6767916766305765
-0.6793865378567716
-0.6805546954274178
-0.6823131144978106
-0.6865825615823269
-0.6899883424242338
-0.6985516399610787
-0.7040268343407661
-0.70447521697497
-0.7178021669387817
-0.7261951625347137
-0.730695198662579
-0.7463743799482472
-0.7527175987782228
-0.7581725374431698
-0.7597997620239767
-0.7623969502809425
-0.7636466888943687
-0.7664799094200134
-0.7732897102832794
-0.7742774973675195
-0.7752227857708931
-0.7783106217781702
-0.7804764294827086
-0.7819923013448715
-0.7917144760489464
-0.8038401007652283
-0.8043596061567465
-0.8074591867625713
-0.8139621518494096
-0.8145473748445511
-0.8197055765427649
-0.823496730052284
-0.8246356153347278
-0.8374574599787593
-0.8379573496058583
-0.8414707059655484
-0.8423582365115484
-0.8432580397153894
-0.8441993693510691
-0.8474953510798514
-0.8506333922656873
-0.8686068286428205
-0.8737293024460087
-0.8762285861350392
-0.8797451806603931
-0.8810288673266768
-0.887391310185194
-0.894194945693016
-0.8959259664018949
-0.9025066462763789
-0.9083723425865173
-0.9159218828845042
-0.9181516617536545
-0.924913393954436
-0.9290770143270493
-0.9328953560543596
-0.9561176483045225
-0.9633934960584156
-0.9649913877248764
-0.9662268459796906
-0.9681923002004623
-0.9940045867115259
-0.9984339010303042
-1.0034954228127997
-1.0077146236823562
-1.0106978801777586
-1.0156189759727567
-1.0260243006050587
-1.0271625031683373
-1.0272905421908944
-1.0341239906071376
-1.0411292319186032
-1.0480629563331605
-1.0542174220983205
-1.0737777219037525
-1.079649657011032
-1.0813176172960084
-1.0869256059328716
-1.0915385782718658
-1.0953778804590304
-1.0959691653649013
-1.1140140425413847
-1.1209891221175592
-1.123645956569817
-1.1338773556053638
-1.1379137787967921
-1.139947772026062
-1.1496448932836454
-1.1775131568041008
-1.181932146602776
-1.1926532722233485
-1.210272981513602
-1.2440531551837921
-1.2834008913487196
-1.2874890973209403
-1.3163111211033538
-1.3167438048658369
-1.3225269317626953
-1.3236978256958536
-1.3285151571035385
-1.335397407412529
-1.350941217232806
-1.3578401058912277
-1.3580231429153287
-1.361564576625824
-1.371831227093935
-1.3731905072927475
-1.3815398911635082
-1.3880939706820452
-1.3933616880058253
-1.4110539710382
-1.4449231328326277
-1.4452612400054932
-1.462126836180687
-1.5137442350387573
-1.5153197348117828
-1.549795612692833
-1.5560844788948696
-1.5730732990195975
-1.6137396097183228
-1.6193977892398834
-1.6302907466888428
-1.639721691608429
-1.6427005529403687
-1.6489981412887573
-1.6535173654556274
-1.6540743261575699
-1.6597982048988342
-1.6614026929615648
-1.698081061244011
-1.6990759372711182
-1.7213592614411026
-1.725599855184555
-1.7273276820778847
-1.7285954058170319
-1.729537844657898
-1.7358213166395824
-1.7440703809261322
-1.8202740848064423
-1.8212813138961792
-1.8551846137270331
-1.9024665753046672
-1.942578870695191
-1.958916425704956
-2.0152940563857555
-2.01535782054998
-2.0508709400892258
-2.067662537097931
-2.0874168078104653
-2.092657517775842
-2.101317346096039
-2.113928568768915
-2.1387879848480225
-2.2173929242417216
-2.2235808946425095
-2.236869364976883
-2.3349911365658045
-2.4279760122299194
-2.4979497713866294
-2.517393110526124
-2.570163890661206
-2.9093002368858834
-2.9667071877829585
-2.99203677772554
-2.995994061231613
-3.0693117678165436
-3.0714340992756965
-3.1050703820073977
-3.138624445962099
-3.149654466707337
-3.153204708942212
-3.1562633514404297
-3.1752327159047127
-3.2920940965414047
-3.628777027130127
-3.635178060270846
-3.880632620304823
-3.996424674987793
-4.250217631459236
-4.259344503225293
-4.275231709005311
-4.34442076086998
-4.47257399559021
-4.585993766784668
-4.6919169425964355
-4.779801428318024
-5.43213980125438
-5.453898310661316
-5.497473588678986
-7.699618816375732
-14.746828079223633
-15.955686569213867
-16.367794036865234
