-0.00045074793160893023
-0.09760971615711848
-0.11662830086424947
-0.1182801842556468
-0.12225357489660382
-0.15679923326242715
-0.1966163055738434
-0.2297006241395138
-0.23553810020287833
-0.24316899302688066
-0.25091230869293213
-0.25407473370432854
-0.2573591010748512
-0.2711397509321816
-0.2757202438028582
-0.2793322897080295
-0.28237709290584057
-0.28511539155842913
-0.29035954559194144
-0.29200892540829954
-0.2994132489171038
-0.30237679414935165
-0.30841388400840514
-0.3147442289162427
-0.3174907621389485
-0.31754389982670544
-0.3207612818021314
-0.32143697230940627
-0.3243042135921617
-0.3245854629203677
-0.328019093486364
-0.32802392445903805
-0.32901188970671763
-0.3295014211325906
-0.3295239692888572
-0.33053867127343367
-0.33245608725216397
-0.3354531093571365
-0.33902959660626947
-0.33914382307993945
-0.34692289446199237
-0.3472775082899668
-0.3478210045155027
-0.3494226182847342
-0.3497097793438833
-0.35019974827339645
-0.35100982543081044
-0.3512407781523247
-0.3515561127402179
-0.3521058664815715
-0.35344119256284706
-0.3538689943961799
-0.3539346725214273
-0.35551358747813666
-0.35570353186715564
-0.35807305687271046
-0.36253337093189153
-0.3650028179932712
-0.36564661788367536
-0.36603567882492727
-0.36795962206407895
-0.369327699393034
-0.3757735334802419
-0.3759353943905158
-0.37610978543615114
-0.3771547235288274
-0.37766538453929416
-0.37849176509512794
-0.3817828092996933
-0.38195871097074513
-0.38487927467536387
-0.3865578635595739
-0.3867235742980955
-0.390905061916025
-0.3911078447625706
-0.39224075679711584
-0.396654421074987
-0.39672146644443274
-0.3970169350618057
-0.40081756114959716
-0.40093747590759043
-0.4011013297822501
-0.40192683832261805
-0.4033860315568745
-0.4042564859012567
-0.40913778728993394
-0.40977453195955604
-0.4119593422202503
-0.41657014487136623
-0.41685125526843575
-0.418656302732146
-0.41882601568189176
-0.41970297059742734
-0.4226056972402148
-0.4243436196014624
-0.43214646495956305
-0.43374201546733576
-0.4340933743112076
-0.4352298972244171
-0.43568118661642075
-0.43802817430472574
-0.4390004388988018
-0.4392170901651298
-0.43987870366545395
-0.43995487899519503
-0.44166315559414215
-0.4417102449806407
-0.44268109391835725
-0.4434180256957916
-0.44373277690901886
-0.4450692031179642
-0.445469358941773
-0.44811044407542794
-0.4500385801773518
-0.45206281207692184
-0.4527070007731839
-0.45388692513936096
-0.45446459903306435
-0.4579685284756124
-0.4608910865960449
-0.46318009275604377
-0.4632812253035167
-0.4639277587042064
-0.4642051693972462
-0.46431523021733895
-0.46438897217093555
-0.4672771543264389
-0.47483694152906536
-0.47527047648327425
-0.47638680364840325
-0.47747242795303463
-0.4795813600843151
-0.4803298176266253
-0.4810877963900566
-0.4829548479023148
-0.48402781818165547
-0.48523656753241085
-0.4876560017776986
-0.4891521348100569
-0.4927962882893553
-0.49335437112117336
-0.4956692179825041
-0.49692587449681014
-0.4983331595314667
-0.49834721982479097
-0.49921953410084824
-0.4998216354753822
-0.504197394081566
-0.50457763546486
-0.5072819118698438
-0.5106879820426306
-0.5133015950559638
-0.5139760400285013
-0.5191688212539884
-0.5194510324392467
-0.5194697310734127
-0.5237615708158248
-0.5240975039545447
-0.5251213218462698
-0.5313882943883073
-0.5353741946330827
-0.5383388927386311
-0.5385785227020582
-0.5473454679828137
-0.5515476150903851
-0.555261951405555
-0.5596923821140081
-0.5621947224251926
-0.568945762515068
-0.5703857336193323
-0.5728015854620025
-0.5741162540258041
-0.5762421557046764
-0.5764949917952022
-0.5772512584924698
-0.5773075353354216
-0.5783098773099482
-0.5792516218498349
-0.5826469883322716
-0.5863212792513272
-0.5867547074643275
-0.5879653561860323
-0.5911247818148695
-0.5916630062792037
-0.5921678187150974
-0.5926506016403437
-0.5929315835237503
-0.595325514653814
-0.5981216039508581
-0.599672223182602
-0.6032316585769877
-0.6034368847363761
-0.6039306441994591
-0.6133215293288231
-0.6139437262900174
-0.615058061061427
-0.6224640297393004
-0.6282467498288801
-0.6300862271338701
-0.6320263045573873
-0.6329027915683886
-0.6508520146210989
-0.6521146253217012
-0.6562891375739127
-0.6584846166272958
-0.6606683003095289
-0.6652316502295434
-0.6697077168500982
-0.6755813179770485
-0.6813954562614006
-0.6816787865633765
-0.6839756740124098
-0.6886103861033916
-0.6887010561302305
-0.6898305746061462
-0.691243647464684
-0.6914225004147738
-0.695109347999096
-0.6953741252008412
-0.6993417993187905
-0.7159106231605014
-0.7181135694762426
-0.7210875215629736
-0.7245019167661667
-0.7266639843583107
-0.7290961587568745
-0.729850766249001
-0.7347539674180249
-0.7460964556667022
-0.7462491587336574
-0.7473765909671783
-0.7544880873922791
-0.7568057999014854
-0.7586806729435921
-0.7590294469680104
-0.7605005264282226
-0.7634719716385007
-0.7640413758344948
-0.7742323271398034
-0.7752695565244981
-0.7782527129631489
-0.7787560798227787
-0.7794258686092993
-0.781123287709696
-0.7821490529226139
-0.7905779510736466
-0.7914632601397378
-0.7924725816895565
-0.7999120890680287
-0.8066597945455994
-0.8087057673619711
-0.8116456734016537
-0.8175496001624398
-0.8284884804031916
-0.8341109647548625
-0.8370828628540039
-0.8546917014755309
-0.8637408316135406
-0.865021989447996
-0.8811148438188765
-0.8847984322346747
-0.8992107727584274
-0.9006402605446056
-0.9022880494594574
-0.9062432101927698
-0.9199127063155175
-0.9377615854144097
-0.9546425991824695
-0.9583234074758366
-0.9626939051917621
-0.9705997624744972
-0.9818744041025639
-0.98809025463249
-0.9948211039106051
-0.9955428577959538
-0.9974795676767826
-1.0013892906717956
-1.0068173743784428
-1.019595372180144
-1.046677606801192
-1.0487644830020144
-1.0549595896154642
-1.1086718955775723
-1.1120102535933256
-1.1123982754846413
-1.132664680480957
-1.135027998437484
-1.1412746515125036
-1.1463799826800822
-1.1547175583740075
-1.1618976642688115
-1.2242929456489426
-1.231990861395995
-1.2434286656789482
-1.273375779390335
-1.2885254360735416
-1.2945423126220703
-1.3103190011211805
-1.3363208033842966
-1.3387636416591704
-1.3672547191381454
-1.3874534331262112
-1.3881001323461533
-1.396483600139618
-1.4257124761740367
-1.4689925611019135
-1.5245137413342793
-1.5522848963737488
-1.5975099094212055
-1.6185662308707833
-1.6320723096529643
-1.633878756314516
-1.6670268699526787
-1.7059366106987
-1.7887655936356168
-1.8650275296531618
-1.962216772371903
-1.9749448895454407
-2.0306475311517715
-2.1369675397872925
-2.4082474053526917
-2.4567055758088827
-2.458225131034851
-2.5774696469306946
-2.6034929156303406
-2.6321619749069214
-2.7416381239891052
-2.801920955069363
-2.8089927285909653
-2.812464389561986
-2.991367280483246
-3.1682233810424805
-3.3902511596679688
-3.5056004524230957
-4.016167223453522
-4.411264964030124
-8.840792655944824
-9.315983772277832
-9.84857177734375
-10.610459327697754
