-0.0012508492218330503
-0.004801093658898026
-0.008834352158010006
-0.009431216516532004
-0.009936228685546666
-0.011703190160915256
-0.015623698423344953
-0.017210608171808417
-0.021435751987155527
-0.03638134904031176
-0.04337419707719903
-0.04442646287498064
-0.05599285910526911
-0.07010076195001602
-0.08092430472866649
-0.08181798120494932
-0.08641423182561994
-0.0957074019144784
-0.09962097951211035
-0.11983853743586223
-0.12784314864802582
-0.13047350925626233
-0.13218012473080307
-0.1354391129894389
-0.13777981937162168
-0.1388186801923439
-0.14709876477718353
-0.1479803000887235
-0.15373043027809924
-0.15964871474716347
-0.17503391829231987
-0.18003495957236737
-0.18005471389430264
-0.18266723017117412
-0.1830972538904653
-0.1846318148309365
-0.18497179606794947
-0.18799209718902907
-0.19361752452927508
-0.19540958662069577
-0.19548890988032022
-0.20157161370945542
-0.2016401274721097
-0.20280982403450512
-0.2043767642135208
-0.2087266722246568
-0.209159741740829
-0.21108240002051842
-0.2117385198527992
-0.21234122508515915
-0.21450886649128878
-0.21465325687313452
-0.21738660017823955
-0.21803609386552125
-0.22231701634827208
-0.22258806672877135
-0.22467193852311798
-0.2251988970371673
-0.22658188554917919
-0.2333358456962742
-0.2334828042934792
-0.23728413585049565
-0.23740982347517275
-0.23907174372798182
-0.23919096910041304
-0.24027592334371345
-0.24202246564608584
-0.2449413549176657
-0.24561935370725033
-0.2460437269488873
-0.24990493493775526
-0.25254231517627745
-0.25254473778589753
-0.2539889297962873
-0.2551478115533644
-0.25536782627386856
-0.2568753146802515
-0.2569924505840788
-0.257388585260357
-0.25863437632502456
-0.25870641948949924
-0.25928930760618885
-0.2603898071480216
-0.2629464287278097
-0.2635658196810671
-0.26430962322483537
-0.26482156322671313
-0.2651244922075051
-0.2696193946525455
-0.2697534913779009
-0.27010025482377387
-0.27029431680890287
-0.27396545439508674
-0.2746764347940679
-0.27611276217020103
-0.2762605914225181
-0.27782709933817384
-0.27877833206146646
-0.2791784317723446
-0.28008921071887016
-0.2810760963708162
-0.28186959847807885
-0.28387600315259726
-0.2840278927669911
-0.28437787226750916
-0.2882747343080906
-0.2887158652638391
-0.2894052200883214
-0.29043930013722274
-0.2907348880544305
-0.29109793679533463
-0.2912935503919364
-0.2913947817636654
-0.29295201430795714
-0.2958422460254122
-0.29875341665724087
-0.2992467001812266
-0.30214911858950344
-0.3028177769252852
-0.30383073855343284
-0.3053474206002041
-0.307221873953316
-0.3074779539766723
-0.3082527872156007
-0.31001482707330674
-0.31165851310225257
-0.3119085559377102
-0.31205786466813895
-0.3122244600649848
-0.31245898164335273
-0.31309223813670023
-0.31350115249362176
-0.31350560202356126
-0.3139193318784237
-0.3170076128699293
-0.31722336909083215
-0.31883058073417486
-0.31899746578930416
-0.3203926678746939
-0.32259516417980194
-0.3241392219904441
-0.3254262487404048
-0.3284294783916266
-0.32955425153092316
-0.33007763264079887
-0.3301260210573673
-0.331777123889528
-0.33200876612681895
-0.33206775147118606
-0.3329853310327356
-0.33331589282336255
-0.33574388626147994
-0.33643641475100594
-0.33933351377102855
-0.33953780898850205
-0.33959974578392577
-0.3435515742166899
-0.3449570873529989
-0.345185173896607
-0.34544453816488385
-0.3455046544383679
-0.3464666267991561
-0.3472805568100525
-0.3488706273671002
-0.35006548640085383
-0.3507373912547741
-0.35244047954618624
-0.35286405571969226
-0.35395457148825926
-0.35462608974032467
-0.35837436344637685
-0.3606237453900071
-0.3616467464183058
-0.362851986039459
-0.36304136235266926
-0.3632851009341183
-0.3684930759525457
-0.3691097968385293
-0.3706103637814522
-0.3707751420054895
-0.37172210939461364
-0.3718813319657784
-0.37533003013811594
-0.38178431048290806
-0.38328822482336283
-0.38365846520173363
-0.38787467437796297
-0.38896404299885035
-0.389538127546075
-0.39137444689695255
-0.39219144912203774
-0.394732740872314
-0.39897569920862436
-0.3991750466245018
-0.4014673187362455
-0.40162410739321786
-0.40181805855698055
-0.40192226569961675
-0.4040416979741377
-0.40473256085695336
-0.40603797229960037
-0.40624513629336434
-0.4094582947262097
-0.4097410017623891
-0.41113605310965795
-0.4126236518789028
-0.4138585519045591
-0.41403155794978375
-0.41512479785342293
-0.41567887540441006
-0.41644968656219133
-0.41839602217073335
-0.4203739975113422
-0.4204102927847998
-0.42103037507622504
-0.42432782858252593
-0.42443583841215443
-0.4256343515124172
-0.42599181233927086
-0.42609942484908253
-0.4276392378230542
-0.42785955965503036
-0.429308363981545
-0.4295031017391011
-0.4296971298337667
-0.43176782505724987
-0.4332294902880676
-0.4343048163549871
-0.43433979674591683
-0.4349185846047476
-0.43647373018237495
-0.4384289220906794
-0.43933445878792554
-0.44020426026781934
-0.4404621949070133
-0.4428669504040954
-0.44402419739968274
-0.44415881062686824
-0.445480783371022
-0.44559214942845365
-0.4457854523271736
-0.4458457035848369
-0.44750209240592087
-0.4495117600308731
-0.44999473195316064
-0.45101323222398704
-0.4510263651551213
-0.45119510823860765
-0.45157734176609665
-0.45268105192937785
-0.4552024023509148
-0.457167887052492
-0.4584117000502172
-0.4589665221166797
-0.4593874320236182
-0.45989111491144286
-0.4599226955207996
-0.4605789355933666
-0.46443682669341796
-0.4655729858869953
-0.46594474899272126
-0.4682953456023305
-0.4691366316837957
-0.46944247483015716
-0.4702501254971139
-0.47103984839259283
-0.47120387215107373
-0.47121266594622285
-0.47229040291858837
-0.4735620104474947
-0.4748794615268707
-0.4764576422041046
-0.47850809125593513
-0.47948859537928
-0.4805132683059128
-0.48076833242885186
-0.48091637395282305
-0.48296574543631077
-0.484976467055579
-0.48677993499274763
-0.4869490069730091
-0.4889697077806987
-0.4893391030685355
-0.4905892387032509
-0.4911796169056158
-0.491655643156264
-0.49233474672303146
-0.49477038106997495
-0.4960710025334265
-0.49994311056216245
-0.5000619499145874
-0.5047950960902704
-0.5060358109185472
-0.5088572786655277
-0.5093983563904961
-0.5095995577285066
-0.5098098574563892
-0.5111283581437809
-0.5146688973634608
-0.5146941923533935
-0.5151441711932421
-0.5157213838319876
-0.5178698919011772
-0.5190586756057614
-0.5211770411535528
-0.5213333295978373
-0.5238431108716343
-0.5244531612535865
-0.5261122467262405
-0.5264339231782489
-0.5269320970401168
-0.5269476892331113
-0.528400621835317
-0.5314920813543722
-0.5326104983687401
-0.5401166154399768
-0.5456404512127241
-0.5457794066485804
-0.5459447951806295
-0.549980005934938
-0.553029308654368
-0.5547536992465515
-0.5558563795095931
-0.5566046378974404
-0.5570060779739704
-0.557304045429919
-0.557449282030575
-0.5590542401150742
-0.561875211406732
-0.5624208471213933
-0.5626540370253174
-0.5640391523375001
-0.564152615410941
-0.564775362610817
-0.5648038097744574
-0.5655458408407867
-0.573356157168746
-0.5751822290476412
-0.575503384656605
-0.5755666318873409
-0.5820438837011656
-0.5833663068090876
-0.5868597055523423
-0.5897326385506858
-0.5938639455811686
-0.5954964083308975
-0.596207632783464
-0.5966114223119803
-0.5968310210038907
-0.602341231796648
-0.6029604491070911
-0.6035006692012151
-0.6036143324747627
-0.6040673181414604
-0.6073275621980428
-0.612288374803029
-0.6131944933906197
-0.6181015371860538
-0.621019974870857
-0.6211221589862058
-0.6225588917732239
-0.6232091525388468
-0.625731431103001
-0.6263511807192117
-0.6301018116006162
-0.6303799993786795
-0.631625759214512
-0.6326209896474211
-0.6365154337670121
-0.6373942040631341
-0.638337074564853
-0.6405392115314802
-0.6405868966664586
-0.6407182139034072
-0.6413814439583803
-0.6442556987915721
-0.6448984124997098
-0.6473341673612595
-0.6532302781041446
-0.6550146826110514
-0.6561376837489661
-0.6565655975282425
-0.6567579284310341
-0.6610106948230948
-0.6610562647401821
-0.6614788404798934
-0.6620910995795081
-0.6628369387239218
-0.6653370294225169
-0.6678371865834508
-0.6746858219757996
-0.676833355682902
-0.682710969815768
-0.6827880512108095
-0.6870033320738003
-0.6885005403601099
-0.6903801987355109
-0.6912913139288624
-0.6947188542916491
-0.6955229970335495
-0.6960427245471692
-0.6969490650400985
-0.7040375766227953
-0.7055837499566324
-0.709467290219618
-0.7152241257297445
-0.7166996369404453
-0.7225798066550245
-0.7247715039751105
-0.7341827638447285
-0.7374196077386538
-0.7393738185598219
-0.7417339452804299
-0.7441891868540551
-0.744194012353546
-0.752238276108983
-0.7533546241798571
-0.765184500417672
-0.7681209529338437
-0.7767616907755533
-0.7769978307187557
-0.7771007885457948
-0.7850862294435501
-0.7865044868418148
-0.7874124360581239
-0.7878284491473876
-0.7886416325345635
-0.8021717677824199
-0.8037727520568296
-0.8049844800494611
-0.8118495713089942
-0.8145688325166702
-0.8149381700980788
-0.8151723431510618
-0.8232763975858688
-0.8240836237324402
-0.836171027805124
-0.8430242221336812
-0.8476019205215076
-0.8536533825099468
-0.8608459588140249
-0.863707451717346
-0.87930991910398
-0.8813931334243534
-0.8827147073946738
-0.8886915699889263
-0.8949047264953455
-0.8954414715291932
-0.9063401682568448
-0.907517769606784
-0.9084632073063403
-0.911007517327865
-0.9183565005660057
-0.9203910853754808
-0.93630725517869
-0.9364380602268544
-0.9457503506647689
-0.9459683870663866
-0.9482877167562643
-0.9514293220515052
-0.9567876763641834
-0.9635658535019805
-0.9660203992389143
-0.9670191978414854
-0.9729667790234089
-0.9742019282862852
-0.978778287768364
-0.9813846556207864
-0.9874872791891297
-0.9920884652638051
-0.9994400828145444
-1.0034274123609066
-1.0129555412568152
-1.0141656934283674
-1.0249537419294938
-1.0295820279797125
-1.033038489569056
-1.0352803021669388
-1.0361681312322617
-1.038967926800251
-1.040259766081969
-1.0441677620013554
-1.0465538589050993
-1.0494594142461817
-1.0541779100894928
-1.0572409181622788
-1.064053376019001
-1.0861908999892573
-1.0926044865821798
-1.1251158942468464
-1.169957647100091
-1.1879240560701874
-1.1915904370544013
-1.2292359471321106
-1.2324452962105472
-1.2334503854314487
-1.234452631790191
-1.2421003529801964
-1.2454851418733597
-1.246804516762495
-1.2485661410028115
-1.2546610198915005
-1.254745261122783
-1.2609409602941013
-1.2672286592423916
-1.2763486877083778
-1.2884294018149376
-1.289099011826329
-1.310382030904293
-1.3270181161351502
-1.3369538458937313
-1.3374107504884403
-1.3463603481650352
-1.3468792939092964
-1.3541260920464993
-1.3825662869373143
-1.405545949935913
-1.4174526346226533
-1.4277426988846855
-1.446875810623169
-1.4556373208761215
-1.4603728603105992
-1.649890061467886
-1.6570690870285034
-1.6822692199299734
-1.7042118310928345
-1.7108671367168427
-1.749868114789327
-1.7576235383166932
-1.7639800272881985
-1.7698967456817627
-1.7776805947554142
-1.8208088405954186
-1.834423515945673
-1.8790375962853432
-1.8791249617934227
-1.8944982886314392
-1.908800184726715
-1.9240513456364472
-1.9295370131731033
-1.9327808022499084
-1.9542278535664082
-1.9787255376577377
-2.042185090482235
-2.065043456852436
-2.077849409542978
-2.1101556224748492
-2.136892704477456
-2.1756489612162113
-2.2542622424662113
-2.284597486257553
-2.291101098060608
-2.291927248239517
-2.464879399165511
-2.470743934313456
-2.471612279613813
-2.4947641789913177
-2.7423414761821427
-2.7518228269182146
-2.866303112357855
-2.868813949326674
-2.8730887124935784
-2.87364606524352
-2.8740266263484955
-2.9657160609494895
-3.2389527559280396
-3.2534271832555532
-3.542546272277832
-3.6789140701293945
-3.7551116943359375
-3.782855987548828
-3.905839356360957
-4.141910672187805
-4.160993568599224
-4.180423612706363
-4.274601690471172
-4.298295397311449
-4.354614052572288
-4.41577410697937
-4.419533729553223
-4.766955852508545
-4.952743291854858
-5.189337372779846
-5.535547256469727
-5.586354561615735
-7.201150894165039
-8.481938362121582
-8.813547134399414
