-3.635817120084539e-05
-0.0009164726398012135
-0.0013564381404194137
-0.0018880874813476112
-0.005419448249449487
-0.007570918187563318
-0.008379789964237716
-0.008754984815216934
-0.009734809093060903
-0.01439872143479685
-0.016440803262715537
-0.017444502283199523
-0.017682152179380257
-0.02145215352065861
-0.021896864993525215
-0.02245977774388545
-0.025478504237344168
-0.035407691711346466
-0.038229950034292415
-0.040164284728234634
-0.05133983176589633
-0.0584956631064415
-0.059393199174967146
-0.0632953409351305
-0.06657226806485349
-0.0694343289360404
-0.07700187402466933
-0.07898701577586406
-0.08378299299511127
-0.09083387178252451
-0.09216748364269733
-0.09357528539092325
-0.09551861137442756
-0.10079087334634096
-0.10109814894822193
-0.1136826512714227
-0.11596399100294331
-0.12185796469230599
-0.1264798998033964
-0.13610279485631813
-0.13612703379476443
-0.13824574376405963
-0.14194375256120112
-0.1484509706262745
-0.1516602625552668
-0.1539419484319556
-0.15742809782854497
-0.15915264032173582
-0.1591807319032691
-0.16029716790071688
-0.16214951747952
-0.16303458413624736
-0.16697755052155117
-0.16737291865592852
-0.17147449202821008
-0.17455390989581296
-0.17532119961106218
-0.17847309242779374
-0.1807070257491432
-0.18316521440665384
-0.18321279283897157
-0.18678173422813416
-0.192043032887644
-0.19214886691241356
-0.19305242791597266
-0.19949340216589917
-0.2025155540322885
-0.2027138866869791
-0.202729254936033
-0.20540138506657968
-0.20886264741420746
-0.21078293854297953
-0.2121301299727444
-0.2123010734372656
-0.21364714251275904
-0.2161580742012356
-0.21621948117002224
-0.21641083652502857
-0.21704913060912076
-0.21801068665006135
-0.21806367151111772
-0.218269390758531
-0.21892625122979684
-0.21934697608634857
-0.2207809253501182
-0.2214011950398344
-0.22268833487535067
-0.22301211556935283
-0.2234761655692839
-0.22353597760911725
-0.22384185525556355
-0.2266845991834998
-0.22704320112097776
-0.22988606284508767
-0.22997229644291414
-0.23038257175681387
-0.23054766083429246
-0.2316821692751546
-0.23181213456919067
-0.23579895870564846
-0.23615001945175831
-0.2379325571339657
-0.23908465241350182
-0.24081854315621362
-0.2411200765549438
-0.24143773646052147
-0.24316880023361592
-0.24366011567235546
-0.24382502905033712
-0.24429942778951955
-0.2453033316824076
-0.24613290768144813
-0.24819445710454602
-0.24828351387901315
-0.2506642018646665
-0.25240239303093404
-0.25248263905152935
-0.25320350275594844
-0.2532516442964455
-0.25331259424783636
-0.25355138483854683
-0.25387622848241637
-0.25403103265707616
-0.25664611475658605
-0.25806314058063434
-0.26091741900891063
-0.26155950983957155
-0.2621184883879323
-0.26242972708617646
-0.26326685267849825
-0.2644235399618213
-0.2652254962754341
-0.2682310344476718
-0.26824055835653177
-0.2683301373706652
-0.27130000181110203
-0.2719593573863676
-0.27263666762664795
-0.2739127491488314
-0.2741928139919764
-0.2763731319895929
-0.27647918211628814
-0.2779485003224441
-0.27795547230042367
-0.2830678329875809
-0.2836855514841672
-0.2837035872790794
-0.2838891597930342
-0.284137637658492
-0.2844932995940326
-0.2852936939037006
-0.2866252374191582
-0.2870706446054909
-0.28794315759660094
-0.28932025029074715
-0.289459399659844
-0.28950765694736963
-0.29228541578922884
-0.29340808890883635
-0.29399114464639053
-0.2944617016923985
-0.294852748054262
-0.2951869485311493
-0.295977823222459
-0.29675587695341427
-0.29790392809139266
-0.29792032698917736
-0.2979320317479925
-0.29902651698128985
-0.30126014680637225
-0.30274663338714164
-0.3027805216455211
-0.3101634780375337
-0.31049461980324444
-0.3116351720016775
-0.31275392093630217
-0.31276314303145875
-0.3153531913594634
-0.3166449983784167
-0.3181552504802312
-0.31823078338056804
-0.31882801051144977
-0.3203360249463003
-0.32325416528619827
-0.3244419988097014
-0.3263018296590114
-0.32635028262140825
-0.32637847727164626
-0.3273821269164425
-0.3275930096569937
-0.3276721603893252
-0.33058828381981586
-0.33059476055495907
-0.3316038024189766
-0.3344799414247973
-0.3366640166625277
-0.33938407941695914
-0.339897011523135
-0.34199345781125884
-0.3426385149388807
-0.3429523181857803
-0.3446310283441562
-0.3454144579828911
-0.34560622950731257
-0.3471359129762277
-0.35015098891744856
-0.3520989103417378
-0.35252207650773926
-0.35521939039204475
-0.35591600500629283
-0.3567393819256621
-0.3568444974815874
-0.35762281938514207
-0.3580361379426904
-0.3586436421222364
-0.3593512100633234
-0.3596829649580356
-0.3597954503881435
-0.36005226490524367
-0.36047569137008395
-0.3626928014855366
-0.36346843466938783
-0.36540241879010865
-0.367884298974079
-0.36902427207678556
-0.36921589125995524
-0.36926529786017326
-0.37143728590308456
-0.3721213579022636
-0.37574078644360676
-0.37722163973376155
-0.3784177895361154
-0.3784967328771017
-0.3791938088834286
-0.38028501200551545
-0.3805329783159929
-0.3805742462241647
-0.3867996227927506
-0.38728497016321245
-0.3884383021727177
-0.38864870082761627
-0.38878256309302134
-0.3889873535372317
-0.3913591448643274
-0.3916404046259621
-0.3919215780462966
-0.3920761186396703
-0.3934109028894454
-0.39575163325450075
-0.3964091567730874
-0.3972160831827851
-0.4014762643161124
-0.4080642440603697
-0.409045596726628
-0.40930187758640385
-0.41108860702079253
-0.4122488184075337
-0.412254484381669
-0.4123963420588552
-0.41308592687313317
-0.4137672995784669
-0.4140938558593916
-0.4162316119298339
-0.4176408411003649
-0.41812177043822074
-0.4189243834698573
-0.4195699322008295
-0.4206733484315919
-0.4218730893517204
-0.42228971221193207
-0.4233841766302551
-0.4234159721061587
-0.4239933289354667
-0.424104448651633
-0.425235580581312
-0.42603627147618683
-0.4294788097322453
-0.431044224492022
-0.4315983904874884
-0.4329645139385118
-0.43467241906220905
-0.436891333702887
-0.43717520614154637
-0.4384673176755314
-0.4391073699807748
-0.4401032572081426
-0.4401035945629701
-0.44019366181455555
-0.4410330267754034
-0.44164029755338563
-0.44181844167707657
-0.44262112013893784
-0.44606103301921396
-0.4480786941276165
-0.4483646074889045
-0.45032290438474676
-0.4512606748412509
-0.4519933849660447
-0.45207231903914363
-0.4530531622120179
-0.454310360038653
-0.45480436279571484
-0.45496103318873793
-0.4568097453331575
-0.4579243965254136
-0.45932557166406696
-0.45966470400162507
-0.46017647662180633
-0.4605510580794154
-0.46066610168782063
-0.4627261056795962
-0.4639685120964714
-0.4646401622643073
-0.4648642667252716
-0.4694516137271421
-0.47042341870890897
-0.4704669008012085
-0.47105606108380016
-0.4717820262033326
-0.47338232172478456
-0.4737407314072091
-0.47387545060676833
-0.4738878513308009
-0.4754946854635515
-0.4780906817950381
-0.4810151718207635
-0.48372034229760175
-0.4846229002190133
-0.4857033911161125
-0.48712844287001644
-0.48909052741510095
-0.4893603795124883
-0.492389690130949
-0.498544020760424
-0.4989946425078415
-0.5026163463480771
-0.5026429913140191
-0.50267144003883
-0.503157751634717
-0.5036092458403042
-0.5059522816778294
-0.5067601761734944
-0.506926621925751
-0.5072732069129415
-0.5086062901633946
-0.5086473848914466
-0.509536628924252
-0.5138957830097044
-0.514890285131904
-0.5157341220648959
-0.5157401028736786
-0.5165798898437061
-0.5168706049610462
-0.5171068228793653
-0.5188550295165947
-0.5203537250490626
-0.5233325363317688
-0.5244172019447433
-0.524610251687201
-0.5248276337521247
-0.5261949251871556
-0.5279772493740893
-0.5282859315751315
-0.5289590998467507
-0.5322569227428176
-0.5333226108923554
-0.534391922041929
-0.5370068424672354
-0.5405919371017566
-0.5471792160533369
-0.5488345594265931
-0.549902946482689
-0.5507519025996999
-0.5556973797067257
-0.5576980602927506
-0.5589607820559953
-0.5594733358429949
-0.5599083245415386
-0.5609753473914679
-0.5618135001083525
-0.5637090186614336
-0.5646179592004046
-0.5652299580380915
-0.568098569621465
-0.5693362269472951
-0.5699680437599974
-0.5739454697613837
-0.5769822501710483
-0.580539732782654
-0.5841460416171079
-0.5865012757058139
-0.5866152554284781
-0.5866716695949435
-0.5877185288154578
-0.5883388661232958
-0.5893269581953063
-0.592939219372056
-0.5943700819509103
-0.5965141365637204
-0.5973786171525717
-0.6063546383132538
-0.6100034179786841
-0.6112748197075335
-0.6129261409630999
-0.6157912020205458
-0.6158969556359807
-0.6168130096567828
-0.6176048555589659
-0.6180045740213245
-0.6181796429678797
-0.6186963140498847
-0.6204666837741873
-0.6210544444620609
-0.6232888270751573
-0.6246045208914438
-0.6284376848489046
-0.6288928812136874
-0.6312067970700029
-0.632844195471585
-0.6383092451336173
-0.6431421070980529
-0.6464578110358811
-0.6470356370700756
-0.6471039250027388
-0.6497625425607632
-0.6567256769298443
-0.6589080655947328
-0.664355516852811
-0.6714289203907052
-0.680114211931747
-0.6802250612527132
-0.6850305416155607
-0.6875387442608675
-0.6878688749040001
-0.6878826610433558
-0.6927671130785408
-0.6963558917244276
-0.7018092200645091
-0.7031541128861136
-0.7048015778884291
-0.7077855989802628
-0.7117250437537829
-0.7198452620024909
-0.7206803823501104
-0.7223741710186005
-0.7281303964264225
-0.7302351549442392
-0.7308811837574467
-0.7321506390968958
-0.7383628323674202
-0.7401439547538757
-0.7473472073674202
-0.7483309232754566
-0.7628676421940327
-0.7682049222676142
-0.7730573701749867
-0.7749816784635186
-0.7769005718640983
-0.7791232901625336
-0.787935571745038
-0.7905181631445884
-0.7909881738945842
-0.7921462839197678
-0.7958917427596235
-0.7964730754865741
-0.8166104157765707
-0.817658081555485
-0.8188774987174838
-0.8239199554664083
-0.8245466342385044
-0.8262063478323398
-0.8285564288898968
-0.8351762667298317
-0.8358717020601034
-0.8392154877074063
-0.8401105074056735
-0.8412114799022674
-0.8430372131697368
-0.8438419577910931
-0.8497959443234971
-0.8546504120418427
-0.857206771896017
-0.8629074409642877
-0.8631557327695191
-0.866280629299581
-0.87010419042781
-0.8708252634387463
-0.8734585841193621
-0.9016414509775738
-0.9026700258255005
-0.9101513680070639
-0.9159018148978552
-0.9234642283102273
-0.9250083906899818
-0.9411383077967912
-0.9414525784862539
-0.9414941072463989
-0.946296274742833
-0.9501558663193593
-0.9532028756111686
-0.9659073010811375
-0.9672492928802967
-0.9747693523143729
-0.9791015632508788
-0.9852186343632638
-0.9920706748962402
-0.9961032196879387
-1.0110208785294421
-1.013594695728898
-1.0177829470485449
-1.029701200934748
-1.0396109805830445
-1.0452455855631797
-1.05219930363819
-1.0543526876720404
-1.0555312943761237
-1.0557959521629527
-1.060913366132549
-1.071201584301889
-1.0722503407547872
-1.110115290619433
-1.122150069475174
-1.1376717995095533
-1.1515820622444153
-1.153242813423276
-1.1728829997591674
-1.1904259448638186
-1.1926254283636808
-1.2014538949136597
-1.2018126100301743
-1.2049527221359313
-1.2374781587471564
-1.238332450389862
-1.2398138548339073
-1.2427665814757347
-1.2479069052884977
-1.2558362598683743
-1.2583838492631911
-1.2647491851821542
-1.2656443019707997
-1.2707550464741264
-1.2731092586182058
-1.3258967217925601
-1.3267295062541962
-1.33824243445027
-1.339966351352632
-1.3404581686481833
-1.340500044822693
-1.3431578115560114
-1.3459799978882074
-1.346720965579152
-1.358073890209198
-1.4033443965017796
-1.4104992381762713
-1.4285648260338348
-1.4316595991452534
-1.4510148663746805
-1.4674767013639212
-1.497203822247684
-1.5139236475030582
-1.5139534411331017
-1.5442003048956394
-1.5467775261720818
-1.5483797788619995
-1.551508218050003
-1.5536549886067708
-1.55560698111852
-1.5652901828289032
-1.582857834175229
-1.601446354354266
-1.6050847386941314
-1.6115433513768949
-1.6135877814467676
-1.635861392132938
-1.6540974775950115
-1.711082324385643
-1.7323242130223662
-1.7608249712720863
-1.7782376805941265
-1.7872295659035444
-1.7913899598861462
-1.8359135988284834
-1.8395076990127563
-1.8491023680580838
-1.8656670916825533
-1.870204484090209
-1.886871491248409
-1.8912802756919216
-1.9129972364753485
-1.9672746611759067
-1.971715196967125
-2.0848344887805674
-2.0891020968556404
-2.1389125883579254
-2.167298808693886
-2.1736424416303635
-2.2844500094652176
-2.2859412459656596
-2.3132502362132072
-2.3709288611814068
-2.3832526219048304
-2.390623101287929
-2.3934179294737987
-2.5048676257841485
-2.5171674340963364
-2.5540197491645813
-2.5648761689662933
-2.5877833892906588
-2.607043850717067
-2.6208099722862244
-2.6346576788200764
-2.6815531693164303
-2.684738840442151
-2.7372384667396545
-2.770601091600838
-2.8746509925307087
-2.885348916053772
-2.925179378129542
-3.205480933189392
-3.381778597831726
-3.547155294829281
-3.648701789788902
-3.769109640532406
-3.8764956197392166
-3.9423916339874268
-4.035632550684113
-4.069198369979858
-4.460895061481779
-4.611527547240257
-4.846599118842278
-5.015513896930997
-5.536510217934847
-6.256984087405726
-6.35989019041881
-6.789098739624023
-10.44737434387207
-12.523904800415039
-12.744508743286133
-13.588297843933105
-14.396271705627441
-15.380313873291016
