-0.0010825176832440775
-0.005589791224338114
-0.0837478853451709
-0.0869627847278025
-0.09202943276613951
-0.11387139809085056
-0.11740154247672763
-0.1394749346833919
-0.18327905213072881
-0.2124306697078282
-0.22191368672008593
-0.22784017383212682
-0.2308289549619581
-0.2364760209731887
-0.23734238743782043
-0.24178616804420017
-0.24931321665644646
-0.2582693484052672
-0.2598374476301615
-0.26271708182043263
-0.2689919101794658
-0.27205120464390753
-0.2863173472384612
-0.2871938749725814
-0.2877035988248685
-0.2930854997825918
-0.2935324178789205
-0.2985500025339813
-0.3045032511118474
-0.30622669634667543
-0.310078494336469
-0.31568116549654707
-0.31571556188555405
-0.319885881152004
-0.32042375203597356
-0.32724068880184454
-0.33686950485328754
-0.3411587079366048
-0.34166212056879885
-0.341663288924489
-0.3431071412371239
-0.3433336737570244
-0.3440556160700857
-0.3443647525032597
-0.34513807532008894
-0.3476065810700675
-0.34885633675450944
-0.3491645756039361
-0.3503395433385271
-0.35381342273785776
-0.35509285889565945
-0.3554556012836656
-0.3598897617912906
-0.3613486767635095
-0.3615084121884138
-0.3620471623823202
-0.3628468797634062
-0.3643904081352178
-0.36501240128018253
-0.3656706006200289
-0.3666055011031858
-0.3668845602031797
-0.3669883247658921
-0.367500899969599
-0.3700687385998663
-0.37011964431844213
-0.37047595779101056
-0.371482788513822
-0.3716832473965999
-0.37388428573931376
-0.3739988583864247
-0.37437392950232606
-0.37440463099175336
-0.37510513634562676
-0.375546521019552
-0.3767236582476611
-0.37733602091126767
-0.3773409452507102
-0.3795323812410061
-0.3814216977739504
-0.3816005598077027
-0.3834376851140746
-0.38388523876242936
-0.3846869954431895
-0.3848128690646263
-0.3855880455843075
-0.3858996810805466
-0.3859397312371584
-0.3865985138108954
-0.38667488387054616
-0.38861074842861854
-0.38886037203555035
-0.38954568703630343
-0.39021567684685576
-0.3910384309099754
-0.3910617691372964
-0.3940737872367365
-0.3951966184036185
-0.3988756144462968
-0.3993937585023973
-0.4035342532814765
-0.40522388463432435
-0.4055682891101407
-0.40635177116824445
-0.4107173384836642
-0.41176294421529747
-0.41328166268067434
-0.4149925441190135
-0.4150283129017771
-0.41533503140090033
-0.41777015546540497
-0.4183504684673001
-0.418384173784876
-0.4208522067264522
-0.42184063254593307
-0.4218996741045784
-0.4222375128217457
-0.42230530027882196
-0.4242509009782225
-0.42449498368174926
-0.42506497827869477
-0.42584429681301117
-0.4280491252494458
-0.43199172330399355
-0.43367250171359045
-0.43440489992363757
-0.4348794779187301
-0.4349967012181878
-0.43514027368291863
-0.4359468682138146
-0.43670271057635546
-0.4388975578766197
-0.4390320979058743
-0.44159616850730443
-0.44386532557530245
-0.4458972251870566
-0.4463541869954497
-0.44733040964196596
-0.44809934634133697
-0.44983952237525954
-0.4515814537531696
-0.45364054015590227
-0.4537270784568574
-0.45460921549238265
-0.45508363246917727
-0.456457676870438
-0.45816875396049
-0.46111683812341653
-0.46246994528287205
-0.4628253433629989
-0.4679745998631441
-0.4682860492509516
-0.4697957880351977
-0.47212718485057587
-0.4725352765724113
-0.4727976815378757
-0.4728224943391979
-0.4743664423003793
-0.47440088672738057
-0.4750258845483423
-0.4784853120024006
-0.4840066739759225
-0.4847405516872338
-0.4850320716698964
-0.48518324862358414
-0.48812861508486094
-0.48847723798547804
-0.48975321122755605
-0.49047078253449095
-0.49072028961963954
-0.49115570163485245
-0.4930640123784542
-0.4968433641941588
-0.49814625810852575
-0.49939574278541843
-0.4995991222715626
-0.5006592162884772
-0.5017342352948617
-0.5039423154230462
-0.5083585015631148
-0.5101073241094127
-0.5113206356672344
-0.5119658934373337
-0.5128480605853838
-0.5136800132588379
-0.5138460905404322
-0.5142407293694506
-0.5142659409126887
-0.5148715762560541
-0.5166435759593797
-0.5175606989656005
-0.5182179698720575
-0.5223941333014019
-0.5225132536725141
-0.5234199654310941
-0.5240447943215258
-0.5254948966261119
-0.5260813453769515
-0.5262700734310783
-0.5265003458286325
-0.5269386184150598
-0.5282000633887947
-0.5286054884083569
-0.5317736226651404
-0.5369289917773911
-0.5378611254505813
-0.5380701322478258
-0.5381373729292785
-0.539131667458504
-0.5396865011522701
-0.54123954611714
-0.5438479775718102
-0.5438784887748105
-0.5442268109254655
-0.5461991011268563
-0.5463021918549202
-0.5471534291282296
-0.5498252362436191
-0.5500232070171478
-0.5544771559040964
-0.554917265905533
-0.5558375584478199
-0.5565439970295847
-0.558189332152665
-0.5582858610691296
-0.5603745443603168
-0.5611401276662946
-0.5629639270611935
-0.5643120684476344
-0.5661214995031644
-0.5673822659227881
-0.5690101464228381
-0.5695872739597689
-0.570231592952041
-0.5702601549128303
-0.5717177718364838
-0.5741135699977998
-0.5759928062861945
-0.5767896888677829
-0.5797903804632369
-0.5802946895360946
-0.5849274933441646
-0.5852237317033412
-0.5852554040029645
-0.5853634985784689
-0.5870904348208569
-0.5874443065840751
-0.589416861677399
-0.5896463507475952
-0.5907770445919596
-0.5929370534940972
-0.5939614127597047
-0.5942370596716905
-0.5951937434203702
-0.5955164815483537
-0.5971486151603231
-0.5991772853885777
-0.5994643457233906
-0.6001131954253651
-0.6004934775555739
-0.6005121836366015
-0.6022550565285201
-0.6039617251541737
-0.6046292760409415
-0.6056244424710583
-0.6097254740074277
-0.6136871852985072
-0.6174995303153992
-0.6191148050129414
-0.6216429251687847
-0.6224588410113938
-0.6235819330438972
-0.6266504132072441
-0.627582159305218
-0.6290717337979004
-0.6298065783921629
-0.6303021822144123
-0.63148832862325
-0.632388374936353
-0.6329136134332253
-0.6329287718878428
-0.6338129570358433
-0.6342323682183633
-0.6352704746802503
-0.6352764607547128
-0.6356294143944978
-0.6369983380136546
-0.6376062976196408
-0.6381749964452216
-0.638633618077923
-0.6395165984119687
-0.6398999816177214
-0.6401736525197824
-0.641553911518713
-0.6423002553055994
-0.6425785481308898
-0.6445809301856736
-0.6454304077313282
-0.6463881256058812
-0.6466670945286751
-0.6467915802262724
-0.647788193076849
-0.6497195675590774
-0.6520921941070507
-0.6538233746774494
-0.6543377515671847
-0.6543853682621071
-0.655571740017169
-0.656495181178408
-0.6571388050913811
-0.6577495297096903
-0.6585085053617755
-0.6607206315134785
-0.6607247327708385
-0.6613579066966743
-0.6613791625776295
-0.6618578326888382
-0.662069680292916
-0.6627147421240807
-0.6645985966024455
-0.6649841382284649
-0.6655308834531091
-0.6664634694655737
-0.6680067454629656
-0.6708697051120301
-0.6720356345176697
-0.6725805864494759
-0.674755874191078
-0.6767710882239044
-0.6772382525028661
-0.6792696593539505
-0.6817201454774476
-0.6837330821047848
-0.6841451562941074
-0.6843217352538237
-0.6849508173976574
-0.6853858866612427
-0.6869065225667631
-0.68906268972205
-0.6902945328426237
-0.6907807815819978
-0.6909049834590405
-0.6910656424454198
-0.6912039322113352
-0.6977888971508946
-0.7006143691949547
-0.7011560790851945
-0.7040421526859669
-0.7045933578961662
-0.7049066387116909
-0.707708201321241
-0.7085842864055719
-0.7086984915658832
-0.7088443795219064
-0.7091301799518988
-0.7099488785490393
-0.7124427344783076
-0.7126778475940228
-0.7147157598519698
-0.7160034593194723
-0.7162821756468879
-0.7163659756479319
-0.7170336676968468
-0.7192395528157552
-0.7213814880354524
-0.723664157189584
-0.723935834988619
-0.7243476357452892
-0.7254366748500616
-0.7261601792299188
-0.7266303300857544
-0.7285587064216088
-0.7287042655050755
-0.7291408434510231
-0.7295862167641189
-0.7296005974390677
-0.7304579446291817
-0.7305924582731678
-0.7310614954266283
-0.731399098993279
-0.7330410548718647
-0.7345183290308341
-0.7346681989351055
-0.7351198909600498
-0.7397715533734299
-0.7407561764121056
-0.741616969363531
-0.7423826864687726
-0.7432211724420389
-0.744446127054592
-0.7473401084010091
-0.7488538751661379
-0.7494829951340632
-0.7534981312152619
-0.7535962595159488
-0.7539885347454401
-0.7548808953957632
-0.761687768648179
-0.763001995064163
-0.764727934950497
-0.7659563380701002
-0.7671801033119361
-0.770376393396873
-0.7707126047462225
-0.7713504991164276
-0.7725382976237193
-0.7761184034041233
-0.7763269904923314
-0.7775319977146056
-0.7785759376517186
-0.7790849531743334
-0.7807772643864155
-0.7813877162213126
-0.7846419306588359
-0.786378570283497
-0.7866061497334158
-0.7880601163099831
-0.7904793923177446
-0.7914399526634952
-0.793839642603416
-0.7948864249434943
-0.7953129475004971
-0.7960796744664549
-0.7982779278286866
-0.8015786837398385
-0.8035388418564773
-0.8043515290555661
-0.8067828589119017
-0.8069411991226237
-0.8071779090844627
-0.8072123924503103
-0.8073155026417226
-0.8089775465050479
-0.8097321691457182
-0.8097441031464508
-0.8122072475444939
-0.8162626879703667
-0.8164296478033066
-0.8168280756926833
-0.819130698859226
-0.820180839807209
-0.820400500178544
-0.8221829070098465
-0.8228439832106232
-0.823250170610845
-0.8235879798109332
-0.8241398672772837
-0.8265045143456923
-0.8280151840299368
-0.8290473250672221
-0.8362092338502407
-0.837534277877694
-0.8428207814900411
-0.8443968892097473
-0.8462498615052028
-0.8488943565503827
-0.8496251696875939
-0.851178122498095
-0.8521391575632151
-0.8555823564529419
-0.8571321019902826
-0.85723958404768
-0.860240449057892
-0.8610995838418602
-0.8623947742162272
-0.8652499815972987
-0.8668766397982836
-0.8703793905297061
-0.8706561490893364
-0.8730840277392418
-0.8742618734637896
-0.874420588184148
-0.8754534074250842
-0.8762297887937166
-0.8789269654080272
-0.880553401740534
-0.8852670058608055
-0.8860283358953893
-0.8860472800831
-0.888835670357886
-0.8890545984987901
-0.8918168653940989
-0.8925831523156376
-0.8939411066094181
-0.8959437482524664
-0.8972725069499574
-0.9004979909264615
-0.9020755343139172
-0.9024428099704286
-0.9048090428113937
-0.9050286293029786
-0.9087288624141365
-0.9095846523996443
-0.9101428066787776
-0.917312952562093
-0.9178944940213114
-0.9179954710416496
-0.9180493346518941
-0.9218463408095496
-0.9225990157574415
-0.9254069982229599
-0.9259336066781543
-0.9265403755009174
-0.929051491121451
-0.9295603167120134
-0.931353222578764
-0.935906931804493
-0.937562994658947
-0.9417782351374626
-0.945183664385695
-0.9458140113524028
-0.9473545890456686
-0.94857066248854
-0.948905284749344
-0.9500156327547822
-0.9572346210479736
-0.9583424609671864
-0.9608565833885223
-0.9653701480710879
-0.9695848314925873
-0.9721533637396836
-0.9724638450308702
-0.974522004078608
-0.9746066426858306
-0.9747332307306351
-0.9758442699288329
-0.9777874603751116
-0.9781057285047913
-0.9805153061946233
-0.9808251534899076
-0.9820038955193013
-0.9821184251923114
-0.9868696525421304
-0.987331018113764
-0.9899543849233952
-0.9905220910906791
-0.9912704373044627
-0.9930728077888489
-0.9948263943195343
-0.9988202913470255
-1.005792510835454
-1.0062877350952477
-1.0076807318837382
-1.008693266659975
-1.0124033513323714
-1.0133760534226894
-1.016223842278123
-1.0169004750038897
-1.0178014859557152
-1.0182523739834626
-1.020107971446123
-1.023254717034953
-1.0239551980048418
-1.024434040649794
-1.0250598807935603
-1.0293109394842759
-1.0299701125865492
-1.0391457844525576
-1.0399801795720123
-1.0426172874867916
-1.0444084310105868
-1.0475534821550052
-1.048533641092945
-1.0496240962141503
-1.0509110697700332
-1.0571200501639395
-1.0583622986159753
-1.059122827942095
-1.0607443377375603
-1.0630908260742824
-1.0654960616491735
-1.0684958579284805
-1.0725884824991225
-1.0740105456206948
-1.0746714025735855
-1.0763562604784966
-1.0814436364918947
-1.086769239604473
-1.0900497178584125
-1.091832982748747
-1.0944279059767723
-1.0977953621428849
-1.0995263308286667
-1.104508500546217
-1.106507882475853
-1.1092020519077779
-1.1127014694114525
-1.1141309752129018
-1.1223991562146693
-1.1251334864646196
-1.12946466462348
-1.1296707197379874
-1.1299222003901377
-1.1308455504477024
-1.1332307487726212
-1.1364753752946855
-1.1413655140349874
-1.1453058500192128
-1.149257743358612
-1.1499504246748984
-1.151362756936578
-1.1545127218899627
-1.1614403784042224
-1.1649770978838205
-1.1703308448195457
-1.1745406885941823
-1.179588247090578
-1.1822419106960296
-1.1823301273398101
-1.1832881321509678
-1.1846563477690022
-1.1900255262851716
-1.1912121647037566
-1.1935808454484989
-1.2059130650013685
-1.2084644347429276
-1.2129903078079223
-1.2154418783528464
-1.2188078711947634
-1.2196665585041047
-1.2251298390328884
-1.2320336997509003
-1.232554457092192
-1.2403957982961502
-1.2492217998951674
-1.2508869630595048
-1.2670772396959364
-1.267146997153759
-1.2674312144517899
-1.2688796501606703
-1.2713386770434834
-1.2799061325689156
-1.2823172928765416
-1.2853349811242272
-1.2877811882644892
-1.2922368148962657
-1.2981605256597202
-1.3121836803853513
-1.3138328179717065
-1.3140251897275448
-1.3398618251085281
-1.3469109032303095
-1.3488711034297012
-1.3527603894472122
-1.3553902720450424
-1.356357840821147
-1.377085149831449
-1.3771515041589737
-1.377809833153151
-1.4168877005577087
-1.4293738417327404
-1.430171584788089
-1.4371513426303864
-1.4632100351154804
-1.4752842982610066
-1.4788111560046673
-1.4844243235129397
-1.4878932734330494
-1.4912754433462396
-1.5231976006180048
-1.5415325959523518
-1.550469954808553
-1.5615307998887147
-1.5642412900924683
-1.5643416419625282
-1.600052386522293
-1.6019407113393147
-1.6034005184968312
-1.6237954422831535
-1.631307989358902
-1.6430145700772603
-1.6444157580262981
-1.6517938673496246
-1.661582166949908
-1.6979223936796188
-1.6995315346866846
-1.7173152547329664
-1.7218895355860393
-1.7424205938975017
-1.757169820717536
-1.7712517182032268
-1.7748133738835652
-1.7823043664296467
-1.8043180306752522
-1.8104538113499682
-1.8302420765782397
-1.8514835331588984
-1.8694615761439006
-1.883581687696278
-1.8871590382186696
-1.8907359441121419
-1.8991805016994476
-1.9009958803653717
-1.9022184163331985
-1.9125515321890514
-1.9151008129119873
-1.9203245143095653
-1.927129864692688
-1.9277684887250264
-1.9299196563661098
-1.9351798097292583
-1.9827598102856427
-1.991070351214148
-2.0168191343545914
-2.0441709756851196
-2.1877374751493335
-2.2604005336761475
-2.285330221056938
-2.2874075969060264
-2.3207525983452797
-2.3969708532094955
-2.4287043350050226
-2.4675343334674835
-2.4808424093450108
-2.4855668544769287
-2.4882932762266137
-2.50763201713562
-2.521311133634299
-2.539005547761917
-2.55338191986084
-2.5568387508392334
-2.5970590114593506
-2.6909871523578963
-2.74437219183892
-2.744957764943441
-2.965628944337368
-3.1142888688482344
-3.1379456520080566
-3.238611102104187
-3.3086023330688477
-3.311951075680554
-3.333299971651286
-3.5004313786824546
-3.530508736788761
-3.563323140144348
-3.693445324897766
-3.715506076812744
-3.7507095336914062
-3.830280937254429
-3.8397146575152874
-3.8516977578401566
-3.8983766878955066
-4.027840167284012
-4.069250497967005
-4.343027412891388
-4.517755806446075
-4.758437633514404
-4.792570739984512
-4.968124032020569
-7.236908674240112
-8.46688461303711
