-0.5175107409057723
-0.5186202187039519
-0.5345174033330599
-0.5476657040902259
-0.5707027979539513
-0.5746697613365792
-0.5859519487885649
-0.590331093749098
-0.591731905597232
-0.6012092613503531
-0.6178427361845589
-0.6304588194304545
-0.6339967157691717
-0.6342396835486094
-0.6347556197887853
-0.6359387445821388
-0.63709016906333
-0.6377045739451811
-0.6380252791258618
-0.6381159458712015
-0.6426001122090383
-0.6448914380059304
-0.6459583970863605
-0.6466783314773982
-0.6476687968439048
-0.6498682701263037
-0.6527848734997679
-0.6554489619203377
-0.6559222127689281
-0.6562221801489257
-0.6569728034054216
-0.6593968230817053
-0.6621301482536365
-0.6669602361514644
-0.6708400135365602
-0.6744965847091018
-0.6829673202882987
-0.6882932164007798
-0.688594699225548
-0.6895354177239049
-0.6897565900359214
-0.6900348737835884
-0.6932812164792267
-0.6960967731220475
-0.6969021574439938
-0.6982857744636325
-0.6990482816181611
-0.7037696423694098
-0.7063560232066084
-0.7236306156458644
-0.7265060907252169
-0.7324239148025905
-0.7373206332231348
-0.745136077890897
-0.7527033788715735
-0.7573792987408524
-0.7590574555004423
-0.7652666188202731
-0.7664142632565927
-0.7715683371061459
-0.778597671596799
-0.781833249736034
-0.7827049969152237
-0.7858288466377417
-0.7886924759174386
-0.7916741044946799
-0.7932704055044604
-0.7996398547494953
-0.8015430327445587
-0.8029120681725908
-0.8036769966308314
-0.8091679329943593
-0.8114081896156466
-0.8121081273983388
-0.8229077899327072
-0.8272198241204023
-0.8323409098454497
-0.834194576682742
-0.8400362432300674
-0.857972053303716
-0.8592069387435913
-0.8597518125254857
-0.8638853146112524
-0.8785795506376487
-0.8819987275249636
-0.8840401589193128
-0.905594585632736
-0.9069076625081445
-0.9098697423934936
-0.9192696570774869
-0.9325438802698045
-0.9438822458614595
-0.9456076741218566
-0.9476849786937237
-0.9579062089323997
-0.9889388283093771
-1.0089128613471985
-1.0146710467007425
-1.0226124695369176
-1.0246865344950213
-1.0395052036619745
-1.039672953594062
-1.0644819584364693
-1.0825733304023744
-1.0966754105562966
-1.1016273466604096
-1.1210347126637186
-1.1311908185482025
-1.1695615768432617
-1.1984624862670898
-1.3846958987414837
-1.3947310790419578
-1.3970137983560562
-1.6862406414933502
-1.7405308783054352
-1.768207810819149
-1.8257579192519189
-1.8294596523046494
-2.0997179858386517
-2.14422403993085
-2.172638028860092
-2.3881377279758453
-2.5576348155736923
-2.737492263317108
-2.955997347831726
-3.2167235612869263
-3.567246675491333
-3.624868551890055
-3.701683521270752
-3.7194050351778665
-3.778730869293213
-4.671961784362793
-4.741892084479332
-4.787668451666832
-6.307315349578857
-7.111678600311279
-8.65657925605774
-9.429210662841797
