-0.00017867876158561558
-0.02680608019121185
-0.11885739332046796
-0.18122079301974736
-0.2207514255413636
-0.25028139861711274
-0.2638168271369068
-0.28006454060151653
-0.2956722932387493
-0.3039019050593197
-0.30718406282054883
-0.31276591108845814
-0.31741878318118527
-0.32302301228628494
-0.32305644736552497
-0.32989458463432836
-0.3361793066687824
-0.3364147703814524
-0.3368997430556192
-0.3402636119377955
-0.3403224447406501
-0.34449199424052496
-0.3468600665888516
-0.34910033927226325
-0.3495380030427542
-0.35096916554418084
-0.3559643214030075
-0.35900899050708784
-0.3603846697962581
-0.3657774650146166
-0.36718385518179275
-0.36845602285757195
-0.3708978360256879
-0.37723278456542175
-0.3803242053836584
-0.38084046638363767
-0.38460996973611017
-0.393123471596482
-0.39595435294904746
-0.39617412423750564
-0.39791655003292753
-0.40551801668480036
-0.4106868192393449
-0.41241826817193733
-0.41437050172389717
-0.41787693391233915
-0.41797961480915546
-0.4203163790771214
-0.42408908365501297
-0.4279518501981246
-0.43008127701323245
-0.43612822966783177
-0.43733742113479157
-0.43838515172881837
-0.4412763988647353
-0.4415745582395735
-0.4428509132348053
-0.4431745684857521
-0.4434996001480613
-0.4446062669157982
-0.4462676051538438
-0.446383377485472
-0.449983173282817
-0.45124078550252306
-0.45223551231395936
-0.4528542550136175
-0.4535427508635621
-0.45762857299394394
-0.45989611132696656
-0.46186889336095194
-0.462291706473999
-0.46328547424345745
-0.4661864333412316
-0.4669993333162792
-0.4676785389571611
-0.46796272069950645
-0.4681569994977003
-0.4699986783913725
-0.4700206008110399
-0.47498521464367516
-0.47730278878265786
-0.4790003175647663
-0.47959528840292476
-0.4800444823534538
-0.4808811265878224
-0.4814107713638805
-0.48691660953461124
-0.491744842717277
-0.49306058543224934
-0.5041354702645913
-0.5097481031407369
-0.5125048471963964
-0.5135139855157927
-0.5174601195903961
-0.5178110843879127
-0.5187659896491096
-0.5193495895036904
-0.5214977934956551
-0.5231011320720427
-0.5233024507761002
-0.5248260023523471
-0.5293582231992892
-0.5297086239934288
-0.5345848521392327
-0.5372362657508347
-0.5373367612871031
-0.5411816030740738
-0.5415765996387397
-0.5466877014947716
-0.5467333802094799
-0.5473649073392153
-0.551837934559444
-0.5562633033769089
-0.5599411405011778
-0.5610432354233126
-0.5620323910664481
-0.5628045808430762
-0.563710602815263
-0.5653608299271582
-0.5657575782533968
-0.5661387605406344
-0.569506419878453
-0.5695725590883977
-0.5697447358106729
-0.5719436437717377
-0.5766607570378414
-0.5782298055641791
-0.5818753696457861
-0.582670780823369
-0.5846685369809469
-0.5849785059690475
-0.5855817254778231
-0.585844399631848
-0.5858509168028831
-0.58717539915815
-0.5898313034503233
-0.5911897050516147
-0.5913097113370895
-0.5929903140630424
-0.595268290664535
-0.6002806705140616
-0.6004823064780794
-0.6014900795416906
-0.6023988587781787
-0.6105211218946351
-0.6113227745850703
-0.6126829700713808
-0.6143406780636566
-0.6146892888807796
-0.6171558341138734
-0.6178809810313396
-0.6196226282045245
-0.625618928426411
-0.6301087437430397
-0.6309735874237958
-0.631063059907839
-0.6329220704734325
-0.6338294461519192
-0.6357400410114289
-0.640643070958322
-0.6409098464318959
-0.6428146390378691
-0.6431353474617936
-0.6454862207303651
-0.6460576110652515
-0.647571071134215
-0.6477134412125451
-0.6506295464932919
-0.6524815068069774
-0.6565767102292739
-0.6617473444202915
-0.6621620761135192
-0.6647272443748079
-0.6649246079847216
-0.6705598009478612
-0.6776291594142094
-0.6816938994452357
-0.6870376579463482
-0.687502269529634
-0.6878784894943237
-0.688340249283
-0.6891313686937792
-0.6914928942410783
-0.692563473134888
-0.6938615832477808
-0.6990326452178124
-0.7001178064383566
-0.703387446011658
-0.7035021409392357
-0.7039056358407834
-0.7055584159765944
-0.7059068442149846
-0.7111806948669255
-0.7118063045393986
-0.7122000857171688
-0.7152126646018587
-0.7153823361685292
-0.7180098764906039
-0.7221300732780946
-0.7244934814306838
-0.7254202425990823
-0.7287548840356369
-0.7288617193698883
-0.7293967598085912
-0.730512075995648
-0.7333197565307943
-0.7411066251651695
-0.7419482469558716
-0.7420673192791583
-0.7445056475698948
-0.7446081747688974
-0.7488899968593614
-0.7500031841579281
-0.7516188752342714
-0.7519800793816103
-0.7583956592716277
-0.7590560866395079
-0.7599310090227845
-0.7605258336048791
-0.7613795552502519
-0.769237206899561
-0.7704161916356368
-0.7712122208426341
-0.7794755811669997
-0.7877462350361817
-0.794060118496418
-0.8006620479476018
-0.8034014453490576
-0.8121826144321987
-0.8150098296852472
-0.8211533420202185
-0.8281450380338355
-0.8292091262424037
-0.8310323966550641
-0.8340518844211147
-0.8386894026771188
-0.8409630718330542
-0.840970499825614
-0.8431025784728783
-0.850235353944845
-0.8512825167013539
-0.8525157936648611
-0.8612440228462219
-0.8614166335069707
-0.8762340062097792
-0.879086317649732
-0.8814657032905545
-0.8864627477402488
-0.8877181082265452
-0.8880375432781875
-0.8946961399496478
-0.8983331889645342
-0.8990431676308314
-0.9024755277578151
-0.9040061238293464
-0.904764806238624
-0.9089773300478959
-0.9208464834040829
-0.9209147587418556
-0.9350683979690075
-0.9351508987033412
-0.9364722021655325
-0.9374453204629176
-0.9390890967929408
-0.9490507766604424
-0.9600542396074161
-0.9872344604421718
-0.9882702688272629
-0.9883875319113334
-1.0028200820088387
-1.003712244597929
-1.0240392331033945
-1.0668101124465466
-1.0883955769240856
-1.090368538349867
-1.0964359685830358
-1.0975737179784726
-1.1148060649633407
-1.147592293519968
-1.1495234668254852
-1.1617308855056763
-1.1735285557806492
-1.1974389171227813
-1.216372160497745
-1.224059134721756
-1.2285983264446259
-1.256900509353727
-1.2670231945812702
-1.3183972034603357
-1.3230213979647185
-1.3377933700879414
-1.3402598444372416
-1.3420628144272737
-1.3448449447751045
-1.346990277369817
-1.362515576183796
-1.3842991053825244
-1.3862796766683458
-1.4145496944353606
-1.4164186120033264
-1.4200296501318614
-1.4214957542717457
-1.4494690696398418
-1.5017830630143483
-1.5150015354156494
-1.5321879871189594
-1.5977341656689532
-1.610007146994273
-1.610573211996234
-1.617009162902832
-1.681677566954022
-1.7163510738561552
-1.7793608978390694
-1.9342787861824036
-1.9566962323151529
-1.9869058473035692
-1.9965948462486267
-2.0732738624016442
-2.130949435941875
-2.178861141204834
-2.2585733277723192
-2.2588950600475073
-2.269607588648796
-2.482546031475067
-2.6321849624315896
-2.6449565490086875
-2.7923306226730347
-2.7940056771039963
-2.8908070623874664
-2.8930380642414093
-2.9301830530166626
-2.9327903588612876
-2.9394824107488
-3.014518698056539
-3.0210532347361245
-3.022095814347267
-3.0483260800441108
-3.0873077748704723
-3.1303110122680664
-3.1444023488450816
-3.448918879032135
-3.4803311824798584
-3.514996111392975
-4.065187573432922
-6.235755205154419
-6.323770999908447
-6.671859502792358
-6.994607448577881
-7.234832286834717
-7.723109722137451
-12.002711296081543
-12.524144172668457
-12.586610794067383
