-0.0004855407460127026
-0.007840617618057877
-0.00804850657004863
-0.009225322137353942
-0.020603404263965786
-0.032511700311442834
-0.033975758706219494
-0.04575449938420206
-0.04598019520199159
-0.052177692394858845
-0.08109113201498985
-0.08317894053955872
-0.13076685515989084
-0.13487451846837453
-0.1544354861738005
-0.154597919434309
-0.16091275865538693
-0.16523190736188553
-0.17280003743799172
-0.17834168213885276
-0.18345208745449781
-0.1870390853534142
-0.18870542633036771
-0.19112226182915037
-0.1924827035749331
-0.19730374032951659
-0.1993543054413749
-0.20054665379575454
-0.20403445030873021
-0.20409085883875377
-0.20819363312330097
-0.21311758744802015
-0.21722091123713957
-0.21836315114051102
-0.22354401720513123
-0.2276710938604083
-0.22890194978754153
-0.23665481322677806
-0.2404564733733423
-0.2542501140022068
-0.25475385976023973
-0.25596708995807504
-0.25790409967303274
-0.2623972713947296
-0.26373823140602326
-0.26389916881453246
-0.27000486866018036
-0.2723948078792091
-0.27383806358664986
-0.27429301735780126
-0.2755117730635463
-0.27861668821424246
-0.28127380908861394
-0.2831967543810606
-0.28341497342470184
-0.2867343850218906
-0.2877906615665716
-0.29007684275069656
-0.29100378666771576
-0.2914860589662567
-0.2920570417074487
-0.2922682369926406
-0.2945305288028774
-0.29489386199358186
-0.2955132012171412
-0.2965963111491874
-0.2968261316418648
-0.29807231362376896
-0.299146549240686
-0.29980343837658957
-0.3002051949501038
-0.30184701267665204
-0.30232250690460205
-0.3048142843117603
-0.30605377106985543
-0.30698989930784465
-0.3074265321054805
-0.30814462886857136
-0.3106962219139354
-0.3125160356721608
-0.3129378266632557
-0.31455998998135326
-0.31627566386790323
-0.3165501655409268
-0.3168338827053958
-0.31690913531929255
-0.3178279281128198
-0.31871778429161746
-0.31943260654807093
-0.3223580821286305
-0.32328191273942747
-0.32611200605363894
-0.32849433547956625
-0.3305821195244789
-0.332098513479448
-0.333470353293335
-0.33694126285263337
-0.3369462195745048
-0.337043250024135
-0.3382680184606995
-0.3390202447772026
-0.3400097616896447
-0.34028289642883464
-0.34195450927760057
-0.3421107851765172
-0.3422066851417185
-0.3432324083158164
-0.34395454196122666
-0.34641278070759857
-0.34755326517145424
-0.34802908733620014
-0.3494780139180875
-0.34997487312925624
-0.3513206604961202
-0.35145312875574747
-0.35145395186918904
-0.35152423586696385
-0.3524137059160109
-0.3558941497674543
-0.3569763528939802
-0.35766627567936665
-0.35778484647744335
-0.35852389483867836
-0.3595354301680345
-0.36112862679227775
-0.36310237479261154
-0.36344933583639333
-0.3641177684277002
-0.3672503299312666
-0.36859830765024526
-0.37121826417860576
-0.373044287567609
-0.3731133257970214
-0.3731520527653629
-0.3733801295359929
-0.3744096631805102
-0.37549522048933187
-0.37810568541052897
-0.3782961691548634
-0.3794540056129335
-0.3804670476554401
-0.38103699013590814
-0.38241437721717375
-0.3830153428541962
-0.3839570917998117
-0.38424348312546497
-0.38469201818543297
-0.3847274517902406
-0.38754593317779445
-0.38791658566333354
-0.3895030334591866
-0.3906732585572172
-0.3910932559520006
-0.3911260202940967
-0.39117769628544063
-0.3914511582115665
-0.39201829954981804
-0.3920773631225096
-0.39239615152796936
-0.3939827667549253
-0.3940743085889456
-0.39553593418427874
-0.3963974216432475
-0.3964180091477994
-0.3977800562948687
-0.3983029293594882
-0.39857875069396365
-0.39928052724806345
-0.3995718809642962
-0.40077288520450777
-0.4008525084704161
-0.40129601531144643
-0.40142412007682854
-0.4019693943290887
-0.40376204573972657
-0.40585766283766134
-0.4064006281974302
-0.40916101178380715
-0.40982786404735333
-0.41102777765350074
-0.41182371554896235
-0.41193794039099885
-0.41287220438971417
-0.41316722601186484
-0.41366425255546346
-0.4143649563950021
-0.4151169626042247
-0.4153598834139605
-0.41699946529438925
-0.41711127102566287
-0.4172717497303066
-0.4180794847139623
-0.4182976179756224
-0.41883106153303135
-0.41903561033276754
-0.41919822758872116
-0.4193732493789867
-0.4230907177552581
-0.42373641071996343
-0.42504138036100714
-0.42813227071019355
-0.42901525118698675
-0.42930625247148174
-0.42990116894361563
-0.4303183932934189
-0.43143980808963533
-0.43218763229938656
-0.4322497889403166
-0.4330144938826561
-0.4334889411587607
-0.43487183320602135
-0.43556165301965344
-0.4362019762352008
-0.43647979590605246
-0.4369740887195803
-0.43712290332186965
-0.43820910554760223
-0.43833511451625135
-0.43840468480872613
-0.438832341541638
-0.4395143174268014
-0.4399933284948929
-0.4401821263138692
-0.4414335574270115
-0.44174749110243283
-0.44176385956961894
-0.4419854465330799
-0.4420922438905109
-0.44269885786343366
-0.44284581363899633
-0.4429357855276774
-0.4437249917909503
-0.443729191145394
-0.4441436365914342
-0.444562265612185
-0.4446813955906691
-0.4450543878483586
-0.44524533484946005
-0.4452934648531179
-0.445592666665713
-0.44559504395583643
-0.44585351520124405
-0.44585539437830446
-0.44623989525280194
-0.44659766581441673
-0.44672293420262577
-0.44725590278192057
-0.4474870512261987
-0.44917835452808785
-0.44929788137648885
-0.44944218231830746
-0.45106074999830525
-0.45204988308250904
-0.4542115928682809
-0.4544165827333927
-0.4547078740256636
-0.4552427815748767
-0.4554000088945031
-0.4562232527920666
-0.4565670299951149
-0.4573980188773324
-0.457893889863044
-0.4591932666066679
-0.4601687238152538
-0.46063110629096626
-0.4611188797506556
-0.461148402094841
-0.46122021603059693
-0.4616196229122579
-0.46191432044724934
-0.4619926158411545
-0.46217650382055175
-0.46255415158035856
-0.46325603465083987
-0.4632942552085627
-0.4634833348740358
-0.46432399303497124
-0.4646647745743394
-0.46500201647480327
-0.4652813092429824
-0.46602292438789544
-0.46657796101644633
-0.46828641526452786
-0.46890798085466184
-0.4690223974840982
-0.46904830240075374
-0.46927603483200075
-0.47074286263377874
-0.4709750711917877
-0.4713515780945622
-0.4717461711908173
-0.4741075947354345
-0.47423754800111056
-0.4742721151560545
-0.4745818367227912
-0.4753422829407183
-0.4755755469435826
-0.4770653330197092
-0.47898309077734463
-0.4796236272784881
-0.4801547791842798
-0.48056222688137495
-0.48368854744476264
-0.4838860572116183
-0.4839682365228428
-0.4846725912648253
-0.48467793852614705
-0.4850493771955371
-0.4857207149745793
-0.48637431623064914
-0.4864431157708168
-0.48879915941506624
-0.4890516970468604
-0.49025535790456665
-0.4907580752457891
-0.4919401444494724
-0.49357711553639094
-0.4937082307333185
-0.4940332964062691
-0.49462094144352403
-0.49555386826395986
-0.49584642120753414
-0.4962843834768137
-0.497189949429594
-0.49807103623152216
-0.49827239071146323
-0.498733344435459
-0.4997854727009932
-0.500456300164972
-0.5006758394338249
-0.5025256336747488
-0.5041450926917606
-0.5053241578316374
-0.5054104989653246
-0.5061556129949167
-0.5061859866604209
-0.5062522638659175
-0.5066891585222699
-0.5073869222631822
-0.5079339002259076
-0.5080405401960888
-0.5083296785131097
-0.5085806496240871
-0.5086065397730896
-0.5088340436174933
-0.5091006424433241
-0.5092107340693474
-0.5096706756713891
-0.5097249418807527
-0.5110665760934353
-0.5117412727947036
-0.5127952439402829
-0.5145370382815599
-0.5146178035560297
-0.515550751509727
-0.5162954479455948
-0.5168185967952013
-0.5171243141317973
-0.5183427314390429
-0.521612218010705
-0.5221469760635955
-0.5229480266571045
-0.5233216346075226
-0.524671078287065
-0.5262029383872383
-0.5291454156395048
-0.5292815837173668
-0.5302712959902627
-0.5303665101528168
-0.5310056358575821
-0.5328880913809619
-0.5336176835699007
-0.5337596131488681
-0.5347222000273177
-0.5357658814638853
-0.535919501184253
-0.5362802311421546
-0.536650606431067
-0.536826955988848
-0.5376472689877119
-0.5381156390649267
-0.5381795577704906
-0.5390109121799469
-0.5392830550748234
-0.539748661752258
-0.5401427103497554
-0.5410724106101649
-0.542177721299231
-0.5422224073146935
-0.5430927492145982
-0.543399776406861
-0.5436086683010217
-0.5442491559719201
-0.5446350145988011
-0.5449156590257189
-0.5465982016952088
-0.5466925643671018
-0.5478151515126228
-0.5478845513920533
-0.5482030113538107
-0.548851744404861
-0.5511482394275455
-0.5513496974922923
-0.5515124400456747
-0.5518469091504812
-0.5538220680984003
-0.5544340074062347
-0.5547677388078429
-0.554951591624154
-0.5551891788948394
-0.5557509791979101
-0.5584608106350061
-0.558879878371954
-0.5615878477692604
-0.5629819618681302
-0.5635800953954458
-0.5639777233203253
-0.5652201999392774
-0.5675697285268042
-0.5679439652711153
-0.568095486045682
-0.5682840046043006
-0.568535661914666
-0.5704195581077199
-0.5712155192377395
-0.5712329822745232
-0.5715698209096445
-0.5722444014623761
-0.5727907898170608
-0.5732360777210488
-0.5736534326570109
-0.5754059341561515
-0.5766724679205153
-0.5777412029829893
-0.5778908042237163
-0.5783358681946993
-0.5785639309557155
-0.5788379060104489
-0.5791689231991768
-0.5802546397042332
-0.5819087239603201
-0.582424975133368
-0.5844190344214439
-0.5845317108323798
-0.5846410156944051
-0.585148906925042
-0.5854103698825034
-0.5871600239452991
-0.5873391676694155
-0.5880235062431893
-0.5885196825838648
-0.5896748083177954
-0.590648352754215
-0.5911982854207357
-0.5913102016119021
-0.5913173079490661
-0.5913782316925963
-0.5926295557655976
-0.5929404073627665
-0.5940297409384088
-0.5962329059839249
-0.5963859603341136
-0.5964231275022029
-0.5969315043517521
-0.5971842536569056
-0.5975836345127651
-0.5977678362479699
-0.5986330020241439
-0.5990531154804759
-0.5999930154532194
-0.6006003920131965
-0.6011670251776066
-0.6012266346434545
-0.602774483646499
-0.6035615155974833
-0.604935260862112
-0.6056239713604251
-0.6058850476504577
-0.6088331955485046
-0.6092216705465034
-0.6098829280318958
-0.6106031434610486
-0.6124625887189593
-0.6127214101143181
-0.6136718697536188
-0.6141287138064703
-0.6153158286586404
-0.617127897683531
-0.6178915724158287
-0.6195222288370132
-0.6198073939553329
-0.6200263914943207
-0.6205833571730182
-0.6209752410650253
-0.620989978313446
-0.6230615505150386
-0.6244033347815275
-0.6253054181042199
-0.6262666136026382
-0.6280836508210216
-0.6284572322749429
-0.6285635151102075
-0.6310927290469408
-0.6318392213433981
-0.6341353312933019
-0.6345868788659572
-0.6359301880002022
-0.639273546469797
-0.6398065239191055
-0.6406392361968756
-0.6417147934997856
-0.6417503015138208
-0.642206818397556
-0.6437500605659027
-0.646703063417226
-0.6481932609882884
-0.648424508748576
-0.6495145599173239
-0.6526624264993838
-0.6562707853071126
-0.6568124614655971
-0.6603090718388558
-0.6605214431881905
-0.660967009191356
-0.6615990449208766
-0.6623371965542901
-0.6681475713849068
-0.6690730436153403
-0.672545004907685
-0.6762851662933826
-0.6790115497831721
-0.6794027658179402
-0.6813352927565575
-0.6832559380148139
-0.6854021502658725
-0.6862248219549656
-0.6907155930995941
-0.694814325443336
-0.6951914796605706
-0.695278738439083
-0.6953843257256916
-0.6956689987065536
-0.6957113523450162
-0.6958473320967945
-0.6968974165086236
-0.6995995758101344
-0.7016330910846591
-0.702545656991424
-0.7092920180075453
-0.7113281365200237
-0.7197605902329087
-0.7216135362784067
-0.7231159753937391
-0.7234332883963361
-0.7269340087659657
-0.7285165563225746
-0.730018032802036
-0.73088596771413
-0.7316301638881365
-0.736356350282828
-0.7367992612398666
-0.7387865567870904
-0.739416333536307
-0.74043017004927
-0.7405388504266739
-0.7405935071408749
-0.7435751705938856
-0.744522670507043
-0.7482924175759157
-0.7505033301810423
-0.7513438851262132
-0.756196703761816
-0.7581547498703003
-0.7588823019371679
-0.7605904671363533
-0.7634649477899075
-0.7635203680644432
-0.7638392671942711
-0.7652660246045949
-0.7658693022612069
-0.7661024127155542
-0.7661162864416837
-0.7677602666274955
-0.7685714207589627
-0.7695905715227127
-0.7740338859813554
-0.774318731186213
-0.7790885485708714
-0.7824385315179825
-0.785013822093606
-0.7875043303768811
-0.7876036358731133
-0.7877564855319049
-0.7911718101240695
-0.7917496658861637
-0.793227668851614
-0.7950227111577988
-0.7997190247600278
-0.8017518136650323
-0.8020115025341511
-0.8029873174925645
-0.8030517124570906
-0.8033863518387079
-0.8034168615486124
-0.8036975211289246
-0.8045373604254564
-0.8061738992575556
-0.8068331256508827
-0.8099980021813988
-0.8102019280195236
-0.8105727194342762
-0.8114103878378955
-0.8115866035223007
-0.8135081043777367
-0.8139896952896379
-0.8153713068071132
-0.8159736167290248
-0.8171000649454072
-0.8176776841282845
-0.818318830919452
-0.8185756847262382
-0.8204678451875225
-0.8205726146697998
-0.8213707399787381
-0.8221020337659866
-0.8225532650947571
-0.8250619509199169
-0.8252930715680122
-0.8262717798352242
-0.8286340050399303
-0.8287971193591753
-0.8292275676503778
-0.8293569873397549
-0.8301884148269891
-0.8404866380733438
-0.8498577916296199
-0.8502287706360221
-0.8513732012361288
-0.8525811634957791
-0.8535116426646709
-0.8551387181505561
-0.8563417450059205
-0.8589753036697706
-0.862483968337377
-0.8641771924282823
-0.8646408361382782
-0.8683698942419141
-0.8698722295230255
-0.8786402012046892
-0.8795867403969169
-0.8796126743157705
-0.8798612554868063
-0.8831750537719927
-0.8847311543067917
-0.8880857483794292
-0.8898418302026888
-0.8917911015450954
-0.8937502894550562
-0.8947716560214758
-0.8959075957536697
-0.8964234747341834
-0.8976822948704163
-0.9041767353191972
-0.9108889129840665
-0.9143154708035581
-0.9157206512987613
-0.917044381795027
-0.92478000958051
-0.9253364900747935
-0.9263848443891524
-0.9284071113434038
-0.930060364305973
-0.9305726960301399
-0.9321334108826704
-0.940624069020123
-0.947592963774999
-0.9476020038127899
-0.9484166703128721
-0.9574973193396416
-0.9577786222410699
-0.9627868639305234
-0.9632262284867465
-0.9645686149597168
-0.967936834692955
-0.980831948419412
-0.9827340375632048
-0.9857728376373416
-1.000752218775233
-1.0098809357732534
-1.0170583575963974
-1.0229534842073917
-1.02712242025882
-1.031744362993373
-1.0331871509552002
-1.0453459341078997
-1.0534290404369433
-1.0665214955806732
-1.097780719026923
-1.109670266509056
-1.128291153633784
-1.144938560348237
-1.1649352014064789
-1.1704959470080212
-1.182466628223968
-1.1925747990608215
-1.2030784438053768
-1.212235634525617
-1.2361412942409515
-1.247908133159702
-1.2524793837219477
-1.2563408594578505
-1.2589474618434906
-1.2635328558584054
-1.2778703769048054
-1.2834233418107033
-1.283977116458118
-1.287588694676136
-1.2879344776272774
-1.2918321856850525
-1.317552573978901
-1.323852990443508
-1.333659552037716
-1.3428654534121354
-1.3440777858098347
-1.3588988795236219
-1.3686579624190927
-1.372103545232676
-1.3821012377738953
-1.3981562233918037
-1.4012538064271212
-1.4013309318572282
-1.4060343876481056
-1.416579931974411
-1.4182250928133726
-1.430855629965663
-1.448951539893945
-1.4801680149144627
-1.4858099989651237
-1.5352692753076553
-1.5436555178215106
-1.5541990573207538
-1.5715387267409824
-1.5725808683782816
-1.5733981455365817
-1.5802890751510859
-1.6172733049606904
-1.643858569363753
-1.6680154527227085
-1.6753296852111816
-1.6979007720947266
-1.7147011756896973
-1.718745470046997
-1.7230150550603867
-1.725701192393899
-1.7266004774719477
-1.7268191874027252
-1.7346863448619843
-1.7596821188926697
-1.7796893119812012
-1.8227505683898926
-1.8353378176689148
-1.8463123440742493
-1.8920633792877197
-1.8987484723329544
-1.9359145959218342
-1.9405501037836075
-1.9665071070194244
-1.984119862318039
-2.0070438442053273
-2.026644229888916
-2.0511041283607483
-2.1082652807235718
-2.121329367160797
-2.133929193019867
-2.1342716217041016
-2.142700970172882
-2.159327745437622
-2.201110005378723
-2.213810443878174
-2.22376549243927
-2.24568968922055
-2.28160906303674
-2.359072665373484
-2.42054346203804
-2.425047437349955
-2.4253078610636294
-2.499280651410421
-2.5687606695573777
-2.585767388343811
-2.5902994871139526
-2.5942893425623574
-2.6041827090084553
-2.623811721801758
-2.643475294113159
-2.7987499237060547
-2.8086139602819458
-2.8342947959899902
-2.900065027177334
-2.9062377512454987
-2.926517983277639
-3.0294432640075684
-3.0432533223356586
-3.0444526076316833
-3.046957364829723
-3.0476197354340306
-3.192483499646187
-3.2160356058739126
-3.6541695992151895
-3.658956464845687
-3.6717393309809268
-3.7883234918117523
-3.857881113886833
-4.16581805399619
-4.37417279795045
-4.527833104133606
-4.546248435974121
-4.845987628446892
-5.615114212036133
-6.080238580703735
-6.147831439971924
-6.962345123291016
-7.136373043060303
-7.480205297470093
-9.33289623260498
-10.396672248840332
