-0.0015041498991195112
-0.09969569105305709
-0.18147821094316896
-0.2147155796410516
-0.23402722389437258
-0.2606645356514491
-0.2692644518933126
-0.2832949007667291
-0.29960290611987667
-0.32172894838731736
-0.3529167520381244
-0.37228124621324243
-0.3789318675620355
-0.38467240188684726
-0.39556257240474224
-0.3966976377244767
-0.4128915367441045
-0.41476001450791955
-0.414824378862977
-0.4156135159234206
-0.41705223572041306
-0.42075198704454425
-0.4263370145810768
-0.4300108331455184
-0.4312184219597839
-0.4447250720113516
-0.4466108159685973
-0.447871271695476
-0.45510529083840084
-0.4557044911198318
-0.45788805339411326
-0.4595263466083755
-0.4622170132832885
-0.4662360608991649
-0.4719053258188069
-0.47532587528112347
-0.478522255201824
-0.4831619639880955
-0.4845778626622632
-0.48627544415998275
-0.49041906067180785
-0.49102143455735026
-0.4914266389927694
-0.49294589617504525
-0.4944868783932179
-0.49608040419924593
-0.4972784982994199
-0.5008654297562316
-0.5015097353607416
-0.5052270284439955
-0.5055013687039415
-0.5060687221586704
-0.5079418097933134
-0.5151914343503969
-0.5156158079626039
-0.5165792535663059
-0.517008272095284
-0.5203473020672045
-0.5280434139772946
-0.5281950606935425
-0.531355469673872
-0.5335911344409396
-0.5357909638831323
-0.5408518512558658
-0.5416104780894481
-0.5419259900227189
-0.542573951400118
-0.5433134999540117
-0.5438072552022181
-0.5447573776988205
-0.5471161015863929
-0.5483586682627598
-0.5495821240989384
-0.5568699452437853
-0.5653321780105629
-0.5667096991906874
-0.5687072653090581
-0.5697120659010992
-0.5709427974652499
-0.5709885485056374
-0.5743030839599669
-0.5743492517387494
-0.5782960356925341
-0.5804737309614817
-0.5817317736024658
-0.5823969623996728
-0.5865788589668227
-0.5895251510664821
-0.5927436189068591
-0.5981844193702273
-0.5997930917397348
-0.6009675158187747
-0.6018654949148186
-0.6035005717809933
-0.604643112903836
-0.6054568872787058
-0.6055459647128979
-0.6055542530491949
-0.6096371407016974
-0.6100839112419635
-0.6108634718693793
-0.6120944024167128
-0.615969579666853
-0.6167265751069424
-0.6206195229198783
-0.6223086681630876
-0.6281611335764735
-0.6287154227130876
-0.6288609027862548
-0.630774556090132
-0.632864939278079
-0.6344912465402948
-0.6374249734450131
-0.6376595832407475
-0.6381183667108417
-0.6389139385573799
-0.6395411379635334
-0.6399643807134663
-0.6409487710999591
-0.642517461351907
-0.6428656717580452
-0.645368430763483
-0.6460336411205233
-0.6467567004263401
-0.6479400214480443
-0.6480866436743073
-0.6506753679106781
-0.6518214052732758
-0.6529842622578144
-0.6551619723439217
-0.656243834272027
-0.6566634919674305
-0.6584921926259995
-0.6587589951232076
-0.6592687063384801
-0.6630058462421099
-0.6651519111224583
-0.6660595669278077
-0.6707508969120681
-0.672284677362768
-0.6728649090975523
-0.6747582675889134
-0.674960650401772
-0.6751113116430739
-0.6754587266594172
-0.6759772331632641
-0.6762720693805022
-0.6776823029387742
-0.68079289523038
-0.6841052876164516
-0.6861388077959418
-0.6893764670207424
-0.6904003866948187
-0.691086895391345
-0.6913463362004786
-0.6913750603795051
-0.6917834767852636
-0.693458668748423
-0.6951684426324695
-0.6960304920360394
-0.6976275802589953
-0.6998795199336504
-0.7000108699442839
-0.7022792119416408
-0.7040873308932143
-0.7108335234224796
-0.7138452541424029
-0.7171051321537771
-0.7172427462413907
-0.7181979628900687
-0.7214491678751074
-0.7231566956266761
-0.723969642072916
-0.7270718008512631
-0.7342454285681015
-0.7364095849916339
-0.7380365484527179
-0.7394336646422743
-0.745099724456668
-0.7453889772761613
-0.7474453231494408
-0.747995487600565
-0.7512376355506214
-0.754491709289141
-0.754506703466177
-0.7565181640287241
-0.759867289635374
-0.7630229174780349
-0.7666920762509107
-0.7670036170205673
-0.767278204485774
-0.7707209321088158
-0.7709739406903585
-0.7710989238720768
-0.7741043400019407
-0.7741153768923444
-0.775383710861206
-0.7758455223714312
-0.7790588408708572
-0.7802033848129213
-0.7841047286987305
-0.7927826152820336
-0.7932520049757191
-0.7961156326653307
-0.7963227390458709
-0.7990589670836925
-0.7994942739605904
-0.8024446992203593
-0.8033134702875812
-0.8035762116789835
-0.8036071260770162
-0.8073879582807422
-0.8075579623381297
-0.815523156689273
-0.8223611845169216
-0.8228632755577564
-0.8280870952488234
-0.8363685756921768
-0.8396057564144334
-0.8425650553156933
-0.8462732509942725
-0.8502342589199543
-0.8559086413636882
-0.856420770403929
-0.8569827803529244
-0.8575354084372521
-0.8661046711262316
-0.8668839130550623
-0.885308681242168
-0.8876494772007896
-0.8889651050170263
-0.8904994744807482
-0.8910779237436751
-0.8918643528595567
-0.8934101263061166
-0.9150799004004512
-0.9216902077198028
-0.9292559027671814
-0.9510022524278611
-0.9520255718380213
-0.953117273747921
-0.9558371427934617
-0.9705846039221797
-0.9711931167791287
-0.9734157613408266
-0.9827539150913557
-0.986204482614994
-0.9910954526729054
-1.002844664348751
-1.0134320160115229
-1.0192197766155005
-1.0212508589029312
-1.0258913387854893
-1.026217763312161
-1.0394588857331353
-1.0611370134633034
-1.0616207809738019
-1.0627678325981833
-1.0737197756767274
-1.076589122414589
-1.0802004229691293
-1.0810257382690907
-1.086558450537268
-1.0882947023026646
-1.0952753523985546
-1.1093017496168613
-1.1394903005566448
-1.1484064704272896
-1.1538051730021834
-1.1596418099943548
-1.1598463701084256
-1.1607352256774903
-1.1618165612453595
-1.1638504803413525
-1.1756442722398788
-1.1885110139846802
-1.199289155813555
-1.2075840891920961
-1.2491299243022997
-1.249647893710062
-1.264536523570617
-1.2739673753579457
-1.287833347916603
-1.3362944716936909
-1.3561110273003578
-1.3704102823976427
-1.3752496647648513
-1.385127130895853
-1.4288342662155629
-1.4328455708455294
-1.4472455953558285
-1.4624279650330816
-1.508727829437703
-1.5934829115867615
-1.6276052445173264
-1.65902578830719
-1.726811945438385
-1.7979226330207894
-1.8079780557503302
-1.8281134128570558
-1.8874414184441168
-1.9092418551445007
-1.912286343673865
-1.9343789028935134
-1.9786313109099865
-2.058084212243557
-2.0934578627347946
-2.1123212526241937
-2.171720504760742
-2.230450764298439
-2.23577265804488
-2.260308563709259
-2.3051908233513436
-2.3312186002731323
-2.410552017390728
-2.5360908806324005
-2.6255813699171995
-2.684054732322693
-2.9092601630836725
-2.9922662835524534
-3.025909824296832
-3.067484438419342
-3.082236091295878
-3.1283378526568413
-3.1606214307248592
-3.1759279172401875
-3.227877934773763
-3.246078888575236
-3.277379084378481
-3.42966628074646
-3.5615927378336587
-3.903097232182821
-3.9037304719289145
-4.126852400018834
-4.36363925319165
-4.82499361038208
-5.297901630401611
-5.786844253540039
-7.0054333209991455
-7.1817567348480225
-7.738463878631592
-7.776575565338135
-10.90099024772644
-10.961381673812866
-11.49078917503357
