-0.0651105884462595
-0.10550536627377606
-0.10966480301134719
-0.1166966607836782
-0.11905565937457141
-0.1307023433549884
-0.1413469947874546
-0.14229167505691293
-0.14303616908667513
-0.14682296042738016
-0.14747818342099586
-0.15285706986072578
-0.15295002308216524
-0.15914945181967874
-0.16278475693252403
-0.16330373842180868
-0.16871190235402678
-0.1687302761654012
-0.16924818020841206
-0.16969336097536142
-0.17554973938240437
-0.17637809778231409
-0.1822881376413404
-0.18290466925061896
-0.18842507592926266
-0.18846678319294535
-0.18859807484949231
-0.18877373642457174
-0.19919365607451514
-0.20120839574467805
-0.2045797550428168
-0.20527748856693506
-0.20676327815878418
-0.20906574543662898
-0.20983228017983493
-0.21155194749007933
-0.21664081757364329
-0.21795504938464463
-0.22094104841671652
-0.22130282078621719
-0.22147190152706267
-0.2234933230696091
-0.22413752392408084
-0.2248720183283911
-0.2277285799058957
-0.2292096803203794
-0.2307264898839397
-0.2354491786989254
-0.2516452255125235
-0.26074702189469934
-0.26206658739020994
-0.2906190740862204
-0.3086402154187549
-0.3226478155411314
-0.34177847941140904
-0.3622042238712311
-0.38695842498119043
-0.38879059966626195
-0.39766784871042343
-0.4025684992472331
-0.4154285219265148
-0.42322224169723033
-0.4398172803373788
-0.4491437468677759
-0.45555638169753365
-0.48530600911804606
-0.49321907928970177
-0.49412227277935017
-0.5004880778491497
-0.511126603724228
-0.5118785779923201
-0.5190828933409648
-0.5235166879215588
-0.5368907451629639
-0.5403749820543453
-0.5584973007935332
-0.5615620911121368
-0.5649210937321186
-0.5738714784383774
-0.5841548689204501
-0.5878658284200355
-0.5896352972486056
-0.5933769558970299
-0.5934628245674751
-0.6010150857764529
-0.6024763855449338
-0.6127964792928348
-0.6168562634182828
-0.619883522298187
-0.6221205602632836
-0.6237652878897886
-0.6304931211750955
-0.6325234926616152
-0.6345992162823677
-0.6360057391226291
-0.6376560524416467
-0.6531300498172641
-0.6634422987699509
-0.6694930101345692
-0.6752614812710538
-0.6807962712366133
-0.6811051991006191
-0.6815704498440027
-0.6837525456988564
-0.6906019088346511
-0.6906634364277124
-0.7009742779524198
-0.7019056488449374
-0.7051868534513882
-0.7081599999219179
-0.7183901489246637
-0.7191111847758294
-0.7214316435025206
-0.7321260806871578
-0.7461568497431775
-0.7469343169807241
-0.7513868040114176
-0.7566905163694173
-0.7589496520813555
-0.7728573380969465
-0.7837798700534871
-0.7879088854210244
-0.7972674511173474
-0.8002435412374325
-0.8012542627751827
-0.8114193752408028
-0.8115871010555161
-0.8117015082389116
-0.8169696074910462
-0.8184096049517393
-0.8190096862614155
-0.826652388398846
-0.8268839683849365
-0.8443454487714916
-0.864970623748377
-0.8689151146449149
-0.8799426544457674
-0.913313609414867
-0.9205691133392975
-0.9211940657761362
-0.9441716701469638
-0.9519583942989508
-0.9568810068070889
-0.9615553542971611
-1.0067695580422877
-1.0069816429167986
-1.00748406847318
-1.0482881423085928
-1.0608729889823332
-1.0717399641871452
-1.0718308708497457
-1.0781550998282101
-1.0783787530381233
-1.089403377313699
-1.0992206782102585
-1.1004651246799364
-1.1319297140464186
-1.139999570458063
-1.1484645083546638
-1.1500718858093024
-1.1526078422088175
-1.1779723163694142
-1.201305607367041
-1.2290542349219322
-1.2345928589680366
-1.2428845278918743
-1.2780518333117168
-1.3318980187177658
-1.3629384860396385
-1.3764934092760086
-1.3999994335962194
-1.4032540202140809
-1.4159067895263433
-1.4338743951171637
-1.4409243042270343
-1.460641563249131
-1.4688481589158375
-1.5043159623940785
-1.5326472520828247
-1.5400113413731258
-1.542840529854099
-1.551957258688552
-1.5837140083312988
-1.6857911745707195
-1.701697872641186
-1.7053131088614464
-1.7580186212435365
-1.8108315467834473
-1.868377974955365
-1.9078885366519291
-1.9523538686335087
-2.020604039231936
-2.095889094809536
-2.136459400256475
-2.1398866617431245
-2.19041573543412
-2.2339485201518983
-2.2722210194915533
-2.2879907935857773
-2.4645657539367676
-2.526034712791443
-2.935817174613476
-3.251838833093643
-3.352410078048706
-3.3753418065607548
-3.388017028570175
-3.5320296473801136
-3.819597840309143
-5.701836109161377
-5.961919069290161
-6.003089666366577
-6.165711164474487
