-0.001476865611039102
-0.08706179657019675
-0.11541500081657433
-0.11814049877122873
-0.142096838215366
-0.14910983647375056
-0.16477977926842868
-0.1853049550554715
-0.18782616926871828
-0.19075346998007653
-0.1981927470478695
-0.20013977906718436
-0.2037376846317245
-0.21364943857770413
-0.21719416856496154
-0.22200483828783035
-0.22549991123378277
-0.22558844885012755
-0.22685528070974997
-0.2301788402328384
-0.23529321825704896
-0.2388711366476491
-0.24321569345192984
-0.244219584109184
-0.24622972414363176
-0.24818521181005054
-0.25001912280761945
-0.2502283397479914
-0.2531207706015266
-0.25399809327675027
-0.2575572510249913
-0.2590519655670505
-0.2621998400136363
-0.26226839624411824
-0.26493756769559695
-0.26551339850993827
-0.26772804901864017
-0.27222372832572245
-0.27297038275615443
-0.2729928628716152
-0.27566541244159454
-0.27623321833787484
-0.2768714535382709
-0.2775603198626248
-0.27873803716566825
-0.28136402603122407
-0.28153066818105377
-0.2817708502225287
-0.2843513551779324
-0.2849527148269665
-0.28500208220529283
-0.28804530085956986
-0.28899876896840787
-0.29154924682701344
-0.29400412179529667
-0.29789418396641215
-0.299539173085941
-0.3012573919647063
-0.30829796625766903
-0.30914040037314405
-0.31173184572253376
-0.3128961945573489
-0.3133347175013193
-0.31360890871534747
-0.3156573999869196
-0.31661150695087953
-0.3170344128396691
-0.32233931694645435
-0.32245839418222505
-0.32512451050570235
-0.32858753624313974
-0.32995630213990806
-0.33729474452345376
-0.33743349043652415
-0.33815116752521135
-0.3401266827713698
-0.34182747078471276
-0.34203179909382014
-0.3422399840201251
-0.3471591472351814
-0.34909814371322107
-0.34953301190398633
-0.3496454954147339
-0.3505695468869389
-0.3513779539175125
-0.3529815976799
-0.35491494423088926
-0.3557441163575277
-0.35599075220266563
-0.35798890482328716
-0.35805610253009945
-0.35862334699441606
-0.36361763227198807
-0.36580772505840287
-0.36684505877783524
-0.36745652059714
-0.3678759443056252
-0.36818999411641723
-0.3682278745383134
-0.37305905871159795
-0.3761331907673074
-0.37648611169840607
-0.37792988447472453
-0.37913025725200505
-0.3795291333372006
-0.3812791271368042
-0.3846319425471225
-0.38671431452634614
-0.3870461584830826
-0.3874689617805416
-0.39381107334823656
-0.3954022523287373
-0.39620903310262495
-0.40043584955856204
-0.40253838601832587
-0.404414112563245
-0.408061152351244
-0.41268422453431414
-0.4132848735898733
-0.42043871856811976
-0.42054051610628246
-0.42094134606627953
-0.42214861236369383
-0.423188133786122
-0.4237842127680779
-0.4297044820019177
-0.43096708067293676
-0.4355900296664913
-0.436699470737949
-0.4367947636002844
-0.4426133685046807
-0.4426934932358563
-0.4427434355951846
-0.4485624010208994
-0.4513658913589704
-0.4553976877489024
-0.4597009372276564
-0.46471790701616555
-0.4648837731219828
-0.46721257362514734
-0.4702916687820107
-0.4703196482732892
-0.47321295699601673
-0.4743924886453897
-0.4746778884436935
-0.4762019072141912
-0.47737611779011785
-0.4784488333389163
-0.47945313695818187
-0.4836673682762517
-0.48582314362283796
-0.48932243673334597
-0.49037003599537105
-0.4920255498960614
-0.49482477280414766
-0.4967856457870867
-0.4973615316674113
-0.4993570215068758
-0.501103394292295
-0.5011204580465952
-0.5028254294302315
-0.502949662390165
-0.503421811800864
-0.5043709721649066
-0.5052910668426194
-0.5054472731426358
-0.5090512998285703
-0.5099274959389327
-0.5105413085315377
-0.512576264468953
-0.513416601344943
-0.5141922814422287
-0.5146434682731827
-0.5167017241939902
-0.5186904788549457
-0.520439269579947
-0.5213628667406738
-0.5225369716580543
-0.5242953002970252
-0.5275105617009104
-0.5330225780877905
-0.5336140581406653
-0.5462467266867558
-0.5465118939056992
-0.546776016419042
-0.5472764258272946
-0.5492490684347493
-0.5506790059929093
-0.5566700818017125
-0.5628990844739342
-0.5629978971555829
-0.5666583942947909
-0.5694013588363305
-0.5715828957036138
-0.5726785823769335
-0.5800486703713735
-0.5885197276042567
-0.5890660583972931
-0.5892925426430468
-0.5933099409448914
-0.5942076968827418
-0.5943698430589089
-0.5993734640651383
-0.6111708191456273
-0.6117407830121616
-0.6126469874288887
-0.6133152940310538
-0.6148208414088003
-0.6201166687533259
-0.620916886670914
-0.6216658492838698
-0.622493777947966
-0.6235183429283401
-0.6239842399954796
-0.6274339634352751
-0.6294654234467695
-0.6377800973132253
-0.6380952192204339
-0.6396715467174848
-0.6452051745611243
-0.6539107443698283
-0.6565423657302745
-0.6582107187381813
-0.6644459409289993
-0.6668979682144709
-0.6687956206234438
-0.6704718415276147
-0.6732044455794883
-0.674360843807725
-0.6766809771458308
-0.6772365036886185
-0.6817063664396604
-0.6907501310342923
-0.7089901218582368
-0.709087710827589
-0.7110724277445115
-0.7119635748676956
-0.7133798531223354
-0.7143008659726807
-0.718443373750363
-0.7251647764351219
-0.7263577103614807
-0.7266450843308121
-0.7292330011259764
-0.7309387329468419
-0.7481529768556356
-0.7489965558717293
-0.7490619991440326
-0.764083351008594
-0.770054966211319
-0.7738062052056194
-0.778775987082294
-0.7845534920692444
-0.8032108866443325
-0.8045737672131509
-0.8057405636645854
-0.8239166767646869
-0.8396230104990536
-0.8448981635544138
-0.8489286550320685
-0.8548023611307144
-0.8568615888555845
-0.8602515518665313
-0.8622422575950622
-0.8849384488227466
-0.8894580155611038
-0.8977514604727427
-0.9382103011012077
-0.9401699155569077
-0.9510220788652077
-0.9921294930391014
-1.0057453662157059
-1.0188490251700084
-1.02367574442178
-1.0360099462171395
-1.0407903725281358
-1.056752870324999
-1.0625755763612688
-1.0651065806547801
-1.076661474595312
-1.0777185849313224
-1.0787964311561413
-1.0986816459335387
-1.1018575340509416
-1.1083844058448449
-1.1126992244971916
-1.1131650190800428
-1.1146857507992536
-1.1243240026136239
-1.1334775667637587
-1.1737829161187012
-1.1770259767770768
-1.221516448771581
-1.229690544307232
-1.2313431600729625
-1.2672554590875127
-1.360281590372324
-1.3895798449714978
-1.410036519228015
-1.446005791425705
-1.4772345951447885
-1.503052443265915
-1.5275726914405823
-1.600559115409851
-1.6203803022702534
-1.6627999185584486
-1.674278426449746
-1.720567874610424
-1.7441659471951425
-1.828584887358981
-1.85066619515419
-1.8668127954006195
-1.8820227459073067
-1.917825439479202
-2.1557459328323603
-2.164391804020852
-2.369889691879507
-2.8631531819701195
-2.9072558972984552
-3.1085866764187813
-3.2830071006319486
-3.3759739804663695
-3.4984235763549805
-3.621609801950399
-3.796789526939392
-4.209855291526765
-4.48334241786506
-5.9544219970703125
-5.957611560821533
-6.039380073547363
-6.594273090362549
-6.850635528564453
-9.259100914001465
-9.661267280578613
-10.028316497802734
