-0.002183436183258891
-0.042645505722612144
-0.04609617746124665
-0.14063192717731
-0.16211606709839543
-0.17259695380926132
-0.1981866430100386
-0.20695641525089742
-0.21600293616453806
-0.244547405546265
-0.24884230891863504
-0.2757675278931856
-0.283011436345987
-0.30545564570153755
-0.34832213213667274
-0.35131997312419116
-0.36533877352485433
-0.3747419059276581
-0.3755748300172854
-0.3916631329804659
-0.39353233464062215
-0.3945834084879607
-0.403491484267371
-0.4053414205671288
-0.40701181090636446
-0.42249685279758914
-0.4281191397458315
-0.430572679421554
-0.4341295298654586
-0.43471961963223293
-0.4348311885925276
-0.4354750345082721
-0.43796873453538865
-0.43826458835974336
-0.441225859709084
-0.44360157862926525
-0.4535559243005183
-0.45421183086000383
-0.4542891571822111
-0.45504943126191694
-0.4577077953144908
-0.45866889007447753
-0.46258357629890917
-0.46302852215012535
-0.46683822435766664
-0.4724213885143399
-0.47408082123313633
-0.47519755343673753
-0.47876382632862907
-0.4797269992879592
-0.4806430786848068
-0.48192465072497725
-0.48223753087222576
-0.48341267241630703
-0.4859833640512079
-0.49131392664276063
-0.49230022860733286
-0.492404484643802
-0.4940611047713901
-0.4966027158079669
-0.5033433377742768
-0.504871824322941
-0.5070777613048753
-0.5079623623751104
-0.5097325447843306
-0.515958645225813
-0.516948647423851
-0.5180288549098704
-0.5186975204352555
-0.5201014067104552
-0.5203892045621095
-0.5221445832479125
-0.5246975018332402
-0.5261161430152478
-0.5264303624474754
-0.5268900784172325
-0.5280966917489422
-0.5289933044353828
-0.5295862483658961
-0.5303551984298974
-0.5328217891355356
-0.533269687613938
-0.5353702030011586
-0.5360014749318361
-0.5387310156909128
-0.5389338037348352
-0.545149113368243
-0.545236698291437
-0.5455232716381683
-0.5466133048240509
-0.5498523301941112
-0.5508616738331814
-0.5521984908609064
-0.5522146632687913
-0.552595937642036
-0.5526701666414737
-0.5539496162254364
-0.5542681339365017
-0.5545265083246005
-0.5564178165638752
-0.5568813110391299
-0.5577279368881136
-0.5577843121386
-0.5580163206905127
-0.5591350634737561
-0.5593896072823554
-0.559590883353459
-0.5596841180464253
-0.5651130168698728
-0.5661904959008097
-0.5663552404827593
-0.5676337193165507
-0.569187123212032
-0.5709617633701247
-0.5718773752450943
-0.5726470342940755
-0.5731620490235704
-0.5738685028627515
-0.5740746170523818
-0.5742179531828567
-0.5745436454191803
-0.5747323238423893
-0.5755975621577818
-0.5792375029996037
-0.5809180762153119
-0.5816292928531765
-0.5823700376786292
-0.5824502926178476
-0.5827506287954748
-0.5833837352693081
-0.5843896015601999
-0.5849765139864758
-0.585578219432916
-0.5863488313158692
-0.5882031444537764
-0.5882140100002289
-0.5913800724249866
-0.5918018949273068
-0.592278903303668
-0.594117371737957
-0.5944104105345525
-0.5957096592922296
-0.595998065918684
-0.5960362895391882
-0.5962360450532287
-0.5972054287170371
-0.5985458872901896
-0.5996125474775909
-0.601474104449153
-0.601806191727519
-0.6021260250478614
-0.6023820827964906
-0.6039268364896998
-0.6043370671437255
-0.6047993689620247
-0.6049715758611759
-0.6052013712935149
-0.6062092991417338
-0.6064968283288181
-0.6089224769966677
-0.6093389742179878
-0.610293414676562
-0.61188436136581
-0.6125972117297351
-0.6127559177451379
-0.6127862039049012
-0.6136596159517972
-0.6136834248900414
-0.613915094267577
-0.614011575186882
-0.6148798071779311
-0.6151273269206285
-0.6154864923891556
-0.61607811125842
-0.6179534257663524
-0.6204345806036144
-0.6205667482689023
-0.6206431468682629
-0.6209638727499017
-0.6228469416382723
-0.6234247776912525
-0.628176953876391
-0.6295680471812375
-0.6310601395125559
-0.631207762674118
-0.632299674488604
-0.6324631869792938
-0.6326617244586277
-0.6329864887520671
-0.6349590024910867
-0.6357649136944019
-0.6363668417195893
-0.6379453463235003
-0.6384638389572501
-0.6384943645447493
-0.6387888849480078
-0.6393332468345762
-0.6401907503301724
-0.6414057928359398
-0.6424977339978796
-0.6429340375301157
-0.6448527284199372
-0.6459339157567898
-0.6477559200720862
-0.6484481145938238
-0.6490012275106791
-0.6491365854938825
-0.6499219235032797
-0.6527418553829193
-0.6553718454035168
-0.6575889184272715
-0.6579556293785572
-0.6581569978050539
-0.6585238227313052
-0.6598604669173559
-0.6612082513747737
-0.6615330553340755
-0.661752294562757
-0.6618798573811849
-0.6623307149508036
-0.6636681724007109
-0.666752965003252
-0.6668705093166367
-0.6670047096882222
-0.6678235773928464
-0.6712571304524317
-0.6729822854200999
-0.673536366265681
-0.6737531281874648
-0.6764053629012778
-0.676485446592172
-0.6773234952918508
-0.6773651669231745
-0.6787551241926849
-0.6791808249221908
-0.6793713150545955
-0.6799810636374686
-0.6821219307991365
-0.682157403905876
-0.6834826692007482
-0.6835228129057214
-0.685167365348088
-0.6853121299063787
-0.6872727125883102
-0.6915590893477201
-0.6918778520654693
-0.6928326534107327
-0.693216913310203
-0.6949608392373193
-0.6960407319478691
-0.6962182058819703
-0.6981099513359368
-0.6986961336289015
-0.6997696980834007
-0.7012476056697778
-0.7031540767289698
-0.7033804297447205
-0.7052577740512789
-0.7052619916697344
-0.7065749594126828
-0.7148925225871304
-0.715127358213067
-0.7162777672987432
-0.7167750934604555
-0.7171863198163919
-0.7182794317603112
-0.7189237006469225
-0.7205489096905742
-0.7248699638352264
-0.7253335192799568
-0.7289515094307717
-0.7293733432888985
-0.7308932060508856
-0.7333343216450885
-0.734123008325696
-0.734958798935016
-0.7355422438097025
-0.7392711172310206
-0.7395082087063327
-0.7395453117787838
-0.7403540822677315
-0.7431241081884274
-0.7440063981339335
-0.7446987455644246
-0.7448768317381936
-0.7460361635053737
-0.7484242501192387
-0.7503152873832732
-0.7510913505425884
-0.7543988903718335
-0.7545975718724852
-0.7561019137501717
-0.762316273059696
-0.7625739022623748
-0.7647233058784255
-0.7722431953685979
-0.7745839333316932
-0.774864458401377
-0.775415700674057
-0.7765223393216729
-0.779084467916705
-0.7793289940390322
-0.7814410090446472
-0.7815679308758783
-0.7834972470882349
-0.7847365043902149
-0.7852802959581217
-0.7864761496843446
-0.7873314139898866
-0.7881016663566698
-0.7899044999291867
-0.7906029783189297
-0.791125929603974
-0.7929346220884731
-0.7983051682600663
-0.8024463066831231
-0.8052341416478157
-0.8053828018018976
-0.8056818584445864
-0.805805010808399
-0.8110147706232965
-0.8123297989368439
-0.8166193979093805
-0.8211474474519491
-0.8214292600750923
-0.826147522777319
-0.8299778352491558
-0.8319403640925884
-0.8350052652414888
-0.8357262723147869
-0.8357845562998027
-0.8366806723975709
-0.8389793632086366
-0.841111741002856
-0.8498805033175612
-0.8576800571754575
-0.8659929677378386
-0.8680337570969843
-0.8685000712672869
-0.8717473735515442
-0.8727989519635836
-0.8731716938316822
-0.8752223561362674
-0.8770283964928239
-0.8814931121887639
-0.8870358343369195
-0.8958620058372617
-0.9049738358007744
-0.9140053082664963
-0.9177340403354416
-0.9280657393392175
-0.9306515917181969
-0.9321198411285877
-0.9335190253332257
-0.9476628238335252
-0.9518956429092214
-0.9678205996751785
-1.012917016632855
-1.014133177464828
-1.0150692969560624
-1.0195332914590836
-1.0311117530446094
-1.0325781114399433
-1.036591798067093
-1.0391589662991465
-1.072271707157294
-1.092335699333085
-1.106247560121119
-1.1112894332036376
-1.117355485757192
-1.1226405270397664
-1.144028993944327
-1.1816460713744164
-1.1940215850869815
-1.2499291524291039
-1.2624804535880685
-1.2633060241738956
-1.2686480283737183
-1.288477897644043
-1.2915447656996548
-1.292734611663036
-1.2957919438680012
-1.3229439267888665
-1.3436060912208632
-1.3480481555064519
-1.3587681101635098
-1.4469041526317596
-1.4551904201507568
-1.4689929510156314
-1.4888064861297607
-1.5450529257456462
-1.5450999860962231
-1.6192509134610493
-1.6324419304728508
-1.724163144826889
-1.8655467629432678
-1.877396027247111
-1.906961977481842
-1.9318923652172089
-1.934201329946518
-1.9399166703224182
-1.9779772460460663
-1.981229305267334
-1.9950123131275177
-2.0110190187891326
-2.0171043439380205
-2.0789053440093994
-2.2537804543972015
-2.261991448700428
-2.305745951831341
-2.321783428390821
-2.3515570163726807
-2.449355363845825
-2.519893206655979
-2.79413840174675
-2.8779239654541016
-3.0379905700683594
-3.0658929347991943
-3.1805875301361084
-3.2831581830978394
-3.437627039849758
-3.5334794111549854
-3.66935795545578
-3.7835142016410828
-4.012572199106216
-4.1470663249492645
-4.251771926879883
-4.466129302978516
-5.56746768951416
-7.20231294631958
-7.900628089904785
-8.768247604370117
