-0.15094598066061735
-0.22191923360029855
-0.3788818512111902
-0.48697965157528716
-0.4973025193903595
-0.5022467582894024
-0.5360843106172979
-0.5463611145193378
-0.5605814826578416
-0.5843292134296563
-0.5949039729312062
-0.5961497047985042
-0.5972981988178456
-0.6017550018581527
-0.6037625900849148
-0.6040825412908036
-0.609589659422636
-0.6198017030422177
-0.6202296240512153
-0.6211470687312299
-0.6274936603106283
-0.6460602303434696
-0.6526828468979701
-0.6587520397200327
-0.6641814977462802
-0.6661584114448892
-0.6666432619094849
-0.6734849725348445
-0.6783270214994749
-0.6794186249747872
-0.6804289661813527
-0.6849497799761594
-0.6853458568310509
-0.686745339135329
-0.689036230246226
-0.6902073783800006
-0.6920608580112457
-0.6940214564402898
-0.6986227140296251
-0.7107218223708597
-0.7121048486636331
-0.7134409379214048
-0.7167930845661383
-0.7223448136910087
-0.7296384423971176
-0.7313445968410144
-0.7326536221487914
-0.7363891047425568
-0.7365511078387499
-0.7378201255924068
-0.7392196579787292
-0.7416494284232613
-0.7521403017030521
-0.7549160212449926
-0.762634905741403
-0.7636986382305622
-0.765622399840504
-0.7815279592573643
-0.7834456488490105
-0.7850832069292665
-0.7914346093311906
-0.7957834750413895
-0.8094605844467878
-0.813294910825789
-0.8148740385659039
-0.8236998971551657
-0.8356621861457825
-0.8590335408225656
-0.8615243474021554
-0.8619533417347286
-0.8792442615247436
-0.8839011006057262
-0.9408354935003445
-1.0050900562200695
-1.0629378377925605
-1.1300612347057233
-1.1479230153781828
-1.1769192516803741
-1.1889997273683548
-1.249973177909851
-1.263637699186802
-2.0738228025875287
-2.1768588423728943
-2.266152799129486
-2.2838261425495148
-2.359631620813161
-2.4329095631837845
-2.8400822639465333
-2.845969282556325
-3.5101630687713623
-3.881467035661141
-4.098815679550171
-4.170294931779305
-4.447421153386434
-5.449924576561898
-5.6273698806762695
-6.308562278747559
-6.7501630783081055
-7.474905967712402
-9.024228572845459
-9.975522994995117
