-0.0018828060710802674
-0.0034249733046938977
-0.009270783513784409
-0.016377816442400217
-0.01732436550082639
-0.038320192601531744
-0.03975792398947912
-0.06706941034644842
-0.09166887775063515
-0.09379720687866211
-0.10241265594959259
-0.10834074765443802
-0.11986284516751766
-0.13176815832654634
-0.14034720013538995
-0.17256920598447323
-0.17503073159605265
-0.1873142357217148
-0.19945404616494974
-0.21840746002271771
-0.22228349912911655
-0.2250592177733779
-0.22602811435769712
-0.22977003464475274
-0.23536104869708652
-0.23812825977802277
-0.24611318511888386
-0.24638585939205118
-0.2476144417654723
-0.2483101518203815
-0.263574302829511
-0.2667594701051712
-0.27139142183586956
-0.2783388659358025
-0.28409576416015625
-0.28805404901504517
-0.29307430679909885
-0.29653053637593985
-0.29726677880143354
-0.30021548284372934
-0.3009947003796697
-0.3039532813376614
-0.3083589398302138
-0.31061063185334203
-0.311238351868707
-0.31145008640702476
-0.3140563525791679
-0.3148454996802944
-0.31673562357900664
-0.31932541922501784
-0.32319108583033085
-0.3235024050984066
-0.3238668381714628
-0.3243738211791164
-0.3258141627535224
-0.3309263143843661
-0.3387327256302039
-0.3388208138756454
-0.3431709361175308
-0.3436819107404777
-0.3448297674853907
-0.34776927791535855
-0.349060616123357
-0.3510977911448572
-0.3569879552349448
-0.3579799303098116
-0.3598312750831246
-0.36359504134452436
-0.3644578071814197
-0.3648639898747206
-0.36505530152798576
-0.3653213418303774
-0.3670028916094452
-0.37084966874681413
-0.37167104789987204
-0.37379179126329964
-0.3753543424420059
-0.37537018512375653
-0.3756662451034774
-0.3763692810732339
-0.3776953650638461
-0.37818310456350446
-0.37941829544595546
-0.37965422201835153
-0.37980429794212495
-0.3799497399450047
-0.3801630710043425
-0.3821402123673276
-0.38328179920790717
-0.3841078948462382
-0.3867827070256074
-0.3895863158570137
-0.39030264196917414
-0.39181972402730025
-0.3944856323715713
-0.3952100158979495
-0.39609502726105145
-0.39621358745872776
-0.39642028438443644
-0.3973605634178966
-0.39804028533399105
-0.3986491068637023
-0.3992105254848652
-0.401266358482341
-0.40298221027478576
-0.40396051583811643
-0.40447336040799403
-0.40457960218191147
-0.4047912157451113
-0.4049564345246729
-0.40919408601158386
-0.41015267007010564
-0.41097636675436255
-0.4161855771871112
-0.4169873761794796
-0.41847346210852265
-0.4185848255680564
-0.4194120092317462
-0.4196231118316064
-0.42681422103972483
-0.42708087945356965
-0.4296686121479769
-0.43225377399474385
-0.43378384904935957
-0.43419099699531216
-0.4353947266936302
-0.43758515890416066
-0.43863745584067976
-0.4405765797090008
-0.44259634222835303
-0.4443816986012583
-0.4466677339281887
-0.4477201766712824
-0.44810708046246034
-0.4489882302004844
-0.45037372689694166
-0.4516355109620182
-0.4546118171678649
-0.4576709769666195
-0.45809131058760816
-0.4586910560557788
-0.45951581352434506
-0.4597322072304846
-0.459956855153187
-0.46087701507374357
-0.4622490408597514
-0.4644220591607419
-0.4653687044564221
-0.466631328188149
-0.4680824765107698
-0.4684186950325966
-0.4685808286216343
-0.46865175664424896
-0.4706916412937322
-0.4717157421286886
-0.4718206395084659
-0.47451824350799954
-0.47521880710124165
-0.47775623090565206
-0.4780943121967821
-0.47934935204684737
-0.48158292775042355
-0.4837595624461149
-0.4838551533408463
-0.4857205033798076
-0.4866276617200735
-0.4877092705891383
-0.4884212758624926
-0.48850142510075656
-0.4914208762347698
-0.4919835568871349
-0.49216387793421745
-0.49347759888041764
-0.4936993307977294
-0.4940069488657173
-0.49557441025972365
-0.49697700949036516
-0.4989825830478886
-0.5041439824716164
-0.5043771367054433
-0.5075391467294789
-0.5079869440911958
-0.508099995298835
-0.5092429906129837
-0.5103065222501755
-0.5103141444269568
-0.5124229763168842
-0.5129402487461144
-0.5136476402985863
-0.5160365769639611
-0.5160660856461619
-0.516091121523641
-0.5168740946566686
-0.5183958890400111
-0.520409126370214
-0.5212839829425017
-0.5219686295992384
-0.5221385978162288
-0.5221761497668922
-0.5223305115941912
-0.5223957116366365
-0.5224812788655981
-0.5231313690077514
-0.5271277216573557
-0.5283625641139225
-0.529185109800892
-0.5294238456602519
-0.5310405901788423
-0.5329912842975723
-0.5332684754393995
-0.5356587833569696
-0.5377446183203054
-0.5388953564688563
-0.5398517396533862
-0.541718625629853
-0.5444327493508657
-0.5457016577323278
-0.5488013469277777
-0.549314102018252
-0.5515453983521597
-0.5563693118747324
-0.557912333868444
-0.5588507622649724
-0.5599719065241515
-0.5601009602348009
-0.5601891234650144
-0.5615396503126249
-0.5620743602242632
-0.5623324810527265
-0.5627925594647726
-0.563038417941425
-0.563734672891979
-0.5655037744203583
-0.5680232632698284
-0.569654375576647
-0.5718355948571116
-0.5725301053607836
-0.5731213104445487
-0.575764050707221
-0.5758839616089397
-0.5778716609088911
-0.5798515948699787
-0.5811912499900375
-0.5812471582155142
-0.5869909054599702
-0.587616227256755
-0.588420682620684
-0.5884560660459102
-0.5901614618487656
-0.5932893346529454
-0.5958490273582616
-0.597967348061502
-0.5999608540336009
-0.6015793468492726
-0.6031716648431029
-0.6032909120299986
-0.6037019643001258
-0.6043780989712104
-0.6079920614170583
-0.6108085107989609
-0.6123032852774486
-0.612828762474237
-0.6145851611425834
-0.6174558661878109
-0.6184518535155803
-0.6198322648997419
-0.6242206779619058
-0.6244875136762857
-0.6251921447401401
-0.6271090142428875
-0.6273146840089577
-0.6292928270995617
-0.6331450914343199
-0.6424730502896838
-0.6435008789412677
-0.6477300962782465
-0.6502399661578238
-0.6517629101872444
-0.6537472896277905
-0.6546395615441725
-0.6565413302076715
-0.6594497561454773
-0.6594985840609298
-0.6614193511195481
-0.6654656842971841
-0.6670669987797737
-0.6698948083794676
-0.6703634871693793
-0.6736476809971712
-0.674214222910814
-0.6754219038827743
-0.6762164938928825
-0.6768544084495969
-0.6785092754289508
-0.6798434918746352
-0.682218151477476
-0.6828711007838137
-0.6859401254332624
-0.6877589786425233
-0.690815222391393
-0.6914099213770695
-0.6921656940015964
-0.6938220542770895
-0.6966632241674233
-0.7038939042786996
-0.7055538572371006
-0.7070601695595542
-0.7076420734326044
-0.7096835609991103
-0.7123042606472154
-0.7130858885415364
-0.7130903460085392
-0.7140770950354636
-0.7207697991204137
-0.7215851224958897
-0.7286323569068271
-0.7291666639503092
-0.730679864808917
-0.7308071874082088
-0.7314024465417283
-0.7344113254875992
-0.7350055083370535
-0.7361805302090942
-0.738296368974261
-0.7393427251113786
-0.7405466934045156
-0.7413609042497618
-0.7424070839537308
-0.7450715106512819
-0.7472171187400818
-0.748989942134358
-0.7500306842848659
-0.7508720383048058
-0.7510750719165016
-0.7514030759145195
-0.7514846933643438
-0.7518416560022161
-0.7523963738765035
-0.7540696497474398
-0.7542699518057311
-0.7554383433191105
-0.7558972142636776
-0.7589228341045479
-0.7596743968980653
-0.7625195440996322
-0.7720455876163518
-0.7751511960232165
-0.7753497386972109
-0.7786843227472023
-0.7802966676652432
-0.7805813610248151
-0.7807260727775949
-0.7811118059649339
-0.7849891721270978
-0.7856331169605255
-0.7906726227374747
-0.7908496912568808
-0.7923838215776615
-0.7943219418327013
-0.7970995716750622
-0.8009102634678129
-0.8038599565625191
-0.806220053578727
-0.8073613749196132
-0.8089695258273019
-0.8090551197528839
-0.8096048128125923
-0.8107849933273558
-0.8123808247702462
-0.8140951618552208
-0.8197197479506334
-0.8250640098315974
-0.8269335329532623
-0.8269806892688697
-0.8275770156644284
-0.8293872865449105
-0.8309132123055557
-0.8313303291797638
-0.8333963844925165
-0.836228302877862
-0.8378829131834209
-0.8381373265292495
-0.8422639015396791
-0.8426659446486156
-0.8437445908784866
-0.8438789251522394
-0.8466863188514253
-0.8475212479631106
-0.848295119125396
-0.8503582240344258
-0.8517038255929947
-0.8591290182201192
-0.8593925479799509
-0.861084371805191
-0.8621549674353446
-0.863557855039835
-0.8667398914694786
-0.8693638811172504
-0.8715672975522466
-0.8766685846660819
-0.8768028121752044
-0.8788948926376179
-0.8790664187233362
-0.8799660262496521
-0.8805658679505411
-0.8817054018662829
-0.89107581866639
-0.8924049064517021
-0.8942253926264433
-0.8955889648447434
-0.8961773722299508
-0.8969478752050135
-0.900338544161059
-0.9033885542303324
-0.9035724196583033
-0.9042698240705899
-0.9080202516634017
-0.9098439819312522
-0.9115625110765299
-0.9126925489399582
-0.9156126262620091
-0.9193750829435885
-0.9207993112504482
-0.9246745018754154
-0.9281094327113047
-0.9288208652287722
-0.9346606377512217
-0.9351239054230973
-0.9448296987335197
-0.9542130422705668
-0.9605711969280881
-0.9618426524102688
-0.9680029104153315
-0.968114938645158
-0.9741881307214498
-0.9766329601407051
-0.9837814939208329
-0.9941087812185287
-0.9983844043953078
-1.014077397994697
-1.0216172007203568
-1.024451191071421
-1.0260604936338495
-1.026606148481369
-1.0269423342309891
-1.0270318258553743
-1.0288053274154663
-1.0358595200814307
-1.036749864462763
-1.0371695160865784
-1.0466479121896555
-1.0516382586210966
-1.0683776959776878
-1.074111983180046
-1.0762816365808248
-1.0850852901348844
-1.0869478187523782
-1.0870469899382442
-1.0882498230785131
-1.0947105894680136
-1.1057073697447777
-1.1139158606529236
-1.1246382489800453
-1.127977166324854
-1.1294451281428337
-1.133396178483963
-1.1358431191183627
-1.1400236383390923
-1.1567490297369658
-1.1663445755839348
-1.1747302282601595
-1.1752952679991722
-1.178321825961272
-1.1817127399456997
-1.1917195156216622
-1.1978423595428467
-1.219800904393196
-1.224422054598108
-1.2259739702567458
-1.2329574829898775
-1.2396215265616775
-1.24563666600734
-1.2503324039280415
-1.264208962128032
-1.268619020935148
-1.2738328337669373
-1.2766969710588456
-1.288608330488205
-1.2930822471777599
-1.2962037026882172
-1.3011159747838974
-1.3019315665587783
-1.308001274863879
-1.3094152150442824
-1.3097612626850605
-1.316731126313763
-1.3230534834271697
-1.3459776267409325
-1.3484283238649368
-1.3776156902313232
-1.3947130292654037
-1.3951442129909992
-1.448416855186224
-1.4821855028470357
-1.491015937179327
-1.4911036845296621
-1.5026339907199144
-1.5509945508092642
-1.574203908443451
-1.5831165884931881
-1.5833858946959178
-1.5884591862559319
-1.6029037892876659
-1.6056887860177085
-1.643343597650528
-1.6749624187747638
-1.7014675736427307
-1.709804892539978
-1.7561304966608684
-1.7751871101208963
-1.8091950045200065
-1.8190800802161295
-1.84012820571661
-1.8726173043251038
-1.8985271453857422
-1.9142247041939602
-1.9644247144460678
-1.9927300016085308
-2.0073214173316956
-2.0384661071002483
-2.046898846204082
-2.0789631605148315
-2.081034588317076
-2.0948010087013245
-2.099394202232361
-2.1037817001342773
-2.116922438144684
-2.1857238486409187
-2.205052375793457
-2.2217264845967293
-2.277631071396172
-2.335468292236328
-2.3490969240665436
-2.3655553952751993
-2.3730800868943334
-2.3885137513279915
-2.4633445739746094
-2.5411293800571
-2.5517737100211284
-2.6340084969997406
-2.6389293440928063
-2.6716636195778847
-2.7167792320251465
-2.7638295888900757
-2.8377515077590942
-2.881392002105713
-2.917952850461006
-3.0668929193052463
-3.2301936596632004
-3.246669805375859
-3.25013467669487
-3.25901460647583
-3.2758916169404984
-3.3654322624206543
-3.366687297821045
-3.3904887122043874
-4.281065464019775
-4.350222110748291
-5.650209903717041
-6.847322940826416
-9.10311508178711
-9.167863845825195
-9.276094436645508
-9.510364532470703
