-0.00010552654443548211
-0.004655831027776003
-0.009265830119450888
-0.030936575222085594
-0.04215519395302181
-0.0584430654158723
-0.061788287333911285
-0.06479341799194457
-0.07443285566599418
-0.07837577387025314
-0.10132423602044582
-0.12874013409599172
-0.13435889376384175
-0.14163583044862094
-0.1452800296080698
-0.14763764590816209
-0.155874214076808
-0.15600343961268665
-0.16959027107805014
-0.1746522039654792
-0.1766726277807417
-0.17681946564698592
-0.19154740537631482
-0.19154887219332295
-0.2100992954801427
-0.21113510542426692
-0.21364457019944894
-0.21530032917182654
-0.21678027996092625
-0.21941002658713843
-0.22120076572753078
-0.23514235526090488
-0.24522384973242878
-0.24577776722136
-0.24669338031928748
-0.24733583039293686
-0.25047881123775745
-0.25268042609095576
-0.25911048391133135
-0.25927361042526453
-0.26224843339281845
-0.27115360280729417
-0.27158873875207895
-0.27171215679500166
-0.27393711166220985
-0.2764330332813856
-0.2805840404923856
-0.2824548796401132
-0.2833650566376816
-0.288086965461801
-0.288843615664421
-0.28945316808919114
-0.29212460058407275
-0.29418218575624955
-0.29421419908338464
-0.2950247274069885
-0.2951445262774036
-0.2957873424747959
-0.2963412092732532
-0.2967032412125121
-0.29818951117868603
-0.2999022245122344
-0.30094735194870736
-0.30238420048928155
-0.3051905990432715
-0.30590436695016543
-0.3084753854200244
-0.3095637431912118
-0.311895014822926
-0.3131410924470117
-0.31374039756281036
-0.3146227294148376
-0.3165785537779672
-0.31673909289632574
-0.3177216049932302
-0.3184786774436148
-0.3191417627191792
-0.3199306938331574
-0.3222436285697465
-0.3222815413028002
-0.3226569213696975
-0.322851380000836
-0.32318317708559335
-0.32350414391419235
-0.32351283915908197
-0.3237845357274466
-0.3245201832654756
-0.3250315997205462
-0.3256521672010422
-0.3258886020899205
-0.3258916966927422
-0.3264237554056888
-0.3267940172033074
-0.32851258959592794
-0.32960521711747176
-0.3318293564286868
-0.33283053016199915
-0.33283149299676945
-0.3341617504265173
-0.33482089793540126
-0.33533532002295574
-0.33546106701638695
-0.33575591642873676
-0.3369692681042795
-0.3369998802130188
-0.33738033603002293
-0.3374851670489079
-0.3379973633127378
-0.3383941729035642
-0.3399667940765745
-0.3421324912756063
-0.3424148739068187
-0.3428725821731824
-0.34396488605850095
-0.3462738812571036
-0.34775447348753613
-0.34979188036714326
-0.3507534386590123
-0.352337844716385
-0.35265848292116125
-0.35338539507106603
-0.355005684948992
-0.3559106026775794
-0.3565636571263724
-0.35667273706920566
-0.35722405042570504
-0.35814104541347547
-0.3582192130218516
-0.3604093540634305
-0.36048161477909463
-0.3607497019547736
-0.36095882661373124
-0.36243103197516446
-0.36246569534042483
-0.36371425233249155
-0.3637404054170423
-0.3639692233409619
-0.3648557084961542
-0.36554360162052846
-0.36810070276260376
-0.36839734232686605
-0.36903957743197047
-0.36920967641406793
-0.3698737170197954
-0.3699943247206796
-0.370414820998641
-0.370685264089704
-0.3718682557033996
-0.3751663987964535
-0.37522153290046134
-0.3767148676394397
-0.3769238820532337
-0.3780343721313722
-0.3795113811542655
-0.38038726409216006
-0.38153898606669323
-0.3818109135415047
-0.3826304761605428
-0.3830399548387362
-0.38307487176709026
-0.3848358685208808
-0.3848564168890789
-0.38975726847106584
-0.3918068007591715
-0.39207711929312455
-0.3935521913943052
-0.39358599738853917
-0.3946493134368211
-0.39523478764022
-0.39743482171425376
-0.39750253409831726
-0.39875269681215286
-0.39989100041258563
-0.4000681195757238
-0.4015557023902095
-0.4018352081378301
-0.4028074252550141
-0.4029140804583828
-0.40320541793738585
-0.403459194170052
-0.4039231141502374
-0.4045617516618222
-0.4060231615876191
-0.40604606955311057
-0.40668442873917665
-0.4076208177139004
-0.4080425983527675
-0.40804619971955364
-0.4080719599150966
-0.40808972214451145
-0.4086349287244957
-0.4098376507269184
-0.4110381971850039
-0.4118380007954809
-0.4118936160682678
-0.41214274379549565
-0.4132314929166512
-0.4134914272206548
-0.4136623277195862
-0.41382293260862624
-0.41393808893625844
-0.41482923676570255
-0.41593576249616
-0.4162840084648321
-0.4164455546196564
-0.41669201377821063
-0.417097552413387
-0.4171311029421929
-0.41797290648946966
-0.41816722361836584
-0.4191389582119882
-0.41967690489254894
-0.41992611940950153
-0.42024178451133465
-0.4205702893169863
-0.4220446626568375
-0.4234319252893329
-0.4239967456785128
-0.42486919721121125
-0.42786764238758224
-0.42948786081331036
-0.4294884684495628
-0.42965789538718013
-0.4308394639519861
-0.4310862643644214
-0.4324340976309031
-0.43351263695084136
-0.4344006595565304
-0.4345686733205159
-0.43615915725240484
-0.43622103769198717
-0.4380181453746315
-0.43866049869683366
-0.43918860936537385
-0.439970003666042
-0.4401819551493986
-0.4406989253132321
-0.44153550924318097
-0.44219569039996004
-0.4422297204534213
-0.44337325136874595
-0.44527085580064935
-0.445408570787145
-0.4472186886826594
-0.44842089246958494
-0.44890034135896334
-0.4508010679855943
-0.4514949367847237
-0.45211207530356506
-0.45320666292293765
-0.4532363082592686
-0.4537934621183857
-0.4543548384564815
-0.4586432498569195
-0.4589248485794696
-0.4595451222266888
-0.45961064324363576
-0.46057458259165285
-0.46060185618698596
-0.4629181400047225
-0.4635133522562683
-0.4674859717837421
-0.473184725723695
-0.4755159728229046
-0.4764569308276115
-0.47661332855932415
-0.47712442974901886
-0.47874955205697917
-0.4788420763594218
-0.4800110695740351
-0.4804365994770908
-0.4814444206713091
-0.4820140120524646
-0.48219282856807694
-0.48334390421708423
-0.4844002031410734
-0.48597211204469204
-0.4872720764949861
-0.48826672478268546
-0.4897042243974094
-0.49089816201011444
-0.4914887518105388
-0.49235568138828256
-0.49365109786028444
-0.49380596466362475
-0.49463247768580915
-0.49600674544918394
-0.49647553265094757
-0.4992253401183656
-0.5011411927536452
-0.5013183739022874
-0.5015893803909364
-0.5082774745820492
-0.5103565131753827
-0.5114140481523698
-0.5117725869291462
-0.5153096802532673
-0.5153367136476845
-0.5154013870708241
-0.5174802778201268
-0.5193292536886626
-0.5199400416264931
-0.5206280436573757
-0.5243733456979195
-0.5250599637161599
-0.5266464283808351
-0.5291580202057901
-0.5296372603435364
-0.5322945711813674
-0.5346813091697287
-0.534760284051299
-0.5365061461925507
-0.537564415617713
-0.5386231793085395
-0.53943634051829
-0.5431761053623632
-0.54438941330378
-0.5462237021033616
-0.5473591010086238
-0.5476580741815269
-0.5493878126144409
-0.5496090407896695
-0.5520187018118605
-0.5531626295298337
-0.5534131219610572
-0.5538999898147138
-0.5544259899008185
-0.5553280844220093
-0.5569348807136217
-0.5579631554169787
-0.5593752082851198
-0.5603755679912865
-0.5607168856076896
-0.5643821155652404
-0.5649885201009207
-0.5658164593494601
-0.5662866499131067
-0.5663792817620447
-0.5686115978984049
-0.5698343882603305
-0.5699215414132937
-0.5718916520476341
-0.5758827354758977
-0.5763534696565734
-0.576761776065041
-0.5769880368995169
-0.5777205081121792
-0.5792989264409698
-0.5805380658712238
-0.581557858735323
-0.5833481673230381
-0.5871791739133186
-0.5885836430825293
-0.5895610433071852
-0.5900819622911513
-0.5942530989646911
-0.5952136427164078
-0.5964979463153415
-0.5975316770374774
-0.5984199873288162
-0.6011265510387567
-0.602713006362319
-0.6047675385489129
-0.6053441226482391
-0.608717801864259
-0.6108146564414104
-0.6124382670968771
-0.6166004544240422
-0.6196961626410484
-0.6197858423925936
-0.6213437198870712
-0.6223470226861536
-0.6242561440447503
-0.6248366672078305
-0.625214752741158
-0.6261923785490732
-0.6312355931316104
-0.6377047232041756
-0.6400745275894337
-0.6424714773476288
-0.6430498275905847
-0.644458394497633
-0.64542196393013
-0.645507888602359
-0.6467391846380934
-0.6475605157413611
-0.6485802192085733
-0.6533104846253991
-0.654528415373837
-0.655105946585536
-0.6555627090856433
-0.6565650086849928
-0.6571060835703975
-0.6577338415808782
-0.6582696968689561
-0.6614756568334996
-0.6618566018130098
-0.6621891843775908
-0.6658708035224014
-0.6675422021320888
-0.6677911120930844
-0.6683424532141847
-0.6688451835895345
-0.6699411477893591
-0.6708477691779535
-0.6731200460344553
-0.6788908947880069
-0.6790879260714064
-0.6808879362939327
-0.6830697860568762
-0.6832361020817188
-0.6836616655926784
-0.6913205633560816
-0.6932327873073518
-0.6948481790379333
-0.6982953816652298
-0.6995111756026745
-0.7002396062016487
-0.7004185100751263
-0.7070322229992598
-0.7081747958436608
-0.7101005790755153
-0.713764688372612
-0.7171995576471091
-0.7188144059230884
-0.7190855702966701
-0.7191307276487351
-0.7250136068711678
-0.725029245018959
-0.725147222833974
-0.7295600902289152
-0.7297315686941147
-0.7334620109759271
-0.7375347688794136
-0.7388884799364254
-0.739051545659701
-0.7413567949086428
-0.7426323619112736
-0.7432770451079704
-0.7435229480266571
-0.7437666847060124
-0.7444676518440246
-0.7456793636083603
-0.757516839674541
-0.7592087276279926
-0.7623556653658549
-0.7667738807698091
-0.7718623951077461
-0.7726671745379766
-0.7745070594828576
-0.7776252776384354
-0.7782632261514664
-0.7792310323566198
-0.7828226834535599
-0.790435872040689
-0.7909527071751654
-0.7921751752495766
-0.8055634796619415
-0.8093190155923367
-0.8099437803030014
-0.8146960161626339
-0.8190420285931655
-0.8221396383328283
-0.824734186132749
-0.8269057013094425
-0.8304652869701385
-0.8341684662424086
-0.8364199090283364
-0.8382215797901154
-0.8421202915487811
-0.8430959263816475
-0.8445979685833057
-0.8485774057917297
-0.85063748810497
-0.8517899625003338
-0.8529543199460022
-0.8591351237520939
-0.8609935786575079
-0.8632358270032066
-0.8663460612297058
-0.8667548702381153
-0.8688451630462494
-0.8708203388378024
-0.8756677585188299
-0.8764750426635146
-0.8777872379869223
-0.8825619963463396
-0.8865094681580862
-0.8869396327063441
-0.893709808588028
-0.8948398552214106
-0.8951480189959208
-0.8974764988358531
-0.9034797949716449
-0.9056703414244112
-0.9153739176690578
-0.919107335476383
-0.9249457980476876
-0.9301030035712756
-0.9326625469140708
-0.9334090564932142
-0.9359636101871729
-0.9401108945787655
-0.9452599376672879
-0.9478339850902557
-0.9484795983880758
-0.952496194280684
-0.9567179611573616
-0.9754982944577932
-1.0040578365325927
-1.0041163265705109
-1.0057882868374388
-1.006326597133011
-1.0089944680701592
-1.0155323043072713
-1.0215173078080018
-1.0338533123334248
-1.0351144323746364
-1.0383282699622214
-1.0422800071537495
-1.043806292116642
-1.0661081969738007
-1.0902825875817541
-1.1145627243677154
-1.1162301550308864
-1.1223610093196232
-1.1266433665005025
-1.1447151054938633
-1.144808645049731
-1.1516220370928447
-1.154988560282315
-1.1791348059972127
-1.184183031320572
-1.1867198919256527
-1.1900452971458435
-1.1929104526837666
-1.205671193699042
-1.2061216135819752
-1.2119286380087335
-1.2130818168322246
-1.2154208233890433
-1.2230008840560913
-1.2294627875089645
-1.232824943959713
-1.2355207204818726
-1.2537270928387443
-1.2760953620697062
-1.2782828211784363
-1.2835501432418823
-1.2912350296974182
-1.2929531286160152
-1.31638602912426
-1.3187763690948486
-1.3247555593649547
-1.3399288654327393
-1.345157504081726
-1.3457380086183548
-1.4050555378198624
-1.4212182760238647
-1.4452735800296068
-1.4567898030703266
-1.46554696559906
-1.470098078250885
-1.4935418055392802
-1.5212721278270085
-1.525653600692749
-1.528979405760765
-1.5304631888866425
-1.5507066274682682
-1.552219197154045
-1.575161375105381
-1.5918104811571538
-1.6075290814042091
-1.6157831033554733
-1.623792969621718
-1.652638390660286
-1.6594238821417093
-1.6599299510320027
-1.664050777753194
-1.6731015630066395
-1.7302595376968384
-1.736758828163147
-1.7488296329975128
-1.7655595541000366
-1.8052951097488403
-1.8262677919119596
-1.8309990167617798
-1.8487356305122375
-1.854986653196799
-1.921187937259674
-1.9404615759849548
-1.959009826183319
-1.9728669673204422
-1.9955285475589335
-2.0657593607902527
-2.1148327897923687
-2.1185915952082723
-2.256699524819851
-2.275465711682017
-2.329046845436096
-2.3428056088377787
-2.4165440272772685
-2.5484564304351807
-3.4516717495813887
-3.5957033038139343
-3.7562968134880066
-3.965582549571991
-4.198508262634277
-5.649633541703224
-5.704162060905219
-6.00234842300415
-6.025022983551025
-7.684028625488281
-9.072078704833984
