-0.00016246732775471173
-0.030941073782742023
-0.041638528009311164
-0.04317374686555316
-0.0685598317795666
-0.07765232596429997
-0.11894557904452085
-0.14418986146726334
-0.1903972200912644
-0.2212332950439304
-0.22479084274858574
-0.2397794770768087
-0.24000303831417114
-0.2532305773347616
-0.2543173630256206
-0.26085965015171164
-0.2699710474423935
-0.2711054425337352
-0.27201203373260796
-0.28169869674002257
-0.2867019767872989
-0.2984218970273754
-0.30045842591373784
-0.3006731756031513
-0.30785914976780426
-0.3098923094570637
-0.31098311091277536
-0.31380663874169623
-0.31589093938468976
-0.3206494666511671
-0.3231382974319988
-0.32407469159225
-0.3315546168014407
-0.33279186055005994
-0.33393084435973674
-0.3340036877063916
-0.33879271894693375
-0.3392262166978959
-0.3433189963564343
-0.34415298352386375
-0.34710130769436265
-0.34890328330220655
-0.3502571673118382
-0.35482540853666933
-0.35509667270525824
-0.36024502106981043
-0.36190423093972235
-0.3619329773604022
-0.3626377241521873
-0.36606105665365857
-0.3666791994508137
-0.3716962618323473
-0.3720955080011663
-0.3721148526787551
-0.37346631898928634
-0.37409699499175986
-0.3746683659730479
-0.37673733507074303
-0.37747197449207304
-0.3797455027233809
-0.38015218340190887
-0.38026978727430105
-0.38282376498668064
-0.38574326755338006
-0.38917143496305473
-0.3910538654629004
-0.3928614174780835
-0.3943903495643386
-0.3969322053017095
-0.3970964302619298
-0.39778008534371373
-0.39906064212555065
-0.40175678838083867
-0.4022863254067488
-0.4025405603955733
-0.4029763051205211
-0.40374957933090627
-0.4051298384102766
-0.4116808858400743
-0.4143467551730282
-0.4144514361331757
-0.41621383445130455
-0.4167638518786892
-0.4182766319976913
-0.4192304015219527
-0.41955196580533993
-0.4213219958037371
-0.4215689306547574
-0.42165380323098767
-0.42177814606111497
-0.4237714709105113
-0.4249465900606343
-0.42578857962507755
-0.4296713403891772
-0.430712837816423
-0.43112841336147134
-0.4334028844202224
-0.4407324695161411
-0.44461711989715696
-0.44692965076925856
-0.44734437818018097
-0.4479600773192942
-0.44828594471619
-0.45208136891892536
-0.4521143432466488
-0.4552248665923899
-0.456755714234896
-0.46048816448698443
-0.4628478377726424
-0.4662533022987191
-0.4675678782923906
-0.469690353423357
-0.4738517280202359
-0.47491473462790823
-0.47944493332906857
-0.4826935293868928
-0.48271522191353144
-0.4867740901453154
-0.4895563849153135
-0.490007006693405
-0.49168648005330134
-0.4924317022014293
-0.49365706942626275
-0.4938110301051946
-0.495873538351648
-0.5014180155470968
-0.5023762050317601
-0.5031331828795373
-0.5055113942797951
-0.5067712576594203
-0.5070165717039572
-0.5125871928674834
-0.5133651021496917
-0.5140591636300087
-0.516969803568579
-0.5211030334234238
-0.5234962038693084
-0.524276596494019
-0.5246098915889661
-0.526259852630119
-0.5266938114708121
-0.5272395512187359
-0.5276320918108633
-0.530869316114279
-0.5313195358695728
-0.5326678370059069
-0.5327952048807804
-0.5354557869335016
-0.5381514210667875
-0.5385297228183065
-0.5416142222937197
-0.5419828083318458
-0.5442549394959185
-0.5450013567294393
-0.546350508573596
-0.5474798347180089
-0.5477680309654716
-0.5478277941251041
-0.5511284898966551
-0.5516521630010435
-0.5521002808818594
-0.5522150417576389
-0.5534758483690388
-0.5552674812376305
-0.5574991907018961
-0.5575117076526416
-0.5576438983795621
-0.5592307087863446
-0.562269646115601
-0.5636693750324816
-0.564020007615909
-0.5644102450860373
-0.5645334289542266
-0.5682100652573774
-0.569753756997834
-0.5715796478092671
-0.5718549973675441
-0.5722388342643777
-0.573321351967752
-0.5735811771824956
-0.5768543959383048
-0.5779515893664211
-0.579328095028177
-0.5805481241217681
-0.5814917631427913
-0.5817876347043947
-0.5824176373425871
-0.5825948384808726
-0.5841329743518144
-0.5883699821715709
-0.5907423741494616
-0.591166036358724
-0.5980505808773968
-0.6021378833150569
-0.6032275382707927
-0.6034278453298612
-0.6075554180092045
-0.6079718508990481
-0.6084760734136746
-0.6136491661891341
-0.6147548702473824
-0.6153569114394486
-0.6155148443669595
-0.6175972593715414
-0.6202801589841127
-0.6218595242207812
-0.6219456778489985
-0.6228670059004798
-0.6282526620663702
-0.6349804880252728
-0.6369634185102768
-0.6379275136138715
-0.6399943640455603
-0.640466409327928
-0.6410219191263119
-0.6412189980968833
-0.6433299158169474
-0.645600053636978
-0.6479485385482096
-0.6482731400711701
-0.6530312485190044
-0.6531309748016711
-0.6619682454814514
-0.663382736603833
-0.6641823270409886
-0.6677047073142603
-0.6677471964309613
-0.6680509224275334
-0.668264929638726
-0.6770234478663042
-0.6775673480024125
-0.6816663241220845
-0.6879854104248807
-0.6897220756858587
-0.6914224103093147
-0.6921257705141145
-0.6937243282794953
-0.694835801642057
-0.6956340501084923
-0.7008237797353003
-0.700902810443141
-0.7011756454467104
-0.7015634899726138
-0.7021366519129515
-0.7022506249033742
-0.7054534539743145
-0.7071357890704854
-0.7088947734329849
-0.7127912163734436
-0.7129787458623469
-0.7170790097519557
-0.7199916892971557
-0.7206088804772922
-0.7258810224787643
-0.7278458020383758
-0.7307593416422605
-0.7446756434316436
-0.7448848262429237
-0.751218798259894
-0.755046208575368
-0.7637040620429616
-0.7640366684499895
-0.768254866451025
-0.7695984032005072
-0.7713627911538684
-0.7775400055882832
-0.7783098326674788
-0.7788493899230767
-0.7798845259258087
-0.7832445833009842
-0.8085631967289373
-0.8160046525299549
-0.8163082376122475
-0.8195037585683167
-0.8199666943459306
-0.8255104205338284
-0.8300220634788275
-0.830224272236228
-0.8326237681758357
-0.8376822280806664
-0.839779899622954
-0.8398669511079788
-0.8398915480356663
-0.8443947489315178
-0.8459657026687637
-0.84903867803514
-0.8493560680373256
-0.8573951808114847
-0.8598997318651527
-0.8605022272095084
-0.8644240736612119
-0.8664832911030813
-0.8819412612015185
-0.883969821035862
-0.8860165415597814
-0.8862694758427097
-0.8896848156073247
-0.8942498356103897
-0.8973681405186653
-0.9011999908951112
-0.9042800927251976
-0.9087591839488596
-0.9107020566239953
-0.9114707573316991
-0.9249042933806777
-0.9270795558889707
-0.9301756754517555
-0.9310923734446988
-0.937064240021365
-0.9483746824386928
-0.9563770517706871
-0.9595133575610817
-0.9619140733033419
-0.9644457640630814
-0.9696602523326874
-0.9731944679764898
-0.9775471069983074
-0.9780285947102433
-0.981348986690864
-0.9854553224784988
-0.9890431512147189
-0.9920060158707201
-0.9939523907378316
-0.9999995559453965
-1.0022508619731525
-1.0083693395634847
-1.0097002533264459
-1.0107852453365922
-1.0192060402284067
-1.0220316413324326
-1.0252601781061716
-1.025420449305481
-1.0267670787870884
-1.0284927427768706
-1.0459350235760212
-1.0574928051792085
-1.0584694405552
-1.0684377810684964
-1.0725066930366058
-1.0752217443659902
-1.0784069497603923
-1.0821027564925316
-1.09680508938618
-1.1021189838647842
-1.1147783927541848
-1.116519520127137
-1.1297669844546665
-1.1311061156447977
-1.1427255515009165
-1.1445052868997057
-1.1470022193259664
-1.1489295006807272
-1.1490325103513896
-1.1565357865183614
-1.1597720328718424
-1.160335433979829
-1.1609598635566525
-1.1624401418181758
-1.1879252903163433
-1.1962874087912496
-1.2069570213556289
-1.2276766639616754
-1.238202398746378
-1.244933018833399
-1.245503621796767
-1.247521044952529
-1.2570023799004655
-1.2595684627691905
-1.2628798646231492
-1.2657721999567002
-1.275253692176193
-1.2752906555930774
-1.2794688052575414
-1.2863729123233094
-1.2987136472430494
-1.3166827167483461
-1.3193797576350335
-1.320043732606185
-1.3432167211547494
-1.358575081186635
-1.361663681268692
-1.3661539340391755
-1.366324477735907
-1.3883309241384267
-1.390083309262991
-1.3924446970340796
-1.3966979682445526
-1.4027524143457413
-1.4084898481766384
-1.4124334692955016
-1.4289744060176115
-1.4309050093094509
-1.4351366159855388
-1.4403457188047468
-1.443518544935311
-1.4493273864500225
-1.450184329500189
-1.4507932209409773
-1.4581085033714771
-1.4582114715594798
-1.470264881849289
-1.5026761277928018
-1.5162503430619836
-1.5226572704102312
-1.5414884686470032
-1.5649624653160572
-1.565718438476324
-1.5692767078677814
-1.5706517399288713
-1.578003560192883
-1.5792673855321482
-1.5825787086505443
-1.5826681364948552
-1.5994460047222674
-1.60709148645401
-1.6217095758765936
-1.6233549267053604
-1.6267095552757382
-1.6362984744482674
-1.6544495411217213
-1.6627324223518372
-1.6631932854652405
-1.6707449103705585
-1.6830706353764981
-1.6858461958666642
-1.690123051404953
-1.7141985247532527
-1.8042540294700302
-1.8108390271663666
-1.8330706503863137
-1.8401166048521798
-1.8580598896175313
-1.865115912631154
-1.917417427583132
-1.9263539623158674
-2.0085407321341338
-2.0288003670672574
-2.0347463437356055
-2.0428770212456584
-2.065319816271464
-2.1019561972934753
-2.105101963650668
-2.194514491246082
-2.2010312229394913
-2.21722499281168
-2.2235069274902344
-2.282631516456604
-2.3283868419627347
-2.329082727432251
-2.3790637254714966
-2.4307351112365723
-2.4515953063964844
-2.469322681427002
-2.6230603948934004
-2.6424450874328613
-2.647153995310267
-2.7361010193344555
-2.801455169916153
-3.0235232217237353
-3.115084904129617
-3.1379238395311404
-3.381310587283224
-3.6815656516700983
-3.8818986415863037
-3.9494082927703857
-3.9555885791778564
-4.503835439682007
-4.536057710647583
-4.829096794128418
-4.853686332702637
-5.010094404220581
-5.064168691635132
-5.117366361286258
-5.4856226444244385
-5.503770112991333
-8.191532135009766
-9.097069263458252
-9.152286529541016
-10.212366104125977
-11.40613079071045
