-2.5748875486897305e-05
-0.005539115169085562
-0.007714979352385853
-0.015917589946184307
-0.026260634884238243
-0.0313156321644783
-0.039174464688130683
-0.04742752715052726
-0.05843929913161056
-0.0700501741575863
-0.07216185896431852
-0.07224387858311981
-0.07229478191584349
-0.0738185599911958
-0.07596470788121223
-0.07598340802360326
-0.08285194527221999
-0.08462040106031862
-0.08908341399364872
-0.08990119648660766
-0.10052760224789381
-0.10830643843073631
-0.11199475459216046
-0.11374211606259148
-0.11737034097313881
-0.12217237738659606
-0.1312398012948203
-0.13230245051090606
-0.13324803128570137
-0.14313474730442977
-0.14604993937246036
-0.14868387261522004
-0.15162208007313893
-0.15470715271076188
-0.15942351238118135
-0.16161876645249626
-0.1620137543635792
-0.16313173437326137
-0.1657686134800315
-0.1725806176352004
-0.1764826692912417
-0.17699953801153848
-0.18206430567443022
-0.18599880733277782
-0.18605545194877776
-0.1877327539405087
-0.19335909706673451
-0.19707743133039912
-0.20682377112098038
-0.20699823407412624
-0.20963823050260544
-0.21174362967495755
-0.21192936689185443
-0.21752966791391373
-0.2178464740383788
-0.22091480438913486
-0.22095922691126665
-0.22364475681549972
-0.2256185135451637
-0.22573724598623812
-0.23545238375663757
-0.23597226745914668
-0.236565461975988
-0.23710163519717753
-0.24233056761440822
-0.24344958800174937
-0.2448391425423324
-0.24566698633134365
-0.24612213679938577
-0.24662631803325244
-0.2467308749561198
-0.24847906523306543
-0.2499399364925921
-0.25026060035452247
-0.250363160791393
-0.2508606272749603
-0.2559644390363246
-0.25831947522237897
-0.2584048453718424
-0.2604440735896268
-0.26268842837089323
-0.26392843158894475
-0.264276821121166
-0.26572526029776783
-0.2669466148217907
-0.26792630246685195
-0.26845547432700795
-0.27240126420344624
-0.27698466600850224
-0.27742172353984124
-0.27810893558974686
-0.2788881566375494
-0.28408489198449793
-0.28458972621592693
-0.28532352050145465
-0.2912922929681372
-0.29243517345166764
-0.2935006383631844
-0.29386605754261835
-0.2941249264570485
-0.2948372547980398
-0.29615394985303284
-0.29769308483228085
-0.2981820607286257
-0.29918699804935994
-0.30022931859712115
-0.3009757894673385
-0.3021303502221902
-0.3022937114195277
-0.3023623003294536
-0.3031651299760496
-0.3042501878535404
-0.3043576044895287
-0.3054052784112476
-0.30704410903854296
-0.3081641476933977
-0.30912057810564875
-0.3133228636230342
-0.31335773356840946
-0.31405183692954275
-0.3149412757398643
-0.3166727822390385
-0.3172849788914189
-0.3178590511282285
-0.3183665204375178
-0.32226225765480193
-0.3223869975385912
-0.3224462885827961
-0.32254563737660646
-0.3230199496267687
-0.32476050315090105
-0.32579200466473895
-0.3261114759204377
-0.3312417519147857
-0.3357042688200154
-0.3357058502068477
-0.3362372136907652
-0.33648609814117664
-0.33771309739677235
-0.3389539324794896
-0.3397751886077458
-0.3408929928937141
-0.3418118482869532
-0.3425151342858693
-0.34286737369257025
-0.34322186341159977
-0.3439329593325965
-0.3463296093796089
-0.34648153454893166
-0.34707137262116056
-0.3485482962247548
-0.3522767293046248
-0.35392625480744755
-0.35595406263746554
-0.3572509805301458
-0.35874995899050394
-0.3604974802195405
-0.36076516918838025
-0.3613765035290271
-0.36231720145918767
-0.3624897914705798
-0.36344266168695566
-0.36358210863545537
-0.3637462724465877
-0.3640557514845568
-0.36436079679988326
-0.36690420418744907
-0.36699760364717804
-0.36873766903105815
-0.368842289629457
-0.36897003998456057
-0.369020951745744
-0.36931308939820157
-0.3694526717037661
-0.3696645866584731
-0.37009715804431054
-0.3706397178611951
-0.37113422208598684
-0.371769136399962
-0.37266353402131547
-0.37286617196098504
-0.3741794042289257
-0.3757396824657917
-0.3769890644471161
-0.3771791619614565
-0.37779723613057287
-0.3783318779290615
-0.37950157813934815
-0.38483279654756186
-0.38584016046176356
-0.38735928682477344
-0.38821326231991404
-0.3883136454387568
-0.3905566986924147
-0.3905936062571224
-0.3912188468966633
-0.391753816336859
-0.39180044836497735
-0.39232645005131417
-0.39309866172977936
-0.3940903345501283
-0.39444651366211475
-0.394449032493867
-0.3952785494038835
-0.39544952849921955
-0.39739217417627515
-0.3977705773836028
-0.3981641083955765
-0.39910110272176097
-0.4004019184387289
-0.40045786132283795
-0.40097544802119955
-0.4012199119156321
-0.4016216078598518
-0.40171255787330057
-0.4028084835084883
-0.4033756374847144
-0.40458559431135654
-0.4050779866649666
-0.4057758969720453
-0.40605965291615576
-0.4076665222610245
-0.407773873458306
-0.40870560880575796
-0.4098894745911821
-0.40989920155455667
-0.41081700222899337
-0.4116495259925081
-0.4117138856672682
-0.4119988573448999
-0.41232659240575653
-0.41256990875117483
-0.4126198259738671
-0.4129876290215179
-0.413391329996687
-0.4141249466645402
-0.41461719919203055
-0.41470921855652704
-0.41495475976709995
-0.41513713071536684
-0.41548510640859604
-0.4166263148246799
-0.41719048902450595
-0.41869850917282747
-0.4203415017774595
-0.42070445956196634
-0.4218586679448241
-0.42242063175945077
-0.4226718943391461
-0.4242413587891956
-0.42541162053239534
-0.42564569626535687
-0.4262990535383946
-0.4285458317317534
-0.4295633594239397
-0.4302281445125118
-0.4302440904559464
-0.43098835258278995
-0.43144360209246063
-0.43237713754642754
-0.43458333797752857
-0.43496872286777943
-0.43579847724564996
-0.4365167467663663
-0.43708339768151444
-0.43709643552493715
-0.4371944108279422
-0.4372695023484994
-0.43800116260536015
-0.4383170102456851
-0.4394215907041843
-0.4401440038863156
-0.4410912915773224
-0.443019166123122
-0.4430437219229394
-0.4433241554739652
-0.44347553947591223
-0.44363070132676513
-0.4450792036950588
-0.44514475150832106
-0.44676939929195214
-0.4473594654817134
-0.4473651616458988
-0.44750174917446983
-0.4478891131700948
-0.4483596608042717
-0.4486337129007249
-0.4496918629655348
-0.45045500242267733
-0.4508557945327515
-0.45144954876741394
-0.45164447640127037
-0.45183605747297406
-0.45408676777151413
-0.45555665367282927
-0.45561340831482083
-0.45712330403168583
-0.45724117479403503
-0.4577660251941
-0.45831829248927536
-0.4596794506224493
-0.4598308307977277
-0.4598477604865496
-0.460424829641572
-0.4631771352391557
-0.463296705391258
-0.46723224167653826
-0.46739607215858997
-0.4675182517808439
-0.46759246552193706
-0.46761637225022745
-0.46800092914296937
-0.46865941007854417
-0.469215961371514
-0.46944834700940796
-0.47058510459319225
-0.4716293978660057
-0.4732126331422478
-0.47337481207954546
-0.4748681117521806
-0.47767270494174835
-0.47779151478316634
-0.478179174521938
-0.4784570904739667
-0.4795097704710705
-0.4797271443142866
-0.4798311006525182
-0.48058628663420677
-0.48195293666185535
-0.4832337969845092
-0.4852348522299194
-0.48677021428966327
-0.48729184065014125
-0.4880712757946859
-0.4888587812397418
-0.4906837893213378
-0.49070089671295136
-0.490984624872605
-0.49116804606746883
-0.4916862499085255
-0.49249038146808743
-0.49288145210205886
-0.49420209650415925
-0.49444400684701073
-0.4955413012765348
-0.4962250556796789
-0.4964149856629471
-0.4974575977772474
-0.4979182169190608
-0.5005618147552013
-0.5018096864805557
-0.5026803752241124
-0.504214340733597
-0.5044852721039206
-0.5051150529907318
-0.5055326229776256
-0.5067947631080946
-0.5072269754665386
-0.5073140737028249
-0.5079851001501083
-0.5094030218731079
-0.5116225364618003
-0.5133621433051303
-0.5139368221001781
-0.5147822071583226
-0.5161591117023764
-0.5178509675897658
-0.5189673663634393
-0.5191010416407759
-0.5191561578669481
-0.521528304554522
-0.5235376023609812
-0.5235705178929493
-0.5267476669645735
-0.5281279171124424
-0.529098548671408
-0.5297044070992762
-0.5336593594790126
-0.5341854207217693
-0.5351342510432004
-0.5353691241936758
-0.5360426575768672
-0.5360991513201346
-0.5367427197698917
-0.5370241816039197
-0.5372612147766631
-0.5379139605356613
-0.5379288904368877
-0.54101021818351
-0.5411662582288651
-0.5431929314841649
-0.5434988266788423
-0.5449780618978871
-0.5451544510313021
-0.5461550095584243
-0.5462537575513124
-0.5470566649196876
-0.5472666602193689
-0.5472710171756758
-0.5477062170393765
-0.5482686054892838
-0.5493869015248493
-0.5513157203401889
-0.5516629753734118
-0.5519274179823697
-0.5524155283928849
-0.5571542951511219
-0.5573622642908088
-0.5598455395262975
-0.561719311993764
-0.5630920045077801
-0.563801357668126
-0.5643319692074632
-0.5649284749912719
-0.5649510282091796
-0.5660424250139234
-0.5673248237664146
-0.5673365038486996
-0.5679117080871947
-0.5687497189246642
-0.5702972985018278
-0.5704255802390564
-0.5725953086124113
-0.5736821446722994
-0.5744830422801896
-0.5754732446124157
-0.5758424124990901
-0.5761537044155476
-0.5796982892918296
-0.5798426046967506
-0.5803475974593312
-0.5818966122111305
-0.5831060412201623
-0.5834615827271981
-0.5856679896824062
-0.5891450576277243
-0.5900431851720592
-0.5908201594970056
-0.5952016078453097
-0.5977444363137087
-0.597930421328379
-0.5984555610533183
-0.6011934787966311
-0.6019717676868562
-0.6029107430949807
-0.6031025739767674
-0.6045068744628225
-0.6048399374953338
-0.6066562958527356
-0.6067503679660149
-0.607235471989649
-0.6075304597616196
-0.6082376646654666
-0.6089011710261859
-0.6108707982218928
-0.6125649412731744
-0.614434109418653
-0.6184860994108021
-0.620045644044876
-0.6205728815070221
-0.6223035901784897
-0.6238152015954256
-0.6242764578200877
-0.6280510099604726
-0.6295672007836401
-0.6311629219338871
-0.6322047323254603
-0.6335543504553951
-0.6339565348977115
-0.6342539181932807
-0.6369540847837925
-0.64190613781102
-0.6436476814560592
-0.6460295577271609
-0.6475797046304625
-0.6480786367785185
-0.648628150455325
-0.6489091434826454
-0.6519283123780042
-0.6526947530607382
-0.653766001885136
-0.6546127422247082
-0.6549930405453779
-0.6561211307222644
-0.6586739902074138
-0.6612104069514316
-0.6697491390320162
-0.6704530024102756
-0.6709508971850339
-0.6711008151993155
-0.6744376148950929
-0.6770263002254069
-0.6778735301534956
-0.6782007870154784
-0.678946793018105
-0.6801430510046581
-0.6850190313444251
-0.6852062646212289
-0.6854005955159664
-0.6863262225524522
-0.6878664888693796
-0.6888074553571641
-0.689147971528159
-0.6893258329333836
-0.690133196386424
-0.6909887968096882
-0.6971694076588998
-0.697567413696864
-0.6981939839250926
-0.6982984787062742
-0.6991367522685323
-0.7024351933941944
-0.7047934592701495
-0.707938885715391
-0.708410910749808
-0.7086672985460609
-0.7106079511189213
-0.7114431571163651
-0.711512454552576
-0.7117767942448457
-0.7119542595930397
-0.7130310811238209
-0.7155174185648899
-0.7158572947606444
-0.7159850216869798
-0.7185255047865212
-0.7215760228224098
-0.7221766514703631
-0.7230196630158129
-0.7233727539132815
-0.7248440043379863
-0.7259612493216991
-0.7284191667824053
-0.7285388699540187
-0.7290822338657633
-0.7313128668814898
-0.7325040444475599
-0.7368004882882815
-0.7400527813782295
-0.7400968031225992
-0.7498993965176245
-0.7556307446701747
-0.7585714678280056
-0.7596861137343305
-0.7609089512732767
-0.7616395328992179
-0.7661604094295762
-0.7679278381168843
-0.7690847851336002
-0.7698438222869299
-0.7723510434851051
-0.7854778039424369
-0.7859977193176746
-0.7907541935977255
-0.7929785787127912
-0.7971251547336579
-0.7971676657484337
-0.7980337267741561
-0.7993505602702499
-0.8005144577618921
-0.8023582281311974
-0.8083465823049968
-0.8136850735172629
-0.8177168356875578
-0.8179871648649818
-0.822553578405253
-0.8227720063296147
-0.8272680700756609
-0.8295359932817519
-0.8314104466699064
-0.8455183689948171
-0.8477055827776591
-0.848360168437163
-0.8483978348293542
-0.8548689992167056
-0.8595805944642052
-0.8605786759483939
-0.8606871231459081
-0.8642583129306635
-0.8694918878609315
-0.877836222294718
-0.8972705779985214
-0.902666874229908
-0.9161948297987692
-0.9174080402590334
-0.9223071024753153
-0.9263753428628357
-0.9364050272997702
-0.9432704728096724
-0.9519750289618969
-0.9737713014086088
-0.9921085089445114
-1.0080871963873506
-1.0103210921709735
-1.0142591260373592
-1.0238550270150881
-1.0628705801209435
-1.0638659186661243
-1.067738803724448
-1.0750935801382486
-1.082609831665953
-1.0867403086274863
-1.0920285961280267
-1.09233464486897
-1.1257823649939382
-1.1266202554106712
-1.1436377953737975
-1.1519244278024416
-1.1525941778090782
-1.1528431475162506
-1.1638523221350625
-1.189655376598239
-1.2000046540051699
-1.2079004024465878
-1.236660876039726
-1.2398155350238085
-1.2426426067948342
-1.2861827445303788
-1.2874555531016085
-1.3100080419098958
-1.3144492211285979
-1.3202261477708817
-1.3277189393527806
-1.3400882536661811
-1.3433848842978477
-1.3726013267587405
-1.3798241522163153
-1.3863524049520493
-1.409665455420812
-1.4125898703932762
-1.433938700472936
-1.4585860051835577
-1.4592371061444283
-1.4940549337188713
-1.5039126873016357
-1.5262109821196645
-1.550943786278367
-1.553503155708313
-1.574572678655386
-1.5849365183676127
-1.6011387035250664
-1.61998184521993
-1.6460828203707933
-1.6840330820414238
-1.6965417165095762
-1.6969575825205538
-1.7683337330818176
-1.7838151381001808
-1.8909778538218234
-1.8988728163142998
-1.9107825756072998
-1.9383403062820435
-1.9499520690951613
-1.9995779631038506
-2.02530879030625
-2.043270530179143
-2.111042644828558
-2.1243655681610107
-2.138369172811508
-2.1960842311382294
-2.2952714363733926
-2.308855857096205
-2.3149375350258197
-2.3213882433701656
-2.335220279172063
-2.3427921794354916
-2.5159146785736084
-2.5556884929537773
-2.7518044970929623
-2.8459937050938606
-2.8574653267860413
-2.933141511050053
-2.938265509903431
-3.019336979952641
-3.129835791885853
-3.181681990623474
-3.262167736887932
-3.460536583326757
-3.4727944135665894
-3.4806001597316936
-3.5433514529140666
-3.912482261657715
-3.997690362855792
-4.283055655716453
-4.291007869003806
-4.307942986488342
-12.278980255126953
-13.335755348205566
-14.115246772766113
-14.24892807006836
-14.570816993713379
