-0.0012849654303863645
-0.3430174538298161
-0.4052842782323416
-0.40592188420851016
-0.40996186109259725
-0.4294777812006382
-0.43289649667537466
-0.4334209666121751
-0.43385791389404665
-0.43550168550361623
-0.4362452582160283
-0.44243067206331976
-0.4439775406395451
-0.444853091172667
-0.44823195626183104
-0.4606267514063802
-0.46755937443854884
-0.4689787593246861
-0.47427162856218363
-0.4764559243772773
-0.476887728200005
-0.4878217346143044
-0.48900226346002174
-0.49023097274558886
-0.4951670073850047
-0.4955696353744398
-0.49928413005545735
-0.5053678345866501
-0.5123299878429283
-0.5129759545065462
-0.5168002918088699
-0.517637581564486
-0.5210917606484144
-0.5211892688646913
-0.5260061599288343
-0.5381933608419786
-0.5429426059592515
-0.5451033467994421
-0.5481718868577445
-0.5537755740030358
-0.5556215669507352
-0.5587079240358435
-0.5628968802848249
-0.5720991804929716
-0.5754960669095025
-0.5761575717996392
-0.5840112390269496
-0.5892969096441649
-0.5941428920254112
-0.6245336538569094
-0.6275216893231522
-0.6295748916842664
-0.6497711777687073
-0.6603279136470519
-0.6904113010558135
-0.7040893320739269
-0.7107913694749384
-0.7273509502410889
-0.7288499712944031
-0.7348385878988969
-0.7385942316614091
-0.7470296740531921
-0.7512697130441666
-0.751732823236481
-0.7598020707257092
-0.7649573092348874
-0.7709823376701578
-0.7926435896345841
-0.795933548011817
-0.8008609954672663
-0.8026420668299709
-0.8113218141098817
-0.8171165515346469
-0.8337006042711437
-0.8377491896255658
-0.8403015523993721
-0.8542895714563201
-0.8617641831588116
-0.8872312374373638
-0.9109469840768725
-0.9337946176698703
-0.944615897598366
-0.9666140675544739
-0.9802625775337219
-0.9907015144824982
-1.0063112519251614
-1.016919674424571
-1.0226511983200908
-1.060931371166729
-1.0799752625947197
-1.080504823786517
-1.0997061729431152
-1.1153179630637169
-1.1315831141224149
-1.1327379812563387
-1.1345599762031011
-1.180112350732088
-1.2014265691654549
-1.208963824650989
-1.3597315028309822
-1.3989548493797581
-1.4635042647520702
-1.566011647383372
-1.7319217522939045
-1.7812818139791489
-1.8059764703114827
-1.8105178475379944
-1.834631085395813
-1.874651034673055
-2.0286008715629578
-2.097996473312378
-2.630292375882467
-2.6705234150091806
-2.685998534783721
-2.790117748081684
-3.180858939886093
-5.6183788776397705
-5.645324945449829
-6.478177785873413
-7.4627366065979
-8.781925201416016
