-0.0004318020073696971
-0.05217467638431117
-0.05372833088040352
-0.16474230028688908
-0.2662531973182922
-0.2740449981065467
-0.28885503876954316
-0.2892741990896563
-0.2915648967027664
-0.29536033049225807
-0.29923381683571887
-0.30023637623526156
-0.30876012834986405
-0.30915095058402847
-0.31559616833692417
-0.3280144356191158
-0.3288489348358578
-0.3341109273541305
-0.33802523340896834
-0.3444528271710234
-0.3532707492510478
-0.3570656186590592
-0.3584418222308159
-0.363872250309214
-0.36591514106839895
-0.3863569647073746
-0.39291415529118645
-0.3940651277080178
-0.39406895567663014
-0.39783672988414764
-0.4030158273318583
-0.40519875762137497
-0.41125357430428267
-0.41207273602485656
-0.415303338416076
-0.4184582631714875
-0.4204341542907059
-0.4210908394306898
-0.421417589698519
-0.4323268749925774
-0.4352912939619273
-0.4385516916712125
-0.4396291888422436
-0.4408450772985816
-0.4428462584037334
-0.45146200474765563
-0.451889992174175
-0.4545122282579541
-0.4550124094304111
-0.47284728578395313
-0.47400646744063124
-0.4758284366939084
-0.47663793666288257
-0.4767992440611124
-0.4769268220756203
-0.47700699158012866
-0.4785009530372918
-0.4805852808058262
-0.4816368484869599
-0.48204143182374537
-0.483350969851017
-0.483456827312087
-0.48487721830024383
-0.48552959518403643
-0.4902626666848341
-0.4951257165404968
-0.4989437472540885
-0.5030790973040793
-0.5068179287016392
-0.5071207014843822
-0.5082092182310589
-0.5088753616437316
-0.508895198511891
-0.5117635808885097
-0.5121880817071846
-0.5130658766720444
-0.5140678108566337
-0.5187844157539075
-0.5189551010727882
-0.5208437790473303
-0.5211923519770304
-0.5217978220432997
-0.5220200640149415
-0.5239182639867067
-0.52504298769054
-0.5255151204764843
-0.5288773587505732
-0.5294489990163129
-0.5325417451612238
-0.535282585863024
-0.5379690655972809
-0.5381831557800373
-0.538762966869399
-0.5445612462237477
-0.5449465196579695
-0.5467175222778072
-0.5539769679307938
-0.5562452303711325
-0.5575804321302308
-0.5584694318739432
-0.5640141059245382
-0.5654735427815467
-0.5665250556035475
-0.5679608223338922
-0.5689207520335913
-0.5697262473404408
-0.5729279007762671
-0.5799974650144577
-0.5812796834856272
-0.5821094109211117
-0.5838569429303918
-0.5840488991567067
-0.5841213263837355
-0.5855736604426056
-0.586680315528065
-0.5925075662407008
-0.5947050467133522
-0.5953155932947993
-0.5963821113109589
-0.5967923827411141
-0.5972986792524656
-0.6002046139910817
-0.60102139496141
-0.601424154639244
-0.6042961013902511
-0.6053768505031863
-0.6062959581411079
-0.6064180433750153
-0.611313893560968
-0.6131799247439631
-0.6156775933276448
-0.6156969419621419
-0.6177255069654036
-0.6184915011787476
-0.6191252606804483
-0.6246310882270336
-0.6248829854386193
-0.6260309979261365
-0.6261212639510632
-0.6308256224147044
-0.6317586300678418
-0.6335350396914472
-0.6335620655534933
-0.6345871891826391
-0.6365436392892473
-0.6379586547613144
-0.6380697979937019
-0.6387388488942163
-0.6396424509584904
-0.6412814155337401
-0.6416326805949211
-0.642600352075533
-0.6448366998369677
-0.6448504060506821
-0.6462514507531357
-0.6468248505261727
-0.6485917206543187
-0.6505991005979013
-0.6578806315859159
-0.6641607110370666
-0.6650968489993829
-0.6693517019351324
-0.6733674936251537
-0.6737210134436425
-0.6765946308150887
-0.6786594326258637
-0.6828294359147549
-0.6839641449740157
-0.6841944655869157
-0.6845133521027215
-0.6851156949996948
-0.6856720864486235
-0.6880825459957123
-0.6890405559291443
-0.6924749158322812
-0.6931388049475465
-0.6938939491907755
-0.6950913609963698
-0.6988769386163247
-0.6991541379996177
-0.7001731134951115
-0.7020442465222195
-0.7070961903092986
-0.7120060603024045
-0.7120709097792354
-0.714121515375816
-0.7171394521582817
-0.7174082669422633
-0.7175161445306407
-0.7226118749628464
-0.7236755352415558
-0.7267354337964207
-0.7299790382385254
-0.7309015100149231
-0.7317087689414621
-0.7325027026236057
-0.7359445767637919
-0.7372328620404005
-0.7381799065829803
-0.7392438488701979
-0.7402640577405691
-0.7413600757718086
-0.7426867224276066
-0.7430305421714567
-0.7462136745452881
-0.749035424685904
-0.7513600637515386
-0.7520131627097726
-0.7522621192038059
-0.7537761867046356
-0.7570476171900876
-0.7589606568217278
-0.7594966260232747
-0.7682885937392712
-0.7723393691703677
-0.7738259819646677
-0.7753587570041418
-0.7770378138229717
-0.7798542245502837
-0.7805563302244991
-0.7825552374124527
-0.7829222148616931
-0.7873412448948679
-0.7878883539492058
-0.7919807087630033
-0.7921760839591216
-0.7975285483698826
-0.7987143761581845
-0.7988849017500191
-0.7998893270269036
-0.8034656260041865
-0.804211106786335
-0.8076798244437668
-0.8099421116833886
-0.8125087085645646
-0.8158269203361124
-0.8159430645112145
-0.8182599484920502
-0.819995949169
-0.828034029652675
-0.8321005269635862
-0.8337789469708999
-0.8339158814072747
-0.8352845811418125
-0.8381804126381341
-0.8382094937630675
-0.8382552527796684
-0.840501021099044
-0.8432855571464946
-0.8441540057476231
-0.8481041023171403
-0.8506706533526691
-0.8520696759223938
-0.8521610695775599
-0.8538499817821301
-0.8547214213758707
-0.855736145040613
-0.8576917111890258
-0.85918992337039
-0.8642520643770695
-0.8653145940791417
-0.8667911775410175
-0.8668915923141564
-0.8689296990633011
-0.8712097685784101
-0.8758411859162152
-0.8769561184104532
-0.8810652390654597
-0.8846669206512161
-0.8900008825701662
-0.8938889426977507
-0.8991550824471882
-0.905588342861103
-0.907676462107338
-0.910149696469307
-0.9124684230191633
-0.9197696206198694
-0.9198907790705562
-0.9204323273152113
-0.9234811650513781
-0.9239281159825623
-0.9278582128230483
-0.9394175823015923
-0.9423155685265859
-0.943727882578969
-0.9585141390562057
-0.9609894653161367
-0.9644262001104653
-0.9646773412823677
-0.9670558543875813
-0.9676571851596236
-0.9755785117546717
-0.9841536829868952
-0.9861893231328577
-0.9895878741517663
-1.003162931650877
-1.003230666120847
-1.0153734348714352
-1.0162476847569148
-1.0246061623096465
-1.02492499910295
-1.0254841566085815
-1.0390641041819684
-1.0392189566046
-1.0406112678271409
-1.0453923361492343
-1.0465451292693615
-1.048177245259285
-1.0491634983336553
-1.0607384045918782
-1.0640059021301567
-1.0707115282615025
-1.0786771140992641
-1.080117866396904
-1.0816729548775281
-1.0840282440185547
-1.0870254393666983
-1.091419260390103
-1.0926444580157597
-1.095594987894098
-1.0965199978090823
-1.0986986407744033
-1.0999276687701542
-1.1117603778839111
-1.117661735601723
-1.118740476667881
-1.123678264208138
-1.1262658541090786
-1.1411123096942901
-1.14259401448071
-1.1452296186238526
-1.1560310572385788
-1.1573398510615032
-1.1593141555786133
-1.1602656478062272
-1.1705710887908936
-1.1858347398228943
-1.1949029862880707
-1.2014633023904429
-1.2035895970960457
-1.20621258020401
-1.2111806236207485
-1.2183723687194288
-1.2189281831185024
-1.234625676367432
-1.2384158745408058
-1.2513115970999933
-1.2678169906139374
-1.2687447637319564
-1.278931433601039
-1.282829225063324
-1.287532275915146
-1.2933493077754974
-1.2945326125482097
-1.3027942245826125
-1.3063044629991054
-1.3141261897981167
-1.3298375867307186
-1.3332640193402767
-1.3550171688664705
-1.3635315038263798
-1.3850026428699493
-1.3894647444997514
-1.39326136931777
-1.3943696916103363
-1.4074420154094696
-1.4116171523928642
-1.4264395268900054
-1.4346964299678802
-1.459145039319992
-1.4749349852403004
-1.4926429893821478
-1.5287553171316783
-1.529430240392685
-1.5478007793426514
-1.557351991534233
-1.5681742743278544
-1.5808696448802948
-1.5859656631946564
-1.592714773491025
-1.6026216881970565
-1.6143653746694326
-1.615661466959864
-1.6435473232219617
-1.651449849208196
-1.6739437580108643
-1.6825161576271057
-1.684420917715345
-1.699453757959418
-1.7006131756518568
-1.73012478097475
-1.7798427417874336
-1.7828889954835176
-1.787281272932887
-1.8746349116166432
-1.8842609183241923
-1.8845748447347432
-1.8982852473078917
-1.946319967508316
-1.9802666678248595
-1.9822120126336813
-2.01206374168396
-2.0796163957566023
-2.094529463443905
-2.2334661968052387
-2.374190717935562
-2.5369754657149315
-2.6662266310304403
-2.7401548097259365
-2.7904800176620483
-3.0533898770809174
-3.1821729253279045
-3.296515107154846
-3.61047065485036
-3.762949069341024
-3.955532133579254
-4.005917102098465
-4.593570947647095
-4.980746507644653
-5.19209212064743
-5.221899032592773
-5.4746198654174805
-5.626905679702759
-5.723849852879842
-6.906506299972534
-7.293628931045532
-7.332695007324219
-7.674849271774292
-9.33447551727295
-9.416516304016113
-9.699143409729004
