-0.0003675738989841193
-0.0006718062795698643
-0.0035687763447640464
-0.006711650348734111
-0.022526603594693977
-0.029295189713593572
-0.030077303207185144
-0.030175468930974603
-0.03819216578267515
-0.07167721112879614
-0.0761944961802025
-0.08009275514632463
-0.09396886363629164
-0.10417637931338201
-0.11176812754274579
-0.13037829974200577
-0.13804495963267982
-0.1468993624051412
-0.1486949570679481
-0.14890218974863367
-0.1504135412008812
-0.15822518032917288
-0.16134670167752246
-0.16167743876576424
-0.16328367786007691
-0.1645481291128644
-0.16455153398237599
-0.16542845043780594
-0.16611372228362598
-0.1670773880284217
-0.16729300762526692
-0.1680452316320173
-0.16855245755367174
-0.16914990127026447
-0.17051741590892727
-0.1731163465356076
-0.17891858658717516
-0.17951368019647715
-0.17967145112640498
-0.17975968360821884
-0.1811376597156356
-0.1813291090159813
-0.18261750028151172
-0.1838251469132956
-0.18627600183026516
-0.18846448454006232
-0.18967882197830477
-0.1914461517505697
-0.19522378144320102
-0.19805523516940107
-0.19811875583603977
-0.2050681611307664
-0.20617173024220392
-0.21239458534026717
-0.2131704882984715
-0.21340508020463556
-0.2152106784284115
-0.21609349076243234
-0.2178553058335598
-0.22275742796149903
-0.22762221846810113
-0.23135776879886785
-0.23262775503098965
-0.23512693450320513
-0.23572565503418447
-0.23719189664720594
-0.23789376189621786
-0.23809351350646465
-0.23838777741548256
-0.23871874619710623
-0.23902208043728024
-0.2404031616053544
-0.24111071057996014
-0.2412050090414206
-0.24208235070109368
-0.24269744070867696
-0.24296798747290219
-0.24519455713120156
-0.24556885265567535
-0.24594843807726113
-0.24654479813312613
-0.24773798573278327
-0.2481882485719527
-0.25043414229973376
-0.2509521186055446
-0.25198033737363473
-0.2521162791776338
-0.25230783387087286
-0.25304802145443056
-0.253862803732045
-0.25653511968751747
-0.2587758954771562
-0.2589595657255914
-0.25989607437181156
-0.26104393453634755
-0.26144399539528723
-0.26207057683495805
-0.26293760739589256
-0.2639649389354788
-0.26431282974469167
-0.2646308925944719
-0.2647763416551662
-0.2655107227749088
-0.2656370682049204
-0.2668625313284186
-0.2674101021865764
-0.2676312251049759
-0.2685259422287345
-0.2687172696692869
-0.26889908127486706
-0.27105123089995686
-0.27262899659453305
-0.27383011490187176
-0.27391062379077386
-0.2771760344139693
-0.27798117318889126
-0.280010446587932
-0.28106051127178944
-0.28191616407129916
-0.28620692424010485
-0.28663929234608077
-0.2872436330556714
-0.28813224417479855
-0.2899277206044644
-0.28997984110093156
-0.29175152332108056
-0.2920553499938078
-0.2920934002447341
-0.2929816322686661
-0.2932052230397757
-0.2941979342964866
-0.29469334379731055
-0.2971891770575894
-0.29828094405820593
-0.29906846895594047
-0.30283292576981086
-0.30626367864897475
-0.3068530242453562
-0.30895135105238297
-0.3090278234713795
-0.30932703973459347
-0.3119475067897628
-0.3182118222625418
-0.3222519655116937
-0.32561741530015653
-0.3271065614341448
-0.33372781624914044
-0.33711836238702136
-0.3388121759425202
-0.33919098488986493
-0.33928216538495487
-0.3399191901087761
-0.3413265981012955
-0.3433800415834412
-0.3442121671978384
-0.3450879599899054
-0.34544959955019294
-0.34562413473031484
-0.34807369525078685
-0.35173714309930804
-0.35273540703664447
-0.35311677493155
-0.35434242654591797
-0.35552160114360354
-0.3558220969894642
-0.36133881731746864
-0.36237510987040067
-0.36334034169299734
-0.36426944910781456
-0.364298761356622
-0.372199356846977
-0.37275119437836113
-0.37620963454005507
-0.3764832697343081
-0.3826387214108503
-0.3828341906191781
-0.38405173473292964
-0.3901720143388957
-0.39084610630634414
-0.39262930351995035
-0.3965532681671903
-0.3971961338073015
-0.3977392511979605
-0.3987003495363751
-0.40098399935024126
-0.4024037372968451
-0.40579303961712865
-0.407241814252403
-0.4103710250928998
-0.41215029350397264
-0.41346085972036234
-0.4150258619221859
-0.41601334207225593
-0.4179207607303397
-0.41834100999403745
-0.42397590895416215
-0.42406196721519035
-0.4243550314235368
-0.4278278343845159
-0.42824826141198474
-0.42921232666897896
-0.42950597025919707
-0.4310392397455871
-0.4313974141010216
-0.4320114054135047
-0.43245190040033776
-0.43382490233569926
-0.4343968943382303
-0.43635468880529515
-0.4380354344379157
-0.4428421286866069
-0.4447170949279098
-0.44572065940398414
-0.44732027684637743
-0.44845736799470615
-0.4487778749316931
-0.4493018950646122
-0.4495967626571655
-0.45122411164144677
-0.45469465023294714
-0.45632738190599614
-0.45734015692557606
-0.4584683529715726
-0.45868846199300606
-0.4592707193722682
-0.45956750333102214
-0.4619511393054078
-0.46368541402210084
-0.46554112375015394
-0.46706295435142237
-0.46769424551166594
-0.4692302214272786
-0.4696465272922069
-0.47212036078521386
-0.47231064685102964
-0.4770043167871855
-0.4790935618719751
-0.4805172207499189
-0.48398692610984045
-0.4843970649203079
-0.4870781680931234
-0.4870810557185905
-0.4887922055320814
-0.48908843718735234
-0.49147409438672995
-0.49242761105092037
-0.49255208782851695
-0.49428989752341296
-0.49484254352541435
-0.4958299696445465
-0.49610019149258733
-0.4972505741655671
-0.49729432654567063
-0.4980378498855446
-0.5015696209531078
-0.5027455750852823
-0.5047171963844448
-0.5111951559988989
-0.5125966443447396
-0.5128200696005175
-0.5139242643749135
-0.5153805588682493
-0.517767112585716
-0.5190160039812326
-0.5213850250001997
-0.5215928796096705
-0.5224818765564123
-0.5233720570104197
-0.5237623242927449
-0.5261178735643626
-0.5270089649362489
-0.5280074886977673
-0.5299367459697856
-0.5307369863148779
-0.5317153075593524
-0.5330610977770347
-0.5343891749042087
-0.5353624429553747
-0.5364685575219078
-0.5390969150466844
-0.5401871933912238
-0.5407996475696564
-0.5428696189075708
-0.5456736729081187
-0.5462036991957575
-0.5464627946623497
-0.5468269914388657
-0.5495113086180936
-0.5499126380891539
-0.5507551862392575
-0.5519220437854528
-0.5538612341042608
-0.5582083694695029
-0.5588774079723018
-0.559121396658676
-0.5604669587420565
-0.562710880767554
-0.5630423373077065
-0.56602186486125
-0.5670868579298258
-0.5671603361115558
-0.5674580819904804
-0.5688998215831816
-0.5689191147685051
-0.5713325360686414
-0.573774091899395
-0.5751935661258661
-0.5797011815420774
-0.5802459551819733
-0.5807006722149838
-0.5813072728536403
-0.5839150776963733
-0.5888310995011125
-0.5905505172093399
-0.5908501809546058
-0.5951671039510984
-0.5955013412749395
-0.595631351073583
-0.5959151873572005
-0.5974461281051239
-0.6010535683482885
-0.6037786514886344
-0.604775065650756
-0.6060447110794485
-0.6071610622107982
-0.6076239472521203
-0.6150983031839132
-0.620003071409883
-0.6202374632935971
-0.628377826573948
-0.6310079637914896
-0.6314369905740023
-0.6348633170903971
-0.6359921663533896
-0.642947917280253
-0.6463781220631467
-0.6510586217045784
-0.6557160550534414
-0.6587058207175384
-0.660105412453413
-0.6609620033006649
-0.6637803902849555
-0.6648027002083836
-0.6656911972095259
-0.6661109410010145
-0.6689959683322481
-0.6803296917816624
-0.6848378229537048
-0.6875766136266369
-0.6886418517678976
-0.6901189718064416
-0.6945624100771965
-0.7010219059884548
-0.7173257643977801
-0.7255624442154335
-0.7279148663704594
-0.731612266972661
-0.7318536807849471
-0.7319287178805098
-0.7501647804165259
-0.7537338822075981
-0.7562876297759229
-0.7651691843639128
-0.7657160073518753
-0.7664782394655049
-0.7845034540716571
-0.7854187042851534
-0.7855916345259175
-0.7892808618822268
-0.7906901673413813
-0.8090127103884394
-0.8115818904091915
-0.8202527239142606
-0.8215213156305253
-0.827777267433703
-0.8279231782071292
-0.8302640051580965
-0.8327469234878663
-0.8334547888670285
-0.8443643513601273
-0.8473043762413519
-0.8533442385378294
-0.8611354738473892
-0.8611958771944046
-0.8711574244953226
-0.8720833826810122
-0.8801285994704813
-0.8939647691856537
-0.9025244740769267
-0.9185602944344282
-0.922766198004995
-0.9247647888958455
-0.93012551398715
-0.9309392341092462
-0.9394129142165184
-0.9416995454579592
-0.9483313551172614
-0.9519238891080022
-0.9720634600879359
-0.9898885458605946
-0.9937745276838541
-1.0056224018335342
-1.038877063052496
-1.0414406574564055
-1.0498095996677876
-1.0519207186996937
-1.0544545724987984
-1.0571350450627506
-1.0706426426768303
-1.0919483192265034
-1.0968443103134633
-1.1195477644602458
-1.127544779330492
-1.1474950469928444
-1.1531324440147728
-1.1563976138364525
-1.1626525409519672
-1.1631860174238682
-1.1709186707157642
-1.18271166482009
-1.1834804937243462
-1.234542647190392
-1.2352213598787785
-1.2387914061546326
-1.2545638879140217
-1.2602020800113678
-1.2932981426420156
-1.3058493698044913
-1.3066427173713844
-1.315160296857357
-1.3314278063674767
-1.3520269798270117
-1.3542936332523823
-1.3755744236210983
-1.41189600033249
-1.4138855998005186
-1.4265885055065155
-1.4346799086779356
-1.448555973668893
-1.490353763103485
-1.5129580721259117
-1.5270391770657927
-1.6026064554850261
-1.6207748850186665
-1.6240818751975894
-1.6755052655935287
-1.7045567315071821
-1.730111682942758
-1.7915486029038827
-1.7938535809516907
-1.8171717002987862
-1.8196049928665161
-1.8208473068079911
-1.8486462831497192
-1.8988898197809856
-1.9169555342329356
-1.951663133339025
-2.043037176132202
-2.087820703163743
-2.162354588508606
-2.2384787797927856
-2.3051480501890182
-2.347549224893252
-2.381345229005092
-2.396818912680222
-2.4253435134887695
-2.437971903156722
-2.458759754896164
-2.4611679460504092
-2.5462076663970947
-2.648974682049205
-2.758842041812992
-2.769401309119227
-2.7882609963417053
-2.8697539567947388
-2.9274885639897548
-3.1329557881108485
-3.1909909804235213
-3.5706769563257694
-3.6109440326690674
-3.657757996057626
-3.767218826338649
-4.083375930786133
-4.370105900045019
-4.559965133666992
-4.9753443376976065
-5.036514362785965
-5.198337181529496
-5.235111400485039
-5.478747360408306
-6.298530578613281
-10.342089653015137
-10.611430168151855
