-0.003149577649310231
-0.02272219303995371
-0.1118205195741991
-0.13368829254284265
-0.14496982475126666
-0.2940567669635736
-0.37130722403526306
-0.37331649500577313
-0.37776449087655706
-0.3925555088324472
-0.3929799035989466
-0.3935190947828232
-0.3966550216271291
-0.39694451009078574
-0.3973769845061248
-0.3980669176555239
-0.40777324873588755
-0.40897157401468576
-0.41972592174993006
-0.4226698848208235
-0.42621644688142624
-0.4272154493723065
-0.4398509780562017
-0.4472384014027193
-0.4491535350680351
-0.4491557389930157
-0.4496516671285711
-0.45109168920689624
-0.4637072582753669
-0.4713608578225831
-0.473117312312954
-0.47816003536839463
-0.4792972161155194
-0.4875195599663476
-0.49148564895343344
-0.49153351280917623
-0.49170196405413497
-0.4924822445865402
-0.4928784701956569
-0.49509016855154186
-0.5068010652624071
-0.5082451240256584
-0.5096864213680419
-0.5154185126924631
-0.515788297590916
-0.5189276064975274
-0.520160507150362
-0.5219847538275644
-0.5245603125775233
-0.5269940059682995
-0.5333405839042421
-0.5450179380534862
-0.5509863943987748
-0.5526119466715803
-0.5563441352472486
-0.5642489464349907
-0.5735420768698012
-0.5737973055284884
-0.577176976405705
-0.5776643468998373
-0.5780836545523734
-0.5833106273068831
-0.5837977774441242
-0.5860275295615013
-0.588960225507617
-0.5916487662072637
-0.5984035205113253
-0.6025614270862812
-0.602950898559626
-0.6046929682208294
-0.605128472429127
-0.6068921897427312
-0.6081699814198406
-0.6143379821192606
-0.6153396823253758
-0.6185272096539848
-0.6192937636773826
-0.6195951593108475
-0.6230525338090956
-0.6285382160081099
-0.6297586686459595
-0.6318657356314361
-0.6327806667956922
-0.6413942528888583
-0.6427549823808173
-0.6515964686404914
-0.6524228386115283
-0.6540613324614242
-0.6544584062992892
-0.6563262463081628
-0.6585120753540347
-0.6608884928362637
-0.6621429677410372
-0.6633388161874161
-0.6633998712576512
-0.668418095408318
-0.6685142874440106
-0.6689831419108876
-0.6709250812321746
-0.6710496751513954
-0.6803730957212143
-0.6831174306174717
-0.6865625262726098
-0.687672171353673
-0.6928232222230041
-0.7074655481847003
-0.7100740739184878
-0.7114350683987141
-0.7191534696539748
-0.7199240922927856
-0.7242518919115157
-0.7277539886854356
-0.7372594274846571
-0.7397610083668648
-0.7412206342889239
-0.7430873481556773
-0.7446559989359229
-0.7450348103219377
-0.747519259208015
-0.7506838145200163
-0.7519701533019543
-0.7596746439424654
-0.7616964539379946
-0.7663211059756577
-0.7668743806758097
-0.7752078183693811
-0.778484149147635
-0.7807152126749445
-0.7814310355378049
-0.783554965571966
-0.7880409612553194
-0.791239945590496
-0.7933720581831949
-0.7991193150170147
-0.8100053775900354
-0.8126821541744802
-0.8133556166624961
-0.8157936179544777
-0.8160229996511978
-0.8176823740825057
-0.8193199974484742
-0.8214343003928661
-0.8276674737069036
-0.8303749123421896
-0.8386335573935261
-0.844074286891555
-0.8519873361968037
-0.8525057840937128
-0.8616612236946821
-0.8640975911403075
-0.869430248351658
-0.8696184102113226
-0.8724699055310339
-0.8732420379916827
-0.8753709876444191
-0.8770746307757994
-0.8828713469473379
-0.8854026409098879
-0.8872126999365932
-0.8874344043433666
-0.8925609861308819
-0.9003082133829594
-0.9059171346326669
-0.9070656308322214
-0.9121142333994309
-0.914031812255936
-0.9175809697804248
-0.9190788012929261
-0.9200000519049354
-0.9356188025724675
-0.9369907778972346
-0.939379806128832
-0.9485215681605041
-0.9487899897227946
-0.9518481963605154
-0.9585240114894178
-0.9608702192490455
-0.9648281092134615
-0.9666435926984478
-0.9759709217352792
-0.9787807565880939
-0.9817207769623825
-0.9820795647580834
-0.9848311628215015
-0.9863084531389177
-0.9866734445095062
-0.9878524623811245
-0.9949763474365075
-0.9959759064018726
-0.9967995884132202
-1.0006062235269282
-1.0030608031277854
-1.0174806365477187
-1.0201136920368299
-1.0383781742836748
-1.0425699931185912
-1.05200329660438
-1.0579037927091122
-1.0628090652559574
-1.0632572079484817
-1.0649662491179899
-1.0712605443938326
-1.0779867690160043
-1.0796970105729997
-1.0797838415252046
-1.084723203908652
-1.08939357365792
-1.13124937415123
-1.1380065265111625
-1.1417017495259643
-1.1440508439205588
-1.1489160789526067
-1.1530410796403885
-1.154672687407583
-1.1766150366853585
-1.184481296730651
-1.1858431571745314
-1.1970062463411264
-1.2223832130432128
-1.2396007790695875
-1.2398875829142828
-1.2430393062531948
-1.244644184410572
-1.2461753282178607
-1.250066346488893
-1.2502991596490822
-1.2611300439806654
-1.2614822122268379
-1.2692839512601495
-1.2812821709861357
-1.2901259842328727
-1.296240734460298
-1.300565958576044
-1.303552106555019
-1.311445228716669
-1.335695194604341
-1.3464374328032136
-1.3476789177705844
-1.3604940533722667
-1.3618600120147069
-1.394752660766244
-1.394913980155252
-1.403387510892935
-1.4051444535567001
-1.407363136893966
-1.415718252460162
-1.434161781333387
-1.4372502565383911
-1.45641160372179
-1.472726353444159
-1.4793415277575452
-1.5077158411343892
-1.5354001558152959
-1.5459060743451118
-1.569302591495216
-1.5694418383969202
-1.5805746167898178
-1.6265892119457324
-1.665042344829999
-1.6687229971090953
-1.6785834431648254
-1.7980464845895767
-1.9358454644680023
-1.9413654208183289
-1.9988581364353497
-2.0020755737399063
-2.108814984560013
-2.3180502355098724
-2.3236459463834764
-2.353342652320862
-2.3778652250766754
-2.4032799721074602
-2.4226831138134
-2.4307018915812173
-2.4455648079514503
-2.595203537493944
-2.813771963119507
-2.8812053203582764
-2.9398745968937874
-3.1499863862991333
-3.325502465479076
-3.391664574854076
-3.5455183753122888
-3.631187508814037
-3.7674872875213623
-3.9256440568715334
-4.780728578567505
-5.128266125917435
-7.181138753890991
