-5.3165931603871286e-05
-0.0048102205619215965
-0.007473404753909563
-0.022747304290533066
-0.023955389205366374
-0.03990611617336981
-0.041882555931806564
-0.053912894683890045
-0.05443221936002374
-0.0668402642768342
-0.07479829183430411
-0.08839512127451599
-0.10215598257006302
-0.11106408282648772
-0.11223549267742783
-0.11373460292816162
-0.1268307167571038
-0.12901651238401732
-0.1305873392149806
-0.14029957400634885
-0.14456000551581383
-0.1570714122166724
-0.1735085166292265
-0.18290801212666943
-0.18741193130457154
-0.19741689437069
-0.19851835010340438
-0.20028296019881964
-0.21318998209608253
-0.2170833870768547
-0.21803870030932807
-0.2188546710589435
-0.22228532530425582
-0.2237547266195179
-0.22754889354109764
-0.2304675333434716
-0.2374941975188752
-0.24486090648199685
-0.26805229894816873
-0.2827789582820101
-0.2867690971017712
-0.28927617236816633
-0.2893708189342009
-0.2894215394335333
-0.2896108211806187
-0.29322310969130033
-0.3050066977739334
-0.3052997392616817
-0.30584800913056825
-0.30842924932949245
-0.3118209044449031
-0.31288026795664337
-0.3130815176293254
-0.3134128334840122
-0.31510444668432075
-0.3154123351665806
-0.32574525776343716
-0.3271679909362733
-0.3284794660950346
-0.32873968724985997
-0.32883402730803934
-0.33075373919717477
-0.33658668691350613
-0.3389403361094689
-0.33897678608385223
-0.3419013620829598
-0.34271861135493964
-0.3428499175892544
-0.3442566682457585
-0.3476126597030088
-0.3492202774505131
-0.34927711150117424
-0.3503311721791621
-0.3506680106012417
-0.35425677443397163
-0.35445735954082286
-0.3555273847076406
-0.35655519465217367
-0.3568051169212494
-0.3590168179426756
-0.3620800836582757
-0.3628326884338296
-0.3645338857277238
-0.3678310459945351
-0.36802292323166813
-0.36822195048443973
-0.37007207569937844
-0.37083199620246887
-0.3708919470822862
-0.371740114865102
-0.37449146966849056
-0.3746627262094989
-0.3749560983972818
-0.3779905722264878
-0.37890512209163385
-0.37994239738263785
-0.38208587835945834
-0.38251162599287153
-0.3837474672408361
-0.3871570587054723
-0.38733520509335256
-0.38814773376216183
-0.38839995053907234
-0.3896008717755859
-0.3928983801241783
-0.3951119294855744
-0.39532333654319196
-0.39600849751150236
-0.39615127102782327
-0.396949730601839
-0.39864130852134516
-0.39908234062246406
-0.4016509315822207
-0.40281513053923845
-0.40304733413670746
-0.4041767111581673
-0.4063449612056667
-0.4068596587749198
-0.4069863969867583
-0.4077281410410069
-0.40840422748842686
-0.408976249571424
-0.40929855913855134
-0.4115054448135197
-0.411720742498908
-0.413664856304725
-0.41427805905158704
-0.4146778853610158
-0.41546360820211703
-0.417437917101779
-0.41843934825414586
-0.42002432327301775
-0.421350964532134
-0.4215572920611835
-0.4223966372648849
-0.42255828806264617
-0.42272767098620534
-0.4232921325916929
-0.4255564163645936
-0.4260339971913613
-0.42673779462518935
-0.42685927189935075
-0.4273261266320737
-0.42991551923074034
-0.43207935948157683
-0.4335283861839257
-0.43419094014680015
-0.4345096880570054
-0.43698555746060963
-0.4387877384821574
-0.44047578088066075
-0.4411927968160146
-0.4416680962545797
-0.4441239635149638
-0.44521011522738263
-0.44764813772635537
-0.44767717462964357
-0.4477946773986332
-0.4479011473944411
-0.4503015714733573
-0.4509295922600561
-0.4525189359771536
-0.45474517045004176
-0.45498753727103275
-0.45590337032856615
-0.4562463317623561
-0.45630675168164697
-0.45753664895892143
-0.4579947403176715
-0.4599862629450702
-0.462393389097997
-0.46256339043146
-0.4629646086483262
-0.4633121275692247
-0.4639957149435456
-0.4643552300310694
-0.4644720959976049
-0.4669066761922468
-0.46738236237110364
-0.4676808464852081
-0.46924903481784797
-0.46959824132500216
-0.4697559787123464
-0.4734452420962043
-0.47497088055242787
-0.4755630348413251
-0.475571281068369
-0.47587784228127694
-0.47627900618354035
-0.4773307665099209
-0.4786575846374035
-0.48006060823757685
-0.4803237344992037
-0.4824729892942641
-0.4825990031356923
-0.48296297348052675
-0.48384685990841764
-0.4844534555450082
-0.4851026753229754
-0.48794694713433273
-0.4880565353436396
-0.48853171640075743
-0.489874334047272
-0.49224788747618303
-0.4923188506945735
-0.4925851223192045
-0.4937790850850029
-0.4968300601853116
-0.49714629507313174
-0.4975273498499658
-0.49809523060685024
-0.49812836467915783
-0.4995687084053369
-0.5002225646749139
-0.500402107834816
-0.500925806700252
-0.5017701522447169
-0.5018501907688915
-0.5021727080456913
-0.502333869198992
-0.5028428973039679
-0.5031033089384437
-0.5050421102108279
-0.5055641551298322
-0.5064772094483487
-0.5087494271542204
-0.509127315338992
-0.5091296101745684
-0.50996367589687
-0.5114454729482532
-0.511560476385057
-0.5126328769730646
-0.5134392731335538
-0.5182018345221877
-0.5183570876033627
-0.5192628121831848
-0.5203016579151154
-0.5212697660339203
-0.5222517235246911
-0.5233029738999904
-0.5237137760850601
-0.525159266591072
-0.5268051677267067
-0.5268489681184292
-0.5273402975096056
-0.5294370453597771
-0.5302849388370912
-0.5305504466717442
-0.5323102185502648
-0.5331648712958365
-0.5337492329037139
-0.5344084792217473
-0.5360096438089386
-0.537153431014823
-0.538008070550859
-0.5380698305089027
-0.5398914173056255
-0.5402795078232885
-0.5416860207915306
-0.5418395946617238
-0.542528833722992
-0.5440389361283451
-0.5440877483118899
-0.5451879233587533
-0.5455861534108408
-0.5479925608960912
-0.5498618497432948
-0.5502266730181873
-0.5505384013880618
-0.5509942860808223
-0.5532102367142215
-0.5533169722184539
-0.5536183653050102
-0.5568740819248238
-0.5577945129014552
-0.5586445847293362
-0.558665497700186
-0.5588061310894167
-0.5592904447888335
-0.559551247329052
-0.5598954200278967
-0.5607096837290252
-0.5622994406520674
-0.5626675986219197
-0.5649044876292919
-0.5666697286069393
-0.5712722457246855
-0.572994363905309
-0.5749582670335979
-0.5753575961338356
-0.577396356605459
-0.5774537058813232
-0.578315923611323
-0.5798471495509148
-0.5809934362769127
-0.5825480778876226
-0.5831084990291856
-0.5835329300191786
-0.5847731217741966
-0.5862455093301833
-0.5867004385751594
-0.5880918168307593
-0.5889250854573523
-0.590044986270368
-0.5901435386784013
-0.5902459295466542
-0.5907628034590744
-0.591097306770583
-0.5911883181943267
-0.5938953917473555
-0.5940950092393905
-0.5954676487350038
-0.5966910211968103
-0.5969506948521095
-0.5984831080306321
-0.5994611287094611
-0.6002908260270488
-0.6003170289099217
-0.6022724762558938
-0.604732067695295
-0.6065792109817266
-0.6070215909664208
-0.6072733964771032
-0.6100209119862744
-0.6105787990769992
-0.6110473383871269
-0.6114439139685904
-0.6120524102090192
-0.6147714410649819
-0.6161067978478968
-0.617327478621155
-0.6176244953130663
-0.617761611060511
-0.6177646478638052
-0.6179198207747605
-0.6192111803684384
-0.6194441728626511
-0.6213688065181486
-0.6226379239399519
-0.6237377674784511
-0.6245082519405211
-0.6264536925026571
-0.6268503482763966
-0.6296707027358934
-0.62984870008326
-0.6301534127237068
-0.630410315417248
-0.6304742888148341
-0.6305548737935169
-0.6306187210785639
-0.6310242622625083
-0.6314164183180159
-0.6325644193217158
-0.6327368874335662
-0.6328400012377339
-0.6338292470770992
-0.6343360700081878
-0.6355047706339974
-0.6360702075529844
-0.6384117031077039
-0.6433079329112338
-0.6444220678418383
-0.6476349139419553
-0.6517916953307576
-0.6523287638556212
-0.6523740968074311
-0.6526533532464369
-0.6533728052047081
-0.6537004816927947
-0.6537760854440017
-0.6545214820944238
-0.6548514670381943
-0.6580534780587186
-0.6604624055325985
-0.6608296431950293
-0.6623039986394966
-0.6637923971575219
-0.664277707785368
-0.6643781624734402
-0.6658763973663251
-0.6667545271209545
-0.6675251019704673
-0.6681359766128784
-0.6682539217290469
-0.6683864690971354
-0.668521032979091
-0.6690732265512148
-0.6694403937472089
-0.6703838011089829
-0.6704676743596792
-0.6712060838937759
-0.6736099965346511
-0.6739081012298508
-0.6748514756560325
-0.6786538645891207
-0.6790904403508952
-0.6797325057443231
-0.6797861258609272
-0.6803280165804608
-0.6830707664601505
-0.6843250621653473
-0.6845969162127908
-0.6861971588805318
-0.6883420877081031
-0.6886020657757399
-0.6886786567047238
-0.6891142890478174
-0.6909019309503492
-0.6916908750270243
-0.691741656512022
-0.6947166957931282
-0.6949046334484592
-0.6952623330056668
-0.6958589718415169
-0.7016728499904274
-0.7040976049960591
-0.7057767733931541
-0.7060270038782619
-0.7093474484281614
-0.7102625698666089
-0.7109276311885979
-0.7116617619370421
-0.7130852732807398
-0.7136518769631428
-0.7152687060127695
-0.7154194414615631
-0.7157947095402051
-0.7161587158698239
-0.7177308204118162
-0.7181775240460411
-0.7190343581347002
-0.7210029063746333
-0.7213789181842003
-0.7222260679506386
-0.7240934370617781
-0.7244760115217004
-0.727076802801873
-0.7281165421009064
-0.7297791452438105
-0.7300600784830749
-0.7301066822838038
-0.7302456012047414
-0.7304034465341829
-0.7330695000876274
-0.7339492683919767
-0.7340510468115099
-0.735864804747204
-0.7366615105420351
-0.7380179797746678
-0.7397860739794042
-0.7419148236513138
-0.7434421331143111
-0.74414361291565
-0.7455187043524347
-0.7462124748162751
-0.7471684327465482
-0.7473112855638776
-0.7501250611385331
-0.7509957743342965
-0.7576547132572159
-0.760178804397583
-0.7647159315165482
-0.7681715673146149
-0.768494317214936
-0.7704169204691425
-0.770632279664278
-0.7716577189664046
-0.7766810655593872
-0.7774355858564377
-0.7783362114070249
-0.7791884496756312
-0.779774192554344
-0.7843172214925289
-0.7843382796792346
-0.7908274130895734
-0.7949707534426125
-0.7959856798115652
-0.7963898006037198
-0.7969553363509476
-0.7978088672389276
-0.7987810365630139
-0.7988698918941535
-0.799706628623729
-0.7999058004919789
-0.7999408231815324
-0.8001398513442837
-0.8005223935469985
-0.8016763457230159
-0.8045131245494953
-0.8064986493438482
-0.8087083049584181
-0.8155207371352541
-0.8159531390992925
-0.8174662926996296
-0.8196656564708368
-0.8220019366854103
-0.8224651370463627
-0.8287546137968699
-0.8316088286228478
-0.8327558180084452
-0.8335595259442925
-0.8376265413826331
-0.8405979354865849
-0.8450893380989631
-0.8500680637856325
-0.8540812807623297
-0.8549843567113081
-0.8571677910163998
-0.8632059685187414
-0.8669134821793705
-0.8734489100315841
-0.8744897797878366
-0.8805403097325729
-0.8815382202155888
-0.8817431560330858
-0.8864068902718524
-0.8876954883817234
-0.8936650156974792
-0.8963092035119189
-0.8981908764690161
-0.9101749854162335
-0.9121918507735245
-0.9178429789220294
-0.9236278287135065
-0.9288531392812729
-0.9292448047199287
-0.9313351040085157
-0.9342399524059146
-0.9344271795034729
-0.9428584646229865
-0.9453466301617611
-0.9496461546514183
-0.9502525569405407
-0.9503590784966945
-0.9545729168748949
-0.9576269175857306
-0.958549262589908
-0.9604501226160209
-0.9614239685511815
-0.9663798530120402
-0.9667196700659891
-0.9674110811203718
-0.9690561461154305
-0.9697599075734615
-0.9729102273267927
-0.9747959510423243
-0.978403662936762
-0.9793002079989362
-0.9810867998749018
-0.9819034910243418
-0.9855305736491573
-0.9889965560287237
-0.9962474405765533
-0.9982146935847899
-0.9998147630132734
-1.0018969165782134
-1.003550426931017
-1.0070409135161233
-1.0094534360347704
-1.0162497030770672
-1.0171817805618049
-1.0175801998004317
-1.0206530935596674
-1.0206824355862207
-1.0222478799211483
-1.0249795151342238
-1.029517334416596
-1.0344146882582987
-1.036778341125076
-1.0384402573108673
-1.039078867683808
-1.0401088931082216
-1.0414176620543003
-1.0485350720584392
-1.0495798675498615
-1.059453811097358
-1.0662991383246012
-1.0717780825216323
-1.0809021893489574
-1.0858862967191574
-1.087595382751897
-1.0886686940987904
-1.0932493014115607
-1.0938650965690613
-1.0960468596080317
-1.0979651138186455
-1.0981358190377553
-1.0990026589069102
-1.101073049241677
-1.1042147577445576
-1.120710130315274
-1.1235641554646594
-1.1259509092196822
-1.1279101151041686
-1.1339638366230897
-1.1379548445610064
-1.1393534786487483
-1.1404957764589199
-1.142663449048996
-1.1474127367138862
-1.1513357423245907
-1.1533284517936409
-1.161269170542558
-1.1687726656802826
-1.1698391693644226
-1.1705001979134977
-1.170780393120367
-1.1724616058563697
-1.1743161656777374
-1.177390861577199
-1.179760908339328
-1.1822213937848574
-1.1841844618320465
-1.1842991411685944
-1.1856793142855167
-1.1911392016190803
-1.192992622710032
-1.2049180392299603
-1.2095660035099303
-1.2109819526279655
-1.2119347864936572
-1.2142771780490875
-1.2171641253711034
-1.217492390102052
-1.21773635262313
-1.220321387052536
-1.2307917693008978
-1.241063805297017
-1.2473594211041927
-1.2646590068936348
-1.2658050991594791
-1.2745921860582061
-1.2768957389780553
-1.2885336222255621
-1.2911802040180191
-1.2937538964354947
-1.2968122545474519
-1.3009239733219147
-1.30918038636446
-1.3102947697043419
-1.3159146904945374
-1.3176966570317745
-1.3205033228732646
-1.3284629493020474
-1.3325020372867584
-1.334200238500489
-1.3538219034671783
-1.3551536202430725
-1.3560063689947128
-1.3640213719336316
-1.364042758650612
-1.3693280046184857
-1.3707676897091525
-1.383141360245645
-1.3834490761160851
-1.3848404083633796
-1.3915571849793196
-1.417547732591629
-1.4214860563047296
-1.429927076678723
-1.439147481461987
-1.4448287534926618
-1.4514733311001085
-1.456059103171962
-1.4579870328307152
-1.4604733884334564
-1.4744477948794763
-1.4864775002002717
-1.4910349592100829
-1.49441529220591
-1.4981042593717575
-1.4993746586939476
-1.5062522292137146
-1.5073833555604021
-1.5198855608701707
-1.5472059718532754
-1.551094016951538
-1.5612416863441467
-1.5768883228302002
-1.5801861421399128
-1.5859557912684976
-1.587298032362014
-1.5884997440734878
-1.5902299396693707
-1.5915499239228665
-1.5945395173815389
-1.606765587348491
-1.6241116330202203
-1.6242633044719696
-1.6359278700935345
-1.6540453352034092
-1.655077973753214
-1.6567308755475096
-1.6589068514294922
-1.6593919796869159
-1.6822186037898064
-1.6825768150389195
-1.692118538543582
-1.7023668587207794
-1.7112591341137886
-1.7136904744717565
-1.7364510141778737
-1.7567430833975475
-1.7703117637895047
-1.7819870736760397
-1.791753346893529
-1.7948870210908354
-1.7990567584832509
-1.802973309531808
-1.809610270601297
-1.8700015055281776
-1.8757697517673175
-1.8759764124240195
-1.8824578523635864
-1.8931877613067627
-1.9124081134796143
-1.9272914815907523
-1.9277092491587002
-1.929968437179923
-1.9383051358163357
-1.9503175172954799
-1.9628725051879883
-1.9742274582386017
-1.9796042540110648
-1.9918298090694104
-2.0039700283436104
-2.0386622482910752
-2.0485284253954887
-2.097471692599356
-2.1057234406471252
-2.10928386868909
-2.1127903064092
-2.1154454151789346
-2.1284382343292236
-2.141681710879008
-2.1454968452453613
-2.1504174023866653
-2.16088875134786
-2.283962610332916
-2.286680668592453
-2.2902994422862926
-2.332370400428772
-2.3642598390579224
-2.3982008455786854
-2.491971881769132
-2.510639464482665
-2.520751405507326
-2.5940144658088684
-2.614041104912758
-2.634661737829447
-2.669607162475586
-2.7541241414437536
-2.7801969200372696
-2.7967860847711563
-2.799069210450398
-2.8122953809797764
-2.833232362754643
-2.8936559345553783
-2.9110635221004486
-2.9113717079162598
-2.9430780372204026
-2.9751259485880532
-3.0212976932525635
-3.047240734100342
-3.1002278738233144
-3.142274856567383
-3.158718228340149
-3.359218154102564
-3.4125900268554688
-3.551471531391144
-3.603384554386139
-3.726260737137636
-3.728679895401001
-3.8583423495292664
-3.8973664045333862
-4.058898568153381
-4.121398687362671
-4.133000135421753
-4.191271066665649
-4.587852557500203
-4.6930943330128985
-4.889559825261434
-5.136102974414825
-5.298043251037598
-5.611133456230164
-6.010234355926514
-6.944759845733643
-7.035036325454712
-7.601024866104126
-12.2320556640625
-13.516653060913086
-14.865242004394531
