-0.0001259302562175435
-0.0021966039857943542
-0.009365094670404991
-0.015658596287539694
-0.041343101765960455
-0.044036466628313065
-0.04923141904752507
-0.06052638224355178
-0.07108240602531168
-0.08213120885193348
-0.08455338676467364
-0.09368699230253696
-0.10340974943002428
-0.10439095461188116
-0.10900016874074936
-0.11342259298544377
-0.12435455294325948
-0.13450857280986384
-0.1364383823577858
-0.1365532474592328
-0.14089129223819846
-0.14347005841167024
-0.14443213540910924
-0.14759004791267216
-0.15363160711422097
-0.15577427108655684
-0.15790234006012724
-0.15996842702443245
-0.16329924557066988
-0.16365733242128044
-0.16884353384375572
-0.17421377795714457
-0.1773828058087799
-0.1859013454838229
-0.19082718650292918
-0.19128240155987442
-0.19556254148483276
-0.1964270258252197
-0.19757792185191647
-0.2094500370634099
-0.21097179129719734
-0.21264331850189983
-0.21356740783448913
-0.21580210517640808
-0.22833186654107912
-0.2295625942412395
-0.22980542154982686
-0.22982795743044132
-0.2318544861060218
-0.23522003447634723
-0.2385678895569237
-0.23877175835774064
-0.240852887620008
-0.2432004699173073
-0.24614020437002182
-0.24748327052020613
-0.24930687101172785
-0.2496593942050822
-0.2501053608255461
-0.25077528694349055
-0.2520561277116131
-0.2570983690626842
-0.2596443761121918
-0.26155343852587976
-0.26325882266142536
-0.2692954221489951
-0.27103836187113
-0.2719765833296281
-0.2722090979572386
-0.2734000970352402
-0.2744785279486678
-0.2755016264115966
-0.27677301288349554
-0.2785719579141086
-0.2839584265666417
-0.28396732706338906
-0.2876307918340899
-0.2914423489322265
-0.2919689118804172
-0.29201427905666477
-0.29580813121719984
-0.29715652247614344
-0.2971715381136164
-0.29830256149320383
-0.30042739875144825
-0.30080891580187846
-0.3008380772511373
-0.30564215473298517
-0.3058774769626325
-0.30853873936181725
-0.3100303910240554
-0.3115045686161985
-0.3147499548504129
-0.31480557740380594
-0.3168012751702918
-0.319945057291352
-0.32098193925169954
-0.32441388917712694
-0.32481374891613085
-0.3260078483217512
-0.32638805778697133
-0.328109056261989
-0.33006398590181824
-0.3310206746516217
-0.3336108413791913
-0.3369963930628728
-0.3389085672485332
-0.3399146791219079
-0.3432630415540189
-0.3455455718903977
-0.3482817283070795
-0.34868818720079775
-0.3490838782769667
-0.35101640464611894
-0.35103222189021227
-0.3512281922972761
-0.35216291190930255
-0.35403427795529296
-0.3554416254152205
-0.35660705538466575
-0.3570735546727519
-0.35715944016268014
-0.3573187460936294
-0.35766456089913845
-0.35830510698482004
-0.3604349948174786
-0.36123538785614073
-0.36251100897789
-0.3633765760351808
-0.3634081707833419
-0.36353436098319697
-0.3639014504982957
-0.36393165968183894
-0.36395116844869335
-0.3639864125732195
-0.3646695502081002
-0.3661859717183688
-0.3664399957300962
-0.36848691146800167
-0.36881534866038507
-0.3691263598112755
-0.37033425291632865
-0.3705838270179811
-0.3706544901111296
-0.37203935300226476
-0.37278279504243983
-0.3728390376961345
-0.3742928453182146
-0.3747081813564819
-0.3749821123534015
-0.37521788850426674
-0.375823843121907
-0.37758206918526693
-0.3784396668290558
-0.3792155552553898
-0.3796690216186107
-0.38068028397001397
-0.38094642564368164
-0.38173781476167884
-0.3820686125928963
-0.3835002451669425
-0.3840291388311471
-0.38697459854717764
-0.38760408871651936
-0.38902317692658733
-0.3922754544741565
-0.39305319178051185
-0.39306885115570367
-0.393624544542815
-0.3946947739459574
-0.395563926781809
-0.39654115091543646
-0.3972742540654508
-0.39740098360925913
-0.3974958954277099
-0.3977401961734965
-0.3985290311931067
-0.3987873817000036
-0.3987923450746621
-0.40009731944236493
-0.4017903504650854
-0.40190755906847436
-0.40270668203424975
-0.40307574882507863
-0.4031792173058133
-0.40527615485893875
-0.4062003867608534
-0.40681151067133214
-0.4077315012518039
-0.40798570844344795
-0.40820723327015
-0.4087496439792828
-0.4112070022492844
-0.41148896584345496
-0.41183572117588485
-0.41299945320542975
-0.41303453563913145
-0.4136527330116223
-0.4136915739555762
-0.41488306524765256
-0.4154141866291476
-0.4168907296443649
-0.4169618236919632
-0.41825987770410694
-0.4194004286878875
-0.4212794818374732
-0.4215516888075869
-0.42276959586457385
-0.4232499285885158
-0.4241379297716776
-0.4252730277502061
-0.4255426675081253
-0.4256383358234806
-0.42632811639811863
-0.427245861568008
-0.42779164794272473
-0.4277978996105958
-0.42860050731485444
-0.42860912635683235
-0.42863954602632603
-0.42892117198142743
-0.4291090083553273
-0.4295675108830134
-0.43032374930148115
-0.4305958894383366
-0.43072998197749257
-0.43164327181875706
-0.4341507647415191
-0.4345994105486473
-0.43485355948905635
-0.4350833890028298
-0.43595108557201456
-0.4361797791719125
-0.43634375906549394
-0.43911764830891115
-0.4391260087076161
-0.4394125616288511
-0.4395349354758259
-0.4404683503029706
-0.440519251753098
-0.4410126513339492
-0.44201417842931634
-0.44293299559503796
-0.4436216851001215
-0.4441367792115552
-0.445815087009881
-0.4462617626588326
-0.44745089651446
-0.44790819970088097
-0.4489325680691536
-0.4495357792824507
-0.4506851919586119
-0.4521025233065862
-0.45222930410704976
-0.45376772110830643
-0.4538528881142459
-0.45433813804109896
-0.45457824569780314
-0.45543083266576495
-0.4565285527751257
-0.45658250970068365
-0.45673996169352904
-0.4579757626670471
-0.4580112136900425
-0.4586840799726945
-0.4589190547322604
-0.4589773031506815
-0.4596062866704805
-0.4598642713390291
-0.4598769321963421
-0.4605212673544884
-0.4606127045262838
-0.4606283890607301
-0.4614583220853092
-0.46178004910637227
-0.46220264550564544
-0.46285579196296567
-0.46311399828794364
-0.4638284832354884
-0.46485165773913195
-0.4649492001271574
-0.4651213091520958
-0.4678317041409375
-0.46796279371743105
-0.46895385965278064
-0.46944898954648123
-0.47007441621123935
-0.47109640296203
-0.47225574753489735
-0.4746304244310103
-0.47544232924065
-0.47722309295620235
-0.4773174920040901
-0.47759098246806386
-0.47775623807683587
-0.47835354903613087
-0.4795547106065753
-0.47972376718885246
-0.48034504949615
-0.4808269826247124
-0.4828379588822524
-0.48316132276507534
-0.48403982557179004
-0.48523654932964394
-0.48640332413924625
-0.4880899953516411
-0.48818093504243215
-0.48938730162743016
-0.4897373989201242
-0.49012347664292977
-0.4911891415191576
-0.49183708244023505
-0.49186724771326146
-0.49190498954552214
-0.4921405847805242
-0.49238870142393615
-0.49471941832453015
-0.4961564321419145
-0.49635540728507166
-0.49648094511285307
-0.4991894510572324
-0.49923308532864513
-0.5006105103451546
-0.5017709958244976
-0.5037243404824819
-0.5042496362293605
-0.5054516299860552
-0.5059523075789911
-0.5065110186789449
-0.508222106800531
-0.5102312478037285
-0.5110090429791145
-0.5121274810917384
-0.513695332405041
-0.5160857459064573
-0.5180596926084036
-0.5182469505567237
-0.5186858419615116
-0.519004277631341
-0.5190121140039992
-0.5192423260460828
-0.5201542573864572
-0.5205420995683502
-0.5211344310931963
-0.5213589629158377
-0.521604693362633
-0.5224767565710603
-0.5228763658420316
-0.5241001843371325
-0.5303797894599224
-0.5306408831605344
-0.530836440352141
-0.5320717692375183
-0.5323421899677973
-0.5326536044478416
-0.5329580572375789
-0.5351225774728456
-0.5357898324728012
-0.5373062257265246
-0.5375370385615194
-0.537955176178366
-0.5382134552408908
-0.5412001810967922
-0.5420713468517663
-0.5422052690233353
-0.5434502619983894
-0.544026860591839
-0.5444914974527819
-0.5447718219948001
-0.5473029722944422
-0.5483757667243481
-0.5498358605161229
-0.5535847049861331
-0.554893986161278
-0.554961512763839
-0.5557058076864855
-0.5559288886874533
-0.5572052550594794
-0.557424834308525
-0.557582721259223
-0.5584720575550038
-0.5588758431632803
-0.5597367159401377
-0.5608041398227215
-0.5622182897895982
-0.5635776912973698
-0.5649444218202007
-0.5651629345399366
-0.5691974760217514
-0.5694968207812053
-0.5711096477545132
-0.5712647189666313
-0.5748551934957504
-0.5758442948938156
-0.5759241788338159
-0.5775808155187405
-0.5796631565766909
-0.5801673507667147
-0.5814603663980961
-0.5827124550455159
-0.5827785507659428
-0.5853086458519101
-0.586033517215401
-0.5885275649906261
-0.5903476102073054
-0.5916690445361988
-0.591742072650959
-0.5925987499686016
-0.5930574570051653
-0.5945601469489298
-0.600454597375314
-0.6005781039595603
-0.6008902813773602
-0.6010457862478992
-0.6020844179089181
-0.6023079595389016
-0.6023262503209076
-0.6038333537983004
-0.6049315854241806
-0.6055078574988458
-0.6073888931423426
-0.6094220738788054
-0.6099663317519506
-0.6101216601414813
-0.613303330540657
-0.6134666016567079
-0.6145575447891234
-0.6150159508531488
-0.6199427278056141
-0.621275581975351
-0.62261960478085
-0.6237082217194256
-0.623901528044856
-0.6240657320740866
-0.6254138345466345
-0.6259171387180686
-0.6281451037601377
-0.628298798123271
-0.6284108495844217
-0.6286939690289728
-0.6330213840151878
-0.6332906289426319
-0.6339642334455026
-0.6351756194829553
-0.6356265213860752
-0.6359742777164813
-0.6365380132570863
-0.6370209803797999
-0.6391349150333554
-0.6394378960933662
-0.6422935154809238
-0.6463829148560762
-0.6468590186777874
-0.6516485072672367
-0.6522286086488748
-0.6522447973269058
-0.652252866560957
-0.6538874451289303
-0.6574156404369407
-0.6578434630223805
-0.6605369236840488
-0.6653603591645757
-0.6655779476768152
-0.6703382748168866
-0.6729237423278391
-0.6763411381108805
-0.6784296035766602
-0.6810429359320551
-0.6814468894153833
-0.68239957090312
-0.6838419906256604
-0.685017052834155
-0.6854894996310273
-0.6857947723365214
-0.6874646572105121
-0.6892271930119023
-0.690704039002109
-0.6912968603428453
-0.6918354234011741
-0.6925542352382763
-0.6935817271471023
-0.695355525872271
-0.7004043199121952
-0.7006711893482134
-0.701185209172157
-0.7019358119898242
-0.7031386024291856
-0.7032658387465441
-0.7035059984773397
-0.704063031822443
-0.7049322426319122
-0.7068757108451488
-0.7069943133275955
-0.7076891213655472
-0.7108882029877148
-0.7118016538352094
-0.7132088155194651
-0.7147653910191626
-0.7152117492665032
-0.7172726242715726
-0.7192250280123618
-0.7204955902285898
-0.7210103758908291
-0.7212336814263836
-0.7212683342804667
-0.7224718135357155
-0.726865326470579
-0.728161227540113
-0.7293372465763241
-0.7293703347444535
-0.7302959981374443
-0.730335358530283
-0.730481494180739
-0.7308386415243149
-0.7310318885371089
-0.7337870856542643
-0.7362203640681401
-0.7386699976865202
-0.7387036443222315
-0.7417806579731405
-0.7445332916788174
-0.7460307267416889
-0.7460983374068746
-0.7475139665507918
-0.7505780101753772
-0.7523848053198889
-0.7546177555574104
-0.7551017318823142
-0.7566396967546704
-0.7591588333113274
-0.7593129113316536
-0.7615838792593826
-0.7617477477490736
-0.7618018087232485
-0.7628719626562088
-0.7629785533959379
-0.7643442839384079
-0.7664792555021146
-0.7675541213589895
-0.7688108300790191
-0.7696896265260875
-0.7705249477940015
-0.7753075351541735
-0.776558910186092
-0.7777638519829553
-0.7789969279320859
-0.779228100432374
-0.7829566927762244
-0.7839990287892371
-0.7854848670928428
-0.7854953917807767
-0.7861151210963726
-0.7866921551525593
-0.7878007210791111
-0.7886067398700106
-0.7887790243451794
-0.7896516930197929
-0.78967013104245
-0.792466539261568
-0.7953227580049619
-0.7963071821542633
-0.7966494932770729
-0.796772051602602
-0.7995234091067687
-0.8000300644166095
-0.8007878946276227
-0.8023060075938702
-0.8039530753691603
-0.8039996534862439
-0.8046082407236099
-0.8047014064698791
-0.8057104239381564
-0.8089862109033371
-0.8101621006382629
-0.8106593518168665
-0.8196490136241275
-0.8219653489999473
-0.82237851889804
-0.8249773178249598
-0.8262428717894686
-0.8277179157760527
-0.8283081690606195
-0.8294221563555766
-0.8340201212914609
-0.8340505361557007
-0.8344327038567927
-0.8357338045025244
-0.836169380251522
-0.8368573928079664
-0.8412117218133062
-0.8415147978346795
-0.8456149654928595
-0.8474364968197834
-0.8551863538887119
-0.8587573047858313
-0.8594585325408843
-0.861842599028023
-0.864120603345024
-0.8650648614137026
-0.8655184536473826
-0.8676444557931973
-0.8701894295712312
-0.8703409798908979
-0.8716364093124866
-0.8728810604661703
-0.8752839397173375
-0.8757093465119397
-0.8767021736312017
-0.8799701947718859
-0.8823474592063576
-0.8833555309101939
-0.8840840240526531
-0.8875528716307599
-0.8884200353175402
-0.8887815788039006
-0.8893980979919434
-0.8927327953279018
-0.895208725207744
-0.9016231116911513
-0.9035500835161656
-0.9046682724860148
-0.9076135838186019
-0.9124352800427005
-0.9141570453842481
-0.9229873962700367
-0.9291792578555437
-0.9303628658655927
-0.9312772707240323
-0.9324965261621401
-0.9372145208762959
-0.9373564652591345
-0.9407314724145787
-0.9430550159886479
-0.9488375633955002
-0.9506778532328705
-0.9524946595498477
-0.9540906194015406
-0.9540907462804171
-0.9545300408665623
-0.9587261706862288
-0.9597456634044648
-0.9604485956660938
-0.9620643839653995
-0.9658762309021162
-0.9660171922459995
-0.9674098590621725
-0.9745898260523973
-0.9751706370817763
-0.9779714952622142
-0.9785380036293645
-0.9802914656077822
-0.9830536220360955
-0.9836356341838837
-0.9845266084497174
-0.9889399747364223
-0.9912619477642389
-0.9986727790286144
-0.9996727406978607
-0.9999649704744419
-1.000709507924815
-1.0024703845514782
-1.0057673519144632
-1.0066817911962669
-1.0072783708455972
-1.0107409790158273
-1.0214935544063337
-1.0229441384784876
-1.0309898820705712
-1.033489894507511
-1.0360604119487107
-1.0363088232596056
-1.0373365259518323
-1.0374444083621104
-1.0397035007675488
-1.0411467663943768
-1.0413538753055036
-1.0439783377306802
-1.052868660481181
-1.0543079343624413
-1.054941596055869
-1.057434268295765
-1.0678578452207148
-1.077369094149617
-1.0806784516510863
-1.0837303873777273
-1.0887040343160541
-1.0910494327545166
-1.0919039001067479
-1.0951273054815829
-1.099840017190824
-1.1009161965921521
-1.1096735754205536
-1.1123201847076416
-1.1176548985143502
-1.1176997115835547
-1.1262882933951914
-1.1289716543895858
-1.1306363334442722
-1.1310613297391683
-1.1315995465229207
-1.1352166367384295
-1.1463282603770495
-1.1508611291646957
-1.1538934763520956
-1.157468902063556
-1.1586073930273415
-1.167692240793258
-1.1731946608051658
-1.1866565801210527
-1.1892871744930744
-1.1969954155385494
-1.1973065201891586
-1.2064968581710542
-1.2087507818359882
-1.2223433509352617
-1.2267014210422833
-1.2321222896377246
-1.2511690482497215
-1.2532412824220955
-1.2534377894674738
-1.2791984574869275
-1.2803253470920026
-1.2844373362766217
-1.2856769319623709
-1.2931237767140071
-1.2960461957438383
-1.3189384944736957
-1.3247243187257223
-1.3293008593221505
-1.3331226157024503
-1.3338096789084375
-1.3481997826269694
-1.349312158417888
-1.3522724757591884
-1.3542742252349853
-1.3654805548333873
-1.3722279339951153
-1.3726227767765522
-1.3821995258331299
-1.3896877795341425
-1.3925632773898542
-1.3938370309770107
-1.3939145803451538
-1.4242851721743743
-1.4373180866241455
-1.4409744070532422
-1.4447732518116634
-1.4652107421308755
-1.4817511426905792
-1.4822605398173134
-1.4833230014579992
-1.485103736637393
-1.4901297092437744
-1.527684897184372
-1.5278934517409652
-1.534034788608551
-1.5370966331878055
-1.5379391945898533
-1.542193257395411
-1.5558799505233765
-1.560446932290991
-1.560536082368344
-1.5626784460619092
-1.5651536956429482
-1.5656898183515295
-1.5665557999163866
-1.5735040108362834
-1.6004442159086465
-1.6108865787585576
-1.6128148635228474
-1.6157531924545765
-1.6279921233654022
-1.6486949631944299
-1.6505011320114136
-1.6923169326037169
-1.7096824202065666
-1.7102621793746948
-1.7199360343317192
-1.727741404126088
-1.734914856031537
-1.7582747051492333
-1.7621752719084423
-1.76505841811498
-1.7722831186838448
-1.790826809592545
-1.8078666739165783
-1.8260622955858707
-1.8453716076910496
-1.8463581071282533
-1.846422478556633
-1.8529601423069835
-1.8582436866126955
-1.894584733992815
-1.9049894886629772
-1.9055384546518326
-1.9400001466274261
-1.9818976988317445
-1.9833205938339233
-1.9967898859176785
-2.037455826997757
-2.1203105971217155
-2.1253547370433807
-2.14928300306201
-2.1896844981238246
-2.2273645401000977
-2.2337485253810883
-2.2942134737968445
-2.350929606395463
-2.352793626487255
-2.359164317448934
-2.373608946800232
-2.420868217945099
-2.440545439720154
-2.4628854393959045
-2.4952348582446575
-2.500712037086487
-2.537662386894226
-2.6033604741096497
-2.608917216770351
-2.6093599796295166
-2.6965745985507965
-2.7996860363831124
-2.884628117084503
-3.103673219680786
-3.119051218032837
-3.1362378895282745
-3.228795897215605
-3.314936876296997
-3.3206853416825957
-3.3825051790336147
-3.4760293662548065
-3.6744460847694427
-3.8031841119518504
-3.830517053604126
-3.833275007928023
-3.9530551693751477
-3.9900009632110596
-4.006280899047852
-4.027866363525391
-4.131188163533807
-4.247906684875488
-4.2517547607421875
-4.371689558029175
-4.520378112792969
-4.564065456390381
-4.581279277801514
-4.665629655588418
-4.868565559387207
-4.873529434204102
-4.926784174022032
-4.998923774808645
-5.037155628204346
-5.108724117279053
-5.242720127105713
-5.460731039114762
-5.787198110716417
-5.837475299835205
-7.516091823577881
-7.770569324493408
