-0.0010110987350344658
-0.004333833945565857
-0.0074114445596933365
-0.013409003573340468
-0.013518723484594375
-0.015302994122369759
-0.03686694298974342
-0.04137684777379036
-0.042902834713459015
-0.07805419729556888
-0.08020234139015277
-0.094013345738252
-0.10806192150630523
-0.11122216489561002
-0.11612505612429232
-0.12262754204372565
-0.13227905893452568
-0.13624420198791015
-0.13702493265736848
-0.14783465440268628
-0.15029270698626837
-0.1521248872264881
-0.16098367613303707
-0.16754774170694872
-0.16813345884293085
-0.16969368495763495
-0.17185043295224509
-0.17212898914779848
-0.1800247402396053
-0.18250000054831617
-0.18395509663969278
-0.1928948739077896
-0.19338096186725628
-0.19466754434896366
-0.19673688515710333
-0.19698896148922637
-0.19886353849950764
-0.20041741034583538
-0.20113962512862468
-0.20248248128752624
-0.2037581138845001
-0.20559343309578254
-0.2057478601054754
-0.20735839833893502
-0.21059789229911985
-0.2110091556154657
-0.21384169876728265
-0.21425081450156758
-0.2151349417703307
-0.22989042306711016
-0.23058676905930042
-0.23147580902811818
-0.2321466921363026
-0.23392311324005277
-0.23398222007589148
-0.2355547615550914
-0.23710845137975411
-0.2413412524969317
-0.24247370968389856
-0.24441093189761887
-0.24598183280236466
-0.24691597865894438
-0.24725235706500825
-0.2483328553626052
-0.2530371646086375
-0.25809059272121104
-0.25989189732354134
-0.26081363412199804
-0.2649291762150824
-0.26596536137082655
-0.2713706561565535
-0.2718959366902709
-0.2731154497934248
-0.273233028066655
-0.2741980122823623
-0.27475899728861725
-0.2748014121025335
-0.2763692404355664
-0.2764641163030319
-0.28201263310204794
-0.28216663303984596
-0.2837731083539741
-0.2847988053358027
-0.28481550482494006
-0.28569765234230243
-0.286617203312926
-0.28792472586168777
-0.2881973747382951
-0.2895323746230973
-0.2903682043860582
-0.2929918152887175
-0.2933298960948984
-0.2945995691835004
-0.29881178827943383
-0.30102178154629655
-0.30118234931225224
-0.3013173618965084
-0.30277682652342175
-0.30278303916566074
-0.3030260184646717
-0.30410947901164664
-0.3050704435411787
-0.3055395668440421
-0.3087585362167481
-0.3088835472856239
-0.30920996866991807
-0.30964378975719836
-0.31039970176643694
-0.31056910473775395
-0.3127575312537374
-0.3134044190247854
-0.31497823423705995
-0.3181568495929241
-0.3186686507736643
-0.3198777288198471
-0.32474536858208014
-0.3247794137460005
-0.32512515700525707
-0.32675118689974836
-0.3268726883456111
-0.32738235786455333
-0.3276663695190412
-0.32781566537451
-0.3285587847737285
-0.32861655834130943
-0.3288455943222202
-0.32924854602660397
-0.33259359929853904
-0.3330038933927426
-0.3337859033555206
-0.33481907927327687
-0.33485645239590667
-0.3349939680261099
-0.33511371996549616
-0.3373049452576587
-0.33764508413150907
-0.33782108983723447
-0.3384289603680372
-0.3392644426552579
-0.3400415167270694
-0.3407510128017748
-0.34305601119995116
-0.3471907947823638
-0.34733449824998386
-0.34777582877626023
-0.3494597301529399
-0.3495065857889131
-0.3516854696383234
-0.3517651777656283
-0.35285480195307173
-0.3529654112967546
-0.35469828345667337
-0.35600104311015457
-0.35633444460654573
-0.3565704587381333
-0.35707162875825393
-0.3572733226901619
-0.35760971194961005
-0.35797749760871134
-0.35849561382632666
-0.3598084099927898
-0.3602185870113317
-0.3604269770545546
-0.3606942858147834
-0.3610382275728625
-0.3625555598243539
-0.36305494730671245
-0.3632805596160538
-0.3650696999012043
-0.3652403571166495
-0.36552752233932123
-0.36971105563861784
-0.3732741735771664
-0.37334604201734894
-0.3793151448444405
-0.38250990359070286
-0.3827828700770624
-0.38450747957067505
-0.38594125222880393
-0.38673490858673176
-0.38868488495548564
-0.38923936696664896
-0.390576965152286
-0.39065731327152914
-0.39230929489131083
-0.3929218583418535
-0.39303631547372786
-0.3934143245220184
-0.3957707430901272
-0.39601603453047574
-0.3960605399683118
-0.39663079453021055
-0.40128571058020873
-0.4014201736232887
-0.40214880667626857
-0.40275795613221516
-0.40292906660276157
-0.40367193965034354
-0.4045801433135888
-0.40490768365561963
-0.40758357596184525
-0.40791391742095584
-0.4083598296985858
-0.4099271986633539
-0.41333043898339383
-0.41463127214875484
-0.4157289914793283
-0.4161450035870075
-0.4163812390906969
-0.4164834668918047
-0.4175959267387433
-0.41767237316129135
-0.4191402676282451
-0.41936791451492655
-0.42065347594002056
-0.42087729552804376
-0.42274406055609387
-0.4249942228933306
-0.42510296031832695
-0.4253883149474859
-0.4263600204971486
-0.4325133082747925
-0.4326876121280293
-0.43403752737989026
-0.4350866037188098
-0.43712007577414624
-0.4384521351510102
-0.4400276528671384
-0.44076221343129873
-0.44118509430657415
-0.44273840598503333
-0.4428363034902658
-0.44558453091885897
-0.4464143132790923
-0.44651536229583955
-0.44704363904893396
-0.44733088165521623
-0.44859274418558925
-0.44899932504995377
-0.44918773375684395
-0.4502600656123832
-0.4503323166217241
-0.45217346323904795
-0.45245518154570163
-0.45265788286924363
-0.45613736131053884
-0.45759843483877677
-0.45861189667549396
-0.45946909735600155
-0.4606509643331678
-0.4635813076456543
-0.46546341587090867
-0.4657723205164075
-0.46598303277824016
-0.4681281407053272
-0.4719596897717565
-0.47210431795877716
-0.473635658621788
-0.47495377001663047
-0.47508355219136267
-0.47529077044289025
-0.47647535987198353
-0.4769504427909851
-0.47698898538947104
-0.4812465549488975
-0.48451178963296115
-0.4856459563598037
-0.48649581728074864
-0.48757935036701383
-0.4881555541884154
-0.48851122648920864
-0.4899999034932989
-0.49021310498937964
-0.49058319072771284
-0.49122629780322313
-0.5003151881464873
-0.5015481428967582
-0.5030936393531091
-0.5031080497655138
-0.5034631066438224
-0.5047168201490422
-0.5060987646924332
-0.5062955996254459
-0.5073427421351274
-0.5087703133001924
-0.5094143599271774
-0.5121148474172514
-0.5132433217432764
-0.5144390119239688
-0.5144973181173554
-0.5162247670741635
-0.5172380489363734
-0.5181596236943733
-0.518772935247398
-0.5190051796897832
-0.522214864846319
-0.523202463099733
-0.5238948936041977
-0.524842705267171
-0.5256576858460903
-0.525692087598145
-0.5260983458720148
-0.5267068383816097
-0.5269377645105123
-0.5282878537351886
-0.5283661833964288
-0.5308669665125004
-0.5312860265374184
-0.5321416296064854
-0.5359770566116951
-0.5365614999484803
-0.5384396963752807
-0.5393473710864782
-0.547510156352073
-0.5479762392118573
-0.5519734075242013
-0.5531689716503024
-0.5540417229640298
-0.5557833929546178
-0.5579099217824738
-0.5585150211821505
-0.5588069170286568
-0.5589621977880597
-0.5592794932225453
-0.5597877974131344
-0.5600896120071411
-0.5608965827462574
-0.5612269198172726
-0.5612322759930976
-0.5617487604729832
-0.5632804051041603
-0.5642588845454156
-0.5676347240805626
-0.5693152759922668
-0.5693311352903644
-0.5703326600293318
-0.5717255675958263
-0.5766181532461714
-0.5773580812448118
-0.5774777022204944
-0.5794632784608338
-0.5796700889865557
-0.5802422678098083
-0.5817907620221376
-0.5824949024245143
-0.5826454732911467
-0.5828417445532977
-0.5860660873974363
-0.5881731107831001
-0.5903574004769325
-0.5920161470033539
-0.600149330572458
-0.6015515410108492
-0.604225157480687
-0.6079983407107648
-0.6091914648190141
-0.6122896239161492
-0.6135306191295967
-0.6165126940856377
-0.6189223326742649
-0.621159220735232
-0.6229091536120644
-0.625994527596049
-0.6290020318701863
-0.6311382172170852
-0.6325766580800215
-0.6328318910673261
-0.6335070018041213
-0.6354368774142737
-0.6359091385966167
-0.6393698250883192
-0.6394020650535822
-0.642862572678132
-0.6437514148225697
-0.644834095844999
-0.6476912710422766
-0.6493510122203993
-0.6527404104126617
-0.6534341815859079
-0.6537846139632165
-0.6539081713184715
-0.6570831826538779
-0.6585426535457373
-0.6589437900277387
-0.6590448878705502
-0.6640274613164365
-0.6653497616935056
-0.6654333113692701
-0.6677672592923045
-0.6700505033135414
-0.6703840281282153
-0.67144862387795
-0.6717988882623364
-0.6725020909681916
-0.6748649680521339
-0.6766832895266514
-0.6774760261178017
-0.6788205762083331
-0.6792576619320445
-0.6822732968915565
-0.6848226952632623
-0.6850184996922811
-0.6870979582425207
-0.6904248833501091
-0.6921048507715265
-0.6923049466600383
-0.7011570485067621
-0.7022898477502167
-0.7023394854687568
-0.7037701790021467
-0.7050722035579383
-0.7071361459675245
-0.7081730537271748
-0.7096469871882748
-0.7133728258311749
-0.7148627328375975
-0.726376640299956
-0.7304675339721143
-0.7333384931087494
-0.7357793557224795
-0.7403547883033752
-0.7415335408761166
-0.7437803791835904
-0.7490680118401846
-0.7503661919385195
-0.7526044909609482
-0.7549831221501032
-0.758581566469123
-0.761545326677151
-0.7650662734631624
-0.7698411107063293
-0.7774871774793913
-0.7813777746836422
-0.7829519880644511
-0.7844120623841364
-0.7877213546557219
-0.7892975325230509
-0.7921161775787672
-0.7970577574742492
-0.8019870771968272
-0.81039442907786
-0.8109847616869956
-0.813325451928764
-0.8136552576906979
-0.8172869132831693
-0.8192276617046446
-0.821147906780243
-0.8232391289590547
-0.8267712593042233
-0.8274173811892979
-0.8301687953062356
-0.8349496033042669
-0.8363147627387661
-0.8433019430376589
-0.8435362847521901
-0.8439913070760667
-0.8448355678313723
-0.8501228839353038
-0.8547918173018842
-0.8565816511206018
-0.8571638061862009
-0.8588271789252758
-0.867551288753748
-0.874246463063173
-0.8776415288448334
-0.8823988679796457
-0.901990981400013
-0.9021462062373757
-0.9061005627736449
-0.9080133927054703
-0.9195551723435832
-0.9235640566796064
-0.9242024183273315
-0.9250800870358944
-0.9317847995553166
-0.9351516539851824
-0.9370367899537086
-0.9399942338466645
-0.9418791060646375
-0.9466052036732435
-0.9480369916709606
-0.9525488615036011
-0.9538038492202758
-0.9583971464540809
-0.9619389176368713
-0.96849929317832
-0.9699036665260792
-0.970484983921051
-0.970548840938136
-0.9813299595067898
-0.9933984227245674
-0.9973133057355881
-1.0058286187704653
-1.006515121262055
-1.0182080455124378
-1.0203300261637196
-1.0213334934203886
-1.0246420204639435
-1.025447316467762
-1.037768340110779
-1.0385584854288026
-1.0542960342330236
-1.0548062831163407
-1.0597502435557544
-1.0642894804477692
-1.0738916173577309
-1.0822721794247627
-1.0840026104589924
-1.095245084259659
-1.0963628369693954
-1.097804953654607
-1.113300068769604
-1.1180592682212591
-1.1333401100710034
-1.1361164798339207
-1.1397396116517484
-1.1400794684886932
-1.1469957133958815
-1.1495203040540218
-1.1503554205410182
-1.1725572018573682
-1.1732269879430532
-1.1881253011524677
-1.209485562343616
-1.2139122039079666
-1.2187215276062489
-1.2314750681786488
-1.23587251547724
-1.2478320899729927
-1.2551519324382145
-1.265456015865008
-1.266886193305254
-1.2787139564752579
-1.286371615404884
-1.2925372272729874
-1.2961276670296986
-1.297721028327942
-1.2977667519201834
-1.2984134821842115
-1.3012294629588723
-1.3032760843634605
-1.3041114509105682
-1.3169712787494063
-1.3183228690177202
-1.3232174515724182
-1.3265051196018856
-1.3321692813187838
-1.3357821330428123
-1.3460322618484497
-1.3565982555349667
-1.3631032472476363
-1.3636100714405377
-1.3778630122542381
-1.3795503303408623
-1.391181617975235
-1.3956914618611336
-1.4140712462928302
-1.422998808324337
-1.4355947226285934
-1.4368731379508972
-1.445339910686016
-1.4795767664909363
-1.5055735867936164
-1.5171885008458048
-1.520542602520436
-1.55214484911412
-1.571210816502571
-1.590381383895874
-1.5948084592819214
-1.6040614424273372
-1.6108144521713257
-1.612051818287
-1.6207807073563647
-1.6288180679548532
-1.6297774643171579
-1.6327826641499996
-1.6331896926276386
-1.6403421759605408
-1.641493817170461
-1.6474092081189156
-1.6696401331573725
-1.7141956120729447
-1.721337740115511
-1.7232830298598856
-1.7280366929286781
-1.7329968493431807
-1.7785684245172888
-1.7794979363679886
-1.7867884221486747
-1.7872092016041279
-1.7953103333711624
-1.7999227046966553
-1.8228502655401826
-1.8245746660977602
-1.842203140258789
-1.8887479400727898
-1.8937102854251862
-1.9089416861534119
-1.935934953391552
-1.9535678426424663
-1.961677794655164
-1.9818392992019653
-1.9885648132913047
-2.005085617148628
-2.007565046660602
-2.0250958912074566
-2.069592595100403
-2.080841064453125
-2.1221505446422575
-2.1238342225551605
-2.147359997034073
-2.161799674232801
-2.165314793586731
-2.1842737396558127
-2.234474301338196
-2.2632868631141414
-2.2652802253942355
-2.2794037737573185
-2.284968364983797
-2.314956784248352
-2.3246763348579407
-2.3765832353383303
-2.386696417350322
-2.4070091024041176
-2.431748379021883
-2.4337773211300373
-2.4470938839949667
-2.457718881079927
-2.4687966836305955
-2.4740225672721863
-2.486470688134432
-2.5049604177474976
-2.505008955621937
-2.757160698994994
-2.9456496238708496
-3.045252132539948
-3.132271245121956
-3.348163604736328
-3.549921154975891
-3.7097306698560715
-3.7987695932388306
-3.8167266845703125
-3.864002764225006
-3.93239917117171
-4.062010288238525
-4.08124041929841
-4.259618994779885
-4.266035079956055
-4.583338260650635
-4.789198398590088
-4.893562316894531
-5.7179646492004395
-6.643178462982178
-6.856690406799316
-7.575045108795166
-8.6577730178833
-8.700308799743652
-8.875125885009766
-9.2791748046875
-9.59636402130127
-9.70229721069336
-9.797103881835938
