-8.013997216949065e-05
-0.004562444519251585
-0.07909601312712766
-0.08208679191381764
-0.08556155790720368
-0.0862520592592773
-0.08966223864990752
-0.09618862056893042
-0.10304487939865795
-0.10752414946909994
-0.10913031734526157
-0.14724790487199008
-0.16273046597780194
-0.16412107659723713
-0.16615398784375024
-0.16789349015632
-0.17364150250874186
-0.1741666456339142
-0.17543070961467797
-0.18031803166700733
-0.18226738072873558
-0.18324391267295445
-0.18550519876731889
-0.187028398970142
-0.18750667572021484
-0.19099195788376164
-0.2030908793506321
-0.20414650476479437
-0.20470795904423408
-0.20496420076467206
-0.20645783700646184
-0.2072478915129826
-0.2083577039341617
-0.2086917119366782
-0.21387438645163864
-0.21434870568627956
-0.21701813736456788
-0.2184192765080752
-0.2207961935997619
-0.222939485939969
-0.22520679920368517
-0.22849089166265912
-0.23400656243902632
-0.23417952862170446
-0.2356534485495811
-0.23598866710480335
-0.24259122662466404
-0.24572671101395827
-0.24612050285213627
-0.2469259893673313
-0.24834365712255627
-0.24847207550423758
-0.24867469162675732
-0.24916602836714852
-0.255052274157043
-0.2558988441022189
-0.25687511124124285
-0.2574641184045403
-0.26097489618696273
-0.265952615279405
-0.27065429386711914
-0.2732617950324701
-0.27933385087387497
-0.2802414183184737
-0.2815626828760287
-0.2863641706846379
-0.29234674470681055
-0.2923708643673522
-0.29778356443566734
-0.2983933455353298
-0.29933470275401913
-0.3003300743538977
-0.3009867950459011
-0.3032994605986032
-0.30519635167438536
-0.3069269125927739
-0.30959655276715886
-0.31171952342405207
-0.31212177470378166
-0.3191655988339335
-0.3220332893515182
-0.32357239559169104
-0.3264344244344102
-0.3269125015067402
-0.32720802624236156
-0.3279165171567001
-0.32887418121494455
-0.3292567736259823
-0.3393485663379709
-0.3420164181358511
-0.342112133880229
-0.3436979654027656
-0.355046285647684
-0.3594500435750748
-0.36196733605853904
-0.36298490628541913
-0.3670699353169766
-0.37712048196184556
-0.38038220818063045
-0.38665706817798007
-0.38768565179634606
-0.3904200240140199
-0.39260856292676183
-0.3943813562839447
-0.39772458794959675
-0.39893578748706204
-0.4008481325685612
-0.40344297050879424
-0.4048559918779314
-0.4076698995078914
-0.4109080238098007
-0.4126642486856629
-0.4136410980776418
-0.41506297354353594
-0.42463094025151804
-0.4250503290386405
-0.42887896617564064
-0.4314075837185374
-0.44072680013687204
-0.445000779375227
-0.4538864782993187
-0.4543199200910749
-0.45672136804205365
-0.45732121658966207
-0.45821033909742254
-0.4635914239467335
-0.46603229860929785
-0.4676599546946818
-0.4678807182293288
-0.46819655453561737
-0.46838365639723634
-0.46989944303641096
-0.4712715075493179
-0.4724499675212428
-0.47742992177055305
-0.47862388372110826
-0.4789258921839064
-0.48411213777580997
-0.48873570740235867
-0.4920014795233411
-0.4931589720576345
-0.4950634424555271
-0.4957935730344616
-0.5056886539077823
-0.5064343565209128
-0.5189893179790488
-0.520447056155212
-0.5213699358153261
-0.5214205633932983
-0.5263800118409563
-0.5270149775647691
-0.5272872764811231
-0.5283423838870173
-0.5310526668933259
-0.5324074639611354
-0.5364738665133094
-0.5387455487361876
-0.5438660608372933
-0.5493201734498143
-0.5507340008043684
-0.5544679605144276
-0.5586398486047983
-0.559061077501004
-0.5596081381117983
-0.5665409790749436
-0.5689233198289811
-0.5698015938558254
-0.5755142333451658
-0.5765201415255433
-0.5880028163301176
-0.60014524286089
-0.6006657654070295
-0.607479059163274
-0.6177421962129301
-0.6236573230708018
-0.6251766252098605
-0.6252638901903993
-0.6300713644592568
-0.6349821716584201
-0.6405897000893472
-0.648213210561039
-0.6495103788329288
-0.6507665945779687
-0.6546162520753569
-0.657167538566864
-0.6580188301657992
-0.6703556923275755
-0.6769562024390325
-0.6779629577649757
-0.6784155289060436
-0.6985626863315701
-0.6989949669456109
-0.7082516677522411
-0.7172862066770904
-0.7286542939020566
-0.7478358971352463
-0.7646993717585246
-0.7650824487597371
-0.7742559361220174
-0.7753188525740471
-0.7783999916864559
-0.7953597885142598
-0.8015914826343457
-0.8115426591875803
-0.8118851133622229
-0.8219179125997471
-0.8353342027912731
-0.8585354507900774
-0.8595647664818292
-0.861000328445698
-0.9311407507557306
-0.9357498486409895
-0.9441263320390135
-0.9549203095972189
-0.9609045088291168
-0.9727817155900993
-0.9771310686264769
-0.9776120559236006
-0.9849693849238974
-0.9939487388861986
-1.0104217128828168
-1.0124106181174284
-1.0182212945685023
-1.0200943293852105
-1.0327235141885467
-1.094535212381743
-1.1651620312477462
-1.2650722549296916
-1.268163612484932
-1.3612925605848432
-1.4434351520612836
-1.4440712525392883
-1.5328932293850812
-1.5999440844578203
-1.6095362845808268
-1.6654445006068272
-1.7348182199893927
-1.7580902675690595
-1.76057767868042
-1.781833054497838
-1.7914999964559684
-1.7963103093206882
-1.8369523634513218
-1.8574331742711365
-1.8578260739644368
-1.870264580497557
-1.8837513625592994
-1.9137518536299467
-1.9460482851912577
-1.9911871403455734
-2.009001245101293
-2.0219693084557853
-2.07894629240036
-2.1146883219480515
-2.1425104339917502
-2.34020213215706
-2.791435804218054
-3.0657752462138887
-3.3575494289398193
-3.752149028019024
-4.952368974685669
-5.074384689331055
-5.860034107925458
-5.907915115356445
-6.236344337463379
