-0.005489513278007507
-0.08271137624979019
-0.21159220753858488
-0.21237237192690372
-0.22456636904306443
-0.23958526745210057
-0.24006699770889728
-0.24053389782368736
-0.2480153661620404
-0.24942387046292425
-0.2536474105393238
-0.25370431106528957
-0.25483782538391936
-0.2562275937292725
-0.25652728896122423
-0.25696436686279334
-0.25752954947977114
-0.25773363484768197
-0.25928941684671575
-0.2620531040094128
-0.2642713307313071
-0.2653200619067226
-0.2654600968570986
-0.2735801458146246
-0.2744413333828561
-0.27537740584725895
-0.27758837651632956
-0.27826991884145313
-0.2820142177515663
-0.282236262648699
-0.2845531406965165
-0.28488859546784323
-0.28659835474565626
-0.2899656654576418
-0.2943058990058489
-0.29463583505379837
-0.294903095481762
-0.30052561285522056
-0.30256867124453973
-0.30345170627064677
-0.3072816509719766
-0.30736696033674327
-0.30869929421254816
-0.3161274751940877
-0.3162266366649419
-0.3174042966746693
-0.3230268909363076
-0.328076844074877
-0.3288534423826556
-0.32890376848552155
-0.3298389599658549
-0.3353841275040092
-0.3429478614231233
-0.3471554124003483
-0.3491290128348689
-0.352425168644686
-0.3531783866505562
-0.3568050294286675
-0.3579635670078763
-0.3581467411951797
-0.3587597835705512
-0.3604926354635288
-0.36084363946283704
-0.3612239366377015
-0.36470389900932787
-0.3706579128629528
-0.37581704650074244
-0.3764990991602341
-0.3788368177755425
-0.38234506916238126
-0.38300623942147166
-0.3873354169743834
-0.3940925836757136
-0.3950348456273787
-0.39672560467928025
-0.39688105452140526
-0.39741353013624364
-0.4005466722430558
-0.40107539868352304
-0.4012613748200238
-0.4121511475648731
-0.417332459318762
-0.4187938870432285
-0.4192196531579472
-0.4217361963396384
-0.42302423622459173
-0.4254515454231296
-0.42817343384600604
-0.42856816126202996
-0.42957151737064125
-0.4335814026167749
-0.43621296938508747
-0.44336071986305925
-0.4523764235941185
-0.4568815516011
-0.4658841097649808
-0.4878929451107979
-0.489179742988199
-0.4925938335848817
-0.4941989311191719
-0.4979101400822401
-0.5024151869195824
-0.5100944295525551
-0.519604393094778
-0.5373433035399232
-0.5483075748197734
-0.5552165240515023
-0.5675382336432283
-0.572814119728199
-0.5800087284296751
-0.6173229075169989
-0.619455868145451
-0.6246698855150802
-0.6417333647608757
-0.6483501866459846
-0.6797714826534502
-0.6839861705278357
-0.7020505163818598
-0.7332378879189492
-0.8551468141376972
-0.8644893169403076
-0.9155472698621452
-0.9788525119423866
-0.9808672436047345
-1.054874268360436
-1.1397370785474776
-1.2758946120738983
-1.3786729567994673
-1.5244385503853362
-1.6999194854870439
-1.7027005543510314
-1.812800510165592
-2.0901058365901313
-2.453590363264084
-3.0213869072977104
-3.0519089475274086
-3.5812910058084526
-9.715391159057617
-10.548928260803223
