-0.00014649749209638685
-0.011161391623318195
-0.19298835011685025
-0.20548279708070064
-0.21327600565912994
-0.2339606555000905
-0.23658381061939412
-0.24134200193751504
-0.24187494824979117
-0.24275152981717046
-0.24354047783546978
-0.2449480114164544
-0.24517477379110156
-0.2454322519013658
-0.24575282765251288
-0.24998644178904214
-0.25088554560723725
-0.25243328254231634
-0.2538105184957385
-0.2549138942600361
-0.2553000374231488
-0.25749840394663887
-0.2579069610523141
-0.25859842304509645
-0.25875090461597045
-0.25893366266077816
-0.2606377480246703
-0.26105945502323186
-0.2611054725174864
-0.26130760079557935
-0.26427645715764436
-0.26856547345717746
-0.27019865458881964
-0.27157167816629224
-0.27384019272263954
-0.27889354489491325
-0.27984679092724735
-0.2842693816249569
-0.2856757915318927
-0.2858812030005668
-0.28651681351070496
-0.28734747187564835
-0.2873673528189432
-0.2887020217322482
-0.2921188360778615
-0.29220867522814264
-0.29346277443110014
-0.29500168386315917
-0.29584488859400154
-0.2970208990637843
-0.2980366710627485
-0.30136555104723406
-0.30151376459333634
-0.30159824614444614
-0.3019129804645975
-0.30354003290703985
-0.30603352097004016
-0.30704489940092117
-0.3080490636296498
-0.30883863251375293
-0.309193746238533
-0.31055516480969697
-0.3128349848732691
-0.31289612667897015
-0.3142619310777783
-0.3167598269205412
-0.31927958857264305
-0.3215001637826821
-0.32177503344129266
-0.3253252627328038
-0.32617967716318425
-0.32940529118890743
-0.33218518935606056
-0.3387980724984465
-0.339011660285501
-0.3399851311030813
-0.34103363138420884
-0.3436459497897886
-0.34780818835133687
-0.3555595362558961
-0.35935423271182704
-0.3593889224659203
-0.36599865425841926
-0.3683946978481395
-0.3792502156429691
-0.38052547629919076
-0.38059901479913
-0.383554369237067
-0.3844605773670732
-0.3877975308336318
-0.39433098705679487
-0.4017887065089983
-0.4022161340107786
-0.40538886515423656
-0.43969383569700377
-0.44290725801097736
-0.4496546294540167
-0.458092296612449
-0.460639892682957
-0.4692190724114577
-0.4723219653533306
-0.476387650557709
-0.4781011223238541
-0.4848956392250127
-0.49229398963507265
-0.5117878323321098
-0.5271997227469001
-0.5331955432484392
-0.5408329116180539
-0.615122826769948
-0.6417790427803993
-0.6513981888710987
-0.7759588855551556
-0.7941199084743857
-0.8009096130728721
-0.8047416866756976
-0.811098991322433
-0.844238831475377
-0.8549978733062744
-0.8589042131789029
-0.9434923459775746
-1.1178273286980887
-1.1480795933865011
-1.3433362379825364
-1.3535365312036447
-1.60380754545331
-1.6758948336355388
-1.857521183323115
-1.9189066623803228
-1.9679871406406164
-1.975338969360564
-2.004051633644849
-2.0114950011484325
-2.0531429981347173
-2.0887354716827757
-2.1597559785004705
-2.4118916193116697
-3.2937955247871287
-3.7627896536141634
-4.074548183631123
-4.3038730012885935
-6.956532955169678
-11.871797561645508
