-0.25861906644277044
-0.26751685488776883
-0.2888745190575719
-0.29392667355540425
-0.2944865986226391
-0.2945723400058672
-0.2958963506711674
-0.2971214387830514
-0.30220689700265785
-0.3041303257460236
-0.30612768151685915
-0.30706890773552686
-0.3075555974444701
-0.30779225442320995
-0.30883137062911514
-0.31474878620009317
-0.317730575799942
-0.3202949047038266
-0.32572744495701045
-0.3414296650770818
-0.34296932894329757
-0.34502576664090157
-0.3461105749808553
-0.3505645135701343
-0.3594387362044472
-0.3610796355884694
-0.3617384716388187
-0.3661318244677204
-0.3723850147669307
-0.37290503067724157
-0.37363145610485543
-0.38034380664716344
-0.3804509009551379
-0.38049767007240526
-0.38310366052246536
-0.398558921449746
-0.4017518144241876
-0.4033483448473271
-0.40517123315692727
-0.4101604098168269
-0.41023885726391873
-0.41223329011700116
-0.4128547221114079
-0.41701144191003925
-0.41735516751969043
-0.4177522992750164
-0.41870940175604554
-0.4198360680975384
-0.42410143588980037
-0.4254669142176863
-0.42614116969418153
-0.42905303109786475
-0.4381546471156001
-0.4386468846174627
-0.4401734711920234
-0.44077210193529975
-0.44205220305487575
-0.4423579058399885
-0.4431982092151388
-0.44321271591892736
-0.4441004133169862
-0.445697822110064
-0.44593032293732904
-0.4508891255088831
-0.45276668311896134
-0.45617648674184846
-0.456302442394156
-0.45767605590396365
-0.4609635428100124
-0.4614499045800095
-0.4618480335154701
-0.46252274518876757
-0.46271966344529575
-0.4672367776082764
-0.4673622817111512
-0.4723382786025598
-0.47539402826078003
-0.47615486800062473
-0.48554333206266165
-0.4877205406362139
-0.48795997405146146
-0.4895589593797922
-0.49043956089685553
-0.4912552815031101
-0.4943411466030219
-0.5018572593185597
-0.5063226236422581
-0.5182839950300857
-0.5233668631649586
-0.5328745467426227
-0.5405510927084833
-0.5443950750235341
-0.5459201965048643
-0.5587741758674383
-0.5640841500135139
-0.5670937220954025
-0.5677750920876861
-0.5682211991399526
-0.5811857130611315
-0.5853103914608558
-0.6020306348800659
-0.6107762651388637
-0.6182530608028174
-0.6456636122893542
-0.663960260959963
-0.6823045357581577
-0.7188947408770522
-0.7402340605374775
-0.7680888374646505
-0.8399567405382792
-0.9957246519625187
-0.998189389705658
-1.0020242407917976
-1.0755779147148132
-1.080238088965416
-1.0879754638299346
-1.0938675999641418
-1.122555123642087
-1.1405395017936826
-1.1709427237510681
-1.1716392636299133
-1.172662874062856
-1.19454229871432
-1.233511745929718
-1.3314237135152023
-1.3467716425657272
-1.3690487027168274
-1.3860565572977066
-1.4079647958278656
-1.4107199549674987
-1.4403414607048035
-1.4520023465156555
-1.5629002451896667
-1.58901147544384
-1.7779495120048523
-1.8958118557929993
-1.9177282750606537
-2.382264584302902
-2.4222183227539062
-2.652798891067505
-2.7570018768310547
-4.768671035766602
