-0.006598536138653799
-0.008129247464239597
-0.00913949702711155
-0.009498138329945505
-0.011965856214374071
-0.018640611706359778
-0.038869562864419296
-0.04562919959425926
-0.05560272965023058
-0.061310231064756714
-0.06986195506033255
-0.07866103095390524
-0.08574611739895772
-0.08623458569248517
-0.09278563971015785
-0.09627869445830584
-0.0985315015471618
-0.09966569058302639
-0.15989431267826149
-0.16732978000072762
-0.1761394734494388
-0.17699083727267054
-0.18849069851557942
-0.19658924677059986
-0.20080022537877085
-0.20239822135125804
-0.20831266618406516
-0.20996938075205662
-0.214714585100915
-0.21576388353839399
-0.21844163723289967
-0.22013190601501265
-0.2250329867762043
-0.22624029332239712
-0.23069872362046023
-0.23145585946830138
-0.23843086624724996
-0.2559341575122542
-0.2592441074469077
-0.25938934125588275
-0.2618972881697118
-0.26224445668049157
-0.2632492900476791
-0.2634470905031776
-0.2635174055719588
-0.2644412799854675
-0.2652201447635889
-0.26537505941814743
-0.27174281422048807
-0.2735145651793573
-0.27384057227108216
-0.2790849767957947
-0.28077942068302947
-0.2810589814034756
-0.2833785647331347
-0.28351645349004473
-0.2868141693290454
-0.28935566267150886
-0.2994918238268424
-0.3008590552082751
-0.3013844522130158
-0.3014275390839127
-0.3020619053600563
-0.3068718897799651
-0.3069313594938389
-0.3075317008058644
-0.30892709775694777
-0.30964814371206256
-0.309954390488565
-0.31149729213211685
-0.3178790570754144
-0.31853086789124063
-0.32036769190952846
-0.3215797510991771
-0.32282058749761844
-0.3245529389144693
-0.3252605756611696
-0.3262876682631031
-0.3277340680360794
-0.329867636518819
-0.33026866912841796
-0.3346452731154083
-0.3367024876310357
-0.33796811445305747
-0.33837015739118215
-0.34152361303495127
-0.3425381107425148
-0.34407447558727916
-0.3467939532771385
-0.35071503393701275
-0.3514365900773555
-0.35178409409227557
-0.3528306856751442
-0.3529356913641095
-0.3548174307983242
-0.35780675965167225
-0.3587777745643897
-0.3590770320110356
-0.36074054186585647
-0.3611823625396937
-0.3616692822900707
-0.3620919862768005
-0.36391455608080786
-0.3642707584628002
-0.3661918328808887
-0.36650506695732477
-0.3691253479704281
-0.36922091819811614
-0.3695894716906373
-0.36959804062332424
-0.36982342404209906
-0.36982807875721757
-0.37226330088378745
-0.3740008341760754
-0.3740456970098118
-0.3749475286815141
-0.3758289519076546
-0.37742742178961636
-0.3777584087825305
-0.3783291830789364
-0.37917418316937984
-0.3793686291547783
-0.38661588267132174
-0.38745667668263195
-0.3884714817053036
-0.38971616797498426
-0.3930763435653514
-0.3951520989648998
-0.39583884876496583
-0.39593973816199984
-0.39641342213599273
-0.39687112475917274
-0.3979650921348366
-0.3983732875397739
-0.3985233638063073
-0.3995802819204982
-0.4002788274548948
-0.4017689526081085
-0.40214013200186727
-0.40263356730671757
-0.40320485205713497
-0.40433056466281414
-0.40577133612532634
-0.40680181000026916
-0.40690142707899213
-0.406985504925251
-0.40759946223697624
-0.40996442216273865
-0.41058410921444494
-0.411574801338637
-0.41260895668528974
-0.4139975363920842
-0.4158500029041213
-0.4159270016347176
-0.417845849879086
-0.41941657226665746
-0.4209746961087848
-0.421612187806103
-0.42217988802183803
-0.42293477947047603
-0.42396506848252524
-0.4240022822283208
-0.4268331727279084
-0.4269009134066956
-0.42711064871400595
-0.4294248786754906
-0.4298490332945695
-0.4345226604913478
-0.43481335090473294
-0.4349235087633133
-0.43504845236930123
-0.4352781791239977
-0.43564848154092034
-0.4382507852587878
-0.43863155271034115
-0.43921631765372765
-0.43948065230829847
-0.44061442399397494
-0.4410194994416088
-0.44118475417296094
-0.4419439530473028
-0.44357610755832866
-0.44383010387952837
-0.4450913174063317
-0.4455268548751649
-0.4462045237887651
-0.4485704431152044
-0.44918851954011746
-0.4563415816926863
-0.4564538306654676
-0.45697140009142456
-0.4570386141887866
-0.45797203060647007
-0.4596490332273139
-0.46087187756266856
-0.4616697167833081
-0.4623927752383881
-0.46243564765900375
-0.46339581019128673
-0.4639409853785764
-0.46627768718947965
-0.4706935706393172
-0.4709570558661653
-0.4733541954308748
-0.47617731330683455
-0.48084946726448835
-0.48112865080474876
-0.4813147944631055
-0.4881330005591735
-0.4882431589066982
-0.49347033072263
-0.4943451358936727
-0.49507342460371245
-0.4951557517051697
-0.4998590158429579
-0.5001336558256299
-0.5024942146458974
-0.5034678180753771
-0.5038067605346441
-0.5042751519009471
-0.5064013382006023
-0.5079278349876404
-0.5089274098165333
-0.5089392834343016
-0.5100935625378042
-0.5110506373975012
-0.5130082560289237
-0.5133169977804452
-0.5143623681118091
-0.5145802876601616
-0.515254421159625
-0.5154987461864948
-0.5155751453818415
-0.5169182284269482
-0.5190323560964316
-0.5193179493566269
-0.5195061902826031
-0.5197400507534405
-0.5207561429346647
-0.5208533129286176
-0.5213876093039289
-0.5216882713139057
-0.5219320991782297
-0.5227330587446116
-0.5228925133123994
-0.5231357086449862
-0.5236342752145396
-0.523793985194061
-0.5252759025897831
-0.5263400256632735
-0.5290053606033325
-0.5295415592512914
-0.5305929723881969
-0.5307686140849477
-0.5313120684818387
-0.5344562663813122
-0.534487997846944
-0.5371901206672192
-0.5372676168557345
-0.5374194322567847
-0.5380552954092208
-0.5382341622737132
-0.5393519491816943
-0.5405536819249391
-0.540881249854075
-0.5420819850017627
-0.5422001420054585
-0.5432999350130558
-0.5434642889983176
-0.543837220966816
-0.5451033013523556
-0.5451738327327702
-0.5456399395843619
-0.5478220683123384
-0.5483352872543037
-0.5487007142510265
-0.5495108797007965
-0.549937025510839
-0.5520596996696744
-0.5533655154285952
-0.5555768280367678
-0.5559020507207606
-0.5564510256052018
-0.5578237345442176
-0.5589144756751401
-0.5589587911963463
-0.5627131129674834
-0.5675785942100143
-0.5679476408080922
-0.5685576997202588
-0.5694441187661141
-0.5726794795691967
-0.5742714459775016
-0.5744265093817376
-0.5749956597315354
-0.5803871246586952
-0.5805633038075434
-0.5840694857761264
-0.5850573175897201
-0.5870725070126355
-0.5873615123564377
-0.5894138624717016
-0.5923055281034775
-0.5931662792960802
-0.5949247270822525
-0.5955137233436107
-0.5970074623409245
-0.5975715540582314
-0.5981779516571097
-0.598661802308925
-0.5994613181580516
-0.5996389682404697
-0.6006772024556994
-0.6008988378744107
-0.6029939331084847
-0.6048580408096313
-0.6049550221873182
-0.6051012277603149
-0.6055741992517142
-0.6068212234725555
-0.6068591562410196
-0.6073590376310878
-0.6076638696637625
-0.6095645125689251
-0.6117899144966421
-0.6142435806492964
-0.6168806129819131
-0.619131819155848
-0.6191973521102531
-0.6194500920052329
-0.6201472573577322
-0.6202418399625458
-0.6210705637931824
-0.621189931740186
-0.6236082697287202
-0.6252942469436675
-0.6269957066979259
-0.6270085400070197
-0.6285816051065922
-0.6295410959670941
-0.6303645733860321
-0.6312980365473777
-0.6321756850928069
-0.6330240509317567
-0.6338996293995044
-0.6339379072771407
-0.6345571078243666
-0.6345841655773776
-0.6346607999184926
-0.6361227046498763
-0.6369479906279594
-0.6370353758472695
-0.6381722772493958
-0.6422053135465831
-0.642548919810603
-0.6433375153690577
-0.6444820404052735
-0.6449407680398401
-0.6463359895029238
-0.6472105341614224
-0.6497945224659311
-0.6514561608200893
-0.6538932156482977
-0.6569796401475158
-0.6573662241920829
-0.6578455171766109
-0.6578495549684443
-0.6595991871319711
-0.6596755825448781
-0.6604079091921449
-0.6653516738054653
-0.6731925203930587
-0.6733962349179718
-0.6737169548869133
-0.674093532099505
-0.6761394500887642
-0.6784653723239898
-0.6788367906895777
-0.6797545913606882
-0.680039128754288
-0.6830027785617858
-0.6848778361454606
-0.6858347787832221
-0.6910299502033013
-0.6934942020470771
-0.6960428953752853
-0.6969048673287034
-0.698027599206398
-0.702645784476772
-0.7065057244617492
-0.7083002239465713
-0.7151043171994388
-0.7165935188531876
-0.7167391617307052
-0.7189911639434285
-0.7202283892159661
-0.7203898192034103
-0.7242714545597361
-0.7254198223818094
-0.7259575324133039
-0.7260094040115788
-0.7265839338884689
-0.7298740371479653
-0.7332758692403635
-0.7365228625712916
-0.737664031692677
-0.7391835517676858
-0.7393965888768435
-0.7402325660999244
-0.7438490925123915
-0.7468602210283279
-0.747564531484386
-0.749739528944095
-0.7505703927682978
-0.7519513824178526
-0.7531931810081005
-0.7534594823373482
-0.7535497426986695
-0.7549100459686348
-0.7567408137023449
-0.7574069707188755
-0.7599386336015803
-0.761325488681905
-0.7631360813975334
-0.7638339870276728
-0.7710519383351008
-0.7711065883437792
-0.7741978114936501
-0.7761482037603855
-0.779226063740983
-0.7809375764336437
-0.7822450201686783
-0.7823284513909708
-0.7869421120267361
-0.7871789708733559
-0.7885229496205284
-0.7902577843051404
-0.790511366086624
-0.7969834327697753
-0.7980388790892903
-0.7997452465019056
-0.8002292143646628
-0.8009851423225233
-0.8012957654194907
-0.8019151434476953
-0.802154716104269
-0.8049164902513439
-0.8064039334654808
-0.8084890104364604
-0.8101807286341985
-0.8127559633493158
-0.8160353678576939
-0.8168461268235531
-0.8264751897193492
-0.8271141107349346
-0.8282606609809591
-0.8310610429383815
-0.8327291661407799
-0.8364534918218851
-0.8368810527026653
-0.8374203604956468
-0.8406527506187558
-0.8436893336474895
-0.8520241033285856
-0.8530420816736296
-0.8566210389035405
-0.8609648242476396
-0.8649413072770196
-0.866689994931221
-0.8683553378408154
-0.8689897698277491
-0.8719037733972073
-0.8878750627372938
-0.8881114012656326
-0.8957755280134734
-0.9016004978184355
-0.9021299783140421
-0.9024487012939062
-0.9042753229538599
-0.9055705321952701
-0.9072223603725433
-0.9093514882028103
-0.9114100920657316
-0.9153134912252426
-0.9155015804572031
-0.9230952250460783
-0.9261409098482025
-0.9261671770364046
-0.9287983948985735
-0.9288143714269003
-0.9316156815537917
-0.9395083578303456
-0.9455715108779259
-0.949768131878227
-0.9524446427822113
-0.9542017292696983
-0.9544073903525714
-0.9581123667303473
-0.9592370248865336
-0.9607584791568419
-0.9672007346525788
-0.9724582899361849
-0.9740827288478613
-0.9765681954419657
-0.9800080607334772
-0.9826664164662361
-0.9854981601238251
-0.9944937420077622
-0.9947017196876308
-1.0126627313729841
-1.0174008508523305
-1.0313915100414306
-1.0342502474784852
-1.0361161649227142
-1.039396345615387
-1.041784543171525
-1.0455450797453523
-1.0483883903361857
-1.0499852906602125
-1.0503240824211388
-1.0578483641147614
-1.0635676288977265
-1.0647208938995998
-1.069028337796529
-1.0738079516837995
-1.0887732347473502
-1.0968717373907566
-1.100747874751687
-1.1032036965712906
-1.1038990169763565
-1.106671386398375
-1.1071796510368586
-1.1075584143400192
-1.1180352866649628
-1.1187540590763092
-1.1208386793732643
-1.130873829126358
-1.1462309509515762
-1.1547914445400238
-1.1688112579286098
-1.169098009665807
-1.1706851770480473
-1.1739297090098262
-1.1813654800256093
-1.1832680779043585
-1.1889234064146876
-1.2051801681518555
-1.215656727552414
-1.2170210927724838
-1.2241419995843899
-1.2350368201732635
-1.240656574567159
-1.2483021020889282
-1.2514797002077103
-1.258312770165503
-1.2768050786107779
-1.2802562539776166
-1.2832129157381131
-1.296403020891982
-1.3040176592767239
-1.3065495990031195
-1.3131392817012966
-1.3157414744297664
-1.3197274021804333
-1.3250346779823303
-1.327101847777764
-1.3373211920261383
-1.3448448744602501
-1.3470462150871754
-1.3476237952709198
-1.3499605178833007
-1.3574669460455577
-1.372159059625119
-1.3746878604094188
-1.387463000137359
-1.3969683674319338
-1.4014147492707707
-1.4106130382666986
-1.4231133498251438
-1.434308604337275
-1.4418291923745226
-1.4529911875724792
-1.4603775156040986
-1.4628550903871655
-1.466362677514553
-1.4871062016657863
-1.498509098465244
-1.548296358436346
-1.5482988669537008
-1.5514922440052032
-1.560392677783966
-1.562325656414032
-1.574581639841199
-1.5882994919860114
-1.5967525045077007
-1.6012150806685288
-1.6099544813623652
-1.6143319220282137
-1.6239675350758869
-1.6433851183392107
-1.6495218470226973
-1.65008511642615
-1.6555716854830582
-1.659014131873846
-1.659875134471804
-1.676884051412344
-1.6788295607548207
-1.7108113144834836
-1.715868204832077
-1.7265714417832594
-1.744312680598038
-1.7695960998535156
-1.7975579561898485
-1.817499346274417
-1.8219878757372499
-1.823201571581497
-1.8799370527267456
-1.916557582328096
-1.9272832870483398
-1.944098404608667
-1.9732337585883215
-2.054305225610733
-2.092518326560821
-2.1372253745794296
-2.153058049424241
-2.234360933303833
-2.27934131026268
-2.328627824783325
-2.335817813873291
-2.3367884159088135
-2.37250801268965
-2.4016054570674896
-2.446570470929146
-2.4574454476241954
-2.462963581085205
-2.5113845070203147
-2.585697151720524
-2.6062683323398232
-2.6624431163072586
-2.7134365662932396
-2.774076178960968
-2.78447343071457
-2.8001468805596232
-2.853038152679801
-2.976170927286148
-2.990569457411766
-3.014710783958435
-3.0940680503845215
-3.107619120273739
-3.134934099856764
-3.1654378324747086
-3.1744716898538172
-3.196509897708893
-3.210962638258934
-3.219928741455078
-3.3139050006866455
-3.5228347778320312
-3.588248237967491
-3.603694493882358
-3.662174701690674
-3.7574506860692054
-3.985349655151367
-4.026065349578857
-4.072256147861481
-4.079331755638123
-4.12317419052124
-4.197187900543213
-4.305748462677002
-4.506629943847656
-5.189502239227295
-5.6401262283325195
-7.057220458984375
-7.463350296020508
-7.799839019775391
-8.202832221984863
