-0.00012814177898690104
-0.001617732661543414
-0.0034112678840756416
-0.006667132469980667
-0.008443495884421282
-0.009089827610296197
-0.009134101390372962
-0.022486525704152882
-0.028062271575133007
-0.03216969803906977
-0.03460889868438244
-0.03466653171926737
-0.037863505916902795
-0.038427831837907434
-0.0430530785532028
-0.04875247413292527
-0.05610814201315861
-0.06589208450168371
-0.07600942529097665
-0.1106175109744072
-0.11275913333520293
-0.11542029585689306
-0.11927077227737755
-0.1199790737979735
-0.12287675363144704
-0.1279659520369023
-0.13450226672102872
-0.13830708000542863
-0.13844654220156372
-0.14453484490513802
-0.14563628626056016
-0.14614848792552948
-0.15160183913328432
-0.1533761521180471
-0.15473589432658627
-0.16337157277822761
-0.16401966392295436
-0.16833957792259752
-0.1704105226090178
-0.17127574514597654
-0.1727577189837272
-0.1751372732105665
-0.18183612311258912
-0.18358734995126724
-0.19644713593048177
-0.19648286821320654
-0.19996195659041405
-0.20771311184216756
-0.20972232171334326
-0.2107258579111658
-0.21136279750083173
-0.21289866521126694
-0.213537776244006
-0.21358002186752856
-0.21630428636368984
-0.2247824730972449
-0.22930390625260771
-0.23194848448038102
-0.23280645368827713
-0.23347282595932484
-0.2352612071360151
-0.23583769128890708
-0.24335359390825034
-0.24532171031460165
-0.24944366147974506
-0.25078433721791954
-0.25104998238384724
-0.25222093651536853
-0.2554813820247849
-0.2560758187435567
-0.2600768402218819
-0.26115502735289436
-0.26205983604304495
-0.2636612715665251
-0.27082927846349775
-0.27301337531701264
-0.2733462978568342
-0.27652210866411525
-0.2779645416220384
-0.27856826211791486
-0.2799981592106633
-0.28032303194049746
-0.28053443535463884
-0.2808260824013915
-0.2811949333176017
-0.2867867575259879
-0.2874895947170444
-0.28752182924654335
-0.288291683573334
-0.2940998412668705
-0.2941710217855871
-0.29546893248334527
-0.29574288489917916
-0.29860738272543164
-0.30156651362776754
-0.3042703606188297
-0.30448666380252687
-0.30505536261496063
-0.30577252267135513
-0.31205576561114867
-0.3125882182503119
-0.3129639103077352
-0.3168786709196866
-0.3187250712265571
-0.31879043680700386
-0.3189500171916734
-0.32063984479755164
-0.321894864551723
-0.3245863736637624
-0.3263016524259001
-0.3263689131875123
-0.3281528371917375
-0.32956999726593494
-0.3295742701739073
-0.33015561441425234
-0.3303941199555993
-0.3306694703974894
-0.3327531836870565
-0.33344207949597726
-0.33390248101204634
-0.335507375223992
-0.33620922253300833
-0.3362108051622272
-0.3367170868370781
-0.33857708927243946
-0.3392729854813832
-0.3410010329846825
-0.34656611243262886
-0.3473838431139787
-0.3481582694376508
-0.3490204345708823
-0.3500793013954535
-0.3502620128544965
-0.3506197532638907
-0.3506253351988562
-0.3513876333405885
-0.35165233388543127
-0.351805230690894
-0.35397035835517776
-0.35507210344076157
-0.3553031022893265
-0.35554266762919723
-0.3577998839939634
-0.36200056303520495
-0.3625170829085012
-0.3625638824501632
-0.36353593673557044
-0.3640257773388709
-0.36426943160814
-0.36825757568456335
-0.37127993053613667
-0.37271545394861066
-0.37296144107708445
-0.3731212970567867
-0.37329618416397886
-0.3734022734893693
-0.37349242658820003
-0.3738882812159136
-0.3759816272202163
-0.3782397803850472
-0.38005467386945385
-0.3816121679265052
-0.3826386859989725
-0.3846330374407654
-0.38525473804523547
-0.38605966344475745
-0.3867576646618545
-0.3871949046022362
-0.38721570540219546
-0.387776518278406
-0.3886115538501723
-0.3887683800421655
-0.39093366747692926
-0.39135722890496255
-0.3916144121235861
-0.39322241581976414
-0.3940910743549466
-0.39486317258949083
-0.3950823437836435
-0.3971988166210281
-0.3972207382321358
-0.39839522591015947
-0.39958735596802497
-0.40008254572749136
-0.40052670100703835
-0.4030413445112068
-0.4030511373587485
-0.40373746160831714
-0.4049127146601677
-0.40564734240372974
-0.40655780089501703
-0.40747341119087016
-0.4087537345010787
-0.408998558932746
-0.40915007322109886
-0.410760046307405
-0.410943058662524
-0.41274098322416347
-0.4145233041490428
-0.4150678049201052
-0.4160570851103826
-0.41910159463683766
-0.41922015013794106
-0.4208394936285913
-0.4214748064638115
-0.42262590732425453
-0.42338061705231667
-0.42364790122956036
-0.42517527379095554
-0.42552372016992496
-0.4257025737758903
-0.42692756587731356
-0.4278736750905712
-0.4281150913797319
-0.4339166035254796
-0.43407629813171095
-0.4346432908912123
-0.43504675876465626
-0.43808137625455856
-0.4382614855421707
-0.43841825127601625
-0.44403789937496185
-0.44416150227189066
-0.4443597064306405
-0.44505034307284014
-0.4453080511353303
-0.44548060682912666
-0.44763533980585635
-0.447855003776827
-0.4490729718536386
-0.45079763241665205
-0.450949220558342
-0.4514032726980407
-0.4524896501097828
-0.45399787985079454
-0.4551472418452249
-0.4555092117904375
-0.4562777535058558
-0.456987164914608
-0.45781970686342294
-0.4581135552402379
-0.45813998073572293
-0.458156756642792
-0.4581577992697324
-0.45849226035206814
-0.4592403794328372
-0.4614993242546916
-0.46153141496082145
-0.4626877687897992
-0.46366254054009914
-0.4639875824126041
-0.46434115545125676
-0.46435825722957297
-0.46479258718900385
-0.46523231118917463
-0.4657201590275185
-0.46597577962463466
-0.468060493365758
-0.46922771017998455
-0.4693767794797168
-0.47005091617918676
-0.47189517883816734
-0.47432433646172284
-0.47451588036492465
-0.47532182337599804
-0.4756610095500946
-0.4760690852999687
-0.47668420017829966
-0.4770888047059998
-0.4783268410035155
-0.47870690810022
-0.4795657024718821
-0.4802302200696431
-0.48060160006086033
-0.48109102555705857
-0.4811319585121964
-0.48473633007860273
-0.4851780819334408
-0.48552703564720495
-0.48787137366681627
-0.4881660626269877
-0.48831236113983323
-0.4918933875231232
-0.49241867371731335
-0.4933025225376089
-0.49351049012612846
-0.4936554580926895
-0.4945338904042728
-0.4947746158810332
-0.4948334560729563
-0.49693651421694085
-0.4973759927992205
-0.4977039930721124
-0.49772106227464974
-0.49933161407291965
-0.5000119965407066
-0.5005215629935265
-0.5006905398169894
-0.5010726613303026
-0.5013194177866224
-0.5018977003637701
-0.5019083218279635
-0.5020506495198146
-0.502426785077499
-0.5039844450851282
-0.5041254447415768
-0.5044966912359491
-0.5068941176092873
-0.5069960306088129
-0.5070201319239762
-0.507259926199913
-0.5084655720740556
-0.5085263241271605
-0.5087602299172431
-0.5093477729897131
-0.5106670067179948
-0.5120649908640189
-0.5121389666572214
-0.513286791754783
-0.514125580234187
-0.5158359705586918
-0.5161672724498203
-0.5172606514783443
-0.5200394610816147
-0.5208873075884185
-0.5215615780424046
-0.5217711770286163
-0.5219527255183877
-0.5240109368330903
-0.5247447554400424
-0.5253874084779194
-0.526580635448083
-0.528090631656917
-0.5282818191684783
-0.5318839264418784
-0.5322635620832443
-0.533074511419626
-0.5331286188404192
-0.5356459962495137
-0.5371212956966441
-0.5371908933775558
-0.5374988112016581
-0.5380180002954148
-0.5382641518219315
-0.5403336316347123
-0.5406797458029663
-0.5421125736708442
-0.5423943331051204
-0.5461463890969753
-0.5469168851152062
-0.5471869206812698
-0.5495417233621331
-0.549632800126996
-0.5503938928595744
-0.5528355151266494
-0.5534815022489056
-0.5540193214776656
-0.5552210189801242
-0.555730145474081
-0.55665337400777
-0.5569222456600983
-0.559065410069057
-0.5592420539585874
-0.5601721747467915
-0.5621475754922262
-0.5630548958051804
-0.5630794325581518
-0.5631341340227259
-0.5632847739994759
-0.5633724253391847
-0.5640799147018697
-0.5645856986650162
-0.566330890947332
-0.5664164664534231
-0.5681037817848846
-0.5701174190681841
-0.5705879145019795
-0.5715884005060486
-0.5718798466987209
-0.5721150508357419
-0.572399174367919
-0.5725289773195982
-0.5726721038518008
-0.5732771994856497
-0.5752027910202742
-0.5762137065175921
-0.5783512476249598
-0.5785507153098782
-0.5845829717814922
-0.5873011110816151
-0.5913595205638558
-0.5915412274560751
-0.592095784842968
-0.592870765941916
-0.5950194714678219
-0.5950695520732552
-0.5951483981043566
-0.5958928147098049
-0.5964404074475169
-0.5969705823032806
-0.5969790127128363
-0.5970959218051576
-0.5987684511346743
-0.6013074882212095
-0.601316406391561
-0.6022502452538497
-0.6034551300108433
-0.6034613843852034
-0.6073171731938297
-0.6083299469260964
-0.6123592695221305
-0.6126570859207732
-0.6175388025017128
-0.6187954586348496
-0.6226474729515353
-0.6253387449930111
-0.6270873099565506
-0.6326233357785895
-0.6345358932656902
-0.6401236336678267
-0.641864407238447
-0.6420188119102802
-0.646364990987682
-0.6485423079458996
-0.6497441202402114
-0.6500662438600557
-0.651735371723771
-0.652655890211463
-0.6530020998657814
-0.6535509434441338
-0.6562869818881154
-0.6583545328881882
-0.658636077410645
-0.664273165931393
-0.6644670376554132
-0.6676364538725466
-0.6686489902436733
-0.6690162669804592
-0.6692056342338523
-0.6693460868568764
-0.6696659442735836
-0.6702640795681093
-0.6718547940254211
-0.674558887191649
-0.6772385567426682
-0.6803347893922668
-0.682920149394444
-0.6838952260357993
-0.6863645053468644
-0.6878187976777553
-0.6952184371679323
-0.6970310382574099
-0.6997289109986014
-0.7002193381388983
-0.7012508304906078
-0.701397106051445
-0.7017195550724864
-0.7035249369884176
-0.7056751466459699
-0.7059008654206991
-0.7098669794255069
-0.7102820956363303
-0.710927595323093
-0.7145119272172451
-0.7147782668471336
-0.7150763868054734
-0.7152371387928724
-0.7199512511491776
-0.7208174789824019
-0.7209695827967961
-0.7209932409226895
-0.7265704236924648
-0.7268739679905897
-0.7295298666382829
-0.7311198934912682
-0.7339605204761028
-0.7347453778816594
-0.7363931600004434
-0.7548144315369427
-0.7559226101031526
-0.7575701872507731
-0.7584192864596844
-0.7631524455554326
-0.7644642686678303
-0.7645528362029128
-0.7670573219656944
-0.7688025312963873
-0.7692864879209083
-0.7700101759816919
-0.7711469674250111
-0.7715406492352486
-0.7782278042286634
-0.782188455760479
-0.7829184085130692
-0.7862852081656456
-0.7890685893750439
-0.7913530331104994
-0.7932832479476929
-0.7932907783036475
-0.7954226562546359
-0.806188760118352
-0.80896366686405
-0.8130981629171098
-0.8202750829979777
-0.8213122015198072
-0.8313479910915097
-0.8331137233413756
-0.8354139067232609
-0.8393026317159334
-0.8424865991055412
-0.8466045930981636
-0.8466221550479531
-0.8474066787166521
-0.8478904865817943
-0.8742249328643084
-0.8748749196529388
-0.8780084624886513
-0.8812294155359268
-0.8885254680644721
-0.8920499971136451
-0.8964728340506554
-0.9013855874538421
-0.905532568693161
-0.9088780083193342
-0.9157709777355194
-0.919942627971371
-0.9225919246673584
-0.9240667903795838
-0.9241928517818451
-0.9330114324887594
-0.9337257229102155
-0.9454699963331222
-0.9499776661396027
-0.9645222515488664
-0.9723112424835563
-0.9737542364746332
-0.9763279549777508
-0.9773776015266776
-0.995110727748397
-0.9969314720947295
-0.9981881324201822
-0.9987367414869368
-1.0025989181206871
-1.0044958889484406
-1.0135694940884907
-1.0154198284959421
-1.0162169877439737
-1.0170186448376626
-1.02252741381526
-1.0634685158729553
-1.0637916699051857
-1.0646366660483182
-1.0868635241640732
-1.0900480786028008
-1.093192254503568
-1.1110247634351254
-1.12369415583089
-1.1289717592298985
-1.1469211410731077
-1.1494584120810032
-1.1511848367226776
-1.1631991266540354
-1.1656288153026253
-1.1736081391572952
-1.1826661294326186
-1.1865506966908772
-1.2023495737230405
-1.2023709217707317
-1.2214028265792876
-1.2258005291223526
-1.2320282735551398
-1.2336861888567607
-1.2405455907185872
-1.2463801672759776
-1.2565962622563045
-1.2705811243892338
-1.2967964153504
-1.2988987501477822
-1.3100553105468862
-1.3263714561859767
-1.3271574483563502
-1.3300658067067463
-1.3317203402984887
-1.338573956862092
-1.3775121867656708
-1.3838877953588962
-1.3894735393114388
-1.3905238090228522
-1.3943591377610574
-1.3944550093030557
-1.3969610361382365
-1.3975459933280945
-1.4427893575280906
-1.4884709417819977
-1.491480141878128
-1.5190007885297139
-1.527657687314786
-1.5310741192661226
-1.5391153693199158
-1.5424062773430098
-1.5448542684316635
-1.574260068446165
-1.587025672197342
-1.6098306863374698
-1.654122153064236
-1.6784786635253113
-1.6818474882455803
-1.6865232822795708
-1.69367326493375
-1.738398144642512
-1.7597281008958816
-1.7762149274349213
-1.77744060754776
-1.795496868590514
-1.7994817271828651
-1.8361855745315552
-1.8904047750208217
-1.893212195796271
-1.9288394367322326
-1.9711827170103788
-1.9714500255843934
-2.0443010994543633
-2.0565118337981403
-2.0882855877280235
-2.1191316644350686
-2.164265691768378
-2.2097755425299206
-2.230766440741718
-2.2339404821395874
-2.2358876857130476
-2.2458767420612276
-2.261611320078373
-2.2841019872576
-2.295148253440857
-2.308790873736143
-2.333272337913513
-2.343446969985962
-2.3644842078598836
-2.369062887659917
-2.3793747425079346
-2.407703318167478
-2.4461964070796967
-2.472088575731808
-2.6722459395726523
-2.674877724144608
-2.680966807063669
-2.702425956726074
-2.756627499980823
-2.7607653538386026
-2.786045804619789
-2.790356552461162
-2.841247501783073
-2.8462376994575607
-3.0699243545532227
-3.091873288154602
-3.1054278751835227
-3.112988388398662
-3.212143160402775
-3.215710079530254
-3.399101163377054
-3.4056666269898415
-3.4708362619858235
-3.510523477481911
-3.5602688416838646
-3.8165970682166517
-3.941603485844098
-3.947637325778487
-3.950867216059123
-3.9563790559768677
-3.963111440607463
-4.03052285220474
-4.0459802212863
-4.070732537773438
-4.08616429567337
-4.291786915317061
-4.332774162234273
-4.539414405764546
-4.733077049255371
-4.829859733581543
-4.874504089355469
-4.979172150293986
-5.0236735343933105
-5.090599775314331
-5.110850811004639
-6.042263507843018
-6.669403553009033
-7.55886697769165
-7.648172378540039
-8.776345252990723
-8.873746871948242
-10.281002044677734
-16.06261444091797
-16.90712547302246
