-0.0014793508553339052
-0.0018176001030951738
-0.001947083801496774
-0.007124690862838179
-0.017601713771000504
-0.029969636350870132
-0.055321721360087395
-0.07287510328460485
-0.13427843594157216
-0.1361424271017313
-0.1365390062564984
-0.14076249494350382
-0.15240406271914253
-0.17399683406256372
-0.17654987692367285
-0.1843659970909357
-0.1971598006784916
-0.20535385342858112
-0.24508777632945566
-0.24996483862923924
-0.2548922788555501
-0.2610330943149165
-0.29539695471466987
-0.2970439980604819
-0.2971834344207309
-0.29744351318222473
-0.3030788202304393
-0.3047404342630346
-0.3058140975772403
-0.3069319734561511
-0.30698251338180854
-0.3090020617819391
-0.3101595193846151
-0.32190874277148396
-0.3250285683443508
-0.3269249275326729
-0.327089753488756
-0.33525232390578213
-0.336265966296196
-0.33653705269098283
-0.3367419599768861
-0.3408433434863885
-0.34613482537679374
-0.34979993663728237
-0.34998101089149714
-0.3514922174460177
-0.35446120862616226
-0.35936986096203327
-0.3623606281034881
-0.36379659408703446
-0.36741689205518924
-0.368357086495962
-0.36866523266053264
-0.37238202181955177
-0.3742989723235951
-0.3816910799258039
-0.3843326146423351
-0.38834272195817904
-0.40171477576950565
-0.40307556663950284
-0.4047533376215142
-0.4052577234004275
-0.40901186370935577
-0.4107857048511505
-0.41437677543779666
-0.41661966079846025
-0.422667398257181
-0.4226683850089709
-0.4241447892660896
-0.4270686153322458
-0.427706744230818
-0.43015804759488674
-0.434484573896043
-0.4350058076282342
-0.4353095586702693
-0.439268123471993
-0.4457076061411168
-0.44595518535934386
-0.4502881090572503
-0.45158314301321906
-0.45317304108903045
-0.45554390182119925
-0.45602487386453766
-0.456634803059777
-0.4582237437633531
-0.4594281366444193
-0.46047695689776447
-0.46180039551109076
-0.46181662660092115
-0.46208331261116725
-0.4622453584932373
-0.4628703437745571
-0.46539718210697173
-0.46735974348848686
-0.4675393574871123
-0.46785435219644567
-0.4684303067624569
-0.46934493409935385
-0.4707048002213317
-0.47080034390091896
-0.4708735053850846
-0.47107051882065004
-0.47323379772465807
-0.47407081226507825
-0.47514967606044733
-0.4764922293501773
-0.47685129174496976
-0.4776834500953555
-0.48328261973256303
-0.4836241173557937
-0.48456313957770664
-0.48581122759995715
-0.4864893752132048
-0.48733911539117497
-0.4886908420335708
-0.4905639719334431
-0.49418799788691103
-0.49457587295078803
-0.49955694607148565
-0.500273669383023
-0.5004696118912761
-0.5029870537192827
-0.5032717076712288
-0.5034886813900812
-0.505206406633887
-0.5055712466793401
-0.5059582652524114
-0.5062519207596778
-0.506700599499579
-0.5076616524408261
-0.508254294237122
-0.5084936004132032
-0.5094421202582973
-0.5096452355177866
-0.5109791268672174
-0.5142199335095938
-0.5143888351610966
-0.5148791587601106
-0.5158494870178402
-0.5170055750225272
-0.5191179176505941
-0.5205083301601311
-0.5206089589951767
-0.5227356280665845
-0.5253533268613475
-0.5263744892319664
-0.5267632897594012
-0.5268608667538501
-0.5287043441619191
-0.5316876865063722
-0.5342598575766065
-0.5348215779755264
-0.5372029504635267
-0.5374652871063778
-0.5379285427479772
-0.5382192940334789
-0.5382895020635
-0.5403963220305741
-0.5405760614999703
-0.5420016807038337
-0.5421326723881066
-0.5437343715690076
-0.5442958243220346
-0.5457455009454861
-0.5463515215786174
-0.5469267746167523
-0.5474926128983497
-0.5476563509021487
-0.548687253940443
-0.5517495017265901
-0.5521671002497897
-0.5544407837462911
-0.5547919468954206
-0.5574218545641217
-0.559369421005249
-0.5601463891653111
-0.5615536823868752
-0.561834110529162
-0.5629322376189521
-0.5634971758699976
-0.5640969122876414
-0.5669932933524251
-0.5671665022770563
-0.5688141151331365
-0.5695955179010829
-0.5701232605303327
-0.5719332601118368
-0.5721536482948674
-0.5724610211706022
-0.5739400863647461
-0.578944391038801
-0.5795887698729832
-0.5801690399181098
-0.5814203971789943
-0.5826269444078207
-0.5833482122048735
-0.5843779341278909
-0.5847302989827262
-0.5849610832602983
-0.5861644993937161
-0.5861689457495232
-0.5877994490521294
-0.588272834615782
-0.5896741534982409
-0.5903281234204769
-0.5904060198614994
-0.5911087401211261
-0.5915091256611049
-0.5924976677866652
-0.5951653718948364
-0.5956884874597433
-0.5962735357461497
-0.5989930380102513
-0.6014005824923515
-0.6037792501350244
-0.6047575803074453
-0.6073203276318964
-0.6085453237406909
-0.6094354186265264
-0.6106846917731067
-0.6113924629054963
-0.6151815226767212
-0.617951987311244
-0.6182091548107564
-0.6182745695114136
-0.6200511967763305
-0.6214734619549874
-0.6228002467126187
-0.6236877091985662
-0.6243163185718004
-0.6253078362011971
-0.6257265684091382
-0.626239659730345
-0.6266751129704062
-0.6281508993253939
-0.6304001100163279
-0.6310451614360014
-0.631781596224755
-0.6324878538958728
-0.6344061434268952
-0.6351294949042009
-0.6351773435017094
-0.6360294845071621
-0.640327749075368
-0.6413188333692232
-0.6417605067181285
-0.6422949492931366
-0.6455435483819909
-0.64631981193088
-0.647175520658493
-0.6487010977289174
-0.6490619223978784
-0.649819414873491
-0.6500489130849019
-0.6505121232734786
-0.6514807116861144
-0.6515862476080656
-0.651603036294026
-0.6519284045265522
-0.6523524415679276
-0.6524839377962053
-0.6551780607551336
-0.6559948085535628
-0.656000803740296
-0.656022482609842
-0.6573774479329586
-0.6592919568712305
-0.6608096143463627
-0.6620936095714569
-0.6625578724113959
-0.6630888908273644
-0.6651609677821397
-0.6655199471861124
-0.6669836347989205
-0.6674027878741201
-0.6685404066437124
-0.6685924204066396
-0.6712224443908781
-0.6717630935211977
-0.6728388242689627
-0.6729056816548109
-0.6741092183760234
-0.6754688284385743
-0.6756203683714072
-0.6765916589647532
-0.677330116275698
-0.677422329550609
-0.6775337855021158
-0.6776854790223297
-0.6784083566017216
-0.6786064613196585
-0.6786875625451406
-0.6796209861792158
-0.6801509182900191
-0.6815775614231825
-0.6819390370801557
-0.6833511684089899
-0.6836505455896258
-0.6843849265068356
-0.6848019229041206
-0.6849857361521572
-0.6855978045343709
-0.6867777685702094
-0.6869692837819457
-0.689341366601487
-0.6900606788694859
-0.6908780336380005
-0.691489927470684
-0.6921403419109993
-0.6931040116718837
-0.6932384848594666
-0.6935507406680179
-0.69518179105944
-0.6968157749623061
-0.6971241278806701
-0.6994752588410241
-0.6994965575674238
-0.7007874760020059
-0.7009349753950826
-0.7022120512148831
-0.7025417652912438
-0.7029611346245345
-0.703340499364357
-0.7041364856064319
-0.7043595738597849
-0.7048695586660566
-0.705116868019104
-0.706268971785903
-0.7068688440112024
-0.7078580381348729
-0.7088766897019619
-0.7091963430866599
-0.7098438667340411
-0.7100897512631491
-0.7115479079740388
-0.7135400853252837
-0.7136295433673594
-0.7141938741939763
-0.7143718153238297
-0.716520395129919
-0.7172743022642079
-0.7180522918351926
-0.7185606038197875
-0.7186454847455025
-0.7189325500366976
-0.7202260892838239
-0.7210676073140349
-0.7217202528845519
-0.724376506374582
-0.726478933898603
-0.7272247403860093
-0.7277529605974754
-0.7288609244082498
-0.7308438288614112
-0.7325487359691275
-0.7335582411848008
-0.7341294029591761
-0.7344177696439955
-0.7344738252771398
-0.7353589860851772
-0.7358040891251423
-0.7368885750460322
-0.7371018175035715
-0.7372379168421807
-0.7374146713118535
-0.7387527806836021
-0.7400561896922428
-0.7409711938396666
-0.741019973080256
-0.741304153110832
-0.741945007134096
-0.7427821248129476
-0.7439159958416389
-0.7442162036895752
-0.7475626511233193
-0.7481175430390673
-0.7488743168651126
-0.7495142158120871
-0.7495169887940089
-0.7496237142011524
-0.7497554918130239
-0.7501164868474006
-0.7509637773036957
-0.7510948189036364
-0.752016099379398
-0.7533672430075239
-0.7534261639375472
-0.7536905841537062
-0.7544446542326894
-0.7549285098910332
-0.7570444717304781
-0.7571606816200074
-0.7577533476985991
-0.7594134703877468
-0.7594355201969544
-0.7595010908941427
-0.7608899755723542
-0.762008922174573
-0.7630443142520057
-0.7631192595399625
-0.7644703350961208
-0.76514902919007
-0.7651948448270559
-0.7653980065835639
-0.7653981724753975
-0.7663436504080892
-0.766988025736282
-0.7681384219063653
-0.7684268574230373
-0.7685317134018987
-0.7687632458788963
-0.7693486213684082
-0.7694142162799835
-0.7694543840445113
-0.7731815576553345
-0.7736354665830731
-0.7738234528159309
-0.7764289473125245
-0.7767062153288862
-0.7772026828340586
-0.778163630515337
-0.778365374100152
-0.7785485183121637
-0.7789995487401029
-0.7792910002171993
-0.7798316011571192
-0.7821226504941782
-0.7822471028193831
-0.7830375354452472
-0.7834334846585989
-0.7844819896022922
-0.7849341958761216
-0.7859577663131693
-0.7860465981066227
-0.7864851549190158
-0.7866897808387876
-0.7873746736950125
-0.7886459097862826
-0.7893134045233536
-0.7903377533123906
-0.7919204568490386
-0.7931544490158557
-0.7938244112107592
-0.796870518475771
-0.7972314521670342
-0.80048738388723
-0.8028399303555489
-0.8032254945486784
-0.8053032737225294
-0.8056790371180492
-0.8059000610373914
-0.8064379799697134
-0.8099883550700421
-0.8111364738406337
-0.8130761858940657
-0.8131744734850211
-0.8215069110156037
-0.821735759760486
-0.8217816948890686
-0.8222899921238422
-0.8233968317508698
-0.8233970903924533
-0.8243714883686223
-0.825263154382507
-0.8253396625320116
-0.8263351733447053
-0.8278208952397108
-0.8278544346491495
-0.8281660214997828
-0.8285107765890037
-0.8302384964248631
-0.8303451118990779
-0.8315262099107107
-0.8324211468654019
-0.8339017306764921
-0.8343333273427561
-0.8366607730276883
-0.8387599848210812
-0.8395997766735187
-0.8414249022801717
-0.8432611079576114
-0.8444806009531021
-0.8457117437251976
-0.8462401241219292
-0.8472826164215803
-0.8510351777076721
-0.8527836799621582
-0.8534998376735193
-0.8543806173361372
-0.8544284452994665
-0.8545842865475303
-0.85529108135961
-0.8571481906851246
-0.8580811992287636
-0.8598008342087269
-0.8599003230532011
-0.861096816131774
-0.8645755563463483
-0.8656479688916079
-0.8659601537161506
-0.8661833135411143
-0.8662593334913253
-0.8688884751560787
-0.8719386404587163
-0.8720539957284927
-0.8734313539372613
-0.8745965702193124
-0.8747133863878183
-0.876255378437539
-0.8769705563783645
-0.8809351887967851
-0.8815610582135956
-0.8824482700890965
-0.8833808352549871
-0.8848621703348019
-0.8850242222348849
-0.8854478524465647
-0.886684869022037
-0.8868061900138855
-0.8884088974446058
-0.8885606550611556
-0.8901943918317556
-0.8948511431614558
-0.8953663378909512
-0.8961490951814295
-0.8972826329641975
-0.898446986079216
-0.8987512459812024
-0.8992659911746159
-0.902072736993432
-0.9137384742498398
-0.9146374362159501
-0.9156449370914035
-0.9170371778309345
-0.9214029647409916
-0.9239156603813171
-0.9244487831989924
-0.9248239221051335
-0.9257921831948417
-0.925898346118629
-0.9273810476064682
-0.9286226946803962
-0.9291334919631481
-0.930336594581604
-0.932090311369393
-0.9329110868275166
-0.9367952853441238
-0.93688954442041
-0.9384906738996506
-0.9433125481009483
-0.9455902315676212
-0.9491875991225243
-0.9545250804060035
-0.95502151383294
-0.9632928007178836
-0.9688421851024032
-0.9698738626071385
-0.9726324677467346
-0.9736666874960065
-0.9739007524081639
-0.9746882546072205
-0.9756926372647285
-0.9776561583081881
-0.9809170791234535
-0.9816234577447176
-0.986575173586607
-0.9868420004844666
-0.9881808816409081
-0.9932994980365037
-0.993563823401928
-1.0078491121530533
-1.0095268318774677
-1.0115191231307108
-1.0154061541446329
-1.0155408115436633
-1.016392333433032
-1.018482178459332
-1.019744037464261
-1.0239658821374178
-1.0240047599095545
-1.025553673505783
-1.0308233641732771
-1.0322984932761756
-1.0368958571406048
-1.0381846769658816
-1.0394688524653535
-1.0401309311389924
-1.0421316301217303
-1.0438191710272804
-1.046038697163264
-1.0477231641610463
-1.0507397499930127
-1.0517460023984313
-1.0535529295448214
-1.058588120341301
-1.060531415265252
-1.0635132659226656
-1.0640386261383195
-1.0677342067162197
-1.0725518465042114
-1.0727642325491615
-1.073292088508606
-1.0751516539603472
-1.079497853963403
-1.0816596727061552
-1.0818623615694898
-1.0833815876200485
-1.0866420368353527
-1.087166903540492
-1.0898691229522228
-1.0906791165471077
-1.0921671304644809
-1.0955891258393724
-1.0962853617966175
-1.102928340435028
-1.1047911842664082
-1.1087851114571095
-1.1106620306770008
-1.1122766715003916
-1.1138039688230492
-1.1146562220528722
-1.1176996413204405
-1.1238766093272716
-1.124416809529066
-1.125644490122795
-1.1336405805168397
-1.13775199331576
-1.139420139292876
-1.1417509131133556
-1.1425901815916102
-1.1547780930995941
-1.155739054022888
-1.1576530933380127
-1.1585371978580952
-1.1591663394938223
-1.1597576485946774
-1.1619812659919262
-1.1633488735028283
-1.1666001634418666
-1.171090506017208
-1.1712484955787659
-1.1764961816370487
-1.185589775443077
-1.186999046554168
-1.1870154971256852
-1.1938544774699646
-1.2153918128460646
-1.2240749299526215
-1.2260081271330516
-1.234365266126891
-1.2344411586721737
-1.2433594067891438
-1.2451778501272202
-1.2550801932811737
-1.2711136303842068
-1.2883802843280137
-1.2891436025965959
-1.2915854379534721
-1.293113446328789
-1.2949835639446974
-1.2965316753834486
-1.2984581179916859
-1.299954544287175
-1.320767895085737
-1.325489280745387
-1.3282245323061943
-1.3296983848558739
-1.3417398929595947
-1.3445798177272081
-1.3462390422355384
-1.3549923648436863
-1.3819060511887074
-1.3843013211153448
-1.3845462752506137
-1.3855683219153434
-1.3966521856685479
-1.3992812704333726
-1.425580730040868
-1.4494600482285023
-1.4562412202358246
-1.5250318832695484
-1.5394518319517374
-1.570079803505602
-1.5818416457623243
-1.5849204536061734
-1.6160691579182942
-1.6173834019961457
-1.6455771494656801
-1.6796312499791384
-1.6905872765928507
-1.7146267337569345
-1.7199487164616585
-1.7248379341326654
-1.7370780324563384
-1.7435822412371635
-1.7532406039536
-1.772045522928238
-1.7863777615129948
-1.7938533666698884
-1.7974798865616322
-1.8066108574469883
-1.8222574533428997
-1.842871332463498
-1.8789570517838001
-1.9292592406272888
-1.9462398048490286
-1.9536926690489054
-1.957008635935684
-1.9667193461209536
-1.9797176069114357
-1.9824953526258469
-2.0679727364331484
-2.0974059272557497
-2.099003929644823
-2.1006732154637575
-2.242094175890088
-2.2682790318503976
-2.4213263178244233
-2.44306794597469
-2.501585086186727
-2.5411469622825584
-2.548999607563019
-2.631452282269796
-2.695860892534256
-2.7330470085144043
-2.992401361465454
-3.022451639175415
-3.158960700035095
-3.1594419491787753
-3.1905703395605087
-3.2160252993926406
-3.3416315690265037
-3.345120969849328
-3.393328734964598
-3.424888866429683
-3.4287310716463253
-3.515072147051493
-3.537710428237915
-3.6451345905661583
-3.6562812328338623
-3.687654733657837
-3.7257147603668272
-4.1641523307189345
-4.199346229434013
-4.22954813396791
-4.495160738627116
-4.522824605305989
-4.8069283799268305
-5.46983528137207
-6.047093391418457
-6.280523777008057
-9.697685241699219
-9.715003967285156
