-4.529942543740617e-06
-0.011769595672376454
-0.013634071685373783
-0.027721404114724162
-0.035185513540636745
-0.04437153915931802
-0.054416837151774526
-0.055656539611719485
-0.055927233061811424
-0.06257709604942648
-0.06785192931783257
-0.06791667034849524
-0.07442590524733247
-0.0802324138082137
-0.08382100054041075
-0.0879119848832488
-0.08866569846155212
-0.08947921701303585
-0.09156949757763438
-0.09227481563297452
-0.0931972997340692
-0.09647530538641078
-0.09859394086524276
-0.10308984324122623
-0.10388905291135113
-0.10453299048888791
-0.11317223858900075
-0.1186015432079633
-0.11921085231006145
-0.11924268091097474
-0.11950515401986195
-0.11971400988588528
-0.12221008609049022
-0.12362158994389777
-0.1269788057616097
-0.1272955685853958
-0.1302129691690425
-0.13194757004021085
-0.1321942051727092
-0.14224353722147498
-0.14246482115514583
-0.1455619412641454
-0.1457630404518561
-0.1467346188275466
-0.14796046014609082
-0.14799322704856135
-0.15041561834514142
-0.151147575294733
-0.15285573030710356
-0.15627824437981416
-0.15830365342460104
-0.15912922527263618
-0.15979730753633703
-0.1618402376279846
-0.16305748359081917
-0.16477731478700833
-0.16508409485359152
-0.17007038657324275
-0.17498739110305905
-0.1753717057141723
-0.17658612699839674
-0.1778833179286039
-0.1778938846643238
-0.1780077863040681
-0.1782852378341886
-0.18038783477834386
-0.18141638083976658
-0.18218451835405935
-0.18350769350859217
-0.18506409938544266
-0.1906704540647067
-0.1906820610165596
-0.19208111494078822
-0.1939038044326932
-0.19482263369353703
-0.1958907088264823
-0.19818121198368713
-0.19924095699370808
-0.2027485019785331
-0.2031931256528778
-0.2038866587418949
-0.20448960325512408
-0.2045421722140901
-0.2054471034285512
-0.20545870405126151
-0.20767557206563653
-0.20781086687281913
-0.20829564865595207
-0.2117757953958943
-0.21241578137802256
-0.21286309165879516
-0.21330086514353752
-0.21513850314917518
-0.21537130615533961
-0.2161406079180478
-0.21870593942929356
-0.21913343686762976
-0.21995637207196989
-0.22032351626467936
-0.22043890746133338
-0.22133854661251462
-0.22299699159934572
-0.22354614734649658
-0.2240818470451297
-0.22447794855664446
-0.22482517991329587
-0.22512208480057036
-0.22568764151450132
-0.22630731567878684
-0.226568721455156
-0.22714673737064003
-0.2284031656617
-0.22974715637258214
-0.230629450762967
-0.23064848738996424
-0.2318613516773829
-0.23574015140462734
-0.2359869103052642
-0.23606689061528463
-0.23617368217819604
-0.2362400282314733
-0.23689897462024873
-0.23713023297668517
-0.23717284065994754
-0.23821836301311805
-0.24036494665779173
-0.2412289627591008
-0.24134724992992623
-0.2432929376203011
-0.24399621146948292
-0.24640890598226406
-0.24668556712402825
-0.24812408852153567
-0.24899633352711703
-0.25125812828628113
-0.25203191791661084
-0.25299175714607147
-0.2548844236152519
-0.25532631179001847
-0.25628794660636156
-0.25728147643219146
-0.2576125620232363
-0.2606697526719212
-0.26368525050412234
-0.2645387014036714
-0.26462607879875577
-0.26785999907099267
-0.2700265343269671
-0.27014719226696926
-0.2704083796725172
-0.2736073873375062
-0.2744130417080929
-0.27590998327359556
-0.2769148386582351
-0.27835363260617213
-0.2787920954404285
-0.2798619245324517
-0.28021586963714074
-0.28061663525786285
-0.281273067784153
-0.281833813455587
-0.2827690966515901
-0.2841787356217976
-0.28484008415519685
-0.2849559967113229
-0.2860108988825232
-0.2890479599728042
-0.2898432941767732
-0.2918091566680232
-0.29205154014052825
-0.2923545802826425
-0.29318437035866257
-0.29421813726354457
-0.2966974585558677
-0.29751016980551664
-0.2985716836091241
-0.29963035871194454
-0.3006436118786648
-0.30138518432788103
-0.30335477739572525
-0.3043286328190915
-0.3052534695986348
-0.3056823807892215
-0.3065914630957991
-0.30730889912956627
-0.3074752856668056
-0.30799666288658045
-0.31069856625772446
-0.3141015703913581
-0.3144978861324432
-0.3146800330561948
-0.31599544095139925
-0.3169965387011568
-0.3184563548895875
-0.3185886391438544
-0.3188891851010946
-0.31974000002567965
-0.32131251879036427
-0.32165223541669546
-0.3216763788545255
-0.32278458858366815
-0.3257473743830236
-0.32644343355203775
-0.3291830721645965
-0.3293894901871681
-0.3310502408305183
-0.33301724804914556
-0.33349597164468037
-0.33425831778436077
-0.3344624229706795
-0.33682496116961147
-0.33690735729032895
-0.33762630932806637
-0.33767940281215814
-0.33784600832898704
-0.33922073697283395
-0.3400356181485904
-0.3406858019530773
-0.3421928600873798
-0.343144048864916
-0.3439131808958741
-0.34535124251548266
-0.34546216391026974
-0.34587366230092204
-0.34588728536181745
-0.3461435451172292
-0.347367840167135
-0.34935529661985737
-0.350399887572188
-0.35185043874585065
-0.3519274972120911
-0.3539409429354919
-0.35406405559036785
-0.35457305259478744
-0.3580701961182058
-0.35911000638734547
-0.35932691513971804
-0.35952494500088505
-0.36116212816549315
-0.3615074515352414
-0.3627558410167694
-0.36342985928058624
-0.3645990505141185
-0.365193505907276
-0.3654924231097469
-0.3656940814834826
-0.3689734107271458
-0.3705600236775354
-0.37256106586168397
-0.3728981899834657
-0.3739738017637946
-0.37479997158839573
-0.3751763550519374
-0.37770830988883974
-0.3787487975043607
-0.3803794588893652
-0.38066713511943817
-0.3810646125348285
-0.38113704618525046
-0.3812588332050855
-0.3822377976547513
-0.3826544470794033
-0.38438199742231516
-0.38445115720896866
-0.385275763575919
-0.38744081420591103
-0.38865263496215147
-0.3897125002307196
-0.39123395628394064
-0.3917503949469051
-0.3918108198495123
-0.394568649320198
-0.39517892353544287
-0.397405425005104
-0.39773799062822945
-0.3980551890304519
-0.40124257789076573
-0.4013210531317022
-0.40196675907641577
-0.40197545662522316
-0.4032181297428906
-0.40499264491622206
-0.407835880498169
-0.40903036670010806
-0.409292533993721
-0.4095750791981089
-0.410038408706896
-0.41094924905337393
-0.41173445582389834
-0.41238050157880934
-0.41295255571770084
-0.4130273870330683
-0.4133990252763719
-0.4152480171531871
-0.41609163114963127
-0.4163416884839535
-0.4166651847117464
-0.4166775345802307
-0.41805976433678893
-0.41822501458227634
-0.41891465057172655
-0.41938893736265265
-0.4204614784102887
-0.4204658008937258
-0.42073421630074237
-0.42109803475841545
-0.42186722675101007
-0.42372504357088775
-0.42436958648613654
-0.4269671351415923
-0.4292238018741565
-0.4295459011742163
-0.43350086314603686
-0.43433120953668103
-0.4366735139240821
-0.4388681572319391
-0.4395116510917205
-0.4398877065007885
-0.44124064963710097
-0.44269938953220844
-0.44351076944843043
-0.4438568213115755
-0.44558924436569214
-0.4466064507286405
-0.44906024629926833
-0.4491258729094625
-0.44963958331694204
-0.45049400998395867
-0.45092943722525547
-0.45105482868772623
-0.45143121174896805
-0.45150326436851174
-0.45302937645465136
-0.45403149957612693
-0.45426960294678337
-0.45538946986198425
-0.4554789252288174
-0.4557317979745221
-0.45598749071359634
-0.4561252452695044
-0.45665914946002883
-0.45685530859045687
-0.4573423598298437
-0.45746865910605394
-0.46017008767658907
-0.4621971398591995
-0.4625809841789305
-0.4632445294908913
-0.46384865916334095
-0.4648312937013816
-0.46649691341928373
-0.46738136555180065
-0.46962060578516684
-0.4710395241984063
-0.47104770317673683
-0.47183081194365156
-0.4728772765180717
-0.4748147879727185
-0.4748625369658536
-0.4750198713902916
-0.4771850104175519
-0.47921711901435626
-0.4792941881418561
-0.47935862698068377
-0.48041684136242113
-0.48126674119848756
-0.48228534366353415
-0.4825706047238782
-0.4834108796144392
-0.4835638154143453
-0.4839553280423085
-0.48494530988682083
-0.4857936253538355
-0.48595684861197697
-0.48647459065541626
-0.48734641771963133
-0.48736829140559873
-0.48739038050795597
-0.4883541353158307
-0.48854484431129613
-0.4887009024886148
-0.4887249676467036
-0.488847407011724
-0.48970860148846296
-0.48985295064954293
-0.49080054633663434
-0.49164189794585883
-0.49206850104383193
-0.49266237426728465
-0.4934000307167598
-0.4934438311341052
-0.4952901266515255
-0.4962057969538104
-0.49791821316351015
-0.4981984089439114
-0.49958707744954156
-0.49963663887499943
-0.5007704950148764
-0.5047652850334998
-0.5049143890117194
-0.505686929496369
-0.5073599874303537
-0.5076389856015643
-0.5079900516004727
-0.5097364756511524
-0.511377905666268
-0.5121840673964471
-0.5136524549452588
-0.5144805232994258
-0.516336118892165
-0.5166649716035379
-0.5167216509580612
-0.518929285320492
-0.521482079695124
-0.5235435000088599
-0.5237350430605667
-0.5276270167281231
-0.5280237867264077
-0.5285348017059732
-0.5286364534921256
-0.532361870092609
-0.5328211757254654
-0.5336760694393888
-0.5340359849958785
-0.5353596259161956
-0.5357665525294851
-0.5362691405332751
-0.5362920058625085
-0.5386546432273462
-0.5390404680976644
-0.5412932508431064
-0.5426031288655915
-0.5437686633168985
-0.5459098558902851
-0.5460030015558004
-0.5469406704651192
-0.5471843731054693
-0.5482998144413743
-0.5489198306614388
-0.5526957720932033
-0.5530437882989645
-0.5549536160089903
-0.555771069455659
-0.5570330519694835
-0.5580044777836771
-0.5585969584135455
-0.5590195805998169
-0.5605945810934048
-0.5622819469620784
-0.5671523533625683
-0.5674089962073291
-0.5682952608913183
-0.568522976602253
-0.5701875731707938
-0.5719472386408597
-0.5726006637327373
-0.5743265012370102
-0.5750694369586805
-0.5816089424770325
-0.5817798050589772
-0.5860451785182315
-0.5884661951806517
-0.5897719351773049
-0.5924438461661339
-0.5942342504858971
-0.5990544834307262
-0.5991558658730355
-0.6005508139646736
-0.6025719760218635
-0.603622973896563
-0.6043596683690945
-0.6047907888889312
-0.6051771531114355
-0.6062199257314205
-0.6076704714666776
-0.611043680498066
-0.6118597857485307
-0.6119002056657337
-0.6138104271448738
-0.6147300256804252
-0.6170568785940608
-0.6179759899775187
-0.6183719092514366
-0.6186230145394802
-0.6199815221984105
-0.6206045667899566
-0.6206439903804234
-0.6211494508664941
-0.6218084941818234
-0.6228084075104562
-0.6232251259110247
-0.6267846431583166
-0.6270859807729721
-0.6320322126150131
-0.6336956406012177
-0.6356431320309639
-0.6388524534801642
-0.6396639260152975
-0.639924569242996
-0.6411463816960653
-0.643024742603302
-0.6440742636590989
-0.6454092431813478
-0.6464441200452191
-0.64888544773803
-0.6497424760212501
-0.6509621689716975
-0.6511597360715313
-0.6540856771171093
-0.6585311347153038
-0.6607441031891439
-0.660951554775238
-0.6641953950747848
-0.6662188948539551
-0.6696484940540459
-0.6710523553192616
-0.6719260369136464
-0.6741261146962643
-0.6763733199153908
-0.6767111122608185
-0.6779463993540654
-0.6800317317247391
-0.6808339787647129
-0.6823279498377814
-0.6827751328237355
-0.6871894528158009
-0.6970518164259071
-0.6990348324179649
-0.7034118856702533
-0.7079136876622215
-0.7110737872620424
-0.7115579204789052
-0.7139194735458919
-0.7192759909812594
-0.7213181927800179
-0.7219925507903099
-0.7247509104864938
-0.7264947197464708
-0.7270005616359413
-0.7315871060515443
-0.7320848868758831
-0.733821144948403
-0.7349359214305877
-0.7420510582548255
-0.7433616953591505
-0.7437219594915708
-0.7474921628565425
-0.7533572266499201
-0.7537259886925313
-0.7550471014983486
-0.7559442035853863
-0.7586194412317127
-0.7592973783612251
-0.7619222939014435
-0.7620544168409348
-0.7669087926973589
-0.7706195443868638
-0.772090290983518
-0.7734005730599165
-0.7767881378531456
-0.7776724225841463
-0.7814947486492909
-0.7853387774375733
-0.7857234176248312
-0.7858829153090483
-0.7865549057722092
-0.78658370993071
-0.7885057574936322
-0.791411004960537
-0.7930851317942142
-0.793835183683162
-0.795277900993824
-0.8016746629561696
-0.802819724785877
-0.8058577405288816
-0.8063950754702092
-0.8065154105424881
-0.8082822319120169
-0.8087548363953829
-0.8090259720387015
-0.8141356457573627
-0.8160945581538337
-0.8166661560535431
-0.8181684410131614
-0.8183440044522285
-0.81925268471241
-0.822458447681533
-0.8240622326193261
-0.8263039663434029
-0.8319561431805292
-0.8375408619642257
-0.8386307891458273
-0.8395156979560852
-0.84119985443308
-0.8421073651148213
-0.8463020092717165
-0.8510796121554449
-0.8516722127527828
-0.8536202311515808
-0.8571458086371422
-0.8582569762796993
-0.8597576667865118
-0.8606939986348152
-0.8667072893253395
-0.8684847126667592
-0.8686282482922252
-0.8693681061073827
-0.8720055818557739
-0.8745857487385365
-0.8756821523620602
-0.8830582450096699
-0.885371718647366
-0.8905887268483639
-0.893174251075834
-0.8984258472919464
-0.9021810988585154
-0.9029342347756029
-0.9098905517930689
-0.9183339276351035
-0.9223907875518004
-0.9324207454919815
-0.9345600406328837
-0.9403510794509202
-0.9408240023403778
-0.9408278170376434
-0.9413624759763479
-0.9419988265468014
-0.9427870847284794
-0.945577970892191
-0.9462340995669365
-0.9463748636990204
-0.9488171011209487
-0.9506003856658936
-0.9508473066031001
-0.9639669299125672
-0.9669875254233679
-0.9688000517586867
-0.9734729453921318
-0.9734894327676406
-0.9744099999467531
-0.9760418658455213
-0.9766033627092838
-0.9850957684075942
-0.9861797951161861
-0.9894283646717668
-1.0052876611977506
-1.0082720216363668
-1.0097445437684656
-1.0224836038903504
-1.0249847951345146
-1.0268482435494661
-1.0291949808597565
-1.029485960232705
-1.0369227025657892
-1.0438653826713562
-1.0440493375062943
-1.0475834203617913
-1.0726895829041798
-1.0755058638751507
-1.0766952745616436
-1.0770652492841084
-1.0853777046182327
-1.089669796017309
-1.1033281584580739
-1.1060864925384521
-1.110304501838982
-1.116018787957728
-1.1188885507484276
-1.1325829426447551
-1.14103897412618
-1.144007682800293
-1.1446611285209656
-1.1480862845977147
-1.1516719690213602
-1.154610867301623
-1.1573711186647415
-1.1614360064268112
-1.1614640752474468
-1.1703588304420312
-1.188457011112145
-1.215151309967041
-1.227015409541006
-1.2290521413087845
-1.230280598004659
-1.232604380697012
-1.2410994494954746
-1.2585350170731544
-1.2608240842819214
-1.2619990974587079
-1.2627420872449875
-1.2638889849185944
-1.2680565317471821
-1.2690199861923854
-1.2703447785849373
-1.2915527671575546
-1.2999263405799866
-1.3123100399971008
-1.3134431091602892
-1.3287911415100098
-1.3426628708839417
-1.358121711295098
-1.3609165893988877
-1.37251877784729
-1.3748658662273858
-1.3971545149882634
-1.39939786195755
-1.403815710544586
-1.411234736442566
-1.412038246790568
-1.4219000274315476
-1.4286609292030334
-1.4468277688671758
-1.4525165855884552
-1.4529635111490886
-1.465859313805898
-1.4661334156990051
-1.4834330479303997
-1.505757203946511
-1.5236719846725464
-1.533540591597557
-1.5402227640151978
-1.5403800403922407
-1.5443082451820374
-1.552595004439354
-1.5531275048851967
-1.5532533638179302
-1.5533101459344227
-1.55369331240654
-1.556643488816917
-1.5657762289047241
-1.580113938699166
-1.598062793413798
-1.619478814303875
-1.6235083758831024
-1.6359625818828742
-1.6367764198218993
-1.667218526204427
-1.6749476455152035
-1.70193756371674
-1.7043657111935318
-1.7051446437835693
-1.7136850357055664
-1.7466241233050823
-1.750107228755951
-1.7530416250228882
-1.7542406171560287
-1.7610529512166977
-1.762287589255493
-1.7729319523399074
-1.7883587926626205
-1.8189625950180925
-1.8394678235054016
-1.8948944807052612
-1.909881517291069
-1.9203986376523972
-1.9522362112998963
-1.9576120674610138
-1.9793760993828375
-1.9986109137535095
-2.0019240379333496
-2.0047412713368735
-2.0093756802380085
-2.0376168489456177
-2.040986530482769
-2.0440840065479278
-2.0506452918052673
-2.0976558743665614
-2.1045164465904236
-2.111966162919998
-2.1416005293528237
-2.1419292986392975
-2.16228586435318
-2.2012359301249185
-2.2634608801454306
-2.27645430713892
-2.2846526093780994
-2.295575499534607
-2.307571589946747
-2.333177864551544
-2.3695907592773438
-2.4029425382614136
-2.462274730205536
-2.472022693604231
-2.4765094220638275
-2.4777770042419434
-2.4989594221115112
-2.5195474047213793
-2.583862684085034
-2.6119854003190994
-2.612729400396347
-2.6431351701418557
-2.705060520209372
-2.7060372034708657
-2.731949965159098
-2.7379612922668457
-2.7408251762390137
-2.741250704973936
-2.793325772508979
-2.7966198921203613
-2.9203644692897797
-3.0095713483169675
-3.09085214138031
-3.121336817741394
-3.1721749305725098
-3.1915848599746823
-3.309987872838974
-3.4328712224960327
-3.6120095252990723
-3.8166669607162476
-3.8369741439819336
-3.9111005514860153
-4.150710105895996
-4.170594036579132
-4.190440864767879
-4.2219507694244385
-4.368524424586212
-4.461394309997559
-4.5134055614471436
-4.598589241504669
-4.718842506408691
-4.880275376141071
-5.209450960159302
-6.230020523071289
-6.9065210819244385
-16.46101951599121
-19.73712921142578
-20.960899353027344
