-0.10971097322180867
-0.13220310180137554
-0.13954575578100048
-0.14848495516707771
-0.16892401687800884
-0.2008867553797447
-0.20183370215818286
-0.2049406046025979
-0.22921386273801544
-0.23254065597211593
-0.24352544707237808
-0.24665637349313502
-0.2470607395742646
-0.25006283497593057
-0.26068399290726607
-0.26580217356483143
-0.26821948448196054
-0.27744563774095615
-0.27768921479582787
-0.27799282796347496
-0.2824398723120491
-0.28449281411026495
-0.2863815287845292
-0.29414870893175676
-0.2956754333491618
-0.2963474682931389
-0.2966496319160797
-0.3129744669584195
-0.31517732170215657
-0.31682020445268355
-0.3174801675940398
-0.3176860725192819
-0.3195962788387468
-0.3204499818513998
-0.32372707353148145
-0.3257931784286484
-0.3260728755828625
-0.32742588530353794
-0.3291251231348724
-0.3294719135954675
-0.33115711015735166
-0.3347529718116026
-0.3356283920408135
-0.33638885208056307
-0.3386453712337243
-0.3398258596037825
-0.3406590186862741
-0.3415398982663949
-0.3476755696878172
-0.34853362913579783
-0.3498474569280882
-0.35280694787223565
-0.35441424628435114
-0.3546987313136924
-0.3552090845774661
-0.36062682306047383
-0.3615283737830396
-0.3630331062287531
-0.3631706302985549
-0.3663047864417955
-0.36643331754021347
-0.37218943947745076
-0.3723780918970498
-0.3733630492668077
-0.3739335381292871
-0.37554427237997656
-0.3788776753935963
-0.38042944612904894
-0.38189557529767626
-0.3819540941169382
-0.38323483975338085
-0.3833218400139135
-0.3836144767698161
-0.3836473612922149
-0.3852055590626872
-0.38605217751400134
-0.38706635386906785
-0.3882497422379421
-0.391503538005054
-0.3922562419191106
-0.3942749058336458
-0.3949056768688024
-0.3971246415334779
-0.3972618006169796
-0.3981021516046894
-0.3988121797641118
-0.39933071453896657
-0.3994052222530757
-0.40151072182916325
-0.4015703553413914
-0.40257489082564873
-0.40596494586394066
-0.4063035755243618
-0.4063267052018394
-0.40858421399840156
-0.40913933193148516
-0.4139624424053528
-0.41672694270660443
-0.4170286557637155
-0.42060975536005574
-0.42150297869846004
-0.4222533551743254
-0.42284301601466723
-0.4232310525762538
-0.4238173353906263
-0.4247007344033591
-0.42534597143530845
-0.4261599473730629
-0.42853303204174154
-0.42872811176647174
-0.4305044854772859
-0.43164475189184054
-0.4362334282498188
-0.43870557671678917
-0.4387982163570996
-0.4400115673844185
-0.44296962523367256
-0.4493841350747971
-0.44964314500557523
-0.45312712624107243
-0.4533845522120828
-0.4538985347317066
-0.45677783994035376
-0.45953412623041207
-0.4627480438561179
-0.4630712818155492
-0.46386558012558715
-0.4643733591947239
-0.46572906893367566
-0.466909871617746
-0.467435693833977
-0.4675778592718416
-0.47088725798364195
-0.470985155319795
-0.47181899121151216
-0.473160839243792
-0.4732468235742999
-0.47949113324284554
-0.48123360901243156
-0.482064371323213
-0.4827240624775489
-0.48473530186456626
-0.48518488214467653
-0.486147737049032
-0.48677842825760737
-0.48701589865635875
-0.48990467212085304
-0.49008919279042046
-0.49061221518172715
-0.4920721076713461
-0.4947080036858097
-0.496963866950763
-0.49801132183347363
-0.49804943961207754
-0.4987526668175633
-0.5004014937827984
-0.5020818896591663
-0.508457962423563
-0.5093620017960347
-0.5096258324047085
-0.5106355462755475
-0.513340813551622
-0.5137834728433518
-0.5151519150007516
-0.5161284617439378
-0.5169016918502166
-0.5190792195498943
-0.5193810164928436
-0.5220813587236788
-0.5223134088196925
-0.5250956367138618
-0.528212472308951
-0.5296428618182998
-0.5314681745916864
-0.532460693269968
-0.5331702382051541
-0.5334350437883081
-0.5335831060539931
-0.5341595853460603
-0.5389191606747252
-0.5390248927869834
-0.5390901797800325
-0.5394987728386695
-0.5408956414487746
-0.5428586880909279
-0.544032605458051
-0.5465746324449355
-0.5471906632717166
-0.5474597950582393
-0.5505844352992426
-0.5521767442114651
-0.5535169947397662
-0.5553861409425735
-0.5558959591601577
-0.5570159367447104
-0.5578072412042983
-0.5600044530865489
-0.5606858065933921
-0.5625163419666933
-0.5628630030405475
-0.5638213110156357
-0.5669651927148354
-0.5676695923320949
-0.5711160424010208
-0.5735947044566274
-0.5763399634015514
-0.5808816601832708
-0.5812853967887349
-0.5823647806731364
-0.5863428727752762
-0.5865420514601283
-0.5870700598694384
-0.5904318918141404
-0.5906044185830979
-0.5912171617771188
-0.5937518951031961
-0.596731366313179
-0.5982287295449239
-0.5987525476417171
-0.6003550802095561
-0.6007464983926375
-0.6024327526489893
-0.6055912672745762
-0.6062300325109391
-0.606810432792473
-0.6094387226590985
-0.6112550271476115
-0.611735185606736
-0.6120514858963101
-0.6125316104153171
-0.6128062090304282
-0.6138064266880974
-0.6147907163307537
-0.6153796582172314
-0.6159962661253909
-0.6170973512842985
-0.6173177629105723
-0.6183821275286997
-0.6197421487420798
-0.6203571422790576
-0.6218985766172409
-0.6220774209747711
-0.6222797654569149
-0.6229523222427815
-0.6268005046993494
-0.6279492093250155
-0.6294329358264804
-0.6303760372102261
-0.63181017828659
-0.6325072957487363
-0.6343480688311891
-0.6344689728381733
-0.634591792782885
-0.6348232850765011
-0.634876769821858
-0.6373828219116798
-0.6377332056872547
-0.6385351791977882
-0.6388845864816436
-0.6400870870460164
-0.6404568135767477
-0.6411338842673493
-0.6428024929277051
-0.6434229190926999
-0.645093176944647
-0.6462357313721441
-0.6471093312637615
-0.648325622244738
-0.6495720762759447
-0.6507859971025027
-0.6516065798699856
-0.6519203406409361
-0.6527697278186679
-0.6572921885462064
-0.657489470904693
-0.6591667078435421
-0.6627377053179467
-0.6634139715024503
-0.6642870566807687
-0.6654907585470937
-0.6657602430437691
-0.665890761371702
-0.6664423757814802
-0.6671887771649794
-0.6680740849114954
-0.668906661029905
-0.6697286196452167
-0.6701116285985336
-0.670961167573599
-0.6712792580429878
-0.6713370925927948
-0.6713657554771219
-0.6729907222001607
-0.6735124888706624
-0.6740331950474202
-0.6740757464198396
-0.6752460559946485
-0.6760034032980912
-0.6770731760188937
-0.6776136827344695
-0.67837994432609
-0.6791066908691492
-0.681504738948527
-0.682411618234255
-0.6826843730523251
-0.6831607626647584
-0.688766425209386
-0.6917808481746099
-0.6926902409177274
-0.6928302990272641
-0.6929639321234491
-0.6963135246187449
-0.6969436698792768
-0.6969643384218216
-0.6990715358406305
-0.7003166225040331
-0.7006862503476441
-0.7015908126253635
-0.7020332028882371
-0.704439102154639
-0.7048523955357572
-0.7065459406003356
-0.7075732855591923
-0.7084363422356545
-0.7092164004570805
-0.7092291781057914
-0.7099484391510487
-0.7109482471831143
-0.7116550579667091
-0.7122853134758771
-0.7130558264131347
-0.7140907583419572
-0.7181220428901725
-0.7231512180167354
-0.7231911505805328
-0.727823868766427
-0.7281239315780113
-0.7308124303817749
-0.7323888133025982
-0.732853372891744
-0.7333300072496058
-0.7343404667335562
-0.7378942400217057
-0.7387883359721551
-0.7410279884934425
-0.7421054576656648
-0.7445586618036032
-0.7450900109584576
-0.7471801075735129
-0.7492482358744988
-0.7496691353619098
-0.7517401073127985
-0.7527535827248357
-0.7539512638468295
-0.7547834976576269
-0.7549857695897421
-0.7572963957674801
-0.757365746290556
-0.7592178867780603
-0.763134426652239
-0.7693962577711014
-0.7701738585407535
-0.773290274431929
-0.7736345991288545
-0.7741154630978903
-0.7767753211276917
-0.7773757269605994
-0.7774690771475434
-0.7799179318770127
-0.7809961201623082
-0.7822843454778194
-0.7845228910446167
-0.7856268070638179
-0.7887466136366129
-0.7950262531845106
-0.7955147992405627
-0.7965736564780984
-0.7984850220382214
-0.804093130864203
-0.8066064443971429
-0.8100239658524515
-0.8111946380564145
-0.8124086698517203
-0.8150886278599501
-0.8171163264662027
-0.8176472655904945
-0.8189943516335916
-0.8194870399311185
-0.8197431117296219
-0.8201024695299566
-0.8213892748786343
-0.8224468268454075
-0.8249782202765346
-0.8251430786081723
-0.8253295884448258
-0.825693391263485
-0.8283898433437571
-0.829886511771474
-0.8317382109041015
-0.83344406934662
-0.8336116403341294
-0.8340872411014667
-0.8343569301068783
-0.837127463426441
-0.8402383162506989
-0.8402849217074819
-0.8404711788106296
-0.8408318445086479
-0.8409069976769388
-0.8425876159220934
-0.8463883086107671
-0.8475887626409531
-0.8505709111664651
-0.8515731943054841
-0.8526475697755813
-0.8533319650062671
-0.8549633689690381
-0.8555440588854253
-0.8575143652180066
-0.86253865621984
-0.8632844649022445
-0.8635845916966597
-0.8636600719764829
-0.8637152813349126
-0.8722080002642341
-0.873027644935064
-0.8733148422713081
-0.8776128955185414
-0.8783238861709833
-0.8798188308848895
-0.8830077915452421
-0.883682820532057
-0.8848304993395383
-0.8884017746895552
-0.8890649290755391
-0.8912709002383054
-0.8949026436675922
-0.8958634062670171
-0.8994703084230423
-0.9008805193006992
-0.9015665884528842
-0.9024713180959225
-0.9032262489199638
-0.9049131872598082
-0.9057895784266293
-0.9095287080854177
-0.9102631702220866
-0.9118000543011087
-0.9196647399512585
-0.9225852439800898
-0.9274409532546997
-0.933486420661211
-0.9336930796917942
-0.9347443335864227
-0.9364460327972969
-0.9365766197443008
-0.9433149963617324
-0.9539833893733365
-0.9545083551201969
-0.9620706867426634
-0.9667604383495119
-0.9672786502374543
-0.9697026016656309
-0.9698753617703915
-0.9765197280794382
-0.9773151051253081
-0.9795480337407854
-0.9813313253223896
-0.9847083983477205
-0.9864836322764555
-0.9894757533911616
-0.9952492329612141
-0.9975448747475942
-0.9982956085087997
-1.0000118620693683
-1.0018811316404026
-1.0022380410082405
-1.002413728943793
-1.0073667571414262
-1.0082673182090123
-1.009563559666276
-1.012333630415378
-1.0136512534485922
-1.0153567710891367
-1.0177018247544765
-1.021556577246104
-1.0236142103094608
-1.0276464684866369
-1.0313376375939698
-1.0317138832890325
-1.034420797228813
-1.0411734767258167
-1.0476033996258463
-1.0499978109146468
-1.0506788376515033
-1.0523076839745045
-1.0541229653948296
-1.0578221380710602
-1.0581955869371693
-1.06078412466579
-1.0636350621158879
-1.065912465409686
-1.0698051103390753
-1.0710641940822825
-1.0738890257198364
-1.074221708013543
-1.0742271028691903
-1.0799327151228983
-1.0806656448791425
-1.080949586816132
-1.0875433832406998
-1.0881064964665308
-1.089474949778782
-1.0938136875629425
-1.0999557293641071
-1.1014490390662104
-1.107291826279834
-1.1077100060259302
-1.1084547609090805
-1.1114360219133752
-1.111642636358738
-1.1126517221331595
-1.1133398283272982
-1.1138468503952026
-1.1190997487200158
-1.119246040044042
-1.1268690625826518
-1.1291475545149297
-1.1306773523489635
-1.1312275528907776
-1.1334120821207763
-1.136639547883533
-1.13809222003652
-1.1394345052540302
-1.1400544370214145
-1.1401137026647727
-1.1441200947156176
-1.145480427145958
-1.1469461277127266
-1.1488905201355617
-1.1490094398872719
-1.1523729538312182
-1.1549877896904945
-1.1559729692526162
-1.1572197603268757
-1.1592204794287682
-1.1594964433461428
-1.1610989292773108
-1.1641269743442535
-1.1710005750258763
-1.1734656859189272
-1.1735251985955983
-1.1764145096143086
-1.177213404327631
-1.1784411466547422
-1.1812787304321926
-1.1814237634340923
-1.1824656501412392
-1.1834516967646778
-1.1854025529076655
-1.1866831282774608
-1.1951238732518894
-1.1955699414014815
-1.2099847979843616
-1.212511857226491
-1.226340502500534
-1.2268116740509867
-1.2347146673128009
-1.2351984798908233
-1.2384041100740433
-1.2418995797634125
-1.242064330726862
-1.2433014851994812
-1.2471086978912354
-1.2487401269376277
-1.2490519824496005
-1.2516007870435715
-1.2553917810320854
-1.2554846405982971
-1.257404674217105
-1.2659890751043956
-1.266195485368371
-1.2674986591252189
-1.2702649310231209
-1.2725701592862606
-1.2730419007129967
-1.2774544528552465
-1.2781595728981
-1.2804413139820099
-1.2945826048962772
-1.2952976047992706
-1.2953051894903183
-1.3006107558806737
-1.3044178813695908
-1.3090669016043346
-1.3099645333519827
-1.3105063686768215
-1.315548939364297
-1.3160282969474792
-1.3252570878714323
-1.3263473063707352
-1.3267989797251565
-1.3280555196106434
-1.3282015025615692
-1.330021977238357
-1.334433635075887
-1.3399300972620647
-1.3443531692028046
-1.345425176123778
-1.3476506661623717
-1.3571739097436268
-1.3581352680921555
-1.3593525033444167
-1.3626990417639415
-1.3638537631680567
-1.3657961070537568
-1.3666671557085854
-1.3721856884658337
-1.3756790033408575
-1.378095343708992
-1.3823221325874329
-1.3868119637481868
-1.3898632794618606
-1.3909259693963187
-1.391892820596695
-1.3977578831836581
-1.403111308813095
-1.4045240338891745
-1.4069490091875196
-1.4136588190283095
-1.4149177204817533
-1.4165361577644944
-1.41822949051857
-1.421276867389679
-1.4264787692576646
-1.4275402509374544
-1.4296958146616816
-1.4349700212478638
-1.4377657771110535
-1.4420370467705652
-1.444104140996933
-1.448921080146517
-1.4577195271849632
-1.4589444130659104
-1.4645643830299377
-1.4684104124704997
-1.4696139004081488
-1.4711729530245066
-1.4723310002258845
-1.4814952816814184
-1.4831158152470987
-1.4849596810527146
-1.504638801018397
-1.5065653175115585
-1.5073842406272888
-1.507625475525856
-1.5165517032146454
-1.52468940615654
-1.5267827846109867
-1.5298913485474057
-1.530277689297994
-1.5489301453344524
-1.556294749180476
-1.557996317744255
-1.5635250378400087
-1.5778062403202058
-1.5790134298925598
-1.5827142751465242
-1.6086379006505012
-1.6092865467071533
-1.6143947392702103
-1.6298321429640055
-1.6308862030506135
-1.6375645281332254
-1.6495335698127747
-1.6496538780629635
-1.6519923309485118
-1.6593044251203537
-1.6678225994110107
-1.6734982132911682
-1.6844997350126505
-1.6869967840611935
-1.6905675530433655
-1.6917340755462646
-1.6999712387720745
-1.7081553936004639
-1.779010832309723
-1.8078219890594482
-1.8088289685547352
-1.8169127504030864
-1.8187955468893051
-1.8212913870811462
-1.8327896296977997
-1.8351486027240753
-1.8352656662464142
-1.8367005586624146
-1.8408254384994507
-1.8692509829998016
-1.8915962378184001
-1.8916970640420914
-1.8992025256156921
-1.90663181245327
-1.9107404351234436
-1.9184593955675762
-1.9334058165550232
-1.9492149949073792
-1.9526302218437195
-1.955512523651123
-1.9642161130905151
-1.9721360603968303
-1.983710527420044
-1.9920830329259236
-1.9993710120519002
-2.036059578259786
-2.0387399792671204
-2.050696611404419
-2.0535954236984253
-2.068032681941986
-2.1030080877244473
-2.123274251818657
-2.126720945040385
-2.1409764289855957
-2.143455743789673
-2.1548413350246847
-2.1614273712038994
-2.179608643054962
-2.183558702468872
-2.189507377333939
-2.1920230016112328
-2.198103964328766
-2.2103933890660605
-2.2169992923736572
-2.2336161136627197
-2.25319567322731
-2.3509738445281982
-2.353559970855713
-2.393850564956665
-2.411851247151693
-2.412189543247223
-2.501934587955475
-2.5109939575195312
-2.5547930002212524
-2.5665417909622192
-2.7082067728042603
-2.718185782432556
-2.723051071166992
-2.7269288301467896
-2.748892903327942
-2.81556236743927
-2.9421526193618774
-3.012875535467174
-3.330267906188965
-3.3443551500095055
-3.372199376424154
-3.707041382789612
-4.217010140419006
-4.27012836933136
-4.910403370857239
-7.033348560333252
