-0.0005881248507648706
-0.03683408536016941
-0.04336086406450098
-0.10054818289548469
-0.13460041023790836
-0.16840239056618883
-0.20236276804159084
-0.21596219906350597
-0.23986734997015446
-0.2422845465131104
-0.2854997796821408
-0.2917258700666328
-0.2939965375699103
-0.29516456785495393
-0.2968802404190813
-0.3155447896569967
-0.3175114379929645
-0.3308764826506376
-0.3405881541781127
-0.3515219281980535
-0.35844245967455207
-0.3587359002687865
-0.37175149937522495
-0.37493747596939403
-0.37599981896346435
-0.3836393385194242
-0.4025928019187771
-0.40342310175765306
-0.42050013329005903
-0.42622109898366034
-0.428270421639484
-0.43592565071303396
-0.43867168415869984
-0.4406766611151397
-0.44184109233901836
-0.4464234660069148
-0.4572727819904685
-0.46081819148226216
-0.4630329385166988
-0.46571850238574874
-0.4673652576183325
-0.46844661102763246
-0.4689376157818033
-0.46990250951300067
-0.4757352747023106
-0.47678899361441535
-0.47879358008503914
-0.4807003057628338
-0.4823667360469699
-0.4825441998740037
-0.48291561759288015
-0.48333501648933935
-0.48460140312090516
-0.4858151488006115
-0.48643334675580263
-0.48861825801432135
-0.4908641484599732
-0.49529812884117874
-0.49828793912456604
-0.49937372024740195
-0.503061855211854
-0.5046809513121844
-0.5086160524981096
-0.5211874981017398
-0.5281443999804745
-0.5295820832252502
-0.5414189442138498
-0.5433326767912755
-0.5434111431241035
-0.5475354808149859
-0.5477058749113765
-0.5482757859345939
-0.5489759504795074
-0.5514637565705925
-0.5519502572715282
-0.5535587227204815
-0.5548788274609251
-0.556153517914936
-0.5568414398779472
-0.5580612662015483
-0.5581389849539846
-0.5595028969886092
-0.5637816431699321
-0.5638505714154495
-0.5659315910722528
-0.5694978890940547
-0.5710175314119884
-0.5720615171197675
-0.5789591036736965
-0.5791660867398605
-0.5794244983553654
-0.579614382049638
-0.5798306466496893
-0.581548718839056
-0.5843051335774362
-0.5874766666442156
-0.5882272862751657
-0.5915016405854439
-0.5934606766871487
-0.5936543917882123
-0.595323433354497
-0.5996562408076392
-0.6018135274061933
-0.6046194207544128
-0.6066242289546478
-0.6066735796630383
-0.611567092128098
-0.615290363440695
-0.6155947167426348
-0.6157576104641731
-0.6162410539289703
-0.6176949102431536
-0.6194135606702831
-0.6194442513144829
-0.6212109394061068
-0.6213283896386901
-0.6243153616253819
-0.6253682237405044
-0.6272225695778616
-0.6280770703684538
-0.6292156044393777
-0.6307189937023006
-0.6307202678705964
-0.6338288730243221
-0.6340379770100116
-0.6361121874716547
-0.6372567063663155
-0.638326870277524
-0.6403331001289189
-0.6494275859843653
-0.649718371918425
-0.6519033573567867
-0.652826526748478
-0.6549083429272287
-0.6559128582270609
-0.656615668372251
-0.6574753262393642
-0.6610480651943362
-0.6632397889883982
-0.6662030996479282
-0.6688306141230795
-0.6695690728504107
-0.6703240151790462
-0.6709288730984554
-0.6714557682668479
-0.6737528753373772
-0.6748082772828639
-0.6752193548406163
-0.6791341083525266
-0.6829557432793081
-0.6855163080617785
-0.6855661841109395
-0.6902850757120177
-0.6926877114223317
-0.6957982842965672
-0.7010816448892001
-0.7073693079356518
-0.7093812935054302
-0.7099317407442464
-0.7111834910299096
-0.7121601177379489
-0.7147982257107893
-0.7158445653039962
-0.7201649970763052
-0.720373851673988
-0.7214270213153213
-0.7247147724998219
-0.7263093590687882
-0.7270782034378499
-0.7279525175690651
-0.7336953462800011
-0.7351072129039538
-0.736113682971336
-0.7369108255952597
-0.744094550713069
-0.7441046914493199
-0.7445103657158577
-0.7456726541277021
-0.7468068328103982
-0.7496678102761507
-0.754950650036335
-0.755162542449263
-0.758574256207794
-0.7586243185525139
-0.7606109719723463
-0.7686232181265951
-0.7694249813045774
-0.7709710150957108
-0.7756595440150704
-0.7768959388820804
-0.7822482368044023
-0.782295560464263
-0.7840212595299818
-0.7859025396697689
-0.7895061712074296
-0.7949375460545222
-0.7958887480199337
-0.7986473889555782
-0.801720241351921
-0.8052053655925125
-0.8073276521948477
-0.8074785338249058
-0.8091857905189196
-0.8130350684126219
-0.8212620790000074
-0.8269219368696212
-0.8277972706904014
-0.833065266534686
-0.8357308430907627
-0.8483673073351383
-0.8495084252208471
-0.851453443368276
-0.8670722953975201
-0.8709456612356007
-0.8751548792788526
-0.8764285874717376
-0.8776689359219745
-0.8831796478480101
-0.8940604329109192
-0.8943150091605881
-0.895968489907682
-0.9001204869709909
-0.9045540995430201
-0.9052191030766282
-0.9105118177831173
-0.9141965080983937
-0.9234194924123585
-0.9403957099738446
-0.9457115394761786
-0.9461762841258731
-0.9518136122496799
-0.9528723432837675
-0.9543539330363273
-0.9566636957228184
-0.9591938105295412
-0.9607171593233943
-0.9704209317763647
-0.9797888467354434
-0.9835285213775933
-0.9890303811472323
-0.9891954799079232
-0.9914319701492786
-0.9967644156210802
-1.0062233805656433
-1.012622635345906
-1.0137823291122914
-1.01812107488513
-1.024112437356962
-1.0314707672223449
-1.0353821936462606
-1.0391133929203664
-1.0399425849318504
-1.0670883355455265
-1.0690377497812733
-1.06904512103647
-1.0746479271911085
-1.075457027181983
-1.0817447463050485
-1.081950232386589
-1.0847753241658211
-1.0871036761673167
-1.0981846898503136
-1.098760202061385
-1.1065937533974648
-1.1083678886294366
-1.1164158061146736
-1.117810702749661
-1.1194218331947923
-1.1208225153386593
-1.1429220149293542
-1.1440106922139723
-1.1492582658926647
-1.166687154211104
-1.1736824683845044
-1.1774812926305458
-1.1936825315157573
-1.201024167239666
-1.2169580459594727
-1.2505891552815835
-1.2545198599497478
-1.2639004588127136
-1.274256120280673
-1.2896193886796634
-1.291161658319955
-1.2916387805715204
-1.3085635223736365
-1.3141910183346934
-1.3163741752505302
-1.3176224706306432
-1.323515095644527
-1.334663418254682
-1.3382685432210564
-1.3422538731247187
-1.3454911641776561
-1.3473404586159934
-1.348956758422511
-1.3505852554614346
-1.353757964713233
-1.3588153768463858
-1.364673844538629
-1.3742040496629973
-1.378702037036419
-1.3830125729242961
-1.38558070063591
-1.3972741807810962
-1.4154080476611852
-1.415809027850628
-1.4249164049646683
-1.4275791704654694
-1.4330422937870027
-1.4502319694895829
-1.4683090494945645
-1.4702628672122955
-1.4807152301073074
-1.491120686488492
-1.4951146330152238
-1.4975872089465458
-1.5078797698020936
-1.5102170705795288
-1.5121269215430533
-1.5246594920754433
-1.54451116322889
-1.5459049840768178
-1.54728635932718
-1.5473780035972595
-1.5781790539622307
-1.595560582917339
-1.5981718748807907
-1.6037232478459675
-1.6260488703846931
-1.632159143628087
-1.635349988937378
-1.697981408238411
-1.6998975835740566
-1.708561012148857
-1.7997575961053371
-1.8303819596767426
-1.8500369675457478
-1.876826360821724
-1.9143278524279594
-1.9192962534725666
-1.9569453050692875
-1.9596367379029591
-1.9618008136749268
-1.9783841986209154
-1.9860013611614704
-2.0531258583068848
-2.070470929145813
-2.104642183830341
-2.129423201084137
-2.2124735228717327
-2.2295701690018177
-2.244875907897949
-2.4290149211883545
-2.4290675719579062
-2.5954209267511033
-2.669262687365214
-2.685858281891948
-2.754200488270726
-2.8614346981048584
-2.956053932507833
-3.088560104370117
-3.384335406124592
-3.4191017150878906
-3.560753345489502
-3.6495590209960938
-3.6633995845913887
-3.6945073902606964
-3.9744439125061035
-4.243316888809204
-4.281138223906358
-4.306355834007263
-4.946454048156738
-6.096988558769226
-10.458521842956543
-11.17596435546875
-11.274934768676758
