-5.602679812000133e-05
-0.003565634833648801
-0.007858797442167997
-0.010516525207397839
-0.013364948082501845
-0.013501046763849445
-0.014362704886783225
-0.014948502328479663
-0.01961645152186975
-0.020993488270323723
-0.029094488359987736
-0.04258844064315781
-0.044372811913490295
-0.05399470403790474
-0.05421102745458484
-0.06068005386207785
-0.06098322088170486
-0.06259039151482285
-0.0823037232272327
-0.08405494336038828
-0.0849709311965853
-0.0884841520843717
-0.09113128140909664
-0.09160349366720766
-0.09204883000347763
-0.09743552073955976
-0.10264946885581594
-0.10349227077676915
-0.10472875338746235
-0.10716893579228781
-0.11950394635350677
-0.12269260897301137
-0.1274810197064653
-0.1326920887629967
-0.13278216735488968
-0.1438080820048021
-0.1450652252882719
-0.1484040306560928
-0.1585864583030343
-0.1613870406174101
-0.16352685444871895
-0.1653832644224167
-0.17077597871788644
-0.171274283551611
-0.17680998838373593
-0.1775646982215611
-0.18312651951273437
-0.18315460642334075
-0.18391402329628667
-0.18715474203304439
-0.18744157671751868
-0.18765119944712044
-0.19277053326368332
-0.1989539209494574
-0.19970928484781325
-0.2003597542643547
-0.20831008079195662
-0.21105116867393542
-0.21164468427499136
-0.21254139803608674
-0.21720634495917088
-0.21786973697599024
-0.21925797775620595
-0.22586561376228928
-0.23018842624636213
-0.23085266693184772
-0.2321336526365485
-0.23436468245927244
-0.23631294071674347
-0.237609770684503
-0.23908723032218404
-0.24148076497658622
-0.24201644817003398
-0.24355265544727445
-0.2465743004140677
-0.246969730197452
-0.24833102833945303
-0.25061777345185604
-0.2513505161927277
-0.2514835728673331
-0.25229533286931527
-0.2523306864979012
-0.2530830408795737
-0.25313807690968637
-0.25329971153987574
-0.25370868600701285
-0.2546641859433813
-0.25622037744436127
-0.2566524266579654
-0.25775447441264987
-0.257821994641395
-0.2579133545048535
-0.2603669021045789
-0.26236150080803783
-0.26283093581090117
-0.2632476803715967
-0.26392420545744244
-0.26469247249968414
-0.2680259994493099
-0.26829694310436025
-0.2685216120327823
-0.26933337922486317
-0.2704085083678365
-0.27073843636828315
-0.2712216842068861
-0.27167788576779833
-0.2737057418562472
-0.27399850565799216
-0.2752834157698089
-0.2762204611591235
-0.2769394222926133
-0.2771326939589926
-0.2775222066557035
-0.2776413074073692
-0.27929048124217215
-0.2794390065213924
-0.2797959442072574
-0.280128320584732
-0.28183758765371747
-0.28318896668497473
-0.2834420978421501
-0.28361756162738183
-0.2836376056075096
-0.28372898004535174
-0.2844252597540617
-0.2851589991905712
-0.285196671938778
-0.28568965776569466
-0.28734500422724524
-0.28852063374011777
-0.2886559009606976
-0.290120941740627
-0.29028342526362394
-0.29322506225435063
-0.2941672286974608
-0.294515228195137
-0.29506532416271514
-0.29615902124593657
-0.2966469147708267
-0.2973604630678892
-0.2975177756244583
-0.29792606389597304
-0.29808836206405737
-0.2987366277957335
-0.29937382330620926
-0.3001728351227939
-0.3009607817046344
-0.30117852543480694
-0.30243076466324154
-0.30284341548711224
-0.30365499531908424
-0.30415208428166807
-0.3043974414355874
-0.3045572167871076
-0.30707355328403146
-0.3076434855349362
-0.31121298717334867
-0.31318978092167526
-0.31381115840318113
-0.31434804227735313
-0.3160355016589165
-0.3167998481126233
-0.3176915552467108
-0.31771994940936565
-0.3184902361135755
-0.319010107157131
-0.3202695387881249
-0.32235486934905566
-0.3227969059798246
-0.3241118751078223
-0.3242139357840642
-0.32732590744417395
-0.328060335844594
-0.32939265165477993
-0.3302720989100635
-0.33133411849848926
-0.3315772070927778
-0.33212249749340117
-0.33240473018959166
-0.3333634543386699
-0.33457145071588457
-0.33483295929100776
-0.3359508621506393
-0.33656745380721986
-0.33754805052997067
-0.3379594058582477
-0.3386227638892545
-0.3390207126183668
-0.339477134635672
-0.3395288166590035
-0.34020866478452017
-0.3402583128772676
-0.3404116305331237
-0.3410356319315421
-0.3414255431853235
-0.3418537020528068
-0.3421510461818495
-0.34399904437097056
-0.3441914097153737
-0.34486425248906016
-0.3449511478189379
-0.3450987261409561
-0.34542963830989765
-0.34558585924553753
-0.34590051718987525
-0.3460318483412266
-0.34643845953978597
-0.34803144349730464
-0.3490263429768561
-0.349303110036999
-0.35008499020477757
-0.3507935320973047
-0.35248730052262545
-0.3525510441165049
-0.3527739645381059
-0.3534949035383761
-0.3536749978860219
-0.35527378521339203
-0.3554526810379078
-0.3569865310031067
-0.3571393016104897
-0.357169066755636
-0.3602355377341155
-0.3615384496806655
-0.3631804615225909
-0.3637762972502969
-0.3640074139693752
-0.3647946486091444
-0.3649934735149145
-0.3651269602123648
-0.36610127255844416
-0.3662843978631177
-0.366309448890388
-0.366602507904948
-0.36802198996883817
-0.36830344767076895
-0.36857117280107393
-0.3698463953499283
-0.37053599829475087
-0.3714066937876244
-0.3717561276862398
-0.371910200745333
-0.37199095292784146
-0.37207759815404035
-0.3734041543470489
-0.3736569572065491
-0.37406780342129864
-0.37505239620804787
-0.3764575988364716
-0.3770310318650445
-0.37801083230879157
-0.37874272745102644
-0.3803707511267728
-0.3806884437799454
-0.3810316578936181
-0.38177475426346064
-0.38197082324096787
-0.3823529348417521
-0.38278034839054775
-0.3844962844217662
-0.3857655942440033
-0.38821353728417307
-0.3894119024043903
-0.3902215223060921
-0.39085845823865384
-0.3911097512427659
-0.3917350312694907
-0.3922084423247725
-0.39362058346159756
-0.3939700172179275
-0.3945289537724521
-0.39459669557400046
-0.39530983610380005
-0.3956824102335506
-0.3961752247798722
-0.39708992885425687
-0.3988025367259979
-0.39900104599073527
-0.3998977865984974
-0.40047158375382425
-0.4008425461527492
-0.40150087923975664
-0.40203933482657056
-0.4032016023993492
-0.40349626566211766
-0.40364692769944666
-0.405252890927451
-0.40589852817356586
-0.40627845956935615
-0.40708840563893317
-0.40757906592140597
-0.4080087036958763
-0.40947731998749076
-0.4098098449493674
-0.41170140635222197
-0.4121097531557704
-0.41225440916605294
-0.4132617760915309
-0.4139400616928469
-0.4139595346318351
-0.4141167334940595
-0.415099006877946
-0.4163544605020434
-0.4164970431676401
-0.4186152579754384
-0.4192747554370726
-0.4210664088734322
-0.42166190955322236
-0.42314240271419595
-0.42348195492195373
-0.42379475923048127
-0.4254333826635654
-0.42698883089340395
-0.42700909840641543
-0.42732581895376953
-0.42782657699426635
-0.4298563254221032
-0.43069723217437667
-0.4309646797233394
-0.4311799750264202
-0.4320637275903629
-0.4323176210746169
-0.4336275726556778
-0.4338879765321811
-0.43426596838980913
-0.4344075763753305
-0.4344161387998611
-0.43455734903303284
-0.43566877256509745
-0.436826237787803
-0.43938374938443303
-0.4412140367727261
-0.44143895405743805
-0.44151804299326614
-0.44229624595027417
-0.4423126740896675
-0.4443296922268235
-0.446629111137655
-0.448247022797919
-0.44838937496145564
-0.44878018292365596
-0.4497854535907714
-0.45262515762199956
-0.4528106520883739
-0.45339592918753624
-0.4541736657310349
-0.45466071777045725
-0.45491800188190407
-0.45638225047150627
-0.4571456224269544
-0.45789764025248586
-0.45848151482641697
-0.459337770473212
-0.4595658779144287
-0.46046200185082853
-0.4605171131435782
-0.46065353551724303
-0.460936074052006
-0.4613598751020618
-0.4614619240164757
-0.462225622870028
-0.46246199921837877
-0.46294941908369464
-0.46461430191993713
-0.46475133125204593
-0.46529488294618204
-0.4655626931185411
-0.4661219226715427
-0.46653255707739544
-0.4681004623125773
-0.4682092544223581
-0.46890321422833947
-0.47035915518386495
-0.4707921013236046
-0.47176889243483955
-0.4717720859916881
-0.47390561471027987
-0.47538438488263635
-0.4756446641637012
-0.47586021999207634
-0.4760749469673361
-0.4778996699023992
-0.47810168533275527
-0.47858091124928454
-0.47862895131887245
-0.4789445913795914
-0.4792652204632759
-0.48097011127642225
-0.48186495825648307
-0.4819497108858611
-0.48231816353897256
-0.4837503305946787
-0.4850281020626426
-0.48577119262024226
-0.48784477286972106
-0.48835505861788986
-0.4904498933917946
-0.4905122916214168
-0.4905530203666006
-0.4933554741728585
-0.4934287294599926
-0.4936053775367327
-0.49535540201597744
-0.49682556791231036
-0.4976069511224826
-0.4988329061307013
-0.49935130644589665
-0.4993721153587103
-0.5013341205825176
-0.501935957884416
-0.5020503752425106
-0.5032171420753002
-0.5036809720719854
-0.504179238458164
-0.5044393981806934
-0.506234778976068
-0.5064522536946848
-0.5066061250141097
-0.506891632186515
-0.5075922990883035
-0.5076297874329612
-0.5125016224725792
-0.5128712730753856
-0.5133137479424477
-0.5133315609471704
-0.5139260602383209
-0.5169575893087313
-0.5175315899153551
-0.5187287537148222
-0.5201924117282033
-0.5204013582406333
-0.523678443291121
-0.5238474165754659
-0.5241661807522178
-0.5244435086846352
-0.5248080161917541
-0.5262941926717758
-0.5264070679300598
-0.5272736185230315
-0.5278822834137827
-0.5279415778544111
-0.5286999286488734
-0.5287879269570113
-0.52891664285562
-0.5290010452736169
-0.5299100322542168
-0.5304035006889275
-0.5305630429647863
-0.531435023713857
-0.532258901745081
-0.5338266695746117
-0.5343942891728753
-0.5351119390042085
-0.5357231196539942
-0.5361090016861757
-0.5361853137405382
-0.5374185789842159
-0.5375047487738941
-0.5394623532891274
-0.5397661077440716
-0.5406695102186253
-0.5420229845680297
-0.5433619309748922
-0.5437103061315914
-0.5446342544376173
-0.5455681768556436
-0.5472826168794805
-0.5480699512641877
-0.548512568593853
-0.548919839784503
-0.549087310830752
-0.550199686239163
-0.5514402271558841
-0.552236957103014
-0.5548715899858507
-0.5549984072179844
-0.5550214355112985
-0.5555068543180823
-0.5558674202300609
-0.5583237178623677
-0.5585228163482887
-0.5587399855256081
-0.5588619369631892
-0.5613300653640181
-0.5619628634303808
-0.5666741791258877
-0.5687337443232536
-0.5699904296946313
-0.5702353614324238
-0.5715905837714672
-0.5717841687146574
-0.57353529316606
-0.5743480250239372
-0.5764057487249374
-0.578623384819366
-0.5791484370973194
-0.5799590878887102
-0.5821042520304521
-0.5841174984816462
-0.5842393462856611
-0.5851587566236655
-0.5852443225681782
-0.5865523340180516
-0.5879253296181559
-0.5900885831564665
-0.5902816277618209
-0.5904602656761805
-0.5906475210213102
-0.5906586692028213
-0.5910524317994714
-0.5916883083991706
-0.5932879614643752
-0.5933884364951935
-0.5959896209242288
-0.596228619520035
-0.5998544562608004
-0.6013138674731765
-0.6031482530815993
-0.6036098129115999
-0.6045667687896639
-0.6057807336561382
-0.6066063259329114
-0.6077318059590956
-0.6108521772548556
-0.6129770896222908
-0.6146103002130985
-0.6157471223601273
-0.6179037195231233
-0.6185648663900792
-0.6195105298422277
-0.6222940979525446
-0.6281447062889735
-0.6296605453826487
-0.6304511353373528
-0.6304668161485877
-0.6319699963288647
-0.6324943813184897
-0.6343526074197143
-0.636476045101881
-0.6401644212504228
-0.640252223238349
-0.6407109228894114
-0.6424304804997518
-0.6429581654568514
-0.6431797092987431
-0.6452243843426307
-0.645989308754603
-0.646096064010635
-0.6479551163574797
-0.648751825094223
-0.6487575815990567
-0.6503411534940824
-0.6507045161755135
-0.6527052834216092
-0.6541046543046832
-0.6544328550142902
-0.6581265106797218
-0.6611674032691452
-0.6625578012317419
-0.6634228155016899
-0.6639587372541428
-0.6712814432103187
-0.6730160040897317
-0.6731486838931838
-0.6746627753600478
-0.6747647300362587
-0.6766239000193309
-0.682629377944977
-0.6826882911457991
-0.6831228079507128
-0.6838903914516171
-0.6857996311349174
-0.6879795901477337
-0.6881126220105216
-0.6993102518220743
-0.7013374683964584
-0.7035755746997893
-0.7056629770435393
-0.7057208969490603
-0.7073117271065712
-0.7074137531220913
-0.7089632460847497
-0.7090257616364397
-0.7091964541003108
-0.709936561586801
-0.7107534529990517
-0.7110568881034851
-0.7115405225777067
-0.7140701131502283
-0.7179177759215236
-0.718171845539473
-0.718475840985775
-0.7213069101174673
-0.7213103223059859
-0.7232356024906039
-0.7245775805786252
-0.7272534593939781
-0.7274402804672718
-0.7300674070914587
-0.7306253370415006
-0.7329317380984625
-0.7341070953860052
-0.7344236801145598
-0.736622927582357
-0.7379703796468675
-0.7381931684911252
-0.7418476494058268
-0.7443237266270444
-0.7456185140181333
-0.7493205705541186
-0.7521239717801412
-0.7549060010933317
-0.7553075950127095
-0.75728864595294
-0.7592000250394145
-0.759601890478128
-0.7615773691795766
-0.7621955951675773
-0.766141390427947
-0.767471847916022
-0.7686451101326384
-0.7686954643577337
-0.7693869008362526
-0.7724873125553131
-0.7758452892303467
-0.777116447687149
-0.7773199304938316
-0.7784839093219489
-0.7793334353870401
-0.7798509103246033
-0.7809607163071632
-0.7811460878167834
-0.7866484464611858
-0.7874570144340396
-0.7895765458751056
-0.7897463761270046
-0.7910513020469807
-0.792438589327503
-0.7936463695174704
-0.7976418640464544
-0.7980799437779448
-0.7981990426778793
-0.8035721402848139
-0.8087719907052815
-0.8109838187713952
-0.812038529664278
-0.812085660547018
-0.8137273050379008
-0.8169851554557681
-0.826347341760993
-0.8264723324100487
-0.8288497468456626
-0.8308909140527249
-0.8322029720700812
-0.8332903503808969
-0.8353412222253004
-0.8425666406750679
-0.8510021194815636
-0.8525939416140318
-0.858384824777022
-0.8599376976490021
-0.8617002017854247
-0.862918333336711
-0.8657305516923467
-0.8676636132101218
-0.8714292484801263
-0.8777589102586111
-0.8787756239374479
-0.884045735374093
-0.8853101581335068
-0.8909736807923764
-0.8948564510792494
-0.8976895838180402
-0.8984289566869847
-0.9060090772225522
-0.9103102739900351
-0.9107273748144508
-0.9138146496843547
-0.9138408601284027
-0.9140677144750953
-0.914111580234021
-0.9153392968388895
-0.924809847647945
-0.9261268805712461
-0.9451976560521871
-0.9482984050700907
-0.9484851078595966
-0.9488550797104836
-0.950354004628025
-0.9538041452566782
-0.9611959128233138
-0.9644293867051601
-0.9646735390027364
-0.9687957614660263
-0.9715785652399063
-0.9721681922674179
-0.9725383576587774
-0.9726183197150627
-0.976834001543466
-0.978325443866197
-0.9856471866369247
-0.9895354546606541
-0.9913332518190145
-0.9932963699102402
-0.997157970070839
-0.9995580750207106
-1.0003660023212433
-1.0032621315525223
-1.009964945842512
-1.0105577286332845
-1.0117736916456903
-1.021545626843969
-1.0266785472631454
-1.03189168125391
-1.0356382427853532
-1.0374170914292336
-1.0402178775519133
-1.0402624309062958
-1.040356385920729
-1.0469124451163225
-1.0492878400254995
-1.0530725475400686
-1.070126086473465
-1.0797927379608154
-1.0820084654260427
-1.0941298753023148
-1.0987406770388286
-1.0987772992812097
-1.1083902294437091
-1.114114371438821
-1.1179906271863729
-1.1250893374284108
-1.1300940091702312
-1.154904693365097
-1.154971783728494
-1.1552676142503817
-1.1571186979611714
-1.1712235392381747
-1.1788822785019875
-1.1820079783598583
-1.1939718969588284
-1.197020766150672
-1.1970319052537282
-1.2032765559852123
-1.2076002433896065
-1.2207892499864101
-1.221212264247394
-1.2242685851912636
-1.2342136628576554
-1.2391309708473273
-1.239450718675341
-1.2453039326392172
-1.2524077507356803
-1.270774632692337
-1.2820967882871628
-1.2870842317740123
-1.289272915571928
-1.2986325025558472
-1.3091799318790436
-1.321157659093539
-1.341652750968933
-1.3438299894332886
-1.3511927927999448
-1.3626689026132226
-1.4061454832553864
-1.4074013352394104
-1.4195347788433235
-1.4331488112608592
-1.4558315000176663
-1.465564951300621
-1.4730174541473389
-1.4901889860630035
-1.4962687004299369
-1.502255005761981
-1.5065948963165283
-1.509329229593277
-1.5144983947781536
-1.5146687196101993
-1.5156724204619725
-1.5170504944399
-1.5424644443555735
-1.5442112684249878
-1.5594438416495298
-1.5634053498506546
-1.5844034254550934
-1.5975274040053289
-1.6179095606009166
-1.6381462315718334
-1.6423619538545609
-1.6571181688923389
-1.6602696008048952
-1.6646002759225667
-1.6786368962057168
-1.6978457768758137
-1.7213522642850876
-1.732961617410183
-1.7448344156291569
-1.765377402305603
-1.7673032391816377
-1.7781444024294615
-1.7881754864938557
-1.789508232474327
-1.8061685984333355
-1.8526334464550018
-1.8636436462402344
-1.8729423988552298
-1.8830126076936722
-1.9461329251741215
-1.9465558528900146
-1.9850410223007202
-1.995311211416265
-1.9970878660678864
-1.9986704140901566
-2.0010205507278442
-2.0334862205927493
-2.038033581804484
-2.0675193071365356
-2.093737036921084
-2.181427150964737
-2.2319669015705585
-2.2737568616867065
-2.3921091556549072
-2.4159606191678904
-2.439242124557495
-2.546580294787418
-2.5969184207448657
-2.6428503282368183
-2.6441269589122385
-2.6790143847465515
-2.7008724254556
-2.703740803524852
-2.75343300960958
-2.801883427426219
-2.8118298742338084
-2.8463353142142296
-2.8479020786471665
-2.851410115021281
-2.864674687385559
-2.8791910987347364
-2.907819447107613
-2.9639843437616946
-2.969750258678687
-3.0341322906315327
-3.1217762045562267
-3.1600137762725353
-3.1787922382354736
-3.2653021812438965
-3.7951601615641266
-3.8686444742743333
-4.1742048263549805
-4.575804645894095
-4.691347599029541
-5.153585910797119
-5.848624110221863
-6.367883205413818
-6.949392676353455
-11.697541236877441
-12.14885425567627
-12.191252708435059
