-0.09539689496159554
-0.19763263277709484
-0.2246247852842013
-0.2310133800841868
-0.23832377733197063
-0.2560227196488995
-0.2579931077489164
-0.2791362432180904
-0.32009029388427734
-0.32725658973989386
-0.32820108253508806
-0.33376751210889777
-0.34213273983914405
-0.3425774003512093
-0.3446506675973069
-0.34527381162582416
-0.35551154806202995
-0.3584248346879202
-0.3607198640796317
-0.3610051622256622
-0.36591021686326713
-0.3660133894364763
-0.367161663249135
-0.3710000290718329
-0.371754018058393
-0.3722479229425936
-0.37294430152646135
-0.37653607077321366
-0.3774358413141707
-0.3797013239474671
-0.3813602775335312
-0.38247958924621345
-0.3928937601693906
-0.3932950843451545
-0.394102957866077
-0.39987893028592225
-0.3998852515110879
-0.4003569206287003
-0.4031141381710768
-0.4046880068878333
-0.4063096228322441
-0.41410886830295834
-0.41418690339196473
-0.4165950071881525
-0.42274101229850203
-0.4258293292104182
-0.42646586522459984
-0.4268631282159024
-0.42713257991810044
-0.428504807750384
-0.4302704723827033
-0.4321678480754296
-0.4327259636018425
-0.43388843070715666
-0.4437793537379346
-0.45063763318051187
-0.4539195265443552
-0.45912108349760894
-0.46005916070134845
-0.46242208623637754
-0.46780573029536754
-0.47433242896804584
-0.4745022441202309
-0.474917429460523
-0.47620898200308576
-0.47712913813302293
-0.47861218556811636
-0.4811606592775206
-0.48403842623035115
-0.4937008139095269
-0.4937057238837172
-0.49548042969157297
-0.4957718182122335
-0.4984443055258857
-0.49961436230940026
-0.49984566718921997
-0.5007365519704763
-0.5023778235343727
-0.5025541195853732
-0.5042802720951537
-0.5058086380983392
-0.507371312531177
-0.509193657969053
-0.511313834314933
-0.5115117570557804
-0.5136053279663125
-0.515634492055726
-0.520622937886331
-0.5223636774092235
-0.5237947090698237
-0.5244508292858622
-0.5249122514699897
-0.5330342974048108
-0.5334607993385622
-0.5346181323895087
-0.5354782517533749
-0.5365230979397893
-0.5514979038766965
-0.5520184020777898
-0.5596478570563098
-0.5602852363760272
-0.561857239919759
-0.563160564750433
-0.5672342330217361
-0.5725277523425493
-0.5806606738931603
-0.581864908861462
-0.5823398331801096
-0.5825959748835885
-0.582756601186702
-0.5859151924145408
-0.5863738170359284
-0.5873192395083606
-0.5877657203863447
-0.5900597193588814
-0.5905098705552518
-0.5909920852546665
-0.5970421794668904
-0.6042179401431765
-0.6096770686563104
-0.6164483453457554
-0.6182549886871129
-0.6217800086985031
-0.6274954790249467
-0.6366193265255008
-0.6478393810490767
-0.6486137621104717
-0.6555156427784823
-0.6559579280706552
-0.6628400874989373
-0.6637134383345256
-0.6680585991125554
-0.6774812714300222
-0.6775246289093048
-0.6795707823087772
-0.7008401965722442
-0.7162515632808208
-0.7311358486979522
-0.7311988728387016
-0.7553782679238602
-0.7636214941740036
-0.7665658263334384
-0.7806209412403404
-0.795766070485115
-0.8079813430279804
-0.8149075512308628
-0.8218219724949449
-0.8257178079336882
-0.8368733696639538
-0.8399234532378614
-0.8422081474680454
-0.8422826169990003
-0.8427850902080536
-0.8576985350809991
-0.877642348408699
-0.896019752137363
-0.9040283752605319
-0.9069147659465671
-0.981047989002296
-1.0160314341386159
-1.0261547263778215
-1.026845172047615
-1.057304633282391
-1.0757075647513072
-1.077591908596722
-1.0797017317963764
-1.0812464480598767
-1.1527818888425827
-1.1561505794525146
-1.2106173187494278
-1.2166549151297659
-1.259382328018546
-1.2959533643184438
-1.570248746094876
-1.6077271079023678
-1.6459391216437023
-1.718359962105751
-1.853128433227539
-1.8602901498476665
-1.9644596129655838
-2.3560121059417725
-2.3576083965599537
-2.5116071701049805
-2.548260658979416
-2.6156920343637466
-3.027869939804077
-3.6959526538848877
-3.921709805727005
-3.9597571194171906
-5.239149570465088
-5.67186975479126
