-0.000433112756581977
-0.01682178428663974
-0.018262793552561822
-0.050740210534838424
-0.060149348247796296
-0.0601994376629591
-0.062469218274979234
-0.08056274216050952
-0.0836443938848485
-0.09272114224659163
-0.09312492887875123
-0.11415808862147969
-0.14667370169757987
-0.15339942909001061
-0.1643606389094556
-0.16442507350906713
-0.1674585741278861
-0.17391758846739927
-0.1740945638581252
-0.17445913377162015
-0.17507183738234744
-0.17831779434103132
-0.17991566455601868
-0.1807757484881828
-0.18759042685004798
-0.1899907155893743
-0.1901807154229443
-0.19960818583786022
-0.201577925903257
-0.20349532621912658
-0.20897897288450623
-0.2094938929676573
-0.21107558829114875
-0.21111110326711469
-0.21695921116042882
-0.219079808694207
-0.2213419633063596
-0.2301517415234182
-0.23136459797387943
-0.23286168824415654
-0.2413700790493749
-0.2482950732049479
-0.25212976765922374
-0.25335809648580226
-0.25668245177948845
-0.26029732195183897
-0.2627473626077214
-0.262920848510106
-0.26381801298703067
-0.2644965959091981
-0.2655870984608555
-0.2694109552889131
-0.27046586723170346
-0.2767609006384191
-0.27778464538823755
-0.2798682420592134
-0.28086218518861145
-0.28247092557108366
-0.283215465140529
-0.2839348202064035
-0.2892899588216096
-0.28998958751799364
-0.29342276335228235
-0.2943264529119915
-0.29927112952755125
-0.3014384533453267
-0.3021311422132633
-0.30784642058529244
-0.308176027610898
-0.3095275381245301
-0.3104019223920707
-0.3115454566999631
-0.31284347315668126
-0.3155279251708028
-0.31798319797962904
-0.31994390627369285
-0.32168288210887114
-0.3222541634677327
-0.3237326058908366
-0.32550947959534826
-0.3257905084028607
-0.3261698377475568
-0.3269403085655035
-0.32880065744742754
-0.32987076280147043
-0.33118549082428217
-0.3338725225551537
-0.3353881682036445
-0.33894298656620475
-0.3395978443295462
-0.339695236319676
-0.34003910393221304
-0.34168681205483153
-0.3426091351910778
-0.34359194182530595
-0.344757885504514
-0.3449654169267483
-0.34573388875772554
-0.3460284100676125
-0.34607520917364
-0.34741071164608
-0.3477367567618785
-0.3487652203325054
-0.35002652266672973
-0.3515211339260492
-0.3520778964406678
-0.35313859866333325
-0.3542695554335498
-0.35536129089905444
-0.3598261914627913
-0.3604811923772407
-0.36083867675604
-0.3611479175484015
-0.36128779671465355
-0.3613038756971946
-0.36551080494453864
-0.3658874170505442
-0.3666512002514537
-0.37006261374335736
-0.3709192181704566
-0.3729708309285343
-0.3735665913449008
-0.3752894001087407
-0.37532141372018185
-0.37615200380484265
-0.3807182588581262
-0.3811366794204787
-0.3840788241682781
-0.3840875234039101
-0.387595615722239
-0.38836204290855675
-0.3899717642692849
-0.3922386093345267
-0.39340925989235986
-0.3940157687015017
-0.39438369046848526
-0.39536602175104674
-0.3959196111536585
-0.39606947319892544
-0.39784003963868597
-0.39877404335857136
-0.39969467615834825
-0.40000468865036964
-0.4022446253373729
-0.4032568954920862
-0.40334492158144714
-0.4042396997933143
-0.40453521779272705
-0.4061868733631193
-0.406495589349005
-0.40702124914037996
-0.4075770316024621
-0.4106482327206322
-0.41364030602077645
-0.416697613892552
-0.41824156020043624
-0.4189543958112722
-0.41943376045674086
-0.42057056144334465
-0.42076664937139
-0.4210329431936973
-0.42164552614981815
-0.4224162094312935
-0.42272367598488925
-0.4235934283074346
-0.4261388644430554
-0.42650370532646775
-0.42766067300625665
-0.430980373759147
-0.4328715250723892
-0.4340427937131608
-0.4342458466126118
-0.43467612071738887
-0.4390164743571614
-0.4390268489286037
-0.43915865088222616
-0.43962695131028795
-0.440162168815732
-0.4402414086944191
-0.44051057579261915
-0.44108489027712494
-0.44181503243744374
-0.44346940393249196
-0.4440031808335334
-0.4448106638621539
-0.4450154517673784
-0.44587395404232666
-0.44631887253906044
-0.4483338813796373
-0.4487334595032735
-0.4500965041006566
-0.4514515477099589
-0.45338810737141305
-0.4553953456459567
-0.4581217745739116
-0.461186239032291
-0.4625825236241023
-0.46712274123638053
-0.46719862837926485
-0.4677110252286184
-0.4736218131147325
-0.47362203780236695
-0.4774702668102691
-0.4781345744850114
-0.4783223188585705
-0.4813957364789935
-0.48320457370102626
-0.4834190046414733
-0.4848650380649983
-0.4852688488496754
-0.4871365962690756
-0.4884375079667994
-0.49010472271280986
-0.4904370420020617
-0.49189085904176216
-0.49690452293725684
-0.5006236383196665
-0.5007533144412769
-0.5012410768540576
-0.5012462062726694
-0.501658248094221
-0.5030348042491823
-0.503601142205298
-0.5055086353836074
-0.5057770752658447
-0.5082644112408161
-0.5100699302507564
-0.5112861804069931
-0.5140544933133891
-0.5181283462947855
-0.5198187523593123
-0.5208604297600686
-0.5213759197753721
-0.5233781813876703
-0.523560593926959
-0.5240243223146536
-0.5245742681824291
-0.524803651035121
-0.5250267802313525
-0.526461200979115
-0.5265883705287706
-0.5279836611201366
-0.528028149176389
-0.5298961927441673
-0.5307431909139269
-0.5346074208617211
-0.5354156354275931
-0.5358275225421844
-0.536558992471934
-0.5377746037047473
-0.5403393631734487
-0.5408320659189485
-0.540982441311436
-0.5438480148505833
-0.5479480135254562
-0.5483684256517639
-0.5506726637896564
-0.552597846579738
-0.5534305903726747
-0.5547313225804829
-0.5567032533013844
-0.5577620250405744
-0.5590385171468369
-0.5591217602603138
-0.5593257668660954
-0.5593598205159651
-0.561336798928096
-0.5626644297524102
-0.5639286350259292
-0.5662072970171721
-0.5674966016202234
-0.5688850120544279
-0.5693136341869831
-0.569373229984194
-0.5761945387643209
-0.5789711355464533
-0.5797516213109096
-0.5806290642358363
-0.5808676914530224
-0.5809826356358826
-0.5810972015493462
-0.5847397999605164
-0.5889862708281726
-0.5948224267257112
-0.5987073057954798
-0.603589168866165
-0.6069013233193092
-0.6085164885036647
-0.6099628622643649
-0.6106961904309477
-0.6117756519743125
-0.6145437505445444
-0.6152702710694737
-0.6162736099213362
-0.6173748774842048
-0.6191537469285322
-0.6193234725215007
-0.6221635043621063
-0.6238249893503962
-0.6248707015110995
-0.6270415149163455
-0.6330908693373203
-0.6349534776993095
-0.6359858501114344
-0.6394116202912604
-0.6428087388298341
-0.6435181218781508
-0.6459520607022569
-0.6462424736877438
-0.646923227435244
-0.649729462074382
-0.6503108062057031
-0.6516554529468218
-0.6517020635306835
-0.6517653319585536
-0.6539032818594327
-0.6544665959081613
-0.6547075717709958
-0.6565768532713668
-0.6612285012767339
-0.6663311832002364
-0.6678934218701519
-0.6705881686092263
-0.6711954754136968
-0.6745254728677017
-0.6745841092197224
-0.6759763124166056
-0.676119688199833
-0.6799551179019545
-0.6836263346170502
-0.6845432218513452
-0.686023166438099
-0.6862291155589951
-0.6864406582338104
-0.6890914542137969
-0.6892905257642269
-0.6893776077777147
-0.6930147950770333
-0.693798855270466
-0.6942679565690923
-0.6961899412433721
-0.6991137826116756
-0.700159267464187
-0.7012712909199763
-0.702745810347551
-0.7030508948179582
-0.7045893740840257
-0.706920441497849
-0.7116229645649178
-0.7119115802407678
-0.7128301812626887
-0.7131494807545096
-0.7181861963123083
-0.7184704239221497
-0.7198863105926042
-0.7217895683549743
-0.7246857060319079
-0.726024930526574
-0.7267675064504147
-0.7328985822054425
-0.7332983555804405
-0.7334296049899421
-0.7340148185321596
-0.7343494721571915
-0.7358381105919501
-0.7372973174788058
-0.7411508677926447
-0.7422468615986872
-0.7422487141254047
-0.7440850471151256
-0.7455997024143082
-0.7464857373634004
-0.7499125464154142
-0.7517691440880299
-0.7541254200041294
-0.7558134290389716
-0.7563434953335673
-0.7566893406212329
-0.7593219578266144
-0.7631030565826222
-0.7643708491490947
-0.7737481969182097
-0.7764265812933445
-0.777839170531297
-0.7834947720984928
-0.7843357622623444
-0.7860414693132043
-0.7885220562263081
-0.794425680488348
-0.7951283284346573
-0.7965856103939586
-0.7966189996222965
-0.7973209863476869
-0.7983803713694215
-0.7987731204260714
-0.7993761889067375
-0.8008442377257678
-0.8011064991354943
-0.8033723132684827
-0.8046331553653415
-0.8057708330452442
-0.8058885172358714
-0.8106945132506856
-0.8123398512601853
-0.8130522131468751
-0.8148183237450818
-0.8151403207642337
-0.8164884157271849
-0.8187236667921146
-0.8197356915892063
-0.8205679973470978
-0.82085815575374
-0.8224013695559863
-0.8283300837501884
-0.8303321423409216
-0.8324362529529026
-0.8345365393906832
-0.8407613675689001
-0.8411931525548425
-0.8417322772244612
-0.8474415130913258
-0.8548177800008229
-0.8604196254422681
-0.8626625686883926
-0.8638128252932802
-0.8643739743274637
-0.8644589719672998
-0.8650539028191512
-0.8661297594274705
-0.8706066943705082
-0.8754585136659443
-0.8769943923689425
-0.880604800581932
-0.8827624791689838
-0.8846279442113882
-0.8863210914629841
-0.8941094004549086
-0.8950207186862826
-0.8990671942709014
-0.9002496550558134
-0.9099286906421185
-0.9112214920860424
-0.9143889220664277
-0.9186839500442148
-0.920924554268519
-0.9218543741852046
-0.9223533658724692
-0.9276638169772923
-0.9318531747364128
-0.9365596638526767
-0.9368405461271323
-0.9394323424203321
-0.9394329067375414
-0.9395475254859775
-0.940957045124378
-0.9413435110888843
-0.9422489669329176
-0.9452971855178476
-0.9467245512641966
-0.948995792423375
-0.9509518524476638
-0.9513561824957529
-0.951883896254003
-0.9525119330501184
-0.9536620829254389
-0.9567064878841242
-0.9595292628676232
-0.9640912414179184
-0.9644549340009689
-0.97487952709198
-0.9791408320888877
-0.9795402139425278
-0.9812240715138614
-0.9880418561649724
-0.9929418010724476
-0.9969620148961743
-0.9992719012467811
-1.001207879371941
-1.002136341575533
-1.0092851562512806
-1.017536938811342
-1.0178652332397178
-1.0183487305417658
-1.0232160003855824
-1.0326174334040843
-1.041568344895495
-1.0427342628439267
-1.067128068268565
-1.070283298380673
-1.0729987086728214
-1.0740316361188889
-1.0811046035960317
-1.0828536155459005
-1.085362658991168
-1.0961622233735397
-1.0967715606869508
-1.1049908436834812
-1.1099460757686757
-1.1149186457291111
-1.11619867910631
-1.117383266078832
-1.120024060209592
-1.1213652441898982
-1.1240202064315479
-1.1267825302978356
-1.1271987954775493
-1.1310991048812866
-1.1336802641174775
-1.1421151550486683
-1.1465435124282521
-1.1589583158493042
-1.1716963052749634
-1.178678138955729
-1.1918060878912609
-1.199315421309115
-1.2014672606828753
-1.2075935820466839
-1.2179955004248768
-1.2272550364335377
-1.2320365030318499
-1.2342909574508667
-1.236957870501404
-1.239075131714344
-1.2396980933845043
-1.241206156089902
-1.2450891137123108
-1.2461470926895604
-1.249803213890118
-1.250018152123731
-1.2600913346977904
-1.2602834590215934
-1.267907185635219
-1.2719413259377081
-1.2848198384177523
-1.2923869391282399
-1.3210548032075167
-1.3215032791097958
-1.3323573222296545
-1.3621990084648132
-1.3694573619092505
-1.3823899803683162
-1.3842642704645793
-1.3904540874063969
-1.3944636799860746
-1.3975632786750793
-1.4029264027873676
-1.4153611165072237
-1.4391598850488663
-1.464885423425585
-1.4773249960780959
-1.4960834183439147
-1.50315891392529
-1.5374761800436925
-1.5571303168932598
-1.5625258230914671
-1.5699352575466037
-1.626441018283367
-1.6603206535801291
-1.6659475322812796
-1.711281246195237
-1.7299926603833835
-1.7429778774579365
-1.7687321826815605
-1.7804835587739944
-1.788507600625356
-1.8230528878048062
-1.830411101380984
-1.8627151008695364
-1.9639792311936617
-2.00275989373525
-2.029910957906395
-2.125944197177887
-2.1516427993774414
-2.2240429257653886
-2.35197214782238
-2.440164029598236
-2.48752498626709
-2.524413704861672
-2.536043882369995
-2.5648539066314697
-2.579248398542404
-2.6204233039170504
-2.6578481197357178
-2.661148823797703
-2.760874092578888
-2.8117737770080566
-2.823647379875183
-2.8301322143524885
-2.844758987426758
-2.859619140625
-2.91304087638855
-2.9258347749710083
-2.9304843743642173
-2.9402348678559065
-2.965999265511831
-3.1650099754333496
-3.188499093055725
-3.252228021621704
-3.3505669832229614
-3.3772870302200317
-3.523902177810669
-3.5822534561157227
-3.6040138360112906
-3.60808265209198
-3.728951871395111
-3.79198638163507
-3.818209171295166
-3.8298419713974
-3.8650741577148438
-3.8787951469421387
-3.99966033299764
-4.0708327293396
-4.157912095387776
-4.162436246871948
-4.797515630722046
-5.722461462020874
-5.997201919555664
-6.312365770339966
-6.558545351028442
-11.046178817749023
-12.596146583557129
-12.979214668273926
