-0.000575778292841278
-0.07155466916932103
-0.08853348722550436
-0.12047312781214714
-0.1435689263808955
-0.1495367253179817
-0.1539332587884641
-0.1540604343463201
-0.15598595295644677
-0.16276279932433932
-0.16625754752894864
-0.17219392188824714
-0.17438933509401977
-0.1806024706715511
-0.18102982710115612
-0.184942112575906
-0.18576362932526536
-0.19288934166948107
-0.19715117219161113
-0.19728995599628738
-0.19794723168187947
-0.2042947607114911
-0.20448323270102264
-0.2062991308959444
-0.20653763254253696
-0.20747826916270978
-0.21545998266943076
-0.2162130048321881
-0.21650058939121664
-0.21894621605483386
-0.21963013858637875
-0.22170891231128378
-0.22319947143414004
-0.2250498720012339
-0.22700258878370125
-0.22877557695028372
-0.2317555528300415
-0.23323809928950612
-0.23450386600948317
-0.23514550234764242
-0.23711987130303422
-0.2375557504931529
-0.24075139131552228
-0.24095533133950084
-0.24251854668060938
-0.2427898076250507
-0.24379726189740555
-0.24559544103599532
-0.24805089432213986
-0.2520279777773584
-0.2545118260951269
-0.2579667038311634
-0.2589107837358659
-0.26397846346662845
-0.2648911892902106
-0.2668231396508583
-0.26745099953206425
-0.2691476808727852
-0.26939161427319047
-0.2703357584012503
-0.2707572606916074
-0.270986519062717
-0.2725720444605464
-0.2745490236780964
-0.28028960786759854
-0.28141007382655514
-0.2827004356076941
-0.2843882013694383
-0.28504126727581025
-0.2922484133159742
-0.3044207425167163
-0.3045002944301814
-0.30552940841086884
-0.305713558095249
-0.3076143810826847
-0.30885692616720917
-0.31032960273767135
-0.3152201424119994
-0.3157030594156822
-0.3188800097753604
-0.3192401459440589
-0.3255243578266042
-0.32729409243911506
-0.3284074289092262
-0.3306576365372166
-0.331831976895531
-0.33341867917139706
-0.33635818491789643
-0.33734958723346753
-0.3390524132539415
-0.3397928402160427
-0.34215433429926634
-0.3422271149000153
-0.3426316635450348
-0.34709531195800414
-0.3495879858903783
-0.35063807235565037
-0.3565176003612578
-0.3603153463660015
-0.3605362537426926
-0.36190944733971264
-0.37060128448582774
-0.37470009369361734
-0.3831137950764969
-0.38514681882224977
-0.3947745182158542
-0.396150086602
-0.3984482067430185
-0.39865668793936493
-0.4006399084917373
-0.40211820816330146
-0.40381584921851754
-0.4054087534022983
-0.41178705744678157
-0.4149195018856387
-0.4205348243205143
-0.42200807860801715
-0.42855503659946126
-0.4304451169279803
-0.4322950939647853
-0.43981573288328946
-0.4417592422803864
-0.44893218981451355
-0.45235472694576645
-0.4668405571848982
-0.47358748347808916
-0.47636406237936835
-0.47666320903226733
-0.47727567395195364
-0.4860237516566283
-0.4898676631273702
-0.49155343362196746
-0.49377852994948623
-0.4939317944967611
-0.493948342744261
-0.49786050990223885
-0.5066699747528348
-0.5070222217182163
-0.5070461794787732
-0.5073538703976997
-0.5091372163966298
-0.5107293378096074
-0.5154693297110498
-0.5204148370248731
-0.5302188474161085
-0.530328128230758
-0.5306558062632879
-0.5345921883773472
-0.535212904959917
-0.5360152367502451
-0.5406978907662311
-0.5545548690424766
-0.5576529484242201
-0.5622157015734248
-0.5639228497942289
-0.5741495868191123
-0.5753560416633263
-0.5910943962517194
-0.5946775718281666
-0.6015855020248435
-0.6018992454545307
-0.6096868110665431
-0.6131458604359068
-0.6137173960414657
-0.616448088449293
-0.6186978109763004
-0.6193000491708517
-0.619364770129323
-0.6209645805841623
-0.6222524254782391
-0.6255160583183169
-0.6375293005839922
-0.642869068030268
-0.6492424621246755
-0.653880984418922
-0.6592724951250213
-0.6665754019881466
-0.671102644118946
-0.6876607164740562
-0.6960477456450462
-0.7044862368040614
-0.7152492552995682
-0.7165995389223099
-0.7178039430291392
-0.7202166597902154
-0.7206627875566483
-0.7284388999105431
-0.7325080574290561
-0.7371717978061901
-0.7381388179957866
-0.7415966226253659
-0.7445202706381678
-0.7501186039298773
-0.7618575669281805
-0.7798204632320752
-0.7799432824055353
-0.7821396232715675
-0.7837308355956338
-0.7856737542897463
-0.7974567443598062
-0.8014889666810632
-0.8095066677778959
-0.8135531129914203
-0.8154790744185447
-0.8249807638581842
-0.8334063844134411
-0.8338341394971523
-0.8343475700489112
-0.8376711656649908
-0.8547578294694956
-0.888547620177269
-0.900083010395368
-0.9026103727519512
-0.908335717394948
-0.927423506975174
-0.9292106851935387
-0.9616535535703102
-0.9647790901362896
-0.9807003501802682
-0.9857372105121612
-0.993977963551879
-1.0129866767674685
-1.025020241457969
-1.0401694715954364
-1.0443446151912212
-1.048479599133134
-1.0552260164171456
-1.0553489089943469
-1.061788776423782
-1.0664471208583564
-1.0759443044662476
-1.0837039379402995
-1.0864124614745378
-1.089960440993309
-1.109495723247528
-1.1304952502250671
-1.1380587257444859
-1.1577269309200346
-1.1744743436574936
-1.1945049399510026
-1.2128590991099675
-1.2181373685598373
-1.2188064455986023
-1.2195658617420122
-1.2220423221588135
-1.25143769569695
-1.3656012614568074
-1.4506550151854753
-1.5039329528808594
-1.6175338923931122
-1.669496986269951
-2.2267568111419678
-2.3505117893218994
-2.596899934578687
-2.621523231267929
-2.7164269600374005
-3.2950432300567627
-3.7662459313869476
-4.007737040519714
-4.739769458770752
-5.114254952146439
-5.127294710604474
