-0.002900586881878553
-0.012018449094810535
-0.01364380301674828
-0.024589404850581156
-0.0289606973528862
-0.038448536184932894
-0.03858178463512255
-0.03888637519100614
-0.03967628875913457
-0.04295059619471431
-0.05475988574469852
-0.057454146258533
-0.06624351185746491
-0.07049098952265923
-0.0747901530470699
-0.07621707394719124
-0.07640693592838943
-0.0801434524570747
-0.08554184343665838
-0.08809295817691994
-0.09021889877476497
-0.09159971307963133
-0.09474967742183556
-0.09610361878488523
-0.10359787195920944
-0.10367794456293009
-0.10645074620454882
-0.10743122696873116
-0.10810509959628689
-0.12591926415916532
-0.13341732530501427
-0.13501515239477158
-0.13505128650493653
-0.14368327129632236
-0.14587233675186123
-0.14840629625541624
-0.15148952252145267
-0.1533562466701229
-0.15576820747394646
-0.15743375780224456
-0.1592667543488708
-0.16212428608264418
-0.16684010055178078
-0.17250615887044457
-0.17704250498354668
-0.18107680674875154
-0.18139160997469617
-0.18186497688293457
-0.18391941239436468
-0.18503369241952897
-0.18510792550012525
-0.18640010496407436
-0.1879396268632263
-0.19273811103372887
-0.1948191095476172
-0.2006905420585099
-0.2010743808599987
-0.20732285934210873
-0.2113271018412585
-0.2129631219431758
-0.2155795817712455
-0.21721136305859545
-0.21958463530426897
-0.22623818764614725
-0.2266383751698887
-0.2280234065526877
-0.22898161746064716
-0.23004638002307728
-0.2363067962229252
-0.2403356478461774
-0.2406190673518637
-0.24069604914074816
-0.24098022316175047
-0.2477877103638066
-0.2490721584763378
-0.25103283467315324
-0.2517397254705429
-0.252054400742054
-0.25626424539954734
-0.25862745692332584
-0.25876665748859407
-0.25979226376430914
-0.26345316044137235
-0.26381658216834897
-0.26481824028815026
-0.2660424474943248
-0.2663208170898912
-0.26772439267793186
-0.26837091111686107
-0.2683885300930084
-0.2691076390885166
-0.2708369190880163
-0.27250704650439983
-0.27339979652138474
-0.27602085912918173
-0.28026287783721954
-0.2834916712024172
-0.28462233893030014
-0.28552383929491043
-0.2861041268541677
-0.28642900533713583
-0.2871973009008684
-0.2896116022602655
-0.290177406955291
-0.29055510420221253
-0.2935933456374566
-0.29716041126601456
-0.298488991046861
-0.29877663350119327
-0.29998549291650095
-0.2999957649188582
-0.3015762291938952
-0.30345750817018
-0.3064656470436603
-0.30652845789147704
-0.30658611096441746
-0.3068215131846955
-0.30692515137342297
-0.30716748707813224
-0.3076772089523729
-0.30821302799016403
-0.3094105920972936
-0.30944559071213007
-0.3121401794411128
-0.31244107486964656
-0.3125419840630043
-0.3135677883830352
-0.31388174034509575
-0.3139398908781459
-0.3148498383022591
-0.3161056908182125
-0.31737335440993775
-0.31780793865960827
-0.3179234854184945
-0.31884048059055203
-0.3207476900746542
-0.3212598688044651
-0.32220393811984704
-0.3224246576443579
-0.3228793085606981
-0.32303929403830506
-0.32322450681941617
-0.32328668232002905
-0.32516654224309605
-0.3257064197931196
-0.32685354505074427
-0.3273834021974502
-0.3275219072456707
-0.3284593465438803
-0.3288989947089703
-0.3297711376861002
-0.33006498064473816
-0.33309874037558984
-0.3334714419130857
-0.33354554577487183
-0.3338355931128818
-0.3339212522183743
-0.33553500844082734
-0.337764525961461
-0.3438904221137901
-0.345138753667167
-0.34548876071898527
-0.3457042312405889
-0.3465380140892876
-0.34804277381495696
-0.3496614633008398
-0.3510849702414935
-0.35196920905151075
-0.35366451312375424
-0.35420518375030596
-0.35502772793794674
-0.3550668682146352
-0.35546131240516843
-0.35619994785884046
-0.35634141764603555
-0.3564983507707164
-0.3570831219549291
-0.357568906191616
-0.3586790530935084
-0.3587947340952269
-0.35957160752843176
-0.3601683392131122
-0.3607538464647304
-0.36080262932227924
-0.36081850231566365
-0.36128779998825206
-0.3614094499623036
-0.3631470390528599
-0.3631995655596256
-0.3637894533262468
-0.3637955524512411
-0.36493768677298377
-0.36637743448955007
-0.3666657141293399
-0.3667350213654572
-0.36851857031329666
-0.36976291302319925
-0.3702448446070775
-0.370849186199846
-0.37102004735788796
-0.37103430986462627
-0.3716779735362165
-0.3718250053268548
-0.37188713349645364
-0.37309269839020087
-0.3736873823864838
-0.37595431279618197
-0.37643447398537927
-0.37652703275364874
-0.3767024933942594
-0.37698373024532983
-0.37783171132903137
-0.3778725879237721
-0.3793219320036722
-0.3810917371155611
-0.38261373222081196
-0.38311930770622665
-0.3832258599744591
-0.38584029265257186
-0.38641923893010244
-0.3885176448545988
-0.38992230945275097
-0.39028758215135895
-0.3913655801055332
-0.3917723606961469
-0.39298617889871823
-0.393988193012774
-0.39424734527836536
-0.39470698871962784
-0.3955683083587364
-0.3956061934293643
-0.39604077344605076
-0.39653238216826514
-0.3969992999918759
-0.3975910027511418
-0.3981954712394832
-0.39828193785312277
-0.39902989860345106
-0.4000889298428471
-0.4004644150422539
-0.40135444475379245
-0.4014066718576942
-0.4024768055715463
-0.4025490889325738
-0.40314805383187036
-0.40323571190238
-0.40327754616737366
-0.40455891935723937
-0.4053773220412293
-0.40610081057820935
-0.4080153966816852
-0.4093328947188234
-0.4095786015192668
-0.41034143113209326
-0.4118487949146786
-0.4129346074251872
-0.41358698797413734
-0.4136005400888268
-0.4137775689547804
-0.41406012571499107
-0.41457233789842574
-0.41465344386616426
-0.41599022340574265
-0.4162329275087713
-0.41623900836566463
-0.41641045811643884
-0.4164153194226521
-0.41735951602455545
-0.4178066998720169
-0.41791833838209413
-0.41905200519912
-0.42023490296883714
-0.4226171739002728
-0.4242080447821105
-0.42460045007389907
-0.4256444679388854
-0.42595655880069516
-0.4264553884859197
-0.4277057182875329
-0.4301215677842265
-0.43039582203775556
-0.4306124822527208
-0.4309220492788073
-0.4312038651098394
-0.432657360184362
-0.4331085542937536
-0.43391940915413824
-0.43428226000186343
-0.43438526496174745
-0.43487957341130823
-0.43689212321067195
-0.4370070093020331
-0.43782447317789774
-0.43788318761757444
-0.43827926199264766
-0.43883217638358474
-0.4389758674911314
-0.4407230630980393
-0.44124501069634336
-0.4422211182754836
-0.4448552201065013
-0.445989284256882
-0.44722814832857694
-0.4473643386008135
-0.4494327957304904
-0.4496541115998601
-0.4507292816909739
-0.45080272603627236
-0.4515197160458878
-0.4515354541751246
-0.4522214297321625
-0.452223409833525
-0.4530629285210226
-0.45331507702940144
-0.4539164099065601
-0.4547043043887243
-0.45505002816789786
-0.4554013026257356
-0.45600698813268536
-0.4561281014126332
-0.4564307319233194
-0.4565694755874574
-0.45892379879175377
-0.46002602747951943
-0.46010397776909584
-0.46065182983875275
-0.46142928118570126
-0.46159417866147123
-0.46175125446131915
-0.4617571494503257
-0.4621389700099826
-0.4630335172605555
-0.4638954357822513
-0.4644096038955297
-0.4648214101907797
-0.466674140538089
-0.46830485572314096
-0.4706430983932606
-0.47116191264025736
-0.471315190224459
-0.47136415672269194
-0.47137353266465554
-0.47183275917486756
-0.4725255773186551
-0.47279463879143196
-0.47439336380089764
-0.47465846439202625
-0.47524460806089336
-0.4764188423367159
-0.47699736191425474
-0.47820247355654527
-0.4782294347998686
-0.47894419646925396
-0.48027664280703497
-0.48036833193618805
-0.48063834093045443
-0.48119721496995127
-0.48203339241445065
-0.48236490960698575
-0.48268324348464375
-0.483868146315217
-0.48392796114785597
-0.48399139869434293
-0.4862354100914672
-0.48643462501877366
-0.48665156345811056
-0.4868316258458435
-0.4878821947204415
-0.4881209893908817
-0.4886107034592189
-0.48868855377259024
-0.4894709274605183
-0.49032150263519725
-0.491147615824856
-0.4918201795776895
-0.49244417148292996
-0.49320423799508717
-0.4934901051892666
-0.4942369996736358
-0.4945046698807606
-0.4956779575906694
-0.496262311503025
-0.4982256026754233
-0.49826273989165204
-0.4993663858428287
-0.5001967989842847
-0.5007145612617023
-0.5009378937756992
-0.5017858786641227
-0.5023048413609753
-0.5024628918035887
-0.5030436908593401
-0.5035480998456479
-0.5036387192085385
-0.5045659467747706
-0.5048816522272924
-0.504995045376875
-0.5066220986094171
-0.5070753554048549
-0.5089567058890907
-0.5098913793335669
-0.509964486267159
-0.5102492123842239
-0.5105290085276855
-0.5127592628511289
-0.5148529830621555
-0.5151024013757706
-0.5161093306329955
-0.5162936116619676
-0.516306205199306
-0.5165702148288902
-0.5170122615527362
-0.5170545027811184
-0.5194456677684988
-0.5200084795360453
-0.5207963551549255
-0.5217229451207459
-0.5225357040762901
-0.5243598412260047
-0.5245320924295811
-0.5245512644594003
-0.5257163218588435
-0.5263055402829195
-0.5285947906668298
-0.5286203606170602
-0.5288314369790896
-0.5293852853355929
-0.5310297084972262
-0.5323775887227384
-0.5343303498063635
-0.5348235812271014
-0.5348384578228433
-0.5357992346128716
-0.5359229615922751
-0.5360204250987239
-0.5364883328942597
-0.5368940112010592
-0.5373447286630315
-0.5385751037226457
-0.5390735520923045
-0.5399928216861807
-0.5403332244604826
-0.5403706274664728
-0.5404960572370328
-0.5410585985130941
-0.5411549310083501
-0.5412799525592062
-0.541493471316062
-0.5419294805178652
-0.5443291022965241
-0.5457114435299217
-0.5457176592724864
-0.5463209293520777
-0.547615061869793
-0.5487154911146112
-0.5494501642970135
-0.5497673386413453
-0.5501081600086764
-0.550972764234757
-0.5519113143964205
-0.5529921213830156
-0.5562056725805936
-0.5566928714720739
-0.5567907167314843
-0.5574044002219694
-0.5593046791036613
-0.5601761284051463
-0.5605862895172322
-0.5641753798476062
-0.5646513411425985
-0.5647173128309362
-0.5679382959081393
-0.5686265159019968
-0.5690824699704535
-0.5692731761955656
-0.569715763698332
-0.570075932216631
-0.5703811819199472
-0.5704389930917666
-0.5704769762399208
-0.5712011234524349
-0.571707536748363
-0.5735570999968331
-0.5744840321047897
-0.5753315642067719
-0.5763897961171877
-0.5802264467596875
-0.5805729109561071
-0.5831270738937226
-0.5840072710067034
-0.5850235531106591
-0.5859529018676507
-0.5866846047429135
-0.5873771966726054
-0.5887398664684346
-0.5910182148218155
-0.5914501736173406
-0.5918480339460075
-0.5972899319811924
-0.5988936234643916
-0.600635455455631
-0.6008356793407494
-0.6029313068267785
-0.6032896404254383
-0.6034069853735023
-0.6037542598089203
-0.6070760365497941
-0.6078191389824497
-0.6086891854522817
-0.6100150816142559
-0.610646557091286
-0.6129464457432429
-0.6143584703261565
-0.6149286157567986
-0.6150546523276716
-0.6151082372202078
-0.6151088843107573
-0.6152213337045396
-0.6160410012729699
-0.616188318177592
-0.6167096511510733
-0.6172880927721659
-0.6178289711889293
-0.619061022573574
-0.6197554722428322
-0.6206180486828089
-0.6208765392133501
-0.6211752258968772
-0.6217406153358752
-0.6244966833037324
-0.6247084960341454
-0.626427841000259
-0.6265518682387968
-0.6266439243149112
-0.6274369135499
-0.6282502317626495
-0.629289565378258
-0.6295045437291265
-0.6307755353014467
-0.6323327082209289
-0.6339151572901756
-0.6352785607480579
-0.6353436342566662
-0.6365482777357101
-0.6369242082691926
-0.637043403025018
-0.6393170172038177
-0.6403555274009705
-0.6410774979740381
-0.6478878195274673
-0.6489042391137142
-0.651617343374528
-0.6520585637539625
-0.6521332555334084
-0.6527101474847379
-0.6545930527499877
-0.6548830822110177
-0.6568493296896728
-0.657188726135064
-0.6574202659685398
-0.6601612145746714
-0.6613387712859549
-0.6615486954009006
-0.6621206217844572
-0.6640321401694868
-0.6658240571074808
-0.6669153325565276
-0.66875468371436
-0.6711290937149897
-0.6712734122993425
-0.6727787684482921
-0.6786785766404743
-0.6804662207177898
-0.681034105635869
-0.6827218096586876
-0.6850281357765198
-0.6856739312594679
-0.6861253033130197
-0.6864651243085973
-0.6881843060255051
-0.6882552871737228
-0.6885878608695098
-0.6894418904412305
-0.6918790352065116
-0.6934953145682812
-0.6938985822722316
-0.694515780886286
-0.698367712640902
-0.6996930464927573
-0.6999541350811569
-0.7007130831480026
-0.7011072254972532
-0.7021936359621274
-0.7031122449746666
-0.7051049548899755
-0.7084847887357076
-0.7091394995339215
-0.7094045203179121
-0.709776078350842
-0.7104132960084826
-0.7132151255034842
-0.7155925500911609
-0.7178486503660679
-0.7180473554763012
-0.7185902240065237
-0.7188588132599502
-0.7197934594005346
-0.722807663679123
-0.7235107024362151
-0.7240096649288067
-0.725396929634735
-0.7301500318571925
-0.7309014697093517
-0.7313642441877164
-0.7316460037895013
-0.7345721433084691
-0.735242419100056
-0.7356254125479609
-0.7404666140675544
-0.740993230099169
-0.7433458297728066
-0.7443468522729485
-0.744409067928791
-0.7461466306946628
-0.7478019694487253
-0.7525859802244668
-0.7527346387505531
-0.7552834505913779
-0.7609882029243765
-0.76111348439008
-0.7618494513444602
-0.7649073683035871
-0.7650252433173591
-0.7688663796122585
-0.7692625746130943
-0.7697942448572377
-0.7704599613124239
-0.7716235920718949
-0.7717309710133122
-0.7729799176255862
-0.7732757324702106
-0.7741761058568954
-0.7744885750798858
-0.7753682024776936
-0.7787980751988167
-0.7834058195352555
-0.7853706993162632
-0.7860013251858098
-0.7874834589309406
-0.7890683626081393
-0.7896231903384129
-0.7947586522714118
-0.7986131144687534
-0.8000122653320432
-0.8011240982191844
-0.8035258771415101
-0.8127922151082506
-0.814231850206852
-0.8184801716357469
-0.8206671925531737
-0.8208537002404531
-0.8213286028036038
-0.8231207339437484
-0.8231714442372322
-0.8235559889552795
-0.8242615360456208
-0.8248170757045349
-0.8249694983933296
-0.8260378936926523
-0.8283722174043456
-0.8289702674373984
-0.8294929400086403
-0.8299536369740963
-0.8310211124829948
-0.8311771543618912
-0.8323068246969143
-0.8353820370314983
-0.8354508810831854
-0.8376108724623919
-0.8380212827275196
-0.8387090899050236
-0.842514378298074
-0.8425555941212224
-0.8430741826693217
-0.8435821590945125
-0.8460381727976104
-0.8483575383822123
-0.851665539134826
-0.8537707726160685
-0.8552608887354533
-0.8577880067750812
-0.8584735669428483
-0.8592214949574555
-0.8621405929327011
-0.8656495229806751
-0.8694568369537592
-0.8699276149272919
-0.8738506858547529
-0.8781489938264713
-0.8800571177969687
-0.880728980662146
-0.8819393779655608
-0.8840217867400497
-0.8856765976641328
-0.8982378255043711
-0.8988171449551979
-0.9032962301862426
-0.9035452147945762
-0.9039487434285027
-0.9095187366008759
-0.9101981222629547
-0.9103283286094666
-0.9134615638293326
-0.9166971479879067
-0.9169813133776188
-0.9173157749755774
-0.9220579067866007
-0.9244660950441054
-0.9247655868530273
-0.9254008568823338
-0.9271877245046198
-0.9340317369933473
-0.9393784403800964
-0.9421538906171918
-0.9433691161019462
-0.9490128811914473
-0.9586283832610812
-0.9607620570168365
-0.9703623875975609
-0.9729291349649429
-0.972970896001373
-0.9756285965442657
-0.9882214468520564
-0.9887242602599144
-1.0027672916473118
-1.0059990379959345
-1.0079405531287193
-1.014394515503227
-1.0160861305892468
-1.0177156454883516
-1.017800958827138
-1.0199088484048844
-1.0217972741738777
-1.0231869542971253
-1.027944722212851
-1.0338059070520558
-1.0346540281992322
-1.0349360571126454
-1.0385516951303846
-1.0397644662298262
-1.045374454697594
-1.0466175705194474
-1.0477193593978882
-1.0549700357369147
-1.0599483846963267
-1.0622997833415866
-1.0639052650052083
-1.0660319328308105
-1.07772001127402
-1.085202842950821
-1.0872713476419449
-1.0927675167719524
-1.0956817427941132
-1.097575522763691
-1.101519803206126
-1.1032473502564244
-1.1080700283249219
-1.1130405887961388
-1.1219330871632944
-1.1219761582712333
-1.1321882158517838
-1.135104350745678
-1.1362851341546047
-1.1390846461678545
-1.1397030024478834
-1.1430520322173834
-1.155156197026372
-1.1628233473838918
-1.1672219534715016
-1.1684893369674683
-1.1840301053161966
-1.191850059083663
-1.1925664558075368
-1.2155933380126953
-1.2227883330391098
-1.2254793682077434
-1.2330063709523529
-1.247841128584696
-1.2548340385158856
-1.2593182946244876
-1.2718975767493248
-1.282764484960353
-1.2985797847310703
-1.3021573287434876
-1.3076157291202435
-1.3135866367568572
-1.336896083065464
-1.3377204481512308
-1.3384864889085293
-1.3548953961580992
-1.3613262251019478
-1.3707431653747335
-1.3707990994056065
-1.3886364229256287
-1.391289383172989
-1.3928388934776497
-1.3930712432290118
-1.3974745580926538
-1.4122503995895386
-1.415113349755605
-1.4285249771201052
-1.4315347430917125
-1.4331437355504022
-1.443282191020747
-1.444477379322052
-1.4656049385666847
-1.4752245098352432
-1.4755042679607868
-1.4794349126750603
-1.4822860956192017
-1.5080923736095428
-1.5095093874260783
-1.541356745682909
-1.5454590618610382
-1.5486885896680178
-1.5755018815398216
-1.590876080095768
-1.5921898931264877
-1.6089949528395664
-1.643371608108282
-1.6659781113266945
-1.666981965303421
-1.6872704103589058
-1.68912294167482
-1.7066211979836226
-1.7340070754289627
-1.7491600513458252
-1.7938886880874634
-1.7969463467597961
-1.8126825235085562
-1.8315159678459167
-1.8414996266365051
-1.8429823964834213
-1.860940158367157
-1.871876100699107
-1.883391280968984
-1.8918918073177338
-1.9011261463165283
-1.9184504648049672
-1.9254810810089111
-1.9264044538140297
-1.9462455412431154
-1.9527692397435505
-1.9688522815704346
-1.9885377064347267
-1.9904763102531433
-2.0174501108704135
-2.027747392654419
-2.0281969904899597
-2.086408317089081
-2.100875733744033
-2.103349655866623
-2.109893085435033
-2.1122062059585005
-2.1407026201486588
-2.2110304035491026
-2.351561086019501
-2.5109820253564976
-2.5564330965280533
-2.5753589661617298
-2.66921266913414
-2.7241555503569543
-2.7746051771973725
-2.9003137834370136
-2.9630494862794876
-2.9641823060810566
-2.983074188232422
-3.0164244174957275
-3.137182536534965
-3.234075903252233
-3.3711595684289932
-3.4151403307914734
-3.557555705308914
-3.600252091884613
-3.781528539431747
-3.7823801040649414
-3.9138045198633336
-4.093059182167053
-4.155349433421027
-4.212514877319336
-4.2966508865356445
-4.491146087646484
-4.673915356397629
-4.709869384765625
-4.899875164031982
-4.93474006652832
-5.074094772338867
-5.120467662811279
-5.525609970092773
-5.994918346405029
-6.2962775230407715
-6.803355693817139
-7.085982799530029
-7.483737945556641
-7.875442028045654
-10.156966209411621
