-3.0040289857424796e-05
-0.014245449778779099
-0.08782741719624028
-0.12182762468000874
-0.18023996881383936
-0.18162995942920032
-0.20276543428917648
-0.237119594847692
-0.24340741549450387
-0.2447083921833837
-0.2643314544955501
-0.2980258143442269
-0.31465283580473624
-0.316836462134961
-0.32660357344623964
-0.3279934935941128
-0.33728354912351016
-0.35541363018370853
-0.35681616151539075
-0.3572511026739246
-0.36866430190738436
-0.3709895144051448
-0.3867643830250017
-0.38676764507329575
-0.39077844793376115
-0.3908002906217007
-0.39168008861584397
-0.39193219079170377
-0.3942777451535221
-0.39855166009801907
-0.4050494501014847
-0.40625827843453816
-0.40976316600972496
-0.4123591042132995
-0.41280115383560767
-0.4152958214579571
-0.41656162616813425
-0.4173809430358233
-0.42243220715317875
-0.4227399350352893
-0.4257187142031312
-0.42981314899710316
-0.4314701041538293
-0.43449953991075746
-0.4356879343977198
-0.43676340323041324
-0.44112932688111195
-0.44611594966210594
-0.44958951687716
-0.4535940433723024
-0.45426706108672077
-0.4590233320874783
-0.4600898061516301
-0.4628961648032557
-0.46310620275326075
-0.4661852228018688
-0.4669432896771468
-0.46895784922202843
-0.4693746468547033
-0.47007259847097366
-0.4706809927753056
-0.4707738058297966
-0.47221341619596763
-0.4729979263169558
-0.4745312558866485
-0.4782370087574236
-0.4785884641431039
-0.4817859642630951
-0.4838427219695101
-0.4865352141670883
-0.48671522905351594
-0.48868220787595157
-0.49454882625723257
-0.4950366196117102
-0.49679578754876275
-0.49768943640810903
-0.4977930792741245
-0.4988101828599485
-0.5006228856636881
-0.5007927314966056
-0.5046923880193693
-0.5082965994952247
-0.5090351322349826
-0.5110209123279977
-0.5127695467595722
-0.5163118515353337
-0.5191013387520798
-0.5207216219328668
-0.5227123982040212
-0.5308963953801948
-0.531005939541501
-0.5326016522652935
-0.533464581421059
-0.5374185288953748
-0.5404444902553223
-0.540476472126708
-0.5411496658518444
-0.542006420250982
-0.5422225463713403
-0.5443786041541898
-0.5465132305495596
-0.5480425766200542
-0.5484668135643005
-0.5488838251414043
-0.5527134599707144
-0.555989791829647
-0.5572292199309837
-0.5578320826898562
-0.5595716921573816
-0.559736422898854
-0.5618832321824112
-0.5648584802790234
-0.566767870443679
-0.5672493165591732
-0.56733784866972
-0.5730606752957101
-0.581130960671645
-0.5813705663041522
-0.5837230627294048
-0.5877802910502342
-0.5908822081401013
-0.5978403134892384
-0.6100992128885991
-0.6103707994948814
-0.6146786966768559
-0.6168193927267567
-0.6199406910343116
-0.621394322719425
-0.6239653204405762
-0.6242411054180204
-0.6331035858602263
-0.6348829478956759
-0.6413271194905974
-0.6422122428290701
-0.6481264259280579
-0.6507150873076171
-0.6521803569979966
-0.6535463355763708
-0.6634888960979879
-0.6713138211052865
-0.6715372392186859
-0.6723930709995329
-0.6736341993507396
-0.6741846852964954
-0.6765091708706071
-0.6812611445711809
-0.6822223115712405
-0.6831309151865147
-0.6892539826599554
-0.6920048307022496
-0.6956994979250339
-0.6977484504875194
-0.7084263708093204
-0.7161476225648165
-0.7183554673360454
-0.723347621756917
-0.7283833761233837
-0.7289828748907894
-0.7414561986612777
-0.7443304380401969
-0.7547051099361852
-0.7591073524617968
-0.7628016522387042
-0.7706291960785165
-0.7714556330853762
-0.7757036354261799
-0.7820635819371091
-0.7851291650107929
-0.7924047639696963
-0.7939557283534668
-0.7941017099656165
-0.7979324348270893
-0.8127589513314888
-0.8284370399196632
-0.8373320586979389
-0.8379803865565918
-0.8387604734983624
-0.8476924934439012
-0.8557919810555177
-0.8718495462089777
-0.8792179871040086
-0.8801038819559229
-0.8924517561550601
-0.8996376295884451
-0.9169157105239315
-0.9219959616530105
-0.9307985863997601
-0.9335023441484996
-0.9409930374386022
-0.9644538710854249
-1.0268029412982287
-1.0413110794179374
-1.0562905073165894
-1.0577924121171236
-1.059505926212296
-1.0690514326095581
-1.0928435208043084
-1.1108670272878953
-1.1308862130778532
-1.1447121381759644
-1.1460526393260806
-1.1588677750434726
-1.1870525867367785
-1.2062361538410187
-1.2152177126457293
-1.2270945109194145
-1.261194545030594
-1.289856281131506
-1.3617350955804188
-1.3676175326108932
-1.4080556456465274
-1.4106216598302126
-1.4421253502368927
-1.4549595036023675
-1.4599351536249743
-1.470648993854411
-1.4768392741680145
-1.520194098353386
-1.5528996139764786
-1.6174261271953583
-1.626054808497429
-1.648102621237437
-1.663420408964157
-1.6749120727181435
-1.694014271100362
-1.7114336410304531
-1.743140492682869
-1.746435040908788
-1.8607340121176095
-1.8736032242886722
-1.8857179284095764
-1.9230374009348452
-1.9370130256284028
-1.9502429962158203
-1.9853586852550507
-1.9955254296461742
-2.3047161723176637
-2.357360931734244
-2.3802092594560236
-2.432856559753418
-2.4674623480871865
-2.509653214229426
-2.5566705306555377
-2.6220628023147583
-2.7261251052404987
-2.954977035522461
-2.973207950592041
-3.1124402284622192
-3.184857964515686
-3.3128623962402344
-3.3154361248016357
-3.448259472846985
-3.7414180040359497
-3.7661819458007812
-4.062298588221893
-4.23514133295248
-4.37385892868042
-13.2150297164917
-15.341349601745605
-15.894283294677734
