-0.0003620922507252544
-0.09918385744094849
-0.18841529761751494
-0.19795393482652596
-0.4248326611144606
-0.4301817411876982
-0.43471444243400853
-0.4355587861966342
-0.4436343216220848
-0.44466445189900694
-0.44517624005675316
-0.4498738080437761
-0.45206312080845235
-0.453561057418804
-0.4591937598073855
-0.4592640305119049
-0.4595057941414416
-0.46036062779603526
-0.4707092919723234
-0.4729329653020049
-0.4776172807992057
-0.4793695740346961
-0.47953782316762955
-0.482400378882885
-0.48397629175559376
-0.4855771584303251
-0.4864606855606491
-0.48697677775053305
-0.48771666514652745
-0.4895231919246726
-0.4979788254432637
-0.5001583471661434
-0.5022106886282564
-0.5028693900749204
-0.5054216186859106
-0.5174197101801196
-0.5200336126512602
-0.5216644021372
-0.522743894122541
-0.5279659705489134
-0.5380274744083484
-0.5429802432449328
-0.5435101190579679
-0.5491656539518208
-0.5495707591374716
-0.550161026004288
-0.5504431819491502
-0.552641245484766
-0.5554961945692246
-0.5574147133156657
-0.5600369166068989
-0.565219012519308
-0.5658975977450609
-0.5675432492882527
-0.5706011244401452
-0.5735347432394823
-0.5745302252471447
-0.5790199878280803
-0.5792732773448473
-0.5794189460575581
-0.5974753020414533
-0.5978890435580979
-0.599591842724476
-0.6003332676385374
-0.600995737593621
-0.6010320242727175
-0.6113257756870654
-0.6135077363966653
-0.6139213098213077
-0.6145612063285496
-0.6182305599197409
-0.6183179035960209
-0.6237047084141523
-0.6254634125844428
-0.6274340364616364
-0.6336679973639547
-0.6361841460489409
-0.6366727048589382
-0.643035743600474
-0.6539286326410042
-0.65720310267061
-0.6578511839732528
-0.6598449178040028
-0.66091343970038
-0.6620729674032191
-0.6648509123063248
-0.6658157109758696
-0.6675870798838636
-0.6725704156366797
-0.6740424138362868
-0.6756687611283269
-0.6786402137950063
-0.6807925612110921
-0.6815550587140023
-0.6822573214813019
-0.6830263037065213
-0.6830278469133191
-0.6832289658486843
-0.6838010573231329
-0.6859559483127668
-0.6947693578258622
-0.695622851803469
-0.6982528123901122
-0.6985514622181654
-0.701461330492748
-0.7027686204058298
-0.7029666801293691
-0.7030736727433072
-0.7043123305257823
-0.7178384740836918
-0.718483848290311
-0.7249529266163058
-0.7282177975401283
-0.7295080137185075
-0.7329467853738202
-0.734811749891378
-0.7349406167243918
-0.7375583510729484
-0.7386102997609539
-0.740643866153227
-0.7459653572489818
-0.7507447679122181
-0.7510378057195339
-0.7544181894304024
-0.7579201506450772
-0.7653852067305706
-0.7678081831545569
-0.7692082261666655
-0.7730763291940093
-0.7771748399361968
-0.7794845178723335
-0.7830832898284176
-0.7842266559933445
-0.7930176134221256
-0.794298330321908
-0.7970225820983095
-0.7973516231111717
-0.7989338671322912
-0.7996859271079302
-0.8002398668064011
-0.8009713793705616
-0.8017369927838445
-0.8071946957045131
-0.8079615380953659
-0.814245485002175
-0.814571503285234
-0.8174484257416968
-0.8221931761130691
-0.8235286008049216
-0.8235823790627447
-0.8251444753776822
-0.8308030552463606
-0.8351697367615998
-0.8369856510311365
-0.8378855825576466
-0.8392986379330978
-0.840587536804378
-0.8464804783655816
-0.8502762144431472
-0.8526857563040473
-0.8582661527280624
-0.8584161895948151
-0.8593416850870619
-0.8657740430374231
-0.8745331862786164
-0.8758619248068759
-0.8834357597865165
-0.8861035574227571
-0.8971798310987651
-0.9234406966716051
-0.9244921638164669
-0.9258120053447783
-0.9275428556914752
-0.9308437274885364
-0.93863795937172
-0.9552418738603592
-0.9777208186153855
-0.981508655739682
-0.9871780145913363
-0.9913270664779702
-1.0019717668848378
-1.0090571334585547
-1.0097448996135168
-1.0215978659689426
-1.022568422236613
-1.0230062289961748
-1.023995641618967
-1.0282820637124435
-1.029583992350336
-1.0443373921194248
-1.04532644400994
-1.0455485074780881
-1.051320078383599
-1.0516466137414682
-1.0727891943284444
-1.0811303271135937
-1.0888310451628058
-1.0891658165492117
-1.0923186501313467
-1.095592277745406
-1.0972870520005624
-1.1045797998085618
-1.1109781187027692
-1.1206688423241888
-1.1229725375305861
-1.126428380482442
-1.1302209322651227
-1.1389865364180878
-1.148366414476186
-1.1500987404957415
-1.162750052753836
-1.1642376760020852
-1.1664614599198102
-1.1912234441066782
-1.1938819516450168
-1.1957527995109558
-1.1998961070397247
-1.2138790767639875
-1.2221708470689399
-1.2225723373038428
-1.2302295291796326
-1.2584591135382652
-1.2600707150995731
-1.2601118621678324
-1.2609269895723887
-1.2711692710540123
-1.2761124937484662
-1.2868126866718133
-1.2951948357125123
-1.2978698771912605
-1.3211898862251215
-1.3287530872970819
-1.3345666080713272
-1.3375000778469257
-1.3430729785135813
-1.3436704203486443
-1.3660308220423758
-1.3767282099773486
-1.382357319816947
-1.3843366770888679
-1.3919090546357136
-1.3949815236652892
-1.4107341921577852
-1.4111989811062813
-1.4184053838253021
-1.4500782623887063
-1.4557502258569002
-1.5014972258359194
-1.5192231703549623
-1.54460165835917
-1.5458946764469146
-1.5467411095742136
-1.5501346712311108
-1.5560321658849716
-1.5614898605272174
-1.5620784411827724
-1.5628343645948917
-1.5629454575479031
-1.5802665636874735
-1.5807591080665588
-1.5944426836601149
-1.6044466139748692
-1.6269018319435418
-1.6424130971543491
-1.6440014408552088
-1.6464923620224
-1.647595465183258
-1.6491161086130888
-1.6514572876971214
-1.679591991007328
-1.6826272089965641
-1.6906807080842554
-1.7078331450000406
-1.7135182139463723
-1.740031345654279
-1.7416788811484973
-1.7614123821258545
-1.7712484002113342
-1.793618083000183
-1.8067194852046669
-1.8291398286819458
-1.8545209715763729
-1.8597852983511984
-1.874037257085244
-1.8772302269935608
-1.8936057686805725
-1.914126232266426
-1.9431252876917522
-1.9645495191216469
-2.010464981198311
-2.0167199273904166
-2.0184520043432714
-2.0362845063209534
-2.0518058098852636
-2.0596069381572306
-2.062999188899994
-2.080915833823383
-2.1352973096072674
-2.1456171388272196
-2.1493240296840668
-2.1807257967690625
-2.1840293230876946
-2.2081044732282558
-2.2118038162589073
-2.234183664433658
-2.283130943775177
-2.2989960834383965
-2.3095171451568604
-2.330645283063253
-2.336084932088852
-2.342634995778402
-2.347911536693573
-2.3546525955200197
-2.3606638610363007
-2.3816430680453777
-2.399858832359314
-2.433883637189865
-2.4681915938854218
-2.4897078772385917
-2.5175649367884034
-2.5487340770972273
-2.6184671074151993
-2.776938344196727
-2.9791268459521234
-3.0664746910333633
-3.08223413862288
-3.199497625231743
-3.514338493347168
-3.8170036753290333
-4.199433469523986
-4.798374493916829
-5.135979652404785
-5.240803956985474
-5.301299095153809
-5.385209083557129
-6.068260431289673
-6.467999458312988
-6.67568302154541
-7.230180025100708
-7.305548667907715
-8.861348152160645
-9.846263885498047
-10.48121452331543
-10.952260971069336
