-7.0333228450181196e-06
-0.0030317555094370617
-0.003274107611105137
-0.005534481355425669
-0.008313811144034844
-0.009007428569020703
-0.009827384822074237
-0.010121390886100319
-0.013148694522290802
-0.013230271877546329
-0.01839892935337654
-0.021607678663503275
-0.023543767592248816
-0.026294391813840214
-0.027546615402873915
-0.03104072852875106
-0.031201817095279694
-0.04077186445065308
-0.041967590505616194
-0.04672851894465566
-0.04792980009806343
-0.05747034098021686
-0.05794954875388309
-0.058597300201654434
-0.063873525056988
-0.06616707623470575
-0.07087443854349355
-0.07173626858275384
-0.07715099279864392
-0.0788986719933746
-0.08271681889891624
-0.08272625614901902
-0.0833514854311943
-0.0935024683130905
-0.09402369098649521
-0.0976521592354402
-0.09826278996964295
-0.09870716966300581
-0.10128633969829284
-0.10956813970115035
-0.11441802016841914
-0.11487902149868508
-0.11928930548297753
-0.12309121183046189
-0.12581309399572022
-0.12893362580213025
-0.13629105361178517
-0.13664734251452265
-0.13990182555841915
-0.14098885329440236
-0.14275423845226345
-0.14441371856001853
-0.14448800489966138
-0.1449535912689888
-0.1456750711464944
-0.14728883756906724
-0.14800953942605183
-0.14932918534668715
-0.15304167542166802
-0.1549137867987156
-0.15578615898266435
-0.1559047993596323
-0.1579494847683236
-0.1583287923934404
-0.1607320255475472
-0.16176209162437805
-0.16645438643172383
-0.16718807932920754
-0.17061694659280743
-0.17219666198758432
-0.17665771646465273
-0.17747539996721404
-0.17850033058389922
-0.1801629428518936
-0.18118119682185352
-0.1859361934885352
-0.18764242620642924
-0.18885027074720712
-0.19102583482728935
-0.1932116806621909
-0.19383349188214388
-0.19516728564340155
-0.19520544216316515
-0.1958381208072145
-0.19760086920167155
-0.20837108600692142
-0.20890919349738396
-0.20951250369253102
-0.2104217455593503
-0.2114602676692333
-0.21161705670697542
-0.21184610850832541
-0.21398014095353168
-0.21697175214067102
-0.21735806576140249
-0.21745761594138457
-0.2179872678351347
-0.2196029550552619
-0.2204927139642071
-0.22367625257364124
-0.22407468286026136
-0.22541012496979723
-0.22558419415727257
-0.23029470291039617
-0.23163579187045494
-0.23237666644672572
-0.233149705095578
-0.23353293003485584
-0.2345605406947167
-0.234591033156903
-0.2362674680706631
-0.2396539924795636
-0.2404797045979649
-0.241509633884804
-0.24177633760023284
-0.24272124591152533
-0.24352360761986347
-0.24382235565605015
-0.2448806934462482
-0.24647520936559886
-0.24807466876227408
-0.25040505061826057
-0.2511625620120737
-0.2517155821842607
-0.25686685175566026
-0.25708101265930355
-0.2604296704178393
-0.2654380792907129
-0.2654603125702124
-0.2671531150646677
-0.26956608624216943
-0.2712630929559623
-0.27220813306048514
-0.27350454914934136
-0.27393588775339595
-0.27464358633733355
-0.27855074802614077
-0.2795027179108729
-0.2795476795581635
-0.28078817954155966
-0.28280778001884327
-0.28318037718814926
-0.2832959455863602
-0.28359933868025267
-0.28430230168337206
-0.2844258650089614
-0.28765119794791516
-0.2940359053539578
-0.2975966739904834
-0.29964565734785126
-0.3009940538524741
-0.3020900410279864
-0.30326614199875623
-0.30363355684352833
-0.30417548193751526
-0.30430389770632854
-0.30483892625594916
-0.3052014096950491
-0.30889861816022957
-0.30947376404074023
-0.3095160673218071
-0.309743787425532
-0.31262781971890946
-0.3136355773107532
-0.3148956623139384
-0.31696600603172553
-0.31802521594236166
-0.3181262758535879
-0.3207563698771572
-0.32125699531461577
-0.32143998122191986
-0.3225136494031176
-0.32306231376423966
-0.3254296657948792
-0.3256793764710892
-0.326803978544073
-0.32802699352032505
-0.33090563561418096
-0.3330486209160881
-0.33552709907841444
-0.3396362452447647
-0.34167608903953806
-0.3425994028118165
-0.3431319758011442
-0.3431402632656197
-0.3434623111070323
-0.34464239614608233
-0.34572652662172915
-0.346320100923014
-0.3467215623211153
-0.3509865091938991
-0.35241757688143277
-0.3533163753015995
-0.35391774226445705
-0.3548498210111575
-0.35787650906907703
-0.35847102673724296
-0.36068385100871736
-0.3615718331420794
-0.36357647457367015
-0.3669505008623343
-0.36915319177205674
-0.36976162562819404
-0.3720484648249112
-0.37693758254560333
-0.37926671997168643
-0.37995158703997733
-0.38255364855285734
-0.3834257934388006
-0.38387153795338236
-0.38650706691906733
-0.3888909878616687
-0.38928800841677
-0.38989428366221546
-0.39250148859553063
-0.3930439069453213
-0.39394717885362396
-0.39538703158250427
-0.3963970797340153
-0.39750305040797684
-0.3990286879114657
-0.4008876936713932
-0.4034219978377223
-0.40476612373291015
-0.40576069682695864
-0.40616970958944876
-0.4097629100870108
-0.4106080252677202
-0.4112805302720517
-0.41692307804312023
-0.4175681918859482
-0.4177086241543293
-0.41841722568869955
-0.41897355668230113
-0.4226558292284608
-0.42268780555186825
-0.4227896395081189
-0.4235547063653513
-0.4237805443641264
-0.42619280590830994
-0.42742210633561784
-0.43140585119836034
-0.4361166008748114
-0.4367498314968543
-0.4368572779087117
-0.43809873281295747
-0.4382235964441861
-0.4404930619057268
-0.4406344503173993
-0.4442459140045685
-0.44712081409982474
-0.448506259219721
-0.45159252236835135
-0.4542800594839112
-0.4565751309403115
-0.46069074503611773
-0.461107537449028
-0.46208115985791665
-0.4621440483080313
-0.46250175164332175
-0.46299117617309093
-0.4631680610982585
-0.46338653648272154
-0.4658052632948966
-0.46649915452063495
-0.4668167955707759
-0.46714395508170126
-0.4692364590446232
-0.46959307086654006
-0.4704777982034203
-0.4705614520595797
-0.47294113136740634
-0.47438565894429174
-0.4775970486458391
-0.4795687241286422
-0.48833371439195616
-0.4897113528801128
-0.4899615114069699
-0.4918920656831081
-0.4926264973710204
-0.49429533761657596
-0.4970629084855318
-0.49772682930860257
-0.49930256483558977
-0.5005110877432993
-0.5044585081438223
-0.5045275166256553
-0.5045768716871473
-0.506570289330557
-0.5066241594031453
-0.5071170698152855
-0.5078708484991997
-0.5094406324448452
-0.510629739254
-0.5143681843554078
-0.5168022482539527
-0.5179467496151725
-0.5210862169139242
-0.5229957741474209
-0.523867721533558
-0.5266428569098934
-0.5284755644129796
-0.5302582569337184
-0.5306153676162163
-0.5312111698003719
-0.5319488388486207
-0.5396315330290236
-0.5403346925353011
-0.5405691479645611
-0.5421396541512675
-0.5440267866901455
-0.5445474796229973
-0.5473047515260987
-0.5475825588626322
-0.5476385812682565
-0.5506633299269846
-0.5510174773101296
-0.5522067026700824
-0.5532438672509872
-0.5534487090917537
-0.5555083603277732
-0.5570370311745338
-0.5594741964450805
-0.5603076339233667
-0.5616563365329057
-0.5644432640634477
-0.5654296300490387
-0.5660544112033676
-0.5666276449104771
-0.5708478229401711
-0.5724954945035279
-0.5727673292692218
-0.5753376355860382
-0.575997840403943
-0.5771590381336864
-0.5842520210135262
-0.584369279843356
-0.5845534770882556
-0.5883668042472762
-0.5885969436623983
-0.5891779363931468
-0.592812770488672
-0.5938597827625927
-0.5951871650686371
-0.6005989649436541
-0.6012092998542358
-0.601325407391414
-0.6014872309493108
-0.6058797526929993
-0.6062917514741457
-0.6085937737034328
-0.6090625883371104
-0.6131148629688791
-0.613231587332848
-0.6138502101364013
-0.6158314670384344
-0.6164210176939378
-0.6167032375778945
-0.617221656617143
-0.6179191555027501
-0.6190311887434551
-0.6212691450491548
-0.6238162127722587
-0.6281191250891425
-0.6364481395534572
-0.638559588114731
-0.6407515580400026
-0.6418365681311116
-0.6424473752475544
-0.6445688425155822
-0.6452536179373661
-0.646153927790389
-0.6491607837378979
-0.6543053901696112
-0.6599449454289343
-0.6664494061066458
-0.6676716199726798
-0.6697245356626809
-0.6698931782739237
-0.6714285571349137
-0.6740020988727338
-0.679417756566545
-0.6810036303650122
-0.6820202740083914
-0.6849656283836035
-0.6851588415447623
-0.6865374379791319
-0.6886316058516968
-0.6891584269081553
-0.69165139884821
-0.6931662634015083
-0.6935477185118847
-0.6936292313330341
-0.6953804603933046
-0.6976702517235286
-0.6991978583973832
-0.7012763652536604
-0.7014120866854986
-0.7020367881186758
-0.7021488870183626
-0.7025440875343824
-0.7052054617767377
-0.7115590674802661
-0.7161941707114844
-0.7180487980600446
-0.7191154128975339
-0.721951566527423
-0.7231279647094198
-0.7254834548803046
-0.7254876217214458
-0.7259459706630358
-0.7282271051711481
-0.7329509063661135
-0.7380801131948829
-0.7408769376575947
-0.7412987988403378
-0.7413473666917222
-0.7426163856039888
-0.7429714700265322
-0.7433826646429225
-0.745138669454415
-0.7462182273622602
-0.7486097848159261
-0.75337425219394
-0.7589171022176743
-0.7627903632154422
-0.7631850852339994
-0.763741256762296
-0.768433704826748
-0.7713890882829825
-0.7734522486037653
-0.7739152268157341
-0.7755840225145221
-0.7812653951346874
-0.7822233742723862
-0.7846202965204915
-0.7870363007920483
-0.796672273427248
-0.7971212452277541
-0.7972212691001914
-0.7984988491177015
-0.8007079169154168
-0.806566936915624
-0.8079468505016848
-0.8089912336319685
-0.8092215991988875
-0.811399066143557
-0.8136432347819209
-0.8144720424121866
-0.8178454594065746
-0.8203975840424391
-0.8226601107046008
-0.8262158632278442
-0.8287084431387484
-0.8312594026327134
-0.8326310218690196
-0.8356740487118562
-0.8361313633620739
-0.8365313360700384
-0.8390382960049985
-0.8397857338433303
-0.8464660414028913
-0.846892386674881
-0.8476358424720404
-0.8478747606277466
-0.8479085391542563
-0.8493033722043037
-0.8516987919807434
-0.8598453757974008
-0.8633924782276153
-0.867003696411848
-0.8678512520564254
-0.8853604944888502
-0.8897710423916578
-0.8905226782662794
-0.8905489544576994
-0.891046549504002
-0.9105456743596329
-0.9151215486926958
-0.9177994672209024
-0.9180626732607683
-0.9209873123442472
-0.9213264514681734
-0.9286575254955096
-0.9296027204836719
-0.9330834671854973
-0.9364374047145247
-0.9372015471259753
-0.940213243148589
-0.9477412450360134
-0.9479519524320494
-0.9531516382470727
-0.9572407441834608
-0.9663034056623777
-0.9682172338167826
-0.9688801810145378
-0.9708684931198756
-0.9715086215164774
-0.9731641684969267
-0.9741032967964808
-0.9785283117865523
-0.9886791095137596
-0.9959112012409606
-1.0014173608506098
-1.0077797211706638
-1.016746886074543
-1.0190469764522276
-1.0237892816464107
-1.0289865788072348
-1.0318723479285836
-1.0431877562077716
-1.0461412283281486
-1.0494107313764591
-1.0524925228673965
-1.0586659628897905
-1.0657640111943085
-1.076987656764686
-1.080474249087274
-1.0884593774875004
-1.1008160557830706
-1.101457180455327
-1.1134043609102566
-1.118107314997663
-1.1394672489145055
-1.1394813768565655
-1.141608928446658
-1.142400935292244
-1.1436120734239619
-1.1466889302246273
-1.148508137712876
-1.153686183737591
-1.168449325952679
-1.175502624996524
-1.1795512333512306
-1.2029856571927666
-1.204938765103569
-1.220501190982759
-1.2341091753914952
-1.2389354417100549
-1.2455751846234004
-1.2550266674409483
-1.2550345349494212
-1.25729900598526
-1.2699053153395652
-1.2771654576063156
-1.2783476586143177
-1.2794390171766281
-1.2834250404601335
-1.3027459066361189
-1.3102574547131856
-1.3186353255829697
-1.3236474799683493
-1.326006457209587
-1.3363101966679096
-1.3446902595460415
-1.3460453857357304
-1.3486870378255844
-1.4206626041559502
-1.430318081335281
-1.440781757235527
-1.4642431400716305
-1.4674808556834857
-1.4782827645540237
-1.4872000701725483
-1.4904369115829468
-1.4975878410041332
-1.5080177618726036
-1.5220220883687336
-1.5335547141730785
-1.5349746980253258
-1.5517211332917213
-1.5781913176178932
-1.5864415615797043
-1.5891045307119687
-1.5991521328687668
-1.6047238086660702
-1.606859085328324
-1.659365700703347
-1.6644035777717363
-1.6699281294034638
-1.6818060874938965
-1.684054637211375
-1.7084599569207057
-1.7115648711721103
-1.720373474061489
-1.7330661383505988
-1.7502076368618873
-1.7768185154500316
-1.789677458582446
-1.8150283694267273
-1.8338463358328834
-1.8375416733324528
-1.8625901564955711
-1.883635563775897
-1.890859216451645
-1.8930205702781677
-1.9406526759266853
-1.9934250712394714
-2.000714673117424
-2.1205019280314445
-2.13396605377784
-2.1379056447185576
-2.142129945103079
-2.147268235683441
-2.158133242977783
-2.16975337266922
-2.20542573928833
-2.2061164901582138
-2.3117252794715264
-2.3365772515535355
-2.424309551715851
-2.4270105212926865
-2.4426828026771545
-2.451287825902303
-2.4955165460705757
-2.5071449651150033
-2.52954363822937
-2.529972054064274
-2.601771354675293
-2.7057316303253174
-2.716171016305452
-2.7299747467041016
-2.74181404983392
-2.750556778162718
-2.779730796813965
-2.7814671993255615
-2.7904469966888428
-2.8130002393154427
-2.8853108894157535
-3.0609971401281655
-3.1522893980145454
-3.1634061336517334
-3.2119398488430306
-3.3766422498156317
-3.4719617664813995
-4.664699077606201
-4.9390549659729
-5.969931125640869
-5.973992824554443
-6.626980900755598
-6.781957149505615
-6.892421245574951
-6.983690381041242
-6.985996365538313
-7.97583532333374
-12.771411895751953
-12.98831558227539
-14.807012557983398
