-0.01908892437495524
-0.11514069425174966
-0.12993256644112988
-0.21471987003626833
-0.243749689071592
-0.2488973204937273
-0.3086712855074438
-0.3354626203712542
-0.33920055779744873
-0.3411031810537679
-0.3467864543199539
-0.355478596429748
-0.37137007757943746
-0.3781308360557887
-0.38073283892299514
-0.38373751233375514
-0.39734132977901027
-0.41127953085944885
-0.42067012372717727
-0.42318603054930765
-0.4243190359828683
-0.4272418484841991
-0.42868797317290347
-0.4443490965932142
-0.4487659766503687
-0.4560356429172316
-0.46072192230661
-0.463576533234219
-0.4637933400600949
-0.46569459377011907
-0.46600178501103073
-0.47164790470075485
-0.4737937760219211
-0.47612766855963856
-0.4770023038799991
-0.4793394576292485
-0.48082311369653324
-0.4980231271062318
-0.49824276896210257
-0.49902715619828086
-0.49994121405628295
-0.5020987593497221
-0.5064698064225013
-0.5133026490329939
-0.5163146534541738
-0.5338980808126508
-0.5386028143629018
-0.5474548765826815
-0.5498447986162015
-0.5500323568645399
-0.553454790097021
-0.5549564033906791
-0.5562303474398504
-0.5668948651175014
-0.568174273177812
-0.568844145804178
-0.5717624497583529
-0.5762163752297056
-0.5817881754082919
-0.5818580480159393
-0.5823205277119996
-0.5854092975549231
-0.5859128536640128
-0.5859936129418202
-0.5872550602188211
-0.5885594836810404
-0.5965910131732622
-0.599337045365246
-0.5996357082206357
-0.6008824882363635
-0.603674840182066
-0.604156689553929
-0.6072674633460338
-0.6103213217057701
-0.6148178995806828
-0.6148875755357689
-0.6198876281778212
-0.6199919273353504
-0.6213605831461874
-0.6291812272562917
-0.6296369219655591
-0.6312989154830575
-0.6333398250164464
-0.6344752141331911
-0.6346757279031656
-0.6351437618335088
-0.6412548177868302
-0.6445182027993723
-0.6493156174131881
-0.6511455365273124
-0.6562375523305187
-0.6651051726425067
-0.6662962505623
-0.6673963042761898
-0.6684433761504752
-0.6762201588275535
-0.6818134109823458
-0.6830956386984326
-0.6876155138015747
-0.688281376282248
-0.6891557801573072
-0.6897552958893357
-0.6950512400828301
-0.696737907403572
-0.6972094265446585
-0.7017467616436383
-0.7152552160866968
-0.7232539821153396
-0.724381879770253
-0.7258281716753522
-0.726695658919602
-0.7287639416127394
-0.7416791647879614
-0.7528949747524726
-0.7537403792101451
-0.7548875101409587
-0.7567872460290177
-0.7612709850929185
-0.7721880075981832
-0.773716029090186
-0.7754257641005097
-0.7813354171428364
-0.7843211546896782
-0.7847140132471395
-0.786287712817284
-0.7889040045203208
-0.7901160427293059
-0.7909932684027202
-0.799789131317084
-0.8039704893411093
-0.8079284085251857
-0.8085023619027601
-0.8095094944971303
-0.814636083097058
-0.8176838380268237
-0.8189585249172524
-0.8206186543451622
-0.821079588017892
-0.8261411063904234
-0.828386538736335
-0.8286699803041605
-0.8295887998408742
-0.8353653365594801
-0.8363645851781696
-0.8396041742654051
-0.8505486931314227
-0.8617484157180297
-0.8667628323289266
-0.866946564663002
-0.8705737311393023
-0.8714840610982113
-0.8863166555363152
-0.8975961622257144
-0.8993960828187743
-0.8998627038672566
-0.9045253142248839
-0.9138393636195461
-0.9190557923596187
-0.921383789979801
-0.9219557267597338
-0.9232614586852089
-0.9257777294360158
-0.9286286819454593
-0.9310579635202885
-0.9449511734432047
-0.9624518461059779
-0.9727506210031646
-0.9793375602923333
-0.9810301525696717
-1.000305774612405
-1.0014750722083314
-1.014785438391052
-1.031060689294298
-1.0445753696064155
-1.0498069107532502
-1.0512021768954583
-1.0563023408688859
-1.0832442271644611
-1.120044402553543
-1.1235147860570578
-1.124776614209016
-1.159654257974277
-1.1682675275951624
-1.1684154361486434
-1.1829085433855653
-1.1943147242069245
-1.2026983976364136
-1.217764093191363
-1.219526644796133
-1.2233572695404291
-1.231401912277631
-1.231847932280895
-1.2621895720561345
-1.281278277359282
-1.3015231788158417
-1.3177511271039424
-1.3381367425123851
-1.3512797713279725
-1.355243929545395
-1.3902536928653717
-1.4085947970549266
-1.4131331145763397
-1.4133692264556885
-1.4393721913129411
-1.439550345763564
-1.463884123484604
-1.4793763004243374
-1.4834527969360352
-1.4983965009450912
-1.5118681801062241
-1.5215761440673046
-1.5316436242628697
-1.5327135886376102
-1.5360775237883597
-1.6098093010485173
-1.6207741303369403
-1.6409904025695141
-1.6529146134853363
-1.662280797958374
-1.669793039560318
-1.7996443416923285
-1.8118388652801514
-1.8583069443702698
-1.8915397576987742
-1.8992169154807925
-1.984790066878001
-2.0273061394691467
-2.0892524321873984
-2.2297663058464727
-2.435749765485525
-2.6608747729599904
-2.9162206155015156
-3.137676963104847
-3.1947421903411546
-3.254244387149811
-3.638453960418701
-4.135555863380432
-4.966573357582092
-4.982746124267578
-5.0230560302734375
-5.113322854042053
-5.375974655151367
