-0.0058301719691371545
-0.015388765787065495
-0.03682252857834101
-0.09744582398187569
-0.10871710989461765
-0.11026697605848312
-0.12678793049417436
-0.17927347478689626
-0.21573153153682748
-0.21848886273801327
-0.2623613331686809
-0.2631685662459419
-0.2633883182287328
-0.2638847337091445
-0.2662132595529935
-0.2753366486131734
-0.2756380384800852
-0.27718691833433695
-0.28819687851932096
-0.29049408341234084
-0.29859531225520186
-0.29958359082229435
-0.2996804151719386
-0.30680623445422733
-0.3081991231813715
-0.3095427807301921
-0.31040203393029514
-0.3107536653842544
-0.3111301928074681
-0.31140427643889174
-0.3157779302133713
-0.3220843313160563
-0.3309853995839755
-0.3316371981345583
-0.3397136628627777
-0.3471865128794889
-0.3483881648175884
-0.35994415628840215
-0.36017120513527817
-0.3619961396982911
-0.3621569286809366
-0.3629073645442986
-0.363246147204336
-0.36496162451464137
-0.365879401402708
-0.36960527907285723
-0.3752863198169507
-0.3763686791138753
-0.3807187164005882
-0.3809964507818222
-0.3863306196096043
-0.3915243056908366
-0.3973486687767866
-0.3982660938116169
-0.39964062293276786
-0.40754771071648144
-0.40823827848698085
-0.4101086028195227
-0.41439922683202896
-0.4187508977605224
-0.4190206588082219
-0.4204631585681486
-0.42273371260335596
-0.4279623093016198
-0.42877899048229057
-0.43088586163453174
-0.43759265895532734
-0.43961522158588195
-0.439890643876944
-0.4412601465079379
-0.44236619034759667
-0.444030137360096
-0.4440537217461414
-0.4444332536424756
-0.4458333735519773
-0.4458628678306316
-0.4498595012909001
-0.45248004822060467
-0.45271613384829834
-0.4531670242464646
-0.4551557454665032
-0.4561943265143782
-0.4573521056833367
-0.45848306203606626
-0.462354761431925
-0.46338998671022374
-0.4663957520016993
-0.46708792882054695
-0.47129716677591205
-0.47481919570724895
-0.4761862387673649
-0.4774866760366738
-0.4788231783090201
-0.4799234974116189
-0.4799513735169967
-0.48000717518382435
-0.4825998975779623
-0.48380960684476626
-0.4876363092651287
-0.48843636704097865
-0.4900871207563879
-0.49092075499356724
-0.49102800107830263
-0.4913228576618206
-0.49259095670034486
-0.4931324914675012
-0.49764997984311776
-0.5001607127160241
-0.5037309415638447
-0.5127030702941637
-0.5143534384842496
-0.515489222270844
-0.5167871816707442
-0.5187118346614571
-0.5220078334338419
-0.5252829282399034
-0.5273137387819589
-0.527397932484746
-0.5291555231540568
-0.5312734630268097
-0.5418325808350346
-0.5441081212663378
-0.5473672416370391
-0.5512039434976362
-0.5523193142944365
-0.555060175467848
-0.555196097784119
-0.5559423901784613
-0.5577724016702632
-0.5585109094122758
-0.5586698372951813
-0.561172908029726
-0.561387994956801
-0.5677143262000754
-0.5678065111221966
-0.5689709624064563
-0.5692527434051348
-0.5745007902383804
-0.5760461017489433
-0.5789084245070626
-0.5811639486346394
-0.5815197548104657
-0.5855019473565335
-0.5895015170599436
-0.5914619789087737
-0.5944345955337796
-0.5946540768361754
-0.5957473239803222
-0.5987790598722457
-0.600269738516848
-0.6029773354530334
-0.6038889096145375
-0.6074223793577402
-0.6082788200583309
-0.6095398440340887
-0.6099977628909983
-0.619022386148572
-0.6213315143249929
-0.6216794156935066
-0.6251685278839432
-0.6257319749399487
-0.6284460201859474
-0.6293642494794247
-0.630481488571968
-0.6305428041292047
-0.6361378058791161
-0.63648394567685
-0.6426121945389442
-0.6475369652522204
-0.6488548533990979
-0.6494972194777802
-0.6504093245283002
-0.6508131756912917
-0.6541551196569344
-0.6545751064550132
-0.6546514499001205
-0.6567986964991388
-0.6575861977180466
-0.6590689428208861
-0.6601494399863961
-0.6603027835986318
-0.6619890017900616
-0.6643339053553063
-0.665087065853489
-0.6674306245762497
-0.6684551620855927
-0.6696379169021384
-0.6701845288593581
-0.6713324175216258
-0.6738871372475003
-0.6756713969538396
-0.6788816151209176
-0.678912469316856
-0.6860593809480113
-0.6862338993689465
-0.6905718845140655
-0.6925710307966385
-0.69489873747807
-0.6971643629476603
-0.6972848030854948
-0.6978619420229474
-0.6982040500151925
-0.7095856704399921
-0.7109888670635304
-0.7121718347480055
-0.7139174945865913
-0.7150345215690322
-0.7157742785211667
-0.7221719964484995
-0.7261636069797532
-0.7268286012113094
-0.7301872570824344
-0.7317703155316518
-0.7358330753798198
-0.7394504423848249
-0.7409345799158993
-0.7434965814981196
-0.7438255089154053
-0.7460923185123344
-0.7475298598868297
-0.7498218077234924
-0.7506414250296075
-0.7557996102324169
-0.7572686767504949
-0.7594395818188786
-0.7596631159540266
-0.7601721584796906
-0.760210937471129
-0.7698878199638178
-0.7716558941352559
-0.7727468804718228
-0.7736608931372757
-0.7739969802140776
-0.7746923533721
-0.7790776303581879
-0.7796302177011967
-0.7826301071967464
-0.7834518919945468
-0.7851005285687279
-0.7885457489814144
-0.79172906249878
-0.7962181891974373
-0.7963585216817187
-0.7965235644718632
-0.796891496909302
-0.7975210512056947
-0.7979159698976824
-0.7997561698546634
-0.801906427069168
-0.8035010517080081
-0.8054866878729727
-0.8119038545070604
-0.8120871422812342
-0.8170620544503132
-0.8179219922084096
-0.8183584410165038
-0.8184203257163366
-0.8189070015380692
-0.8206916302442551
-0.8263744983584426
-0.8263753437204286
-0.8312321182573215
-0.8316982411488425
-0.8328848154180579
-0.8343066148921604
-0.8346394868627116
-0.8384913953952491
-0.8422530036295939
-0.8434877785039134
-0.845817094951469
-0.8471159514505416
-0.8566452115774155
-0.8584143339345852
-0.8585750000202097
-0.8590596242076052
-0.8624774949857965
-0.8678035020828248
-0.8687506755602954
-0.878366057592858
-0.8812540017866662
-0.8874184744723607
-0.8890497189713642
-0.8954851351678371
-0.8963692366249032
-0.8972587838579784
-0.8980999747756868
-0.899776064687305
-0.8999108664691449
-0.9002291153463173
-0.900658808555454
-0.9031011849729111
-0.9034175047709141
-0.9034724598475603
-0.9056634188164026
-0.9061451304005459
-0.9071699147877682
-0.9080525003373623
-0.9161799235735089
-0.9221307660918683
-0.9234492679437002
-0.9237778085904816
-0.924090662173694
-0.9241619120584801
-0.9286003249057103
-0.9318258143935559
-0.9364575045183301
-0.9369543125443064
-0.9383205220284354
-0.939670411230812
-0.9409372061491013
-0.9476392875512829
-0.9532207338124863
-0.9560941680101678
-0.9584362586543388
-0.9621787965297699
-0.9622275945213106
-0.9623500898679984
-0.9728792526831966
-0.9740092670544982
-0.9761688403992189
-0.9770665539195761
-0.9802703062693278
-0.9829765458458236
-0.9833798489533365
-0.9863599683675501
-0.9883255335901465
-0.9913513607212475
-0.9989349786192179
-0.9999078754335642
-1.0008284234597038
-1.003280105709564
-1.0094094472005963
-1.0095183365046978
-1.0122006157052965
-1.015614137519151
-1.019636355872665
-1.0237150040920824
-1.0342467318356892
-1.039315185954495
-1.0411532701782562
-1.0457343389474165
-1.0503305049080933
-1.0574407852804546
-1.0581961295434408
-1.0582322546057792
-1.074155088502448
-1.0743971467018127
-1.0756023461920752
-1.0875514550498337
-1.093085333174612
-1.0942207776294839
-1.0958729657373625
-1.096202400113855
-1.096788726572413
-1.098084375100734
-1.1005095122382045
-1.1012234941124917
-1.101596828860541
-1.1071177390792097
-1.1100562810897827
-1.1147917177295312
-1.1236118196553435
-1.1249593207483284
-1.1317454545074725
-1.1349915439883869
-1.1369840576080605
-1.1394834597983088
-1.140711559355259
-1.146876126564166
-1.1495363748233234
-1.149774232081836
-1.158692482393235
-1.1618417504942045
-1.162451591109857
-1.1668980547304575
-1.167950063943863
-1.1752495867355417
-1.1768138731155584
-1.1796889040205214
-1.1839336473494768
-1.1850177220068872
-1.1873272374117125
-1.1983107099866694
-1.2019339996550116
-1.2077215789307956
-1.2211406285475408
-1.2254162207245827
-1.2275797483910407
-1.2321354846159618
-1.2348463914058811
-1.237515323329717
-1.2404400159471802
-1.2501524020252484
-1.2507592224283144
-1.2563107787597498
-1.2666359345118205
-1.2773663401603699
-1.2788376084063202
-1.287209955257519
-1.2918212107821698
-1.2945682988502085
-1.3047580318525434
-1.3114402763545514
-1.3150249252095818
-1.315901695479018
-1.3227739680296509
-1.3233360294252634
-1.3276181505061686
-1.3288707791694574
-1.3358952160924673
-1.3377235356718302
-1.3380476620513946
-1.3446736613598962
-1.34602286418279
-1.347316861152649
-1.3612488899379969
-1.361423783376813
-1.362805627596875
-1.3676242020446807
-1.371829159576737
-1.3718294203281403
-1.3733452009488247
-1.396946823093458
-1.3999889025464654
-1.4072131757820898
-1.4229689547792077
-1.4426971385255456
-1.4456356309819967
-1.4532391196116805
-1.4619630356319249
-1.4659924904505413
-1.4666096540167928
-1.472730983234942
-1.4834942063243943
-1.4863535084150499
-1.497516074217856
-1.518871380118071
-1.5231890495400875
-1.5261402502655983
-1.5285617641638964
-1.5400653313845396
-1.5409958421119623
-1.5511092385204392
-1.5545233925731736
-1.5790843566258748
-1.5799614050192758
-1.5839842769006889
-1.5841625606602368
-1.5890796403303586
-1.5919490249029227
-1.6047144987387583
-1.6078333742916584
-1.618783842670382
-1.6212044668694336
-1.624275497548903
-1.63297554377156
-1.6420205906033516
-1.6625826880335808
-1.6653139889240265
-1.6714000356538843
-1.6736099577858112
-1.7063780527096242
-1.7320010215044022
-1.7329164147377014
-1.7659965604543686
-1.779169354782789
-1.795698147919029
-1.8052952372236177
-1.8232314189275105
-1.837694413465215
-1.8446675731490056
-1.8602737937122584
-1.8825526237487793
-1.8896670937538147
-1.9163634500218905
-1.939760283008218
-1.950911541779836
-1.9590871267020702
-1.9925689433002844
-2.0032762736082077
-2.0268340346920013
-2.0704890340566635
-2.1186208218336104
-2.158890873193741
-2.18499125416929
-2.186033356934786
-2.1957307904958725
-2.1999001536518334
-2.204754916206002
-2.2071442594497057
-2.2233484790970883
-2.2403852340454855
-2.26699435710907
-2.278686722740531
-2.377644032239914
-2.3807476554065943
-2.3944854950677836
-2.449254259467125
-2.48912113904953
-2.495099514722824
-2.5843889713287354
-2.6597001552581787
-2.6691723664601645
-2.7498326003551483
-2.7512365182240806
-2.7709296569228172
-2.8049057722091675
-2.806518712391456
-2.8114073276519775
-2.8438095320016146
-2.90006616525352
-3.0136958811150785
-3.024501085281372
-3.2572468668222427
-3.3761154090752825
-3.4185655433684587
-3.424948215484619
-3.618532657623291
-3.678981065750122
-3.793257176876068
-3.9608777165412903
-4.167966165579855
-5.045681536197662
-5.267298698425293
-6.774336814880371
