-0.004581633101527889
-0.007388053592876531
-0.011746642955889305
-0.06059227650985122
-0.07019413021043874
-0.09857962100899645
-0.12656870113763338
-0.1312789890382971
-0.1373753143940121
-0.15646494828979485
-0.16530122142285109
-0.16540373407769948
-0.16918570664711297
-0.17074734205380082
-0.2194967983855999
-0.22432879358530045
-0.23458365441506934
-0.23908213801526776
-0.2456735140949604
-0.24917932589434916
-0.2559254365158267
-0.2960304627314245
-0.29980071308091283
-0.3011211316722135
-0.3047102566342801
-0.3073187877232865
-0.312135332574447
-0.31945811593895995
-0.3380240962973663
-0.34086365188704804
-0.35122225638478993
-0.3543848826084286
-0.3547328531742096
-0.3557998691685498
-0.3558242730796337
-0.3609437343495136
-0.36137399329891196
-0.3643484149128199
-0.36821729930428165
-0.3733915887423791
-0.3766292210202664
-0.3788217025763515
-0.3839125025551766
-0.38578631835324423
-0.38959083121153526
-0.39019663924617426
-0.39428054947509533
-0.39549493158443105
-0.39646296463029607
-0.40241704462096095
-0.4046215125625687
-0.4055010259849041
-0.40786041306435233
-0.4080163777301398
-0.41252461152616887
-0.414601904922165
-0.4147371565923095
-0.41966246496886017
-0.4241442236945861
-0.4245471740141511
-0.4250678801909089
-0.4266817596740111
-0.42886032578202765
-0.42900712057598867
-0.42957351392962867
-0.4300982281565666
-0.43056989248725586
-0.43693505006376654
-0.4382290318608284
-0.44238559812783934
-0.44284458706776303
-0.4430594245386601
-0.4437514984047993
-0.4463968814961845
-0.4468960335012525
-0.4484055242501199
-0.4496427542292395
-0.4526781552316
-0.4530090772799061
-0.4547921198730667
-0.467153359951529
-0.4679790770635009
-0.47538678384652094
-0.47767570374223095
-0.4807429410937402
-0.4818022827870057
-0.4820643895305693
-0.48365767672657967
-0.49692186873289756
-0.4970452069149663
-0.4983193405205384
-0.5031635634833946
-0.5033841549108425
-0.5033883542960716
-0.5060550697380677
-0.5067263805306539
-0.5081137703835137
-0.5091311640979055
-0.5095160849325892
-0.5098773016195212
-0.5114621681471666
-0.5127438294320282
-0.5184927002410404
-0.5222797708120197
-0.5236305355959173
-0.5246610989173254
-0.5260338735301048
-0.5270678475887204
-0.5290022831759416
-0.5298423757776618
-0.5300811102044665
-0.5329915255054154
-0.5355117883846106
-0.53647862892184
-0.5412825056617814
-0.5422481236630119
-0.5465851527017852
-0.5490221682379747
-0.5553591347998008
-0.5563076466454991
-0.5586164448410272
-0.5591438555857167
-0.5639552449574694
-0.5663464333462928
-0.5674478088816007
-0.568407128409793
-0.5687880833008278
-0.5715296831294836
-0.5722304078905532
-0.5771530138921331
-0.5779545314144343
-0.582652723727127
-0.5836614828856129
-0.5846939754805395
-0.5867983078118414
-0.5889890079968609
-0.5901609547313695
-0.5923024281898203
-0.5958419751065472
-0.6013838509097695
-0.6018106333600978
-0.605555222555995
-0.6059633562607425
-0.6081879619974643
-0.6083244892458121
-0.6084635945037007
-0.610288379220292
-0.6119573495622413
-0.6203588768839836
-0.623630555716398
-0.6284529784073433
-0.6310274484049943
-0.6311537539845126
-0.6347683711210266
-0.6352163142990321
-0.6365326269879006
-0.6375033168920449
-0.637597570186839
-0.6378388242529971
-0.641684377589263
-0.6455235099419951
-0.6457475394986845
-0.6464497404452413
-0.6466808454536547
-0.6479136659396126
-0.6483539318200201
-0.6502114602157639
-0.6523025404568762
-0.6535247445239553
-0.6563815812447241
-0.6590817764366942
-0.6603714455439544
-0.6608076587659665
-0.6662524373439903
-0.6682252591350474
-0.6683956235647202
-0.6686254476404024
-0.6703572215594571
-0.6712199170142412
-0.6716542102221865
-0.673950697423826
-0.6743357743003539
-0.6751956238433541
-0.6755173433572054
-0.6765902969572279
-0.6793319708465234
-0.6796304110437632
-0.6801581699707496
-0.6833500518567033
-0.6851156612823682
-0.6867324833001476
-0.6922276111319661
-0.6938919352367521
-0.694387580268085
-0.6946957288512393
-0.6950659015080115
-0.6970067192213955
-0.6984904073178768
-0.7007988885840556
-0.7038005192218155
-0.7047941093333066
-0.7066481616348028
-0.7081287024296162
-0.7150404738910895
-0.7150635663419962
-0.7154864471405744
-0.7162446924226565
-0.7164229085749906
-0.7181340355426074
-0.7183357599036148
-0.718726564955432
-0.7194945939350873
-0.7220203258205272
-0.7270550234243274
-0.7294376720424874
-0.729558707054319
-0.7318049078541142
-0.7329303877486382
-0.7343899868428707
-0.7345413323491812
-0.7406316724902188
-0.7421036083251238
-0.7428081167581695
-0.7440093457698822
-0.7440763039630838
-0.7469538641494832
-0.7500685793541683
-0.7534617137991719
-0.7553259618580341
-0.7558534077335415
-0.7585910477675497
-0.7607869303630044
-0.7612179127172567
-0.7638977997056726
-0.7649868238271059
-0.7683461992128287
-0.7684798379029546
-0.7709743079529809
-0.7716972031630576
-0.7734805184736615
-0.774697614239593
-0.7751386481657392
-0.7757491208612919
-0.7778392279977668
-0.7781981252133846
-0.7789172899081476
-0.7800070027199885
-0.7800167222573821
-0.7820062252382437
-0.7837866254184129
-0.7859610618540535
-0.786737251871576
-0.7871254552155733
-0.7886541068243483
-0.7923198663962207
-0.7939503000214182
-0.7973252680260755
-0.7976433175822927
-0.8022572725894861
-0.8046334382146597
-0.8050401010550559
-0.805842671674327
-0.8058891699266886
-0.8059553187340498
-0.8095576629042626
-0.8125326215522364
-0.8147535403924329
-0.8149008523381781
-0.818929352512997
-0.821306759583032
-0.8231219504064379
-0.8234555404342245
-0.825342580646975
-0.8261138347960595
-0.8293111520922847
-0.8317610695376061
-0.8321949008386582
-0.8348452683538199
-0.8373979569102327
-0.8439532940683421
-0.8469015408772975
-0.8495041732676327
-0.8496017958968878
-0.8509315623835262
-0.8533812164413658
-0.8537563755526207
-0.8549790228717029
-0.8577841162215918
-0.8608023981075912
-0.8628140290034935
-0.8687857477052603
-0.8707513795234263
-0.8731327485713538
-0.8734389791886011
-0.8756981011480093
-0.8775280230994602
-0.8780855093151331
-0.8802528882748447
-0.8826437693089246
-0.8912017414579168
-0.8920447565615177
-0.8926899114416705
-0.895909370854497
-0.8979405052959919
-0.8994380086660385
-0.9001176898833364
-0.9006417010807328
-0.9014108366488168
-0.9014640711247921
-0.9016180847189389
-0.9020591567192847
-0.9032607388071483
-0.9073704066686332
-0.9087471683354428
-0.9117738529166672
-0.9124291181457617
-0.91428258024971
-0.9146196021742764
-0.9159164739151796
-0.9196914522035513
-0.9278626094727467
-0.9288756046444178
-0.9315500570228323
-0.9324494414031506
-0.9329367546597496
-0.9399109142347394
-0.9503273625159636
-0.9545668303966522
-0.95493150750796
-0.9558261077851057
-0.9570563286542892
-0.958974931460236
-0.9597428911163107
-0.9622770491987467
-0.9630146988307718
-0.9647958161302894
-0.9696410346659832
-0.9742964593751822
-0.9778929557958489
-0.9789166934788227
-0.9796974301338196
-0.9839486552518792
-0.9864333588629961
-0.9864827492274344
-0.9904057420014093
-1.002211381769961
-1.003891946747899
-1.0060901290659483
-1.0138084246024777
-1.0143174268305302
-1.032910140173044
-1.0400316064401218
-1.040171517165039
-1.043412760598585
-1.045680232346058
-1.0557022711145692
-1.0569379898325468
-1.0609433259814978
-1.0632567591965199
-1.0712740703485906
-1.080002145971068
-1.0832562676320474
-1.0861407220363617
-1.0880217684491071
-1.0918682925403118
-1.0946589219383895
-1.101010153690974
-1.1021564464765385
-1.1054587755352259
-1.107518796622753
-1.1102737699014444
-1.1190345883369446
-1.1259141981601715
-1.132338245709737
-1.1353685520589352
-1.1447107071677844
-1.1466783644631504
-1.151039481163025
-1.1602223366498947
-1.1607832113901775
-1.171701993890262
-1.2173587146874827
-1.2274736740626395
-1.2306469344572786
-1.234114410976569
-1.2383497692644596
-1.2941754795610905
-1.3089684744675953
-1.309863697271794
-1.316492687445134
-1.3416706584393978
-1.345439288765192
-1.3546297351519268
-1.4133758122722309
-1.416623228462413
-1.4480794767538707
-1.4579798206686974
-1.471210191375576
-1.4926859935124714
-1.5074481864770253
-1.5091358833014965
-1.5628404021263123
-1.5877257287502289
-1.5930085480213165
-1.6166731230914593
-1.6386118714581244
-1.7221063502753775
-1.7378734052181244
-1.7406494195262592
-1.7459551617503166
-1.75698721408844
-1.7606940244634945
-1.7659355339128524
-1.7964015202596784
-1.9143465161323547
-1.9455749318003654
-1.965145678492263
-1.9986040135845542
-2.005536437034607
-2.093608075131973
-2.13239349424839
-2.1537685331422836
-2.1642846998292953
-2.2305388813304794
-2.2384943664073944
-2.271265387535095
-2.358849332924971
-2.404938114574179
-3.0915212631225586
-3.139698028564453
-3.2549355030059814
-3.290098547935486
-3.8963268995285034
-5.859767436981201
-5.944458484649658
