-4.2673854039776415e-05
-0.008263395613721514
-0.01014626628239057
-0.013148590920224024
-0.02030986500903964
-0.04195481491724422
-0.04629384070562992
-0.062103568628865936
-0.06275069907376991
-0.06603866260194442
-0.07141734543256462
-0.07145211997126921
-0.08004494591002577
-0.08017681414882342
-0.08526800904655829
-0.09842901087976941
-0.0985242878086865
-0.12196154560652733
-0.12659246280747236
-0.13318604884632027
-0.13348901236167876
-0.14824641369168462
-0.14977371672774212
-0.15311326540540904
-0.1532196596382757
-0.1535812005515254
-0.15658924223271242
-0.16090477684335436
-0.16721781762316823
-0.1687155808931493
-0.1688478083084471
-0.17270867548997768
-0.1778744440102442
-0.18139820049206415
-0.18516687651087219
-0.1876459871869372
-0.18802677578491397
-0.1890023453743197
-0.1892841135602282
-0.18966073242923953
-0.19203600445500513
-0.19210473699239505
-0.19993360293069495
-0.2031066572363961
-0.20714157797809613
-0.20882369344017293
-0.20905535382523036
-0.21020138080711542
-0.21364234015345573
-0.21900712750669168
-0.219060891250512
-0.2232335324606467
-0.22360028774725396
-0.2247564709927398
-0.22561136237195
-0.22562908381223679
-0.22658160989952794
-0.22818816141605364
-0.2289082166299977
-0.23107804039315905
-0.23451275280526146
-0.2367740260705042
-0.23695133994654802
-0.23761908089121184
-0.24441609139701845
-0.246181115732745
-0.2464141366182455
-0.24657716805448332
-0.24715480576924087
-0.2639995589852333
-0.2648518773892903
-0.2666407879934468
-0.2678410054561823
-0.26795340309679844
-0.26903416179629575
-0.27256400429765704
-0.2770461065880454
-0.2775635405115793
-0.27969053246657594
-0.28177676979560473
-0.28189571175025774
-0.2826709084823932
-0.2831669263652154
-0.2835934357717633
-0.2840393384620228
-0.28680603557600387
-0.2875250566818674
-0.28885233278075856
-0.28951358972731694
-0.2895207350947942
-0.2896648258055476
-0.29393495841779643
-0.2944459763958174
-0.2944557506707497
-0.29645838162352073
-0.2984853982925415
-0.29857664106566517
-0.2988313858544372
-0.2988490804766669
-0.29932324624748424
-0.29982752806990903
-0.3017510484158993
-0.301754850018326
-0.30223978473149926
-0.30228972503055745
-0.3033538843446877
-0.3034011469595134
-0.30362229459884954
-0.30364696477324915
-0.30391184667181714
-0.3051637945701749
-0.3058834688609598
-0.3070153730976231
-0.30742182951309854
-0.30749198597752386
-0.3076071665724997
-0.308810686628498
-0.3092319183051586
-0.3093300473743251
-0.3093405108333033
-0.3104626043028304
-0.3114115300247795
-0.3159932601682044
-0.3160496017467962
-0.3160533734810163
-0.3173188017681241
-0.3186661728230149
-0.31932992714857594
-0.3198220364401305
-0.32028837950201705
-0.3215211474766525
-0.3245626638138977
-0.324773971723863
-0.3250913729146123
-0.32558958577079433
-0.3261906012892723
-0.32746370347449555
-0.3285348116963481
-0.32881416320778883
-0.32969162373158795
-0.33084065698087217
-0.3334601157112047
-0.3337986193224788
-0.33386789942645384
-0.3343358428712285
-0.3343384858413503
-0.3352440715022385
-0.33622681215050915
-0.3366360971065869
-0.33681128368954416
-0.33778793036006394
-0.3383212608867098
-0.3386122666669927
-0.3391114054247737
-0.340463678073138
-0.3406052447148952
-0.34209916451039196
-0.3425376979499613
-0.34255556271000387
-0.3427366236959794
-0.34289545986331404
-0.3433152483590831
-0.3433204003902783
-0.34339828745268514
-0.34504066288471225
-0.3460931050940417
-0.3466263773157057
-0.34681937715548844
-0.3486154891244134
-0.34914291500657174
-0.34947346007221924
-0.3501214628331494
-0.35062970743091737
-0.3516711503074601
-0.35190580905614866
-0.3520738089747073
-0.3524532741681625
-0.3546757876348339
-0.3554851437705468
-0.35579293156042696
-0.35671711279443724
-0.3577122651832383
-0.3582022455637343
-0.35857259101489947
-0.3591325932130631
-0.3596397069256789
-0.3611203031355722
-0.3616452250276628
-0.3661439647909165
-0.36685035307753616
-0.3677293750099327
-0.3679938356904636
-0.3705957183847204
-0.37089383771941625
-0.3724121347326657
-0.37317390367388725
-0.373300944856598
-0.3738107548328117
-0.37574168872730485
-0.3763737473418587
-0.3786481173709035
-0.3792687747918535
-0.37973538042186306
-0.3797630511453427
-0.38004292048225624
-0.3804956920735975
-0.38051417556728023
-0.3829704545241831
-0.3832364571620196
-0.38391801232800765
-0.3839692061119422
-0.38408281644187736
-0.38521576825190673
-0.38566979422756165
-0.38776028346425545
-0.390012698571967
-0.39009288853939095
-0.39041292652837
-0.39068464511074125
-0.39132632516945404
-0.3913530909872748
-0.3938106653052576
-0.3945118657002846
-0.3956824503455418
-0.39604087593512816
-0.3974358873780478
-0.3976639602569705
-0.3979434540608164
-0.39891917478631844
-0.399126574669026
-0.39936124469915574
-0.4005495798350735
-0.40095476491440984
-0.40137971539969897
-0.40249199731430657
-0.4028672007028945
-0.40306189160946815
-0.40437971298322456
-0.4056744539039414
-0.406285608262985
-0.4070215722645766
-0.4071952738488714
-0.4072203736409153
-0.40834256753774095
-0.4085678283411723
-0.40905457646315074
-0.41007496567908674
-0.41043940620979164
-0.4113106635072882
-0.4115176951656589
-0.41217388585159825
-0.4123071685368294
-0.4126022383570671
-0.41280901510617696
-0.41298900115569787
-0.41329322879513103
-0.41351023492716193
-0.41423659812224967
-0.4145238277812799
-0.41489752754569054
-0.41516860414412804
-0.4162053677533706
-0.4170448505630096
-0.4172250987418617
-0.4175517311575407
-0.41795322758321163
-0.41807800800805645
-0.41841149995293847
-0.418850464746356
-0.41922422837498224
-0.4195355797379181
-0.42075189090610365
-0.42181189344005865
-0.4222781877964735
-0.4229197233422773
-0.4233821999902527
-0.4256662368161902
-0.42762544032302685
-0.42845608011495845
-0.43041138057014905
-0.4355301436735317
-0.4359452302487625
-0.436187576502253
-0.43843311680919894
-0.4389825971998107
-0.43930479708797066
-0.4413461647832264
-0.4420114303182345
-0.4439856500675281
-0.44494188918481037
-0.4451805760230248
-0.4452528183191973
-0.4452693420241821
-0.4460776229389012
-0.44683384649518604
-0.4476754404604435
-0.44940958035776646
-0.4508599872545176
-0.45187709977229434
-0.45190746781735114
-0.4564025628690918
-0.45671608578413725
-0.45812662548669253
-0.45983541605528444
-0.46046024000989405
-0.46218863734975457
-0.4632206416156675
-0.46501063653513003
-0.46637861056262153
-0.46778721368010184
-0.47122546484205685
-0.47217979937070803
-0.4724843185192541
-0.47249556095762685
-0.47368861404397794
-0.47444034797242945
-0.4745966297092049
-0.47516534411378447
-0.4753251504153013
-0.47535842869962963
-0.47614679895193035
-0.4786110101194936
-0.479670183781612
-0.48019948568738374
-0.48226030536547854
-0.4829929552592889
-0.4838317360728979
-0.484466546270293
-0.48710155117972437
-0.4889592034829377
-0.4897364320931956
-0.4898436697359614
-0.4898521636496298
-0.4898716317644964
-0.4909319070678565
-0.4914241355929529
-0.49165109999030393
-0.4925065256123032
-0.4949559949338436
-0.49518398505945055
-0.49576469068415463
-0.49604802019894123
-0.49648527306271717
-0.4966628672555089
-0.49698256762106435
-0.49747560332928387
-0.4983341879940579
-0.49860240150155655
-0.5000528819858673
-0.5007688775658607
-0.5036323452368379
-0.5040989774796698
-0.5050297619863635
-0.5069941525135712
-0.5076740557948748
-0.511548328329809
-0.5116373387087757
-0.5143346937373281
-0.5156819021677594
-0.5181297575026065
-0.5186947155402777
-0.5186957693787397
-0.5196948161275259
-0.5203380386203366
-0.5208148389662567
-0.5212228560212608
-0.522303210978589
-0.5229491298752171
-0.523827755025455
-0.5257243493427239
-0.5262193479063753
-0.5267561026137426
-0.5286093638422548
-0.5297102033855481
-0.5297876812983304
-0.5317335969626323
-0.5335603546893886
-0.5340378028987028
-0.5344253378285847
-0.5358781408061309
-0.5359533913358746
-0.5376692800782621
-0.5381626625146184
-0.5385570616877772
-0.5402560552462697
-0.5404222800163552
-0.5405417023459449
-0.541740148920504
-0.5445499311084859
-0.5467077531777249
-0.5470661358442157
-0.5481012272608495
-0.5487595067152142
-0.5490099017041205
-0.549286367041835
-0.5494556828801122
-0.5501964266778714
-0.5512073394025719
-0.5548773222602904
-0.5567728111953849
-0.5591995962895453
-0.5595283886909278
-0.5603892810388722
-0.5620942626680646
-0.5643132929108093
-0.5649035264671382
-0.565767466639187
-0.566967925339469
-0.5672248808542122
-0.5692335921505592
-0.572197055342258
-0.5736801882000577
-0.5756315577143271
-0.5765322186984526
-0.5768093695930604
-0.578342198766768
-0.5789319765681284
-0.5797658846558988
-0.5798128434856024
-0.5803562536950266
-0.58109716799936
-0.5826391658130368
-0.5831296575721353
-0.5848773941820995
-0.5856677862941849
-0.5857146579946857
-0.5866313683135169
-0.5880609333232769
-0.5883509679697454
-0.5888455459991326
-0.5936343498616224
-0.5943014643387869
-0.5953202724456788
-0.595777826073269
-0.5987949108143766
-0.598982651451621
-0.599718760065217
-0.6016952101144852
-0.6018395967457574
-0.6019069202564253
-0.6031533502609818
-0.6041470990754533
-0.6066680379832784
-0.6085323899369541
-0.6117089234292508
-0.6144113647347164
-0.6155276127263076
-0.6156128585803344
-0.6170764078075687
-0.6172767073978775
-0.6173203490208834
-0.6197461396455765
-0.6235238384860671
-0.623629761572373
-0.6252720132470131
-0.6293555925261568
-0.633397782865859
-0.6342578485608101
-0.634529136121273
-0.6364560279666165
-0.6372768335513683
-0.6376335366318623
-0.6382774155762101
-0.6417875585778218
-0.6425158068537712
-0.6427946713991333
-0.6457366009835823
-0.646628897837307
-0.6468085473461542
-0.6485124155879021
-0.6485471977910265
-0.6494308456622093
-0.6497471242632855
-0.6500395219773054
-0.6504148801323026
-0.6507540893068965
-0.6513143048481912
-0.6513330963556655
-0.655297733998547
-0.6564590562775265
-0.6573388998263648
-0.6587363393280482
-0.6589024439568675
-0.6591585140675307
-0.6591714026516067
-0.6595642073079944
-0.6598934079520404
-0.6608425689584388
-0.6618322681894954
-0.6644685292833022
-0.6647455560243023
-0.6655342097219545
-0.668009909792454
-0.6709716860204935
-0.6721223955246387
-0.6733938448887784
-0.6752746356651187
-0.6810465407454305
-0.6818380550377898
-0.6856630566508102
-0.6875839344857582
-0.6876361151225865
-0.6878951261751354
-0.6911040573484368
-0.6921522282063961
-0.6924970175605267
-0.6936832144856453
-0.6938253602869736
-0.6938580016939601
-0.6950063422322273
-0.6961523564110494
-0.6968803676027164
-0.6981109002871173
-0.6998064231690174
-0.7001012051478028
-0.7002717037007642
-0.7031177346128971
-0.7031215775447587
-0.7042189742302677
-0.7046211962523456
-0.7062065938128702
-0.7148522774626352
-0.7152674659184413
-0.7164064347743988
-0.7177709487958105
-0.7186640170839382
-0.7203341376036405
-0.7211270820116624
-0.7214433202520013
-0.7226432311397986
-0.7233032422761122
-0.7253061102004722
-0.7255878716707229
-0.7258135622541886
-0.7292372756180286
-0.7303767626484235
-0.730949323810637
-0.7314441965094635
-0.7340752410569361
-0.7389189009845722
-0.7399097296118213
-0.7407034981995821
-0.7432611679658294
-0.7452291113634905
-0.745717115001753
-0.7486987163623174
-0.7536819957711742
-0.7538041649619117
-0.7542116940198217
-0.7566604800522327
-0.7596294831018895
-0.7597808919847011
-0.7620387768579854
-0.7637186296284199
-0.7710244990885258
-0.772052413240696
-0.7746752686798573
-0.7757110072092878
-0.777577932179156
-0.7791292189620436
-0.7798251776645581
-0.780856863775019
-0.7812845015432686
-0.7857652011443861
-0.7868014173582196
-0.7895189442982277
-0.7909898180048913
-0.7918628577142954
-0.7951954447974762
-0.7961300427818464
-0.8022528169676661
-0.8063248638063669
-0.8107897010852412
-0.8119747632604231
-0.8122638065860883
-0.8134685706879411
-0.8135056603699923
-0.8136349481380117
-0.8143064919859171
-0.8146706309169531
-0.8152038847717146
-0.8160859774109538
-0.8167205355130136
-0.8188895348991666
-0.8197450249772373
-0.8211951976254539
-0.8216313558761742
-0.8232101872563362
-0.8251776326861646
-0.8257204759865999
-0.827344441973158
-0.8312026849016547
-0.8345160374052024
-0.8351189195127517
-0.8394352709583472
-0.8455994501709938
-0.8482084791889065
-0.8485510836052867
-0.855351839622017
-0.8592321425676346
-0.8600088595280795
-0.8610056582838297
-0.8617098301649093
-0.872882000037602
-0.8734420292807045
-0.8747090417891741
-0.8770087628723899
-0.8776842517157396
-0.878772118439277
-0.8805736156935382
-0.8854470148682594
-0.889529068255797
-0.8938024232629687
-0.896426505276135
-0.8989055338478806
-0.9126530196517706
-0.9202493509277702
-0.9223189971598913
-0.9241188724627136
-0.9243252684408816
-0.929252304835245
-0.9318900052458048
-0.9426292404532433
-0.9436351875410764
-0.945468312362209
-0.94557526987046
-0.9474508333951235
-0.9482090058736503
-0.9490142356371507
-0.950844665421755
-0.9530799476565335
-0.9535571746528149
-0.9536857181228697
-0.9563809548105512
-0.9575621887925081
-0.9587331778384396
-0.9615061160002369
-0.9643778818659484
-0.96604442037642
-0.9690755847841501
-0.9759047138504684
-0.9846094511449337
-0.9846999049186707
-0.9848710021987144
-0.9919675325974822
-0.997605949640274
-1.0087866373360157
-1.0096455624952796
-1.010189083404839
-1.0122839380055666
-1.012539435364306
-1.0153946899808943
-1.0187256136909126
-1.0349830610211939
-1.0358877897262573
-1.0418938950169832
-1.046972756118824
-1.058430403061152
-1.0622254274785519
-1.0623277773459752
-1.0682244040071964
-1.0740295832976698
-1.085110254585743
-1.085601787082851
-1.0875848887177806
-1.0884172671008856
-1.0886396041605622
-1.089399021739761
-1.0901782160092677
-1.091766227554399
-1.0934025943279266
-1.0961031783372164
-1.0966946110129356
-1.097381208087154
-1.0978373799473047
-1.0980945298913867
-1.098244565584277
-1.1009469499222178
-1.1107525415718555
-1.1108344303017172
-1.115889210253954
-1.1184979962805908
-1.128361104677121
-1.1324105560779572
-1.135861483712991
-1.1399337972203891
-1.153119479616483
-1.1599393310413386
-1.168577928096056
-1.1789994010701776
-1.1840991664212197
-1.1853172505895297
-1.1931687136305602
-1.2101235911250114
-1.2115508383139968
-1.2123712656139105
-1.2292864931126435
-1.233174020158393
-1.2371111065925409
-1.2408434425791104
-1.2414939366281033
-1.2596172839403152
-1.2622162547583382
-1.2658900095533074
-1.2980096954852343
-1.2980213351547718
-1.3255582683098812
-1.3334989150365193
-1.3339411595038004
-1.337370248666654
-1.3497455855831504
-1.3555528124173482
-1.3558834561457236
-1.368549217780431
-1.389808814972639
-1.3930041790008545
-1.3978583589196205
-1.4011612050235271
-1.4029484843569142
-1.4315067529678345
-1.4322136947885156
-1.439326363382861
-1.4397592755655448
-1.442403090186417
-1.4526689886115491
-1.455357161311743
-1.46423819862927
-1.468398659179608
-1.4729169458150864
-1.4730707197450101
-1.4760946966707706
-1.4811508618295193
-1.5314729164044063
-1.5445815920829773
-1.5588531971443444
-1.5619114637374878
-1.5741178952157497
-1.5828809503233061
-1.5902257779380307
-1.62049493433733
-1.6411333587020636
-1.6662522632395849
-1.692547749815276
-1.7221493422564436
-1.723563265579719
-1.7365285567939281
-1.754530852039655
-1.7713966369628906
-1.7742473892867565
-1.7847190300623577
-1.7853285074234009
-1.8103983402252197
-1.810715675354004
-1.8218907164118718
-1.8262308993827219
-1.8307439883550007
-1.833584686120351
-1.8512283153831959
-1.8588926860441763
-1.896014670530955
-1.9217204228043556
-1.9415524005889893
-1.9442579348882039
-2.0631638430058956
-2.092574022244662
-2.1009506702241425
-2.1232006326317787
-2.167686037098368
-2.18790215998888
-2.1903779059648514
-2.2326773442327976
-2.2573670165147632
-2.2664526849985123
-2.276218009136452
-2.283504845574498
-2.285083916864096
-2.3507325500249863
-2.370496690273285
-2.403589552734047
-2.4070907584391534
-2.418479402860006
-2.4468382199605307
-2.5406494140625
-2.559876144339796
-2.689911551773548
-2.692205846309662
-2.7258118987083435
-2.789456307888031
-2.831877105869353
-2.8627700293436646
-2.988900573924184
-3.1413166522979736
-3.1515961289405823
-3.6792179259937257
-3.6928720474243164
-4.012978509068489
-4.30719518661499
-4.333850622177124
-4.479295253753662
-4.779669761657715
-5.085767030715942
-8.461227416992188
-9.387185096740723
