-0.0006121906917542219
-0.03897728094598278
-0.08307832861984414
-0.11230204019271436
-0.11449964479543269
-0.1509087996528251
-0.1514067944139242
-0.15906150452792645
-0.17246305948719964
-0.18445103977574034
-0.1864306692732498
-0.19678995333379135
-0.19696498493431136
-0.204938180100206
-0.20495479812379927
-0.21213063663162757
-0.21315849090751726
-0.2201882826106157
-0.22021228070038237
-0.22925278422189876
-0.22938972860574722
-0.2414140410158628
-0.2605463602563499
-0.26165988269106794
-0.26650982446347676
-0.2719286167062819
-0.2740837650722824
-0.2763470099992393
-0.27835339307785034
-0.28382689520881016
-0.28709960199500384
-0.28942258746828886
-0.2914260669145733
-0.2931764150271192
-0.29540840334957463
-0.2955442513048183
-0.29641554116581875
-0.3017212817678228
-0.30371667802101
-0.3045791089243721
-0.3080927063877295
-0.31013831046099466
-0.3159922696650028
-0.31630796801376465
-0.3167335772595834
-0.3184369858451343
-0.31990969114386564
-0.32521681398010027
-0.3294215174898019
-0.33212360375910066
-0.33316681291242795
-0.33323351414744845
-0.33461857514755267
-0.33481191926901893
-0.3367939102370292
-0.33725970405794214
-0.33743170076049867
-0.33863214363910904
-0.3433689893130213
-0.3452188703276289
-0.3457523547112942
-0.3458244758751243
-0.34671093156147337
-0.3475566365652614
-0.3479960821236351
-0.35269728063916167
-0.3530753619699298
-0.35415717006544584
-0.35446261646575294
-0.3590501167200273
-0.36213193512521685
-0.36224830229031413
-0.36558929082149494
-0.36618085929120964
-0.36663072555325926
-0.36734246529845727
-0.3685476499832357
-0.3690768317652068
-0.3713655933504924
-0.37722063451110444
-0.37912263180923594
-0.379865302833625
-0.3801686913267566
-0.3823727890971656
-0.38242976650452387
-0.3829308789196041
-0.38419834204250947
-0.3844422066015088
-0.3849745577123637
-0.3879556844088559
-0.3880252212382339
-0.38851684296969324
-0.38991747272666544
-0.39090988405651467
-0.39262126688263377
-0.3967412282612973
-0.3989779231816773
-0.40544420504011214
-0.4068080626228558
-0.4070754240542142
-0.40898691557985906
-0.41157315342570655
-0.41289908574386075
-0.41446280953559006
-0.4156516373235111
-0.4205514039555243
-0.42088837937877416
-0.42112530173337154
-0.4220342332430716
-0.42540640251852735
-0.42555455156668487
-0.42586719037111226
-0.4260854623746127
-0.42690819760318843
-0.4274341697787999
-0.430039729650036
-0.43254688919599477
-0.4326095926490697
-0.4329299262237989
-0.4339858965185057
-0.434598226091583
-0.4365872628826263
-0.43716942220926286
-0.4393007597472105
-0.4463011317886412
-0.44867687022779135
-0.4495470767353915
-0.4528348550000893
-0.4568438315340741
-0.4573194458062062
-0.4581109720568817
-0.46048597984302503
-0.4654653455829248
-0.4690917271475952
-0.4741955248173326
-0.47805537211243065
-0.4798946815232436
-0.4804314433131367
-0.48082829103805125
-0.48181746946647763
-0.4857641229852258
-0.4916728707945107
-0.4943613782948391
-0.4965691010293085
-0.4992178794822063
-0.4994811081851367
-0.5013892524177208
-0.5019120827317238
-0.5032476149499416
-0.5054858516169978
-0.5056594441412017
-0.5082117227268301
-0.5098603453021496
-0.5109571967623197
-0.5114247495075688
-0.511448507468837
-0.5114694061710245
-0.5149597302079201
-0.5161893581898767
-0.5168272008886561
-0.517140999622643
-0.5209959452539417
-0.5254943524021656
-0.5262869210913778
-0.528418236086145
-0.5297307938065691
-0.5306134508282412
-0.5314477221108973
-0.5344712154910667
-0.5373981763647558
-0.5378586628422555
-0.5385884740389884
-0.5409605372988153
-0.5476279653246618
-0.5537983465474099
-0.5547194591257721
-0.5616775084054098
-0.563024719961686
-0.5634078858420253
-0.5636688034412347
-0.5644706695198288
-0.5677470640124133
-0.5685084176560243
-0.5712163358058949
-0.5752156183225452
-0.5755900225194637
-0.5779340333205515
-0.5783929012948648
-0.5794184425742261
-0.5815242909593508
-0.5851521484243373
-0.5909478800992171
-0.5911523436767642
-0.591718778014183
-0.5922631457894264
-0.5934296802617609
-0.5934574829414487
-0.5949388879816979
-0.5961391107578363
-0.5989943992379787
-0.6032973982393741
-0.6057547196687665
-0.6100358530311496
-0.6133171056086818
-0.6140795783657167
-0.6232137566742798
-0.6243142924504355
-0.6264231087512929
-0.6268493030838727
-0.6282130022688458
-0.6283578881217787
-0.6297903941012919
-0.6319455606862903
-0.633857874199748
-0.6431941406772239
-0.6448124749585986
-0.6458878135826025
-0.6491581921000034
-0.661522044960293
-0.6711822438519448
-0.6721576495561749
-0.6746013835072517
-0.678937133177117
-0.683912801597866
-0.6900040963664651
-0.6952855721116066
-0.6956019354466763
-0.7012515076914698
-0.7014528352301568
-0.7019605645133803
-0.7026728850656322
-0.7046074303465762
-0.707825157458761
-0.7113487150377801
-0.7130449565851854
-0.7286556692173084
-0.7414203037818273
-0.74210054744035
-0.7421201295995464
-0.7531468506592015
-0.7608268244657665
-0.7617346034385264
-0.7619121034383878
-0.7801144413184374
-0.7810189984738827
-0.7810692861676216
-0.782085534160225
-0.7888310670553308
-0.7935525487409905
-0.8000470772385597
-0.801249785348773
-0.8022002978716045
-0.8039096971042454
-0.8084128495305777
-0.8406389684726795
-0.8477205768227577
-0.8533378624512503
-0.8539321308024228
-0.8587321078715225
-0.8589014681056142
-0.8613860086188652
-0.8715347442775965
-0.8781203851685859
-0.8789467234164476
-0.8825265876948833
-0.8826169246652474
-0.886892257258296
-0.9061845063863855
-0.9108924176543951
-0.9323121311608702
-0.9359632045030594
-0.9376076208427548
-0.9453005213290453
-0.9466507421806455
-0.9491760025994154
-0.9512348994224643
-0.9639634042978287
-0.9664822675287723
-0.9831967568024993
-0.9890943632926792
-1.007164011709392
-1.015485705807805
-1.037331523373723
-1.0538052767515182
-1.0624474140349776
-1.0828137944142024
-1.0879630495328456
-1.094168928252267
-1.1200374786664422
-1.1238837788502376
-1.1409511728488724
-1.1455309291680653
-1.1470550720502313
-1.170641342177987
-1.175763538107276
-1.180240562185645
-1.1894314688785623
-1.19769692971992
-1.2074383413419127
-1.2087884682696313
-1.2105233476497232
-1.2133888602256775
-1.2352704405784607
-1.2383612394332886
-1.247254541143775
-1.2484886239593227
-1.2589580170810222
-1.2604682557284832
-1.2615464262664318
-1.2681269086897373
-1.2718693272742843
-1.2874548758069675
-1.3250718201244516
-1.341211865345637
-1.34751994604012
-1.3505038007511758
-1.3755218734343846
-1.3868755846633576
-1.3885548990219831
-1.3922776238593673
-1.4036062111457188
-1.405172152112105
-1.4061115980148315
-1.4181701441605885
-1.4181940220296383
-1.4538761067669839
-1.4572586715221405
-1.466722785262391
-1.5415090760216117
-1.5546842767701794
-1.6074017783006032
-1.6172901317477226
-1.6408975000182788
-1.6566694279511769
-1.6860861023887992
-1.71014492555211
-1.732810653746128
-1.7359685425957043
-1.7637489326298237
-1.8465040475130081
-1.8957403302192688
-1.902095357577006
-1.9024823307991028
-2.0041071784993014
-2.074184729717672
-2.17085137963295
-2.1832712292671204
-2.1943714022636414
-2.2120668115094304
-2.2469934225082397
-2.528615049086511
-2.5576236844062805
-2.5876237601041794
-2.6072077453136444
-2.6819993257522583
-2.8231475707143545
-2.895353317260742
-2.9593093395233154
-2.9786226600408554
-2.9918786883354187
-3.0475160479545593
-3.5616820454597473
-3.649121335707605
-3.6531885862350464
-3.8216055631637573
-4.087391376495361
-4.12015700340271
-4.185374021530151
-10.347521781921387
-10.82196044921875
