-0.00041214076918549836
-0.0004671980192370029
-0.0028942876184980073
-0.006620439305606851
-0.01262398886462961
-0.023097704106476158
-0.03538748777161042
-0.03659083024346425
-0.05144073629799095
-0.05293733219059504
-0.0806703314812239
-0.09308977611863156
-0.09869403611082816
-0.10030081753417822
-0.10445271116623189
-0.11210131091020643
-0.11398334736504073
-0.11595700591403459
-0.11685484798134856
-0.11744986754421108
-0.12650276681718728
-0.13305283662339207
-0.13541798174888495
-0.14813507348299026
-0.15491492673754692
-0.16350908493021166
-0.16589091456262395
-0.16639239354596688
-0.17790113466409302
-0.19556865983850003
-0.199049882761236
-0.20044984709238634
-0.20991398539092643
-0.22542868711228825
-0.22892742983579714
-0.23653540370578413
-0.23826510601138579
-0.23957409052306608
-0.2399315864089052
-0.2425186225833992
-0.2510879966191497
-0.2514609230596276
-0.25666808435926214
-0.25826538473484106
-0.26167297589126975
-0.26608673185122217
-0.26682459842413664
-0.2672992045970556
-0.2704168944983231
-0.2717083816468302
-0.2769905257280855
-0.2776585773099214
-0.27895540577204275
-0.28443814608492957
-0.284801745316751
-0.2852797858067788
-0.28632912351652823
-0.28730631357601055
-0.2893034023167679
-0.29053007561549293
-0.2909473355085102
-0.29291546351028047
-0.2940250908290949
-0.2948365523067816
-0.2968022570485118
-0.30214075443800537
-0.30242660680475336
-0.30485494510419253
-0.30812134420616627
-0.30892933102624837
-0.3098971319753521
-0.31036465897017884
-0.3107948089683695
-0.3110052114269268
-0.3120851147230654
-0.32028173598726944
-0.32329794576718185
-0.3240233166143298
-0.32549323563257027
-0.3267970251326915
-0.3272576615572215
-0.3290541320333432
-0.3315254940360319
-0.33180126042110203
-0.3321248641780888
-0.33244565801578574
-0.33278575018048284
-0.3337973519210209
-0.3339172307759763
-0.3359748659616078
-0.33665506400153006
-0.33940552479339203
-0.3433253441880879
-0.34350464798269514
-0.34621111725157955
-0.34638173484407275
-0.34684418677675743
-0.34738599368104
-0.34889299034230703
-0.3504538207540463
-0.3556302713466146
-0.3565617144734915
-0.3568863249939485
-0.3581672481900155
-0.36396908835684794
-0.36517514168765736
-0.36655118002090603
-0.3666400014412562
-0.3669622468241869
-0.36775451089703926
-0.37026351948403546
-0.371859885007143
-0.3729876807286928
-0.3737206885125488
-0.3759689873084426
-0.37597164704597424
-0.37732994374455303
-0.37742202175324663
-0.380211163012973
-0.3832150056098019
-0.384758027731036
-0.3850408262722859
-0.38528994657121035
-0.38556370077357216
-0.3875687479972839
-0.3883236439432949
-0.38876360114403496
-0.39088886490208097
-0.39240565374493597
-0.3945737818245713
-0.39510810637194604
-0.395718019339256
-0.3995656991324655
-0.4004186913255883
-0.40207636262190743
-0.4039772529429844
-0.40511350629967635
-0.4052376417887651
-0.40582971066818574
-0.4062914625293388
-0.4075228819080318
-0.4085981905818225
-0.40907449949451763
-0.41256932283231434
-0.4133743923361067
-0.414606923961805
-0.4152322997918083
-0.4162854661806384
-0.41698118051921484
-0.4170217537597637
-0.41710107529624585
-0.4201659754450832
-0.4213108000885768
-0.42221944041350523
-0.4235174258173629
-0.42355939059578823
-0.4239361587418557
-0.42396124527010176
-0.42403234996406053
-0.4246566691602181
-0.4251748840414893
-0.42545634982751324
-0.42635374880511434
-0.42649559284104727
-0.4276752879704418
-0.4285647917031383
-0.4286472237637589
-0.42961798379000127
-0.43022113849438026
-0.43161641478945967
-0.43220783591095824
-0.43413681293382067
-0.43496042884148395
-0.43555768465739675
-0.43670236808480695
-0.4382334163273754
-0.43833320753334126
-0.4410860139032593
-0.4411748217741141
-0.4420432315193466
-0.44209642865138854
-0.442658598224322
-0.4483219099380552
-0.44857288353632613
-0.44945032185266126
-0.4505143874521309
-0.45123759425478055
-0.4521728768936555
-0.4524397304142894
-0.45377188941265556
-0.45407464138891857
-0.4565568970257035
-0.4567422130350584
-0.4568616028076836
-0.4581360429248889
-0.4606316782808951
-0.4630318629780959
-0.46493164657294983
-0.46505699461946887
-0.4658629422489321
-0.4669961391491597
-0.4682568162679672
-0.47288637411526224
-0.4729676968883041
-0.473990194610451
-0.47417063299164713
-0.47419934851457485
-0.47497527542873286
-0.47614424462610716
-0.4770731275875164
-0.4771256081818137
-0.47755876502404654
-0.47809818900423123
-0.4782217259344179
-0.47839986490726005
-0.47848297213536173
-0.4788165743991865
-0.4799317400643809
-0.4806648872792721
-0.48147354492693595
-0.4816098924735949
-0.48202779538905816
-0.4822812791721339
-0.48292755537801213
-0.4832770409357181
-0.4844348341007606
-0.4854241847351659
-0.4854264342880924
-0.4857861274795141
-0.48831692361596246
-0.4887405655201292
-0.4892085113870659
-0.48927279462597134
-0.4898476159125696
-0.49026774941635914
-0.49321990526264664
-0.49494503330925
-0.49604949653870434
-0.4968065282097086
-0.4971621950811823
-0.49802367362592903
-0.4984583729878068
-0.4987189626466716
-0.4993194084880607
-0.500278702818226
-0.5004217060548919
-0.5006806829304777
-0.5006995008228201
-0.5008019852416368
-0.5012337644584477
-0.5015699932013046
-0.5022198580263648
-0.5040544195333496
-0.5043247536520994
-0.504344237109035
-0.5063127208638682
-0.5090172723543623
-0.5101616369560361
-0.5101810310035944
-0.5103243220924364
-0.5104582534404472
-0.5107099881085256
-0.5111731762713134
-0.5128650277853012
-0.5138753594481387
-0.5162966262807155
-0.5168223502280853
-0.5171346185144592
-0.5176195648194098
-0.518875342560932
-0.5197498609447696
-0.5202229825742052
-0.5210318259204441
-0.5213301595358644
-0.5235049099234553
-0.524480965211751
-0.5247340535890543
-0.526200977463635
-0.5262922270898344
-0.5282402945449576
-0.5315526560181751
-0.5315921202146336
-0.5325672434867427
-0.5331916384049691
-0.5335657124718031
-0.5338705411616047
-0.5354912897545887
-0.5358113666970326
-0.5361155057325959
-0.537231266964227
-0.5377785114105791
-0.5382310347195016
-0.5382737101657161
-0.5408845608144475
-0.5412781973505237
-0.5419058078547117
-0.5426119593903422
-0.5433497950434685
-0.543531951132334
-0.5436648785003594
-0.5440129796514157
-0.5440583518065978
-0.544583856412727
-0.5447381756093819
-0.5460811171955853
-0.54658759071026
-0.5471410489327455
-0.5483885645866394
-0.5498341402605244
-0.5503785649785641
-0.5514542142253731
-0.5514687183080241
-0.5524770622612323
-0.5538298981555272
-0.5554783464351203
-0.5558740893999735
-0.5564925571688946
-0.5568543668549132
-0.557319198533201
-0.5573800582060358
-0.5573827267438901
-0.5574124143143612
-0.5586557222504211
-0.5598700696004926
-0.5606441185809672
-0.5616368498797075
-0.5621974730740724
-0.5624580214110514
-0.5626875085634476
-0.5636367452912964
-0.5658668740070425
-0.566552910111072
-0.5676549285357478
-0.5682460332165895
-0.5696966318413615
-0.5704341370845214
-0.5706833576736648
-0.5710631138238114
-0.5716882675575713
-0.5726468093232272
-0.573162139095075
-0.575054991558621
-0.5766583338845521
-0.5766945091972308
-0.5775123844738118
-0.5789631074577756
-0.5805508137768527
-0.5807228616362019
-0.5811761586906372
-0.5826756769791246
-0.5831905115162954
-0.5835830677067861
-0.5858598027261905
-0.5864306644588295
-0.5870181152095029
-0.5874439426074137
-0.5891955990078372
-0.5895469573495373
-0.5899689819343621
-0.590606016718084
-0.591024937639304
-0.5923611074699693
-0.5927276362797582
-0.5929293137575898
-0.5949026361578944
-0.5953456832706365
-0.5960387560938086
-0.5961508880225084
-0.5964345733615725
-0.5965246537331647
-0.5969081647694111
-0.5970078109364424
-0.599043825258767
-0.6001644957490498
-0.6003824213519693
-0.6008255074266344
-0.6015828799297904
-0.6017480366486283
-0.6024547565495595
-0.6025407693677527
-0.6047539395454805
-0.6050085022995517
-0.6051827321643941
-0.6059136685467416
-0.6067927232361399
-0.6070653397499964
-0.6099684068079417
-0.6133423889961863
-0.6139084683032706
-0.6142027219757438
-0.6147382532379946
-0.61504002222831
-0.6150574243317047
-0.6154444665234122
-0.6162724539371652
-0.6179327744807055
-0.6180547707432803
-0.6194515460083494
-0.6211065735842567
-0.6215738892872316
-0.6220579273326116
-0.6223822474479676
-0.6224072870796477
-0.6228749864755876
-0.6250772851193082
-0.6250842610315885
-0.6263268412206002
-0.6272004062565202
-0.627389448377666
-0.6275152460211757
-0.6276922970104756
-0.6298496274685021
-0.6304382099271086
-0.6307028906303458
-0.630831341620069
-0.6311223854566151
-0.6322519028908573
-0.6324232668848708
-0.632659799549098
-0.6359411894185801
-0.6368838515190873
-0.6371600405157855
-0.6386736663102056
-0.6400567157567139
-0.6402913424011786
-0.6404343815684115
-0.6417633351171389
-0.6420907900568896
-0.642750172689557
-0.6430904938735895
-0.6447231089088904
-0.6471978584704174
-0.647918969389041
-0.6480980047656756
-0.6487905504161192
-0.6487951331521169
-0.6494394743349403
-0.6495189915294759
-0.6506200278177857
-0.652164937183261
-0.6522369794214943
-0.6527171369907592
-0.6537369372126705
-0.6546322363025286
-0.6560999115463346
-0.6566102442155474
-0.6586294496276727
-0.6591303423047066
-0.6613968095429617
-0.6625189098107285
-0.6625889541658884
-0.6637599012930877
-0.6641349821156302
-0.6649744849649778
-0.665711983491201
-0.6668132310005603
-0.6671406529843807
-0.6676757909202328
-0.6681076298506728
-0.6690656558429409
-0.6697590574036829
-0.6701393272251802
-0.6710331258278422
-0.6718999118776992
-0.6738701448208303
-0.6754937591031194
-0.6772850705868526
-0.6817777978223083
-0.6828024823559846
-0.6828042151209957
-0.6832587632040182
-0.6852660399412603
-0.6879947098015691
-0.6881322154185909
-0.6888304336794785
-0.6924447276513093
-0.6928894999048983
-0.6931182915068348
-0.6931493515024029
-0.6940247876942749
-0.6955900033436981
-0.6962101465059359
-0.6969130414297979
-0.7014162115208039
-0.7021066700108349
-0.7024446222127628
-0.7027951493888395
-0.7056459066661773
-0.70575365696277
-0.7061187369421467
-0.7062597766438558
-0.7102417826652527
-0.7110754400491714
-0.7121836199585232
-0.71329631372937
-0.7139074241301083
-0.7146152289351448
-0.7153077030864855
-0.7154817121161614
-0.7161002507782541
-0.71871393373508
-0.7216477502030708
-0.7227730368922494
-0.7242508864318609
-0.7246831817028578
-0.7270385968439769
-0.7282252063353857
-0.728286841782392
-0.728361830220092
-0.7285532712703571
-0.730700073431113
-0.7323670442371318
-0.7326389719972732
-0.7331436687398107
-0.733151783766516
-0.733346826324123
-0.733486643487898
-0.7387313186491156
-0.7415363194110492
-0.7424111364783
-0.748805641507109
-0.7493877126871666
-0.7506111415612168
-0.7506305062997853
-0.755116331827594
-0.7565737015652952
-0.7567812190191034
-0.7580284985846707
-0.7591311419164413
-0.7600775595120568
-0.761180783755013
-0.7617921879770393
-0.7630255177617074
-0.7630544799224784
-0.7632632279516353
-0.7633995196574688
-0.7634581298043486
-0.7653749086894095
-0.7668619155883789
-0.7699994720460381
-0.7710044127888978
-0.7750822657253593
-0.7773101014447295
-0.7781033651198312
-0.7796124123779009
-0.7804003171290138
-0.7821017572132405
-0.7833510606239239
-0.7853025048721715
-0.7863848981221617
-0.7877981475447541
-0.7889317646622658
-0.7889444809406996
-0.7908333082625176
-0.79466750548454
-0.7968033770254502
-0.7975041261641309
-0.7986998862276474
-0.7990086213118047
-0.7992590918604817
-0.7993389342227601
-0.7994644181570039
-0.8014798448067657
-0.8015568523745363
-0.8054375719875679
-0.8071156421307629
-0.8096588015711556
-0.8110199904357671
-0.811061833239061
-0.8124953755177557
-0.8133813445456326
-0.8136682594036496
-0.8154109065023173
-0.8174707417089978
-0.8184630554169416
-0.8190368922936386
-0.8210627315399636
-0.8230291624495294
-0.8260304002396879
-0.8264326900243759
-0.8274925057963368
-0.828755194049639
-0.8294021934503689
-0.8298648584401235
-0.8317308751768451
-0.8319883683385948
-0.8354650874301418
-0.836601141740435
-0.8392956627399794
-0.839509402634576
-0.83988585571448
-0.8403218633362225
-0.8418422260656371
-0.8438140703598037
-0.8467153920828423
-0.8471518638185583
-0.8486840377195871
-0.8576197707880056
-0.8587872143335906
-0.8590439077233896
-0.8595684890579933
-0.8615847514237329
-0.8624287098646164
-0.8657863001384872
-0.8664766498608515
-0.8668097947083879
-0.8691954473288888
-0.8709427199792117
-0.8745658042219778
-0.8752860789420083
-0.8766876360964994
-0.879659172706306
-0.8837853889350905
-0.8861081024361839
-0.8879623312896001
-0.8906235421515183
-0.891458110534586
-0.8929395359475165
-0.8947300091385841
-0.8948535844683647
-0.8989184992382064
-0.9031797948409803
-0.9055067679437343
-0.9080637965695738
-0.9102247952541802
-0.9103438707975329
-0.9106122808880173
-0.9140801408461162
-0.9145571117987856
-0.9161557821290833
-0.9272365158947651
-0.9275277420456405
-0.9292367035523057
-0.9311575808213093
-0.9325404567352962
-0.933337263726369
-0.9339432364329696
-0.9370534688738795
-0.9387869803234935
-0.9410242178419139
-0.9439221522887238
-0.9518800947941296
-0.9555717176990584
-0.959400111971263
-0.9601003194848696
-0.9609477320735399
-0.9618223405310086
-0.9644875625769297
-0.9692213079639865
-0.9697373679373413
-0.9697421199331681
-0.9737041369080544
-0.9743891134858131
-0.9759169278666378
-0.9763307965670265
-0.9766089407727122
-0.9771263308590278
-0.9779768196666347
-0.9807217699708417
-0.983638775156578
-0.9860827339192232
-0.9961434650467709
-1.0185919249488506
-1.022542262192701
-1.0253218353380882
-1.0266257755477757
-1.0285634909877055
-1.0351931816403521
-1.044783392548561
-1.0477698095685355
-1.0478386674076319
-1.050665207207203
-1.0563006567299453
-1.0579246792258346
-1.0621663387864828
-1.062449592417882
-1.064173103775829
-1.0642642767527124
-1.0659881603060057
-1.0665989137254654
-1.067588509390286
-1.0677907404800255
-1.0714962651739672
-1.0740039436146618
-1.0810271203517914
-1.0823154479265213
-1.0837972834706306
-1.0869586020708084
-1.0876710335583735
-1.0904128544498235
-1.091612316755345
-1.1011468407232314
-1.1032633596166437
-1.1044616309925914
-1.1104674149304627
-1.1260154258925468
-1.1276880844234256
-1.1277494221925735
-1.1282783559145173
-1.1285450435243547
-1.1295223161578178
-1.1311958219157532
-1.133081175488769
-1.1332641115489726
-1.135262823011726
-1.136181875042634
-1.1383679509162903
-1.1465080082416534
-1.1487840783109797
-1.1503386568874703
-1.151244267382156
-1.159258194640279
-1.1598447998985648
-1.1624027447235545
-1.1705174289643765
-1.170914689078927
-1.175328904390335
-1.1794334650039673
-1.1816905669838889
-1.1925926953554153
-1.1929056025110185
-1.1936848827948172
-1.1965940564870834
-1.207681740168482
-1.2204862833023071
-1.2356530005733173
-1.2363247716712067
-1.2412160336971283
-1.2420085184276104
-1.2506209388375282
-1.254032701253891
-1.2545969085767865
-1.2580649128176447
-1.2603815031034173
-1.2633708779079218
-1.268275140932019
-1.2786629561305745
-1.2811141163110733
-1.2822712156181904
-1.2929354816675187
-1.2959348559379578
-1.298067656578496
-1.3055992901325226
-1.3136560594042141
-1.3178818120310705
-1.3207915301124256
-1.323340763648351
-1.3239770028740168
-1.324895019332568
-1.328832079966863
-1.3333486749777421
-1.3390323138252522
-1.3432066903466573
-1.3444132862884242
-1.3463343356658395
-1.3664996575098485
-1.3673679500818252
-1.3730399707953136
-1.3737829522928222
-1.3755872882902622
-1.386274792253971
-1.3949936802188556
-1.3956071143032034
-1.4018151015043259
-1.4139612168073654
-1.4165200052860503
-1.425241798744537
-1.4296231725020334
-1.4300366342067719
-1.433220023260219
-1.435625707730651
-1.4444237649440765
-1.447490280641432
-1.447608932852745
-1.4509585797786713
-1.4648318737745285
-1.4866574704647064
-1.4967127535492182
-1.4984821726878483
-1.4998342404142022
-1.5038224160671234
-1.5229702405631542
-1.5327882766723633
-1.5367039544507861
-1.5379166007041931
-1.53950301806132
-1.5558720454573631
-1.560818796356519
-1.576530922204256
-1.5778540968894958
-1.5908352309605107
-1.6032325327396393
-1.6074701150258381
-1.6279681228722136
-1.6460038744844496
-1.676802131999284
-1.6863070130348206
-1.6989102363586426
-1.7014375906437635
-1.7189942946036656
-1.7235964424908161
-1.7306602864215772
-1.7415145486593246
-1.8048925995826721
-1.816523810227712
-1.8223145799711347
-1.8324134722352028
-1.8332581996917725
-1.8442381732165813
-1.8505907878279686
-1.860317816453365
-1.889831304550171
-1.891798973083496
-1.911567553092027
-1.912925312295556
-1.917075832374394
-1.9231624007225037
-1.935416042804718
-1.944308988749981
-1.9490469694137573
-1.9695297554135323
-1.9857434325385839
-2.006447077767613
-2.010988699272275
-2.0114798665046694
-2.0159718817463728
-2.0275357166926065
-2.0385343980789914
-2.0393586745485663
-2.0542097330093383
-2.11317241191864
-2.1146166920661926
-2.130475401878357
-2.14219703245908
-2.1539053945743944
-2.191639095544815
-2.2688965822259584
-2.290594942867756
-2.318328022956848
-2.3271642567142408
-2.3364648818969727
-2.340167820453644
-2.349184989929199
-2.355684071779251
-2.3603017330169678
-2.382340431213379
-2.3929036458333335
-2.398153526863704
-2.401819944381714
-2.403187115987142
-2.403926957078511
-2.408533056577047
-2.4860510417832606
-2.6550832390785217
-2.6630688905715942
-2.6869448407323944
-2.6948373317718506
-2.7135142038265863
-2.7844903469085693
-2.8299158811569214
-2.835707982381185
-2.9164737462997437
-2.9650678871421405
-3.003781318664551
-3.0430967211723328
-3.051162796145263
-3.10190948843956
-3.151992184314622
-3.616441309452057
-3.685462236404419
-3.7347612380981445
-3.7551158666610718
-3.8218952417373657
-3.9057451486587524
-3.9527015381027013
-3.9601181149482727
-4.215108513832092
-4.442681193351746
-4.941793918609619
-5.892386436462402
-9.322510719299316
-9.777524948120117
-9.95525074005127
-10.042508125305176
-10.05671501159668
-10.078100204467773
