-0.0023132848073146306
-0.0058551720503601246
-0.0064797385426313015
-0.016550312730638932
-0.01659271866083145
-0.02079751156270504
-0.024947318439808443
-0.02522583433892578
-0.02686948212127997
-0.03403254165702189
-0.05074572224319646
-0.05454699322581291
-0.10194704309429249
-0.11121596321260897
-0.11179417406674474
-0.11533448372938437
-0.13910469182155794
-0.16293178182677365
-0.16503679230975518
-0.18036146838049819
-0.1845381319639273
-0.18901534119004282
-0.21297238808862554
-0.22053230757364872
-0.2379973620409146
-0.2473613319976721
-0.24799055442999815
-0.2543587743479293
-0.26351481021427187
-0.2636252933225478
-0.26501891762018204
-0.269843652844429
-0.28566205564614694
-0.28690479417370324
-0.29397653992522726
-0.299441545226
-0.3025553471201824
-0.3041211814532809
-0.30422958399367417
-0.3066086488397559
-0.3158248803727994
-0.3189344117126893
-0.3191947264643074
-0.3216063927684445
-0.3233974766340647
-0.327763175147993
-0.32973436173051596
-0.3316991265050352
-0.3318696600072144
-0.3361100686015561
-0.3375910582074842
-0.3430596731585948
-0.3447691833576495
-0.34693172557639296
-0.34708353873187053
-0.35014463627521764
-0.350779791442316
-0.351045940646145
-0.35192332324322706
-0.35950766246080296
-0.3608443015093346
-0.36224094291416503
-0.3658289287039744
-0.36782812613091664
-0.369252746955608
-0.36926680989214217
-0.36957791715419797
-0.36973303454113193
-0.36991019812470766
-0.37280533583192477
-0.374577940393075
-0.37537474354712685
-0.3766490816366665
-0.3773097467801563
-0.37748485042746843
-0.378290750074666
-0.3784155920147896
-0.3813352326418681
-0.381417022396699
-0.3825474582632663
-0.38336834539726483
-0.3847730896047021
-0.3877464599626483
-0.38782371946581407
-0.3881555635501475
-0.38863485593490465
-0.3887663691304624
-0.3897967940877425
-0.39023506203884606
-0.3917359167962786
-0.3950332755164709
-0.39516442414929365
-0.3986311954940902
-0.39928269479575346
-0.4010757674863831
-0.4012553325377192
-0.40170011640293524
-0.40321422662738515
-0.40446664597839116
-0.40458583272885773
-0.4052383665071829
-0.4064866353375172
-0.4074451988957922
-0.40880161932227566
-0.409489020893859
-0.41426456928684274
-0.4151727664648206
-0.4195650096680765
-0.421197002613917
-0.4221277818354653
-0.4222570477213594
-0.42227674131027015
-0.4231934369903077
-0.4234897798222456
-0.425407181231094
-0.42600507330037846
-0.42872701133536695
-0.4289207163557876
-0.4300219761581892
-0.430312243820582
-0.4304194409283809
-0.43097129223147373
-0.431943177676294
-0.4358085906180135
-0.4376538472857646
-0.43924865610980696
-0.44093005770919264
-0.4415678479708731
-0.44440761513214966
-0.44514418154843344
-0.44549997110589173
-0.44573763878563316
-0.44728464164072645
-0.44768727211339865
-0.44809058660530354
-0.4481305427921143
-0.4522845458723168
-0.45503102953807684
-0.4561996379602028
-0.4583056890074533
-0.458488063828554
-0.4652109350959108
-0.4686922606138978
-0.4695574300097757
-0.46992242617814456
-0.4707546570285298
-0.47079088132563307
-0.4721642845494595
-0.4737737495581516
-0.47503909975157826
-0.47651474452732145
-0.47675904405251557
-0.47706692305897985
-0.4779175196384097
-0.47842120530549437
-0.48014253564178944
-0.4803330669994466
-0.4814642882717765
-0.48230685470546386
-0.48294535569766595
-0.4880612096910934
-0.4892086303148062
-0.48963488921941056
-0.48981366368631524
-0.4904093077181772
-0.49097017793683334
-0.49098994249579847
-0.4929420854954515
-0.4937450885772705
-0.4962725085661077
-0.4980047461819292
-0.4987785325817337
-0.49954133176530985
-0.4996543782126537
-0.5025867936430866
-0.5032773859235627
-0.5033377559060076
-0.5040202961910316
-0.5049661995857605
-0.5057490606329035
-0.5059310282958904
-0.5074850360979326
-0.5074871808290482
-0.5076393474867616
-0.5103456323584916
-0.5118223876020888
-0.5124714888443123
-0.5131463706490779
-0.5135363042313656
-0.5188415131465263
-0.5204114079475403
-0.5207887531840243
-0.5239129051691894
-0.5243095500249183
-0.5249084384316424
-0.5262670912779868
-0.5270319751081323
-0.5276217609694868
-0.5296775494630723
-0.5297830093671413
-0.5298674764271709
-0.5302450981049333
-0.5304042003402477
-0.5317769753964967
-0.5355610149078226
-0.5361863362444897
-0.5364351710976245
-0.5366145772653302
-0.5377238061602838
-0.5384267704004222
-0.541985216557805
-0.542709302722704
-0.5454151669193379
-0.5478640830593317
-0.549047781083209
-0.5512352508321783
-0.5538813124100367
-0.554603473928637
-0.5554408133029938
-0.5557235819234241
-0.5573906993018821
-0.5576142620491737
-0.5590034438937437
-0.5612351704244031
-0.5628347518019533
-0.5639949647296211
-0.5640946038274706
-0.5641276481915806
-0.56543555916287
-0.5661703384896761
-0.5664861939880038
-0.5699256231830652
-0.5701877146554276
-0.5705278364226355
-0.5706178386462852
-0.5712812805009889
-0.5712960574795337
-0.572320561586821
-0.5729850005554908
-0.5732721563243104
-0.5749394560349174
-0.5753315773210488
-0.5758091164503379
-0.5767339866491966
-0.5768995840153366
-0.5774228306299147
-0.5777548451515031
-0.5778698804613669
-0.5791558559984777
-0.5796589496836532
-0.5801254140096717
-0.5812617563435196
-0.5819578241041329
-0.5825270689466768
-0.5837937986003593
-0.5850252044015178
-0.5859663635492325
-0.587680657849584
-0.5888706231214909
-0.5895591109110683
-0.5900271417469614
-0.5906770879078976
-0.5908393915292436
-0.5929046607266678
-0.5933353515518118
-0.5936273252829172
-0.5941362661940633
-0.594745044982119
-0.5954948851813242
-0.5958148529753089
-0.5969119408224027
-0.5969754656881168
-0.5978027414778178
-0.5999770040313402
-0.6021716555289458
-0.6030035707649404
-0.6040977867216699
-0.604737481671489
-0.6054750020853438
-0.6083333074897787
-0.6096373629342351
-0.6108014487661422
-0.6147996829895419
-0.6154375939183998
-0.6193739857219043
-0.6245599548177173
-0.6246071268350144
-0.6246506453802189
-0.6263853628239303
-0.6267702750240763
-0.6275068260729313
-0.6297232900590947
-0.6297331601381302
-0.6316886503300339
-0.633119841304142
-0.6340670971258078
-0.6345528984442353
-0.6372960438369774
-0.6379895593700995
-0.638203953569411
-0.6405518788844347
-0.6423774659633636
-0.6456843817286426
-0.6477181092902485
-0.6496546811897479
-0.6498926238069543
-0.6504610283987858
-0.6513600455044071
-0.6521919767061869
-0.6539875753223896
-0.6540702104155369
-0.6542428343008007
-0.6552021766884105
-0.6568234359547205
-0.658176550358933
-0.6582703336724081
-0.662266125695573
-0.6624712237802929
-0.6634614563384579
-0.6647441452068961
-0.6659238087086123
-0.6673322105456464
-0.6673517340192726
-0.6677556505480121
-0.6691080172837246
-0.670209590143107
-0.6711883818109831
-0.6740027054465827
-0.6773905609879876
-0.6788909890092327
-0.6807257284720739
-0.6812292463469526
-0.681358610590299
-0.6838412548725804
-0.683853078604443
-0.6857660024033976
-0.6863243487954606
-0.6870544152431345
-0.6877332099877094
-0.6885284582773844
-0.6897753634660219
-0.6922922756522893
-0.693404077552259
-0.6978358086531183
-0.6992146102027619
-0.700079121250989
-0.7006371189709171
-0.7036054090648476
-0.7038466244004666
-0.7039843723563536
-0.7057067180673281
-0.7057418687535184
-0.7065812810906209
-0.7069885233334693
-0.7084105759859085
-0.709494904091116
-0.7099107880452981
-0.7146765465537707
-0.7167904324829578
-0.7199059950398805
-0.72068019475167
-0.7212202145718039
-0.7219476977425074
-0.7300907621781031
-0.7306315090326179
-0.7309354411748549
-0.7316959261894226
-0.7329351533204317
-0.7351680099260799
-0.7369368232296741
-0.7377297399410357
-0.7417511440344242
-0.7427779912136935
-0.7454869566019624
-0.747257173194417
-0.7524479126259394
-0.7530508129450026
-0.7555702680721879
-0.7586960861459374
-0.7602761022062623
-0.7602899787016213
-0.760575957945548
-0.7616865757212509
-0.7617030599354216
-0.7624273070338988
-0.7631547674536705
-0.7639054902400757
-0.7642758041620255
-0.7646493315696716
-0.7656547353057249
-0.765905250038486
-0.7672661212356096
-0.7709172719914932
-0.7740008872222259
-0.7755619483141345
-0.7757376343011856
-0.7758895663559088
-0.7765127420425415
-0.7768024404843649
-0.7806617865959803
-0.7807375490665436
-0.7816042179862658
-0.7817160584498197
-0.7817562882361623
-0.7830573339015245
-0.783342831513437
-0.783495406703878
-0.7848695653180281
-0.785823539415495
-0.7883082360029221
-0.7884971728651888
-0.7977354599118242
-0.7989759055213653
-0.8001799964113161
-0.8017013760815773
-0.8027837725239806
-0.8029745461729666
-0.8067231221182738
-0.811233602638822
-0.8113687915029004
-0.8133850248787591
-0.81770963256713
-0.8192680569700315
-0.8198428380742876
-0.8204086227277811
-0.8208680570125579
-0.8217408359050751
-0.8217562968144193
-0.8225516709311965
-0.8266853081683317
-0.8293637852701876
-0.829420599892425
-0.8295832566089101
-0.8345608213814557
-0.8349308669567108
-0.841806229960639
-0.8424081695805702
-0.8425965156755411
-0.8510522674769163
-0.8572163364539543
-0.8575379028916359
-0.8588069627682368
-0.8597919222333336
-0.860693720920608
-0.8619688964099623
-0.8632589885033667
-0.8640252945711836
-0.8641349580915024
-0.8664201853564009
-0.8665952372054259
-0.8683319930452853
-0.8685107777516047
-0.8690177876269445
-0.8691692107634784
-0.8697115340270102
-0.8742793740791968
-0.8798975348472595
-0.8815689459443092
-0.8824337095022201
-0.8860605779724816
-0.8862868052790873
-0.8863988369703293
-0.8916548041888746
-0.8918566337488301
-0.89273548234875
-0.8931599238696637
-0.8932291546898341
-0.893263578414917
-0.8946419556935629
-0.8948367575081647
-0.8950633894884958
-0.8973539751023054
-0.8976887787381808
-0.8987209815531969
-0.9007344326625267
-0.90248573187273
-0.9031535204849206
-0.9049886497203261
-0.9077713489532471
-0.9078256407689574
-0.9097220724681392
-0.9142874690995086
-0.9146846234798431
-0.9169090073555708
-0.9202846053667599
-0.9231493465291957
-0.9272487432936032
-0.9279385404661298
-0.9284403175115585
-0.92861883803198
-0.930761281400919
-0.9339958760674563
-0.9344325147491569
-0.9347413125131945
-0.9376363873105018
-0.9407628453554935
-0.9416617215611041
-0.9441947092612585
-0.9447751800928798
-0.9460196435451508
-0.9461803684631983
-0.9478643237275214
-0.9509686231613159
-0.9521818637847901
-0.9537076726555824
-0.9542471475899219
-0.9626672884915024
-0.9638646514504217
-0.964189600199461
-0.9642725378274918
-0.9655427251543317
-0.9687405467033386
-0.9693688690662384
-0.9696505718997547
-0.9756260058376938
-0.9772558091208339
-0.978570724837482
-0.9801188309987386
-0.9816056452691555
-0.9829038480917612
-0.9830866158008575
-0.990519835788291
-0.9924860754981637
-0.994127599078638
-0.9957187801715918
-0.9975056130206212
-0.999898677628759
-1.0018159747123718
-1.0023125088991947
-1.0031712169235107
-1.0102008258303006
-1.0107566028949804
-1.0122667596588144
-1.0124592360474967
-1.0131285242736339
-1.014157199859619
-1.0143426836148137
-1.0154651924967766
-1.0190272461622953
-1.0202213238558866
-1.0234005935490131
-1.025752305984497
-1.0302429764415137
-1.0305751246633008
-1.039570705627557
-1.0573914736509322
-1.057499378779903
-1.0584109527990222
-1.059497961687157
-1.0606781289825449
-1.0636287033557892
-1.0680975845704477
-1.073956113267195
-1.0821244170268376
-1.0846105813980103
-1.089190751346905
-1.0983519200235605
-1.1012335558500905
-1.1069055038969964
-1.1085318720932784
-1.110527753829956
-1.1112360835075379
-1.1117509465610576
-1.1163620344984035
-1.1205872744321823
-1.1252473990122478
-1.1378191322139173
-1.1395219953265041
-1.1535409738620122
-1.1578105617314578
-1.1622164876510699
-1.1635385126703315
-1.1661112590227276
-1.1683334093540907
-1.1695865355432034
-1.171178678671519
-1.1785777706625393
-1.1868377885160346
-1.1970578581094742
-1.204376992125213
-1.2061243569187354
-1.2152653045483022
-1.2186707071959972
-1.2198248157898586
-1.2250619282325108
-1.2258009591272898
-1.2264495361596346
-1.2359962966002058
-1.2417298495711293
-1.241935843223473
-1.2489932291209698
-1.2548764366656542
-1.2627285515540279
-1.2702033470074336
-1.2737231704595615
-1.2784966193139553
-1.2827299442142248
-1.283074168222291
-1.286899986366431
-1.2879327963746618
-1.2882406557910144
-1.2907500830478966
-1.2941104024648666
-1.2959255945170298
-1.2966701462864876
-1.2969496342275306
-1.3049925190862268
-1.3162253588438033
-1.3235556185245514
-1.3498171654282487
-1.3571386691182852
-1.3600887432694435
-1.3666115086525679
-1.3696715086698532
-1.3703658313170308
-1.3714747900376096
-1.3745950987552835
-1.3779023620154476
-1.3828219063580036
-1.383604633808136
-1.3947779971204
-1.395659809311231
-1.4155327314510942
-1.4190073187152545
-1.4245011880993843
-1.4296944199013524
-1.4349973509088159
-1.4361843224614859
-1.440317046828568
-1.4561909198760987
-1.464325439184904
-1.4702368755824864
-1.474032056517899
-1.4807904548943043
-1.4836450102739036
-1.484421571251005
-1.4940990582108498
-1.5016623139381409
-1.5298932492733002
-1.5356990694999695
-1.5471621394157409
-1.5562369821644098
-1.5608047544956207
-1.5817349702119827
-1.5856802682683337
-1.5911507799658768
-1.5959828272461891
-1.5962556003527424
-1.5989417551136285
-1.6053771137194417
-1.6162423690160115
-1.6315735131502151
-1.6524397732379537
-1.6550274789333344
-1.679208918940276
-1.684377497062087
-1.6937700156122446
-1.6949497552050161
-1.7020934522151947
-1.7155288577079773
-1.7328799068927765
-1.7522047789146502
-1.7855867594480515
-1.800241923192516
-1.8124202340841293
-1.824601650238037
-1.8383805084352691
-1.8648218524952729
-1.86872199177742
-1.8837913784664124
-1.8965390250086784
-1.901799351054554
-1.9027165174484253
-1.9160584807395935
-1.920142720763882
-1.9290497303009033
-1.939444661140442
-1.9440539181232452
-1.9567657088239987
-1.9652882516384125
-1.9887273367494345
-2.0027905702590942
-2.003830462694168
-2.0089568387678205
-2.016192173858144
-2.020690083503723
-2.0226820716634393
-2.0357119838396707
-2.053129553794861
-2.0581385691960654
-2.066329395980574
-2.0705568194389343
-2.093019114768443
-2.097207254419724
-2.098565459251404
-2.106459892975787
-2.1065015457570553
-2.118194352835417
-2.126120924949646
-2.1393519416451454
-2.15492574373881
-2.1667903661727905
-2.167103409767151
-2.193427267173926
-2.2010539174079895
-2.2117236719059292
-2.2483421166737876
-2.29057015478611
-2.2959510684013367
-2.303057875484228
-2.319138765335083
-2.3324844241142273
-2.3335112670902163
-2.34292209148407
-2.343932867050171
-2.345520794391632
-2.3546038665808737
-2.438837089110166
-2.442311644554138
-2.5595608254273734
-2.6603827476501465
-2.8084916273752847
-2.8306517601013184
-2.8697531819343567
-2.907306969165802
-2.960565611952916
-2.997471650441488
-3.030268828074137
-3.092865047045052
-3.1162517070770264
-3.1852359771728516
-3.30040804669261
-3.3088457584381104
-3.3457205295562744
-3.468798279762268
-3.6183810234069824
-3.7486943546682596
-3.8130877017974854
-3.8787169456481934
-3.884123520925641
-3.928893968462944
-4.0727572394534945
-4.1959468126297
-4.741059303283691
-5.7834248542785645
-5.798792362213135
-5.983705997467041
-5.98612642288208
-6.367461204528809
-6.683099746704102
-6.995457172393799
-7.321145057678223
-7.349122047424316
-7.367924690246582
-7.436282157897949
-7.4404296875
-7.986743927001953
