-0.0008958140873194983
-0.013568555936217308
-0.019745084282476455
-0.02275176295855393
-0.04766552662476897
-0.06283456203527749
-0.12418068779516034
-0.14848939438040057
-0.15829129713165457
-0.1991451499197107
-0.19957093741478665
-0.24096222833838424
-0.24973615286744047
-0.25045937768149995
-0.2584459818059486
-0.262460567307744
-0.26944582439027726
-0.2730368108467701
-0.2744442985462001
-0.2766719723444913
-0.27694597095251083
-0.28120296222623437
-0.28348786790102165
-0.2958452098828275
-0.29903475086753134
-0.30963156069906794
-0.31054825311932954
-0.31371596327244333
-0.31394723177280476
-0.31396848876211153
-0.31611106339773365
-0.31618650034070017
-0.317031632016982
-0.317721168200175
-0.3214726621607414
-0.3218477256897586
-0.323363067048831
-0.3263282966051722
-0.3342034663670347
-0.33663071518337045
-0.33701204281533137
-0.3388140479597389
-0.34173359074383197
-0.3430215379094079
-0.34375822693109515
-0.34514853190630673
-0.34553851187229156
-0.3478181713086087
-0.3528486165794675
-0.3641819813185268
-0.3663219922094341
-0.36640843683853747
-0.3667229617480189
-0.3669699204721383
-0.37083943939361624
-0.3716699719162924
-0.3732341192662716
-0.3765606594555641
-0.3766041807405145
-0.37817249026556965
-0.3812795172444794
-0.3822523328865625
-0.384327329051252
-0.384593463379133
-0.3849540862386634
-0.3871108150961142
-0.39010840579358047
-0.3944922034459365
-0.39527556724752844
-0.3990318759648289
-0.40064161545079613
-0.4009547807897131
-0.4120465145921723
-0.41328019892593787
-0.4142879715713207
-0.4151510430708042
-0.41859126491472126
-0.42077229450844816
-0.42220567733914194
-0.4225407049059868
-0.4249984516063705
-0.4286846483118249
-0.42911235700444195
-0.42956513916433325
-0.43168792389610644
-0.4344343346776441
-0.43796282121911645
-0.43883795983025004
-0.43905689874840653
-0.43948282424826174
-0.441612602935897
-0.4441848444421339
-0.44815087211366683
-0.45454516556156493
-0.4576428077945655
-0.4616854979346196
-0.4623393123765709
-0.4633038495572691
-0.46669670351995873
-0.4676733722185923
-0.4708186643321824
-0.4720679551362991
-0.4728521993150935
-0.473139557056129
-0.4764002392637647
-0.48326541390269995
-0.487447881719163
-0.48861705139279366
-0.48900793059738135
-0.49175804002879886
-0.4934795208275318
-0.49599200518746484
-0.49670775205993717
-0.4983786963366583
-0.5008032009428689
-0.501632247120142
-0.503318029695665
-0.5039185294016433
-0.5050041522934205
-0.5051114251611621
-0.5101529185970625
-0.5129618495702744
-0.5130707955815725
-0.5163711063692712
-0.5166418551266361
-0.5173401535432731
-0.5196515694260597
-0.5212862879141338
-0.5220012789336254
-0.5228309671261481
-0.5250853524223332
-0.5256655692264758
-0.5298064567148686
-0.5309280643058527
-0.5317279436858371
-0.5317730786544936
-0.5320210647251871
-0.5341356709599495
-0.5347568384475179
-0.5456577376979921
-0.5468329489208047
-0.5504341423511505
-0.5526812834044298
-0.5532370958217143
-0.5546112835407258
-0.5556729300325969
-0.5558452913147366
-0.559917710471309
-0.5610549673438072
-0.561715982388705
-0.5618447593741924
-0.5624183863068798
-0.5627395700663328
-0.565085319802165
-0.5653176557479097
-0.5661572502440322
-0.5670069806898633
-0.5680431880589042
-0.570993171807217
-0.5712838679919839
-0.5726068213116378
-0.5743503442832402
-0.575902633368969
-0.5774135299579939
-0.5812235474586487
-0.5818506871370724
-0.5824774881824851
-0.587150147573387
-0.5943618866149336
-0.5954915157240716
-0.596746873769348
-0.60121383308433
-0.6034840086376789
-0.6059606745839119
-0.606233500005341
-0.6136132255196571
-0.6148619845043868
-0.6171462140628137
-0.6182628614561898
-0.6258461719558842
-0.626567101277325
-0.6272735232002257
-0.6321987888028767
-0.6327549627749249
-0.6337761373627776
-0.6410373122272404
-0.6433661196913038
-0.6441506980400946
-0.6462499101956686
-0.6470169862960714
-0.6479477669636253
-0.6506462005975967
-0.6565144956111908
-0.6593669793672032
-0.6635812595486641
-0.664326387303946
-0.6666359229246155
-0.6673086216673255
-0.6712348138292631
-0.6716855202248553
-0.6718051627278327
-0.6732722297310829
-0.6755087901676435
-0.6765756785014808
-0.680489552632207
-0.6840362827646459
-0.6842595994912699
-0.6865601894525752
-0.6878251511160158
-0.692800797149539
-0.6935439764832457
-0.7015206774057515
-0.7030981981328556
-0.7054131518117401
-0.706461775591985
-0.7073972185434468
-0.7076169756728632
-0.7145478407692281
-0.7169712398201227
-0.7259608214255422
-0.7276381475348899
-0.7318322584033012
-0.7323737427592277
-0.7372021724232721
-0.7418597149444395
-0.7421965882182121
-0.7472770262509585
-0.7475154489527793
-0.747656236588955
-0.7487270234347913
-0.7514404480655988
-0.7559950386221317
-0.7563855249009066
-0.7587208095937967
-0.7627869695425034
-0.765042619407177
-0.7699808369390666
-0.7710786252167358
-0.77302580117248
-0.7797146121027052
-0.7811952605843544
-0.7823325463437608
-0.7885270590777509
-0.788613761914894
-0.7893323242897168
-0.7958860948681832
-0.7972764171659946
-0.7993530540002717
-0.8012252151966095
-0.8025649221672211
-0.8065198105242517
-0.8068156223744154
-0.8161265850067139
-0.8187522846961252
-0.8211354538798332
-0.8342620016093341
-0.8404580658640374
-0.8442836665021282
-0.8455487294122577
-0.8526496003115815
-0.8581483587792414
-0.8731709765270352
-0.8774364439421334
-0.8785863078844088
-0.8811874019780329
-0.8844048998185566
-0.8860848801476615
-0.8865049585874658
-0.8866874074214138
-0.8896140825003386
-0.8901101847489675
-0.8926460870674678
-0.8948950690005404
-0.8999849334359169
-0.9004727694555186
-0.9006277948792558
-0.9118729373440146
-0.9215981637438139
-0.9237063926578101
-0.9324529985232013
-0.9344371206825599
-0.9368286967277527
-0.9424632331356406
-0.9427851648457969
-0.943311061177935
-0.9441536718680125
-0.9462330521006758
-0.9551198214292527
-0.9569690136445893
-0.9617947985728582
-0.965202288562432
-0.9719825097256236
-0.977590536698699
-0.9831962343305349
-0.9895864324644208
-0.9918514164164662
-0.9942667285601298
-1.0025584427639842
-1.009001632531484
-1.0160443276166915
-1.0163143275172584
-1.0304393811772268
-1.0452299187891185
-1.0456544978078455
-1.0533560898533323
-1.0537556111812592
-1.0578377371033032
-1.0649343555172284
-1.070923717925325
-1.0745464290181796
-1.0798628874123097
-1.081731261499226
-1.0825985186578084
-1.0854124577405553
-1.0863910987973213
-1.0916746474802494
-1.0983046914140384
-1.1045903086662292
-1.1065316274762154
-1.122861836105585
-1.1244678654475138
-1.1347738144298394
-1.1393724094494246
-1.171373674296774
-1.173258513212204
-1.1745539546012878
-1.1750318706035614
-1.182689295709133
-1.1946690816964423
-1.1952385651857185
-1.2050787014886737
-1.238739418098703
-1.2458498170599341
-1.252444474492222
-1.254403317415078
-1.2677650062832981
-1.2750134908419568
-1.3298509786618524
-1.335913246870041
-1.3485599194952687
-1.355637689852821
-1.3685080697094756
-1.3945521009154618
-1.4003188546214784
-1.4071882033410172
-1.4331001326441766
-1.4905645812589985
-1.5018935948610306
-1.5037851610354014
-1.5200676980117958
-1.5475060587283225
-1.5511656403541565
-1.5670773684978485
-1.5693527258932591
-1.6025281014541786
-1.6266091465950012
-1.660091483592987
-1.663993090391159
-1.6720765595127887
-1.6875909606654507
-1.7003630518913269
-1.7171806991100311
-1.7909893964727719
-1.7967059314250946
-1.8405371308326721
-1.865507060661912
-1.8669996380805969
-1.870990173619551
-1.8861950576305389
-1.9163225529094536
-1.9512628316879272
-1.9725783102136727
-1.9805438305872183
-1.982113260620584
-2.0718335434794426
-2.097129814714814
-2.159696102142334
-2.2302060996492705
-2.3047923371195793
-2.3533984422683716
-2.3981045484542847
-2.40146824112162
-2.417531641200185
-2.464340051228646
-2.643699288368225
-2.7073012590408325
-2.8517404943704605
-2.909224033355713
-2.9148878350679297
-2.925514578819275
-2.9327136261388658
-3.063133442628896
-3.1710601840750314
-3.2694774735718966
-3.301537982001901
-3.308288689266192
-3.3235615491867065
-3.384211951866746
-3.552004274725914
-3.652571678161621
-3.9390859375707805
-4.052721837593708
-4.475029468536377
-4.554634928703308
-4.663609623908997
-4.789364020029704
-4.840598106384277
-4.986054062843323
-5.126922130584717
-6.07910680770874
-7.029897530873616
-7.041219234466553
-7.063752333323161
-7.095768769582112
-7.553561687469482
-8.337445259094238
-9.270617485046387
-9.288576126098633
-9.34093952178955
-9.797568798065186
