-0.15393465012311935
-0.23615446508899499
-0.24310865616684574
-0.25547051056055353
-0.26799111076821724
-0.2693222468078602
-0.26978402708967525
-0.27312461272339095
-0.2753789830603637
-0.281930651737639
-0.2834598749905126
-0.2837337533753641
-0.28471223565550946
-0.2904184572431
-0.2920131954992742
-0.29453738598426754
-0.294718642490417
-0.29569502402291226
-0.2980676134197676
-0.29817919961102524
-0.29843183065531775
-0.3016936510830419
-0.3043751044432821
-0.307125911490175
-0.3115910661917518
-0.3127026533571056
-0.3127304986159414
-0.31414678053773026
-0.3189059639124025
-0.3195790159018846
-0.32269872696633684
-0.32433740568601077
-0.32633270789483504
-0.3274941077985344
-0.32769698282768683
-0.32873551550437696
-0.33049626287568873
-0.3335378622702722
-0.33421413442643827
-0.3357345959489521
-0.3431874534871895
-0.3465484785323497
-0.3475228087609867
-0.3491503058674145
-0.35073394286963677
-0.3522498412251783
-0.35670203289815355
-0.3570201318611258
-0.3589795831475595
-0.3600558353587985
-0.36128127278061584
-0.3660550073792155
-0.36729453415668106
-0.36807704623259435
-0.3692373206006596
-0.37144870559374493
-0.37269961250025185
-0.3750133830013938
-0.3774426351301372
-0.3807006647332725
-0.38234864651328987
-0.39337528348716494
-0.39554087774356755
-0.39619394037349376
-0.3962248582952031
-0.3971852235140432
-0.39823098978878735
-0.4018419281305978
-0.40241709226878203
-0.40625840297625954
-0.4099730269323724
-0.410575627216271
-0.41609198363221367
-0.42448334174696356
-0.42752874818527037
-0.429127281324731
-0.429478875021092
-0.4348931680433452
-0.43564636094795006
-0.4366494059478017
-0.44475695077562705
-0.45053999301744624
-0.4506029114127159
-0.4515424342826009
-0.45232371194288135
-0.4527945771405939
-0.4532214648206718
-0.45382022603215383
-0.4548740016296506
-0.45563196879811585
-0.4574741425458342
-0.4590858126923974
-0.45912311350305873
-0.4629120390330042
-0.47532836720347404
-0.47707574812617776
-0.4780719967626176
-0.48103870524792003
-0.482094458487284
-0.4858556313440204
-0.48761414032843375
-0.4876879162271507
-0.4879693135153502
-0.48852760571753606
-0.4891849078296218
-0.49231183839341003
-0.49593603717429297
-0.49698443948808646
-0.5001636132753143
-0.5015957182040438
-0.501673701882828
-0.5026341664294401
-0.50602883726242
-0.51139871164092
-0.514407685448532
-0.5149293665541336
-0.5153048979118466
-0.5173733942085944
-0.5193717717026759
-0.5208801709697581
-0.5219862379017286
-0.5226673143915832
-0.5239781939564636
-0.5248460020456049
-0.525110826944001
-0.5265074474737048
-0.5331643932731822
-0.5346629846171709
-0.5351389230927452
-0.5390489026904106
-0.5391086870804429
-0.5425567954429426
-0.5453450908618314
-0.5477517972079416
-0.5492739548208192
-0.5508087348813812
-0.5512390995228832
-0.5528406918048858
-0.5528899962664582
-0.5549653827459528
-0.5572450982872397
-0.5583774035072161
-0.5607334151164276
-0.5706367719249101
-0.5716476634144783
-0.5727094645715423
-0.5734811045695096
-0.5746094746388156
-0.5765110542086308
-0.5782467618584632
-0.5794162261299789
-0.5796887512717929
-0.5808007995494537
-0.5811546115589105
-0.5829576545867511
-0.587434608489275
-0.5886206738650799
-0.5977051705121994
-0.6004547069314867
-0.6024360707295793
-0.6088237953889701
-0.6112558312680838
-0.6160282390192151
-0.6199588716030121
-0.6205820765139328
-0.6249401453882456
-0.6344588060863317
-0.634711844206322
-0.634994968041206
-0.6403317572548985
-0.6418304936128801
-0.6492970238129298
-0.6509678214788437
-0.6528979325667024
-0.6532847558458647
-0.6549720782786608
-0.6617187912925147
-0.6637236109003425
-0.6639438212660025
-0.666357734320425
-0.6873245853930712
-0.6938761256635189
-0.6953542709527349
-0.6962524726986885
-0.7056376925669611
-0.711032894040857
-0.7231275089085102
-0.725349854491651
-0.726310031566148
-0.7386962576733472
-0.7387143075466156
-0.7401586547493935
-0.7416721811251981
-0.749682199023664
-0.7513744833154811
-0.7556957637891173
-0.7593667925102636
-0.7625101373341749
-0.7629187165626458
-0.771524851055195
-0.7749786823987961
-0.7867996143177152
-0.7907725098942008
-0.7951130670096193
-0.7975593221684297
-0.7985243992181494
-0.8029656171798706
-0.8061579829081893
-0.8124335647560657
-0.8137416169047356
-0.8137868934024411
-0.8244546877685934
-0.8245929232798517
-0.8327321415214101
-0.8342790787573904
-0.8352526221424341
-0.8471182277426124
-0.8478892389684916
-0.8503850549459457
-0.8506809420883655
-0.8548246671756109
-0.8578473078086972
-0.8651241846382618
-0.8759022667072713
-0.8903068123119218
-0.8966712663435222
-0.9021373065673591
-0.904080718755722
-0.916791106419017
-0.9228987329212638
-0.9333640621975064
-0.9340598911046982
-0.9359052229362229
-0.9445947408676147
-0.9448790550231934
-0.950741846114397
-0.9564882438629866
-0.959275057898291
-0.9624483982721964
-0.9645561829209328
-1.0061465622857213
-1.0330185232063134
-1.0496689202263951
-1.0628204345703125
-1.0745635591447353
-1.0827185036614537
-1.0882413545623422
-1.0902609849969547
-1.0986005443458755
-1.1005168869160116
-1.1332311630249023
-1.157698395351569
-1.162837357725948
-1.1707652807235718
-1.2543826662003994
-1.2615633010864258
-1.3121272790012881
-1.332224107036988
-1.4729140996932983
-1.5455125705339015
-1.5806649923324585
-1.604028582572937
-1.6686840057373047
-1.6972064971923828
-1.730299949645996
-1.7377194166183472
-2.0843167304992676
-2.456365709503492
-2.49632066488266
-2.5938657323519387
-2.6810858647028604
-2.705374836921692
-2.7100408474604287
-4.440523624420166
-5.284628391265869
-5.854953289031982
