-3.129146715252773e-05
-0.004480236731887998
-0.006328436509193125
-0.013258066319394857
-0.016432530363090336
-0.028546873999061972
-0.030593563102002008
-0.0484247147998758
-0.05740573722287081
-0.06212748083344195
-0.07021496408763792
-0.07238866235931912
-0.09292547633118602
-0.09817355312407017
-0.10270435549313918
-0.10501855047815904
-0.1166144757963983
-0.12136203599218476
-0.12497624827883555
-0.12703886504444503
-0.13869488411580733
-0.14574223794587246
-0.15204710823794207
-0.15305230678181314
-0.1640323189329968
-0.16730108422533854
-0.17405408555641771
-0.17668909299956997
-0.17680557298686495
-0.18087517307130838
-0.1854915031872082
-0.18636643292878338
-0.18702646103821982
-0.192431398958405
-0.19460557743773524
-0.19496031788271803
-0.19502925177483843
-0.19678362806240557
-0.19699261521820213
-0.20052375120098986
-0.20107840634941812
-0.2034109508659279
-0.20516532527316095
-0.21467072225640038
-0.21558950340103067
-0.21633648299052083
-0.22038160561080783
-0.22146486796437329
-0.2238399400853884
-0.22610709023220632
-0.22655525004180768
-0.2268648292755688
-0.22811808983843207
-0.22855027031617398
-0.22899471132672033
-0.23468488178180608
-0.23511194743214672
-0.23558835263828257
-0.2356354346766807
-0.2375328842550289
-0.2392448324077837
-0.24369323570068568
-0.24425317040135042
-0.24515096591009447
-0.2455975410062706
-0.25067842131062434
-0.25094783704843354
-0.2520420848417757
-0.25450096628349866
-0.25716817005923076
-0.26040587642152485
-0.26160270238124833
-0.2626843549574005
-0.2640583573762317
-0.2682276133913433
-0.2712565223442828
-0.2734715226512769
-0.2736350558116006
-0.2743916275302591
-0.2751596745724328
-0.2772100449979323
-0.2825179263800237
-0.28582315872645836
-0.28699913545924954
-0.2876208173745919
-0.2876350589259668
-0.2899907376744037
-0.290308052654306
-0.29114174919667446
-0.29209942735081745
-0.2942146682180251
-0.2971099150744294
-0.29856387348844465
-0.2986682189074372
-0.30032641738513216
-0.30044855342046617
-0.30183476294305156
-0.3022135427842538
-0.30338365624191965
-0.3053201636764811
-0.30540624584428616
-0.30708951618436564
-0.31081891991198063
-0.3113387960308306
-0.31138603478508586
-0.31293424049869145
-0.31323091220184884
-0.3133579980421928
-0.31496268006533984
-0.31533925570545307
-0.31604015049196477
-0.31913234914342564
-0.32166114881523655
-0.32359036897651094
-0.3253105986283913
-0.3256750873988494
-0.32821965860201774
-0.3284016730807038
-0.32939302224096106
-0.32993352630483247
-0.33358684885831735
-0.33443282606697267
-0.33502451760327695
-0.3350820184374849
-0.3354654852300655
-0.33948309014084543
-0.34008419315310334
-0.3405122634699751
-0.3416815001982343
-0.3417727213817727
-0.34195999996947274
-0.3422503884981438
-0.3423807330964337
-0.34789895721606473
-0.34993670638377805
-0.3502104036736924
-0.3554159695695489
-0.35548648066884425
-0.35596280135212055
-0.3560097360644725
-0.3563172828954667
-0.3594376619206628
-0.35972270294505887
-0.3601433293195271
-0.36179924607266684
-0.36181466332742607
-0.3625448137107444
-0.3709895926527224
-0.37184145925534723
-0.3747444361609915
-0.37589368162054293
-0.37611120520155056
-0.3761468606017186
-0.3768151996773099
-0.37880395795161803
-0.3814463387663649
-0.38219205975263193
-0.3848665386645204
-0.38534629859494773
-0.3872362014953694
-0.38768805180598065
-0.3895525704655256
-0.3924425874370968
-0.39719412506866925
-0.39941727406401384
-0.4001714011484823
-0.4024069528750118
-0.40268276095885086
-0.40730040799825623
-0.40755795310250276
-0.40796419925000904
-0.4089612282593394
-0.40932429279199856
-0.412287381211237
-0.41254977772476875
-0.4126907839206865
-0.4128602433015203
-0.41383608772108954
-0.41393503870240994
-0.41579719566871065
-0.41625740000744715
-0.4168377327602814
-0.4195397170925454
-0.4202579484844904
-0.42066129419251297
-0.4210870951264951
-0.42132160410209707
-0.42334381830210077
-0.4234663034788809
-0.4248996910949422
-0.42644364200528645
-0.426903635263443
-0.42720997230042534
-0.4281802833235228
-0.4323837174450773
-0.43434551258881127
-0.4353189337064123
-0.4354016167617374
-0.4375893406104069
-0.4376924053065636
-0.4382970746191859
-0.43924806341528133
-0.440619727095133
-0.4423368414860696
-0.44285087287425995
-0.44370375951979213
-0.444253161406279
-0.44453679456273676
-0.44472442644957433
-0.4472334720194213
-0.44876244236688007
-0.4519729060961658
-0.45227666038553027
-0.4530185179954122
-0.45322686467350337
-0.455259045755311
-0.45826388856703676
-0.45935035008005165
-0.4614564859075472
-0.4623410565254673
-0.4631878138752484
-0.4650407404786904
-0.465420937032247
-0.4656286516459488
-0.46640957512425985
-0.46883625886395447
-0.4690327443038926
-0.4699592230026326
-0.470984808914352
-0.4711565508274248
-0.47144477026692283
-0.47263780285720713
-0.4731601599602868
-0.473270792785551
-0.47415847209494516
-0.4753005559193942
-0.476843782793685
-0.47918479855999546
-0.4794346031267196
-0.4794979045933903
-0.48004997941461625
-0.48090510578757467
-0.4812270830384932
-0.4815909407204799
-0.48301194999051705
-0.48613769267102924
-0.4874595989557726
-0.4939520809275493
-0.4946496833580625
-0.4965644753659338
-0.49683755717703804
-0.49758924084949285
-0.49851044564921193
-0.49964867206290364
-0.504990807082504
-0.5055772130872356
-0.5107537135093784
-0.5207078753446694
-0.5208240520946603
-0.5229774489990101
-0.525088361650694
-0.5267045855483957
-0.5286762325946862
-0.5298747165490012
-0.5325173290579447
-0.5327690955484286
-0.5343636889941991
-0.5371323218179404
-0.5385034680366516
-0.539138535852544
-0.5404621451161589
-0.5409270235104486
-0.5429505252031959
-0.5449224240612125
-0.5455724095692858
-0.5503630727380369
-0.5511100457182871
-0.5511343414429575
-0.5537979789746714
-0.5539740425068885
-0.5547959312563762
-0.5550602762959684
-0.5580450892448425
-0.559254336041426
-0.5625611461000404
-0.5645699549867358
-0.564616956631653
-0.5650718699907884
-0.5680872187949504
-0.5687709623016204
-0.5762413892949402
-0.5776545228378381
-0.580119572435251
-0.5807279654845843
-0.585588287788495
-0.5857722337823361
-0.5884606475509437
-0.5902891201964978
-0.5922936642439001
-0.5960863585350922
-0.6061265266367286
-0.6067256406697652
-0.6122343720810022
-0.6142178748414153
-0.617530615767464
-0.6205698163913748
-0.6223961793584749
-0.6272458828985578
-0.6334292686078697
-0.6355671232538953
-0.6361313445792932
-0.6361582517856732
-0.6368118463100407
-0.6449274960905313
-0.6471271669974092
-0.6536201633580276
-0.6636092064203695
-0.6656797210065027
-0.6663918986450881
-0.6667895200787045
-0.667951725423336
-0.6694143960115374
-0.6736680846411218
-0.6881345254364911
-0.6918476894497871
-0.6957805305719376
-0.7048792461279921
-0.7051609491230864
-0.7141947176278336
-0.7213107984513044
-0.7285518925637007
-0.733041001483798
-0.735888808965683
-0.7373057388596939
-0.7435883685946465
-0.7444050943789383
-0.7449444805886775
-0.7474057902776016
-0.7492290064193331
-0.7613646174722817
-0.7708010226876164
-0.7745277186234792
-0.7781608541886921
-0.7782739917747676
-0.7836732373883327
-0.7901153688629469
-0.7916036880474167
-0.7940416435400645
-0.795823986370427
-0.7968163964804262
-0.7994168923857311
-0.8016818301257445
-0.8030808758921921
-0.8054140880703926
-0.8064927750019706
-0.8093534830375575
-0.8167998157441616
-0.8236550805158913
-0.8267358437180519
-0.8314980800662722
-0.8339022472500801
-0.8349608555436134
-0.84015630380527
-0.8441419867643466
-0.8450438886880874
-0.849445738713257
-0.8527008916961165
-0.8554137981395797
-0.8612267187447287
-0.8645409904420376
-0.8819901968042055
-0.8848685175180435
-0.8878347389400005
-0.8879183828830719
-0.8939136688907942
-0.8961167136828104
-0.8965665027499199
-0.8979125335663412
-0.9004081523876266
-0.9072984599260963
-0.9096149578690529
-0.9136237651109695
-0.9174216389656067
-0.9358175098896027
-0.9410526068245824
-0.9411785534272591
-0.9463805302977562
-0.9480079951608408
-0.9508903602836654
-0.9563734835634629
-0.9706600397676084
-0.9759908008854836
-0.9759935408830642
-0.9785036168371638
-0.9874433997247252
-0.9888477324973792
-1.0033359490334988
-1.0158705227077007
-1.022001668435405
-1.0265535771808572
-1.0362865856538217
-1.0395482704043388
-1.044382131099701
-1.0479105706326663
-1.065624845214188
-1.0711884402359526
-1.0955440929780405
-1.1210393604512017
-1.1280622473277617
-1.1395575245473992
-1.1529728497068088
-1.1595209538936615
-1.1635202877223492
-1.1779736280441284
-1.181072355248034
-1.1973167806863785
-1.2089362898550462
-1.212346629210515
-1.2399366572499275
-1.2424568844338257
-1.2507968702993821
-1.2509587407112122
-1.2692562888065975
-1.29115878790617
-1.3327169691522915
-1.3365324139595032
-1.336806487290005
-1.340049644311269
-1.3451525410268914
-1.359295204281807
-1.359930197475478
-1.3628517985343933
-1.3734895271754795
-1.4190166667103767
-1.4768750816583633
-1.4807958293240422
-1.48189527541399
-1.4940330982208252
-1.518965852757295
-1.5194799304008484
-1.5287533923983574
-1.5292444608737241
-1.5377063397463644
-1.538377583026886
-1.551873840391636
-1.5866612336132675
-1.5900378608178773
-1.5947232991456985
-1.6173918843269348
-1.625218242406845
-1.6536649117867153
-1.6677685375270812
-1.670482486486435
-1.7085802070776026
-1.7165182004391681
-1.763350784778595
-1.8440123200416565
-1.8494658831637707
-1.859775007906137
-1.8838627636432648
-1.9029176067560911
-1.9902544617652893
-2.0098302999977022
-2.248268485069275
-2.2497779726982117
-2.3311248421669006
-2.665486950892955
-2.7696497440338135
-3.0185357246082276
-3.307494990644045
-3.916141544468701
-3.932106526956583
-4.014465366490185
-4.051163629866399
-4.070979276705951
-4.649023532867432
-5.02006196975708
-6.049891157337697
-6.216252404847182
