-0.0010187203297391534
-0.0015377179564287264
-0.005612028791802004
-0.019344552652910352
-0.02235292667755857
-0.039301882392313324
-0.043932825326919556
-0.05233507168789705
-0.056739270221441984
-0.061211306446542345
-0.0633300213043445
-0.09610824896954
-0.09855590326478705
-0.1022206501220353
-0.1294610450626351
-0.15457372833043337
-0.15907644787512254
-0.16184010322904213
-0.16214189026504755
-0.16813200246542692
-0.1710799704596866
-0.17270057772596678
-0.17772285655761758
-0.19059784035612715
-0.193167062709108
-0.21327590401051566
-0.21727847509707013
-0.22260394203476608
-0.22604046296328306
-0.2263071370514808
-0.22958526170502105
-0.23006247156790777
-0.23263319399848115
-0.23837910840908685
-0.23951953549921098
-0.24038598309111875
-0.24207035586005077
-0.2432648918533232
-0.24381942774602472
-0.24460019171237946
-0.24851768501102925
-0.2490143232862465
-0.2526659034192562
-0.2588898392755904
-0.26036694092077334
-0.2627581921988167
-0.2651702546980232
-0.26872222261154094
-0.28171400563899496
-0.28987662811960035
-0.29073962204447523
-0.2916269501050313
-0.29171164935853866
-0.29278446293756133
-0.29529970039480496
-0.29696970577869153
-0.29850938748568295
-0.30054598953574896
-0.30532347201369703
-0.3069803745311219
-0.30758026177188313
-0.3083393124397844
-0.3118422744529588
-0.3137583561328938
-0.3150259283866035
-0.3178313452646964
-0.31850983922413434
-0.31889220822246417
-0.319766466938745
-0.32168171629309655
-0.32331683541027206
-0.32448290806314617
-0.32887479263008573
-0.33544747518109425
-0.33582612287718805
-0.33747602992661996
-0.3381146713159978
-0.3389922412665328
-0.3392828521473954
-0.33983089485056034
-0.34116595401121685
-0.3440629717790418
-0.34416196077264055
-0.34456987470750594
-0.34655663545709103
-0.347375868743984
-0.35024034835469836
-0.3518967930735512
-0.354911801462874
-0.3557409686036408
-0.35613945475779474
-0.3568928895046055
-0.35762579216526846
-0.3595524216782198
-0.3623874280019663
-0.36428728596850607
-0.367566608513395
-0.37054802579805257
-0.37118201083103486
-0.37363026763462887
-0.3747652644912402
-0.3747938347787567
-0.37556416196748615
-0.3782924419973597
-0.37856264762831415
-0.3792010513308924
-0.38022401591733795
-0.3803324340842664
-0.38105071110961336
-0.38215135853014154
-0.383640476391807
-0.38590357825160027
-0.38615657295595157
-0.3865894796825679
-0.38772850393434055
-0.3885476798284799
-0.38879880940334666
-0.38936819809290074
-0.39005642106557
-0.3904817581642419
-0.3914488829672337
-0.39148789655882865
-0.3918857061200672
-0.39217329492093994
-0.392867765975825
-0.3934181505772156
-0.3934891822125217
-0.39487392905478674
-0.3949323111580605
-0.3963745180517435
-0.3985920757290192
-0.39921156893251464
-0.39924364221053565
-0.39971912945978916
-0.4001146702285041
-0.40059383707121016
-0.4014606392841285
-0.40160041721901507
-0.40273546452226583
-0.4034197910223156
-0.40480751271042253
-0.4063134990766147
-0.40632145262365654
-0.40713894097805475
-0.40852602563765167
-0.40894221742637454
-0.40908599155955017
-0.4099094635651757
-0.41073903247597626
-0.4114036819962729
-0.4138706480127439
-0.4144909072284853
-0.4162833701314715
-0.4164534737698405
-0.4168219067505561
-0.4173521240911214
-0.4174400727497414
-0.4181000149110332
-0.4185572613889235
-0.4195910600327706
-0.41987909068120643
-0.42065941413966357
-0.42080479945871047
-0.421145064678664
-0.4211568796837872
-0.42182826940381135
-0.4238036782388869
-0.4238295853345854
-0.42459247727383626
-0.4277016414926038
-0.42775379460363183
-0.42782737124556053
-0.43026647796588285
-0.4312122877633486
-0.4312797952136154
-0.4314432781404601
-0.4314924662157864
-0.4374858093201924
-0.43812110777944324
-0.44171580824186096
-0.44216367017943414
-0.44218723587870884
-0.44531378721840154
-0.4471485843726744
-0.4479470866329696
-0.4519855198561547
-0.45203959933617927
-0.45268352010364954
-0.45283879726193843
-0.453592005482642
-0.45394958928227425
-0.45488781271342305
-0.45874756734119726
-0.45881650876935964
-0.46042375672087393
-0.46282844031229614
-0.46387749386873717
-0.46399027357586997
-0.46465022436210085
-0.46586328733246773
-0.46649808119982483
-0.4699197328736773
-0.4703631731783389
-0.4708581903962315
-0.4709336766449269
-0.471397915109992
-0.47189014923060313
-0.47201126431935425
-0.4735733938115813
-0.4739431728958152
-0.4773035487451125
-0.47746943185726803
-0.4790286954957992
-0.48111113614286294
-0.48134817851274014
-0.48149261864455184
-0.48389793187379837
-0.48513582768750246
-0.4854723772732541
-0.4868718863422559
-0.4879957163357176
-0.4883953832710783
-0.4888128561899066
-0.4892832156814014
-0.49027460528062267
-0.49032475101557793
-0.4905641591464587
-0.4908415973186493
-0.4911797044798732
-0.4931934877706226
-0.4932675361866131
-0.4943370132241398
-0.4946892207333197
-0.49670092597495696
-0.4967640445878108
-0.49799248194995016
-0.4992761245618264
-0.4995694988720061
-0.5002147434181097
-0.5012539718106078
-0.5013857160915255
-0.501981109380722
-0.5027497861301526
-0.5028780103893951
-0.5032143058488145
-0.5065747124608606
-0.5068062100559473
-0.5086240905337036
-0.5091430166717864
-0.5097358880215325
-0.5098146228766482
-0.5126554894358075
-0.5147374553605915
-0.5151186753297224
-0.5152868294622749
-0.5158645998206339
-0.5198541483841836
-0.520098733343184
-0.5208655586466193
-0.5210967492312193
-0.5212348715904227
-0.5224154233084326
-0.5224236584342887
-0.5225200067895154
-0.5239838074064918
-0.5240368490464918
-0.5248244780814275
-0.5251924404192323
-0.5252745703845803
-0.525880528241396
-0.5267681339726551
-0.5278375338792103
-0.5288391184141418
-0.5293188287566105
-0.5296216679271311
-0.5300186355080869
-0.5302669961148729
-0.531402482977137
-0.5327883638674393
-0.5330195222748444
-0.5341562838958842
-0.5345770420710323
-0.5365913145877939
-0.5371400626650679
-0.537666086972292
-0.5378309032268589
-0.5382918475982572
-0.5391772047483495
-0.5408962821420573
-0.541504601120121
-0.541856295350174
-0.5428916681557894
-0.5429643358147587
-0.5438049692106688
-0.5444119682651944
-0.5446929037631586
-0.5453250925389251
-0.5453834040526999
-0.5467407334595918
-0.5477004084736109
-0.5487533086938235
-0.5505522816158852
-0.5506162813398987
-0.5519841485656798
-0.5520016591375073
-0.5521532292057398
-0.5524512811277348
-0.5527636526126621
-0.5532969629650324
-0.5558494771830738
-0.5560080941973461
-0.5564935509529378
-0.5579575349360572
-0.5582031008671038
-0.5587117276267236
-0.558775903377682
-0.5612286350349981
-0.5620340300215916
-0.5623084185644984
-0.5627090935172006
-0.562766872922657
-0.5642656056210399
-0.5653467734344304
-0.5655210421828087
-0.5667988357599825
-0.5673964802408591
-0.5679348807981504
-0.569343192425246
-0.5695654353767168
-0.5695876677520573
-0.5696978629566729
-0.5706613861589825
-0.5714002243330469
-0.5716290660522645
-0.57195261407954
-0.572731037903577
-0.5732709626816879
-0.5754925859574642
-0.576109451906584
-0.5763663226156496
-0.5765169796068221
-0.5768695113678964
-0.5774099612608552
-0.5774531248956919
-0.5776634806534275
-0.5780666576077541
-0.5785707866307348
-0.5803786699608382
-0.5811178310201891
-0.5823666511059855
-0.5834024408395635
-0.5835232911825491
-0.5840351271391329
-0.5853512276662514
-0.585501154512167
-0.5864798650145531
-0.586720662823857
-0.5873841956286924
-0.5875437934882939
-0.5885773324873298
-0.5896442977711558
-0.5932744908719682
-0.5940405708945412
-0.5945037540514022
-0.5947211362654343
-0.5948347937729623
-0.595256804022938
-0.5956037920404924
-0.5976008580376705
-0.5988571804249659
-0.5992221534252167
-0.6026300750672817
-0.6034491066044817
-0.6042536108610059
-0.6042973758238885
-0.604570836509363
-0.6046223131124862
-0.6046388514805585
-0.6075058568870494
-0.6088819411961595
-0.6091716755181551
-0.6107680071145296
-0.6111332215368748
-0.6135787477703869
-0.6144872366873498
-0.6161762057396117
-0.6184614612720907
-0.6185951835525755
-0.6218403643470083
-0.6222022640415363
-0.6229627697612159
-0.6236060190945864
-0.6241042805569512
-0.624375493376283
-0.6250190315684969
-0.6250201542337891
-0.625640423864954
-0.6259005352233847
-0.6259087653329166
-0.6264131671798948
-0.6288271995035757
-0.6293605417098271
-0.6301619267712036
-0.630970488593448
-0.6317622094706167
-0.6322960274992511
-0.6330787736094661
-0.6351060264743864
-0.6352670284570194
-0.6367342880306145
-0.6371991205607108
-0.6374524360930082
-0.6374975363723934
-0.6391473755356856
-0.6405259553343058
-0.6407519280910492
-0.6420875992116635
-0.6431290613868946
-0.6439215471812835
-0.6469081054674461
-0.6473999044004207
-0.6476108309709363
-0.6480916633305175
-0.6482239046987767
-0.6483005997433793
-0.648337806283962
-0.6484535002324264
-0.64882325434259
-0.6493830824270844
-0.6496282368898392
-0.6496756226859159
-0.6531381436313192
-0.6544507307931781
-0.6545223523345258
-0.6554888379623127
-0.6560847727523651
-0.6562203978179381
-0.6575522366911173
-0.6580050800694153
-0.6593582037215432
-0.6594535780391197
-0.6623408149620942
-0.6628488811586674
-0.6646208998326284
-0.6651735345266111
-0.6682408466935158
-0.6685248479585756
-0.6685688451980241
-0.6690722661691585
-0.6708280516108971
-0.6710900922458117
-0.671370657713851
-0.671791059585909
-0.6726212175453838
-0.672888420947731
-0.673194519802928
-0.6733979414469408
-0.67531812366926
-0.6769540712300043
-0.6779367535230543
-0.6797088052044273
-0.6812418010958936
-0.6818504224826868
-0.68200076156063
-0.6822003760607913
-0.6838581143446001
-0.684625672797362
-0.6859220866379994
-0.6860701544210315
-0.6891103234762946
-0.6891199864912778
-0.6902889011236018
-0.6910583625372965
-0.6919507543627534
-0.6923505786883956
-0.6925802008855888
-0.6936424285938431
-0.6944057972825788
-0.6956974155683484
-0.6959711571689695
-0.696962557383813
-0.6972470438922755
-0.6979763346413771
-0.7001075618124256
-0.7022788675842874
-0.7042520758113824
-0.7049105444716083
-0.705064329871675
-0.7053199385603269
-0.7067458562552928
-0.7070159368216992
-0.7078312616795301
-0.7083321509894449
-0.7113552573654387
-0.7114489407589039
-0.7114673628471792
-0.7127864089610133
-0.7146966242056806
-0.7161130174063146
-0.7166409493656829
-0.7177424624702932
-0.7182752969432235
-0.7183840970198313
-0.7215489415102638
-0.7231642603874207
-0.7235509574553968
-0.7239850619342179
-0.7242670779116451
-0.7251680024589101
-0.7261222310064893
-0.7263145086665949
-0.7264802289594497
-0.727170187048614
-0.7274933916633017
-0.7280732022287945
-0.7286712601780891
-0.7311063490342349
-0.7311913930810988
-0.7314741717418656
-0.7341380139332614
-0.734619001064857
-0.7346283031991966
-0.7351433370262385
-0.7351574725937098
-0.735189653863199
-0.7353486573944489
-0.7356095206923783
-0.7356980858991543
-0.735955570533406
-0.7371349395252764
-0.7372378922171063
-0.7388467424413344
-0.740038038790226
-0.74010281901923
-0.7406504980045492
-0.7443594001233578
-0.7466309637020458
-0.7469698764616624
-0.7471214951536453
-0.7478601431309168
-0.7481441530571492
-0.7482078724230329
-0.7510144216939807
-0.7513034187722951
-0.7514645356568508
-0.751533854874486
-0.7539651616709306
-0.7559420657344162
-0.7561794999812264
-0.7562938975170255
-0.7563710927497596
-0.7606557209044695
-0.7612459223924412
-0.7624599858419969
-0.7639049102552236
-0.7656221033597831
-0.7670896316671537
-0.7671573617990362
-0.7678150418380808
-0.7684748966246844
-0.7692816278431565
-0.7706999883672064
-0.7715027882476095
-0.771609874733258
-0.7716274432605132
-0.7725214499447853
-0.7742145910859108
-0.7742916985880584
-0.7760443988256156
-0.7773590037169116
-0.7775012457859702
-0.7782805459806695
-0.7788920702296309
-0.7790456541115418
-0.7794185043830011
-0.780337060491244
-0.780448766425252
-0.7829966271917025
-0.7830297010019421
-0.7854358279146254
-0.7863800376653671
-0.7870368361473083
-0.7874199888668955
-0.7875701498705894
-0.7875731388727824
-0.788558115476917
-0.7893755595598902
-0.7902349086685313
-0.7920480345375835
-0.7936117324978114
-0.7964639216661453
-0.7966798501147423
-0.7967949329933617
-0.7980625420808792
-0.7991260601207614
-0.8017568631119503
-0.801811366208962
-0.8021809221910579
-0.8057185260113329
-0.8077138531953096
-0.808185494854115
-0.8095172909088433
-0.8098285445012152
-0.8101206193949717
-0.8110210529218117
-0.8114171123767543
-0.813531955704093
-0.814498692245858
-0.8152542906580493
-0.8166403640061617
-0.8171966012567282
-0.8173030955450875
-0.8173203788076838
-0.817672114287104
-0.8178210434104715
-0.8186161496809551
-0.8186447798972949
-0.8187908498432741
-0.8199961121814946
-0.8206960208675204
-0.8219551312737167
-0.8225788788869977
-0.8250863681314513
-0.8268417684223757
-0.8272683494724333
-0.828549533461531
-0.8299297346733511
-0.8310405015945435
-0.832147355507394
-0.8368928707204759
-0.8382816738187102
-0.8411049522459507
-0.8427135114950943
-0.8447822397574782
-0.8461710573174059
-0.8474903766818898
-0.8505991704296321
-0.8507812218740582
-0.8528038115240634
-0.8533061710851533
-0.8538434339155044
-0.8542171591959361
-0.8549743980169296
-0.8560133402546247
-0.8567452092861964
-0.8570209837829074
-0.8578791487030685
-0.8579453877173364
-0.8580563365248963
-0.8591463244752958
-0.8602894162759185
-0.8620088143008096
-0.862518566615222
-0.8653737449822074
-0.8659626959318606
-0.8681446185335517
-0.8685295965988189
-0.8715426368522458
-0.8718290662509389
-0.8734791065216996
-0.8757800938827651
-0.8759261886589229
-0.876849742179426
-0.8773380294442177
-0.878648760356009
-0.8804220111051109
-0.8804583325254498
-0.880801260471344
-0.8815745686491331
-0.8819911752361804
-0.883286340534687
-0.8833718796571096
-0.8835085883038118
-0.8871864586447676
-0.8882783527175585
-0.8886584751307964
-0.8960208594799042
-0.8965913677322013
-0.8978367298841476
-0.8980085700750351
-0.8992220473010093
-0.9019578872830607
-0.9034121375637673
-0.9039729408686981
-0.9040220906972536
-0.9048189467617443
-0.9049133067684514
-0.9059145528202256
-0.9092537437876066
-0.9123122414910338
-0.9151240654289723
-0.9156799458100328
-0.9167489016221629
-0.9174740587671598
-0.9207899985568864
-0.921359678885589
-0.9218511174965117
-0.9277293624531012
-0.9304989288960185
-0.9326338168466464
-0.9331117225810885
-0.9342926019536597
-0.9378970138495788
-0.9381509156276783
-0.938596682526016
-0.9397630388848484
-0.9401777991359788
-0.9460811340083767
-0.9465026209530022
-0.9499633798662287
-0.9515082687139511
-0.9519464632030576
-0.9541551258414984
-0.9579765651375055
-0.9592465933412313
-0.9592950469814241
-0.9599026016658172
-0.961368879037244
-0.9673478114418685
-0.9680384727460998
-0.9682492637740714
-0.9729196356299022
-0.9774934631557419
-0.9819254223257303
-0.982913585336064
-0.9851108562783338
-0.9852541089931037
-0.9858908868627623
-0.988890949714308
-0.9901569071080303
-0.9911794429004658
-0.9917344848314921
-1.000228233402595
-1.0009886690487082
-1.0017300316443045
-1.0078970156610012
-1.008428829954937
-1.0094903952309064
-1.011787209706381
-1.012155662290752
-1.0124735746843119
-1.0133372865966521
-1.014028417179361
-1.0156802243686147
-1.0168590797111392
-1.0197830852121115
-1.025999881356256
-1.031084317015484
-1.0369774621600907
-1.0381334174890071
-1.0390121887515609
-1.0400079881461959
-1.054620717785188
-1.0623127457220107
-1.0624486743472517
-1.0650849351659417
-1.0715403698850423
-1.0718645054314817
-1.0795933376842488
-1.0844561293724837
-1.0868428373443229
-1.0872291643910492
-1.090671618313839
-1.0932433081325144
-1.0941645186394453
-1.1011109876756866
-1.1050091510017712
-1.109540939843282
-1.110745343612507
-1.1116667571477592
-1.114354347544057
-1.1210891079778473
-1.1225503627210855
-1.125105197230975
-1.1359509627800435
-1.1445056820521131
-1.1491227780934423
-1.1533725805735837
-1.1556922510887186
-1.1568652534624562
-1.1583024807274342
-1.164205014705658
-1.1788016556141276
-1.179303909651935
-1.1932324767112732
-1.1969497462268919
-1.2002379584228038
-1.2140713259577751
-1.2191760122776032
-1.2205384271219373
-1.2250575420136254
-1.225296154152602
-1.2257934510707855
-1.2259358835872263
-1.2587990115086238
-1.2700527530978434
-1.2734081539868687
-1.28387098480016
-1.295076350371043
-1.3098929499586422
-1.311878381917874
-1.3162085373951413
-1.3229141756892204
-1.3307438185438514
-1.3418180108070374
-1.375205934047699
-1.3774500840809196
-1.3788264095783234
-1.388045065687038
-1.4076352771371603
-1.4101553689688444
-1.4148223092779517
-1.4166224002838135
-1.427848145365715
-1.4315372879306476
-1.4439690460761387
-1.4481027275323868
-1.4586029797792435
-1.4644653154537082
-1.477019127458334
-1.478555069261347
-1.5025638341903687
-1.5033549691239994
-1.5192097090184689
-1.521182813681662
-1.527260590926744
-1.5578059277807672
-1.5902805315951507
-1.595717507104079
-1.6081375067587942
-1.6086337108475466
-1.6276358924806118
-1.62979864453276
-1.6397684812545776
-1.6419419646263123
-1.6515601128339767
-1.659807249903679
-1.6627549529075623
-1.6667427378706634
-1.6917570582590997
-1.694407264702022
-1.6969456757651642
-1.7113267147215083
-1.7656247795093805
-1.7793545469641685
-1.7988547865922253
-1.8106227514023583
-1.8178655544179492
-1.8417357197031379
-1.8678635218675481
-1.9089590241977323
-1.9164010835811496
-1.9392575102392584
-1.9578111665323377
-1.9703081001838048
-2.0515622682869434
-2.0702537894248962
-2.0907952785491943
-2.1181018948554993
-2.1553332209587097
-2.170497015118599
-2.179250051936833
-2.2139174342155457
-2.2741329029668123
-2.3393509881570935
-2.3991905090612513
-2.436693349853158
-2.4526672959327698
-2.4592750668525696
-2.5397841533025107
-2.557863156000773
-2.5779270487837493
-2.5899118739180267
-2.5950644966991
-2.818687894847244
-3.2320833954727277
-3.348167593823746
-3.5142966508865356
-3.604085549712181
-3.689195394515991
-3.8480760187958367
-3.9553712756023742
-4.103854699758813
-4.122768774686847
-4.159747927915305
-4.3758416175842285
-8.00716781616211
-8.5362548828125
-8.917373657226562
-9.200374603271484
