-3.131145604129415e-05
-0.00037550922327985364
-0.0008445211351499893
-0.0010646997397998348
-0.0016091072672376565
-0.0020553519134409726
-0.0023263425755430944
-0.0026752317207865417
-0.002749974941252731
-0.00311225213954458
-0.0031418003491126
-0.003339664830491529
-0.0035344889838597737
-0.004148160496697528
-0.004314301182603231
-0.005493710219525383
-0.005699743975128513
-0.005890271781633298
-0.008337313146330416
-0.008337762750670663
-0.009325753833763883
-0.009665268999621427
-0.009790181310866805
-0.009861117754553561
-0.009870254095100487
-0.010103566222824156
-0.010736477459431626
-0.011500102578793303
-0.01178839267231524
-0.01319081686960999
-0.013204077171394601
-0.013576151570305228
-0.01655434293206781
-0.01698342598475782
-0.017003417917294428
-0.017905933129700964
-0.018224276123874006
-0.018342033998730283
-0.019050448800304105
-0.01961001524856935
-0.020369291290990077
-0.020976762159261853
-0.021595696123161662
-0.023069603381113017
-0.023885123043631513
-0.024321540900148517
-0.025179222555986296
-0.026765833959871088
-0.026939332320580434
-0.02727830419462407
-0.027596893107069524
-0.027670838171616197
-0.02771203596300135
-0.02822141146558958
-0.02969672674468408
-0.029931790608679877
-0.030366246417543152
-0.030996235180646182
-0.031351977810118115
-0.03264382163373133
-0.03301108746381942
-0.03540318924933672
-0.0354629939138249
-0.037027110552298834
-0.0370522525627166
-0.03891349025070667
-0.041077762842178345
-0.04111968808380576
-0.04257991204940481
-0.043038275271620866
-0.04551488091237843
-0.04589447841863148
-0.04845528490841389
-0.04872677463572472
-0.049842342268675566
-0.05095926037756726
-0.052608550856045135
-0.052692903819011656
-0.053529829368926585
-0.0536510044708848
-0.053855784940034415
-0.055341456609312445
-0.05553787598619238
-0.0569472091156058
-0.05745988471123079
-0.05885089027287904
-0.05916296085342765
-0.05965123654459603
-0.05988657264970243
-0.06152942536088327
-0.06458535941783339
-0.0659689159739563
-0.06602222051587887
-0.06607946157455444
-0.0667151437761883
-0.06684252130798995
-0.0682789114798652
-0.06908456608653069
-0.07034675414906814
-0.07115764605502288
-0.07232281926553696
-0.07233119352410237
-0.07316246014088393
-0.07380499974824488
-0.07647631753352471
-0.07943967333994806
-0.07993974757846445
-0.08232060819864273
-0.08254728237322222
-0.08360145198336492
-0.08442919328808784
-0.08618500098236836
-0.08644244723836891
-0.08665272471262142
-0.08711528591811657
-0.08782880040816962
-0.08791538825815744
-0.0890806564129889
-0.08965581251929204
-0.09100903914077207
-0.09144634490439785
-0.09195824345806614
-0.093507491692435
-0.09458039118908346
-0.09791598193987738
-0.09794582769557435
-0.09928311798527527
-0.1007510295862125
-0.10098745182040147
-0.10164108127355576
-0.10272154211997986
-0.10496824774115036
-0.10536632287807556
-0.10589985512197017
-0.10711227022111416
-0.10722308668773621
-0.1074255607914113
-0.10845372114999918
-0.10863932844742001
-0.11114207829814404
-0.11143405735492706
-0.11165082451447637
-0.11343700438737869
-0.11626677808817476
-0.1168345247511752
-0.11751016007800555
-0.1177110681310296
-0.11970389711859752
-0.11974680973253271
-0.12008933274022814
-0.12274586514104158
-0.12325795832318896
-0.12370999723914013
-0.12488263845443726
-0.12647256536292845
-0.12875571575736663
-0.1293843157914272
-0.13024777904609117
-0.1316277854014462
-0.13170837190982915
-0.1324897117488685
-0.13303000098094345
-0.13320747817488154
-0.13342910270356306
-0.13470944989967393
-0.1349831786840999
-0.13549976490685367
-0.13593965815380216
-0.13613317045383155
-0.13718779020418878
-0.1396091766655445
-0.13967682654038072
-0.13975549086899264
-0.14023656176437657
-0.14048516993692223
-0.1407036606920883
-0.14113038975233394
-0.1433985977394817
-0.14486660802504048
-0.1450607368024066
-0.14546801171763946
-0.1457466664724052
-0.14580033870711653
-0.14581512525728613
-0.14637134004528085
-0.1463970384861265
-0.1467095674946904
-0.14843837264925241
-0.1490941487660166
-0.14913047882437241
-0.14970172621126818
-0.15012379965728856
-0.15021801385155414
-0.15062197903171182
-0.15193795143965294
-0.1532821254099183
-0.15374907406253946
-0.15396698553548263
-0.15554645611316825
-0.1562164970015621
-0.1566111373482272
-0.15661338312466713
-0.15670700448625272
-0.1570455019827932
-0.15761626038168158
-0.15797908446620568
-0.15844088144201254
-0.15876682435162365
-0.1591118523896101
-0.15928280874088938
-0.16024227787812168
-0.16045096073745904
-0.16054742286602655
-0.16144657641604182
-0.1619581853111203
-0.16350946559396107
-0.16381412092596292
-0.16424918753909878
-0.16564883952378295
-0.16630877117212448
-0.1663357333413192
-0.1667977997401197
-0.16719709388497803
-0.16751023657033565
-0.16842531675839773
-0.16915359164381194
-0.16994413174688816
-0.1703426926105749
-0.17047366901533678
-0.17093844674405104
-0.17142190421000122
-0.17218134698458015
-0.1727321282095675
-0.17332538185915577
-0.1739107651976935
-0.173948859795928
-0.17416337156291342
-0.17536596621637449
-0.1756564610078931
-0.1756765200989321
-0.17616775385686195
-0.17791194732477567
-0.17890920890495182
-0.17910400390974246
-0.1813170641389661
-0.18180872846394777
-0.18278090154406249
-0.1828593038226245
-0.18296039412263781
-0.1837232821692396
-0.18442133016651496
-0.1848478544099421
-0.18666724736491838
-0.1872998667471432
-0.18780886055901647
-0.18786003922494793
-0.18807889483746534
-0.1884731250632155
-0.18857856499671471
-0.18890444999560713
-0.18907494261075045
-0.18921794146299362
-0.1896569331163644
-0.19008678726865635
-0.1903016808513633
-0.1903784687165171
-0.1903949533136458
-0.1906739107798785
-0.19068184652132913
-0.1908385301940143
-0.19083928757905158
-0.1928105214984888
-0.19418695750937331
-0.19428875754529146
-0.19500175204926304
-0.19531040874225536
-0.19590461635671091
-0.1971371294413176
-0.19811590495810377
-0.19849086568283383
-0.19859359659176334
-0.19936168573331087
-0.19963517563883215
-0.20122712952133012
-0.20195634817937388
-0.2024013290181756
-0.20253870385484055
-0.2026233267497446
-0.20313992038080914
-0.20404347281523602
-0.2060747742652893
-0.2060942898193995
-0.20618702484503518
-0.20654243069778508
-0.20710414757559192
-0.20801976198951402
-0.20935547796155637
-0.21142343804240227
-0.21302485808701022
-0.2138664432697826
-0.21421624708455056
-0.21716101602651178
-0.2172156386077404
-0.2177719876538807
-0.21868631250773823
-0.21940545628414207
-0.21968817804008722
-0.21980863503995351
-0.22040995942532188
-0.2207850065560227
-0.221351036898947
-0.22205983723979444
-0.22252914255174497
-0.2232861318392679
-0.2248590075481764
-0.2251485025335569
-0.2252374475414399
-0.22696984248856703
-0.22767926601227373
-0.22814631644319483
-0.22875794462743215
-0.2299871995608555
-0.23076485861092805
-0.23085704428958706
-0.2314987339777872
-0.23165560877532698
-0.23261051359877455
-0.23535779448866379
-0.23575775418430567
-0.23614764125377405
-0.23625919985190397
-0.23634715377037147
-0.2374027102807304
-0.23774545807973482
-0.23872095383315659
-0.23879987933905794
-0.23883297088572622
-0.23934225578947613
-0.2396162636578083
-0.2410449749804684
-0.24310213031518893
-0.24340529613837134
-0.2437966814963147
-0.2442068740259856
-0.2448577343369834
-0.24497224621882197
-0.24565814423112897
-0.24627889951668858
-0.24644389454333576
-0.24650519327260553
-0.24728874095516012
-0.2478539115176178
-0.2503631949894043
-0.2511500389858459
-0.25172946805001367
-0.2527998814075545
-0.25563580958017457
-0.25586228852625936
-0.25626464741071686
-0.25709283612086437
-0.2595744845253648
-0.26048715575702125
-0.2623034871707205
-0.26258751487669846
-0.2629341575753642
-0.2633955176919699
-0.26397903596184086
-0.2651206757815089
-0.2665145836304873
-0.26708655736874787
-0.2672181910893414
-0.26968187691333395
-0.2703290648920908
-0.2706550530355243
-0.2729262453969568
-0.27322857945950496
-0.2734593128378037
-0.2739580897308004
-0.27477518876548856
-0.27658731626514865
-0.2768810258465237
-0.27765134163200855
-0.27832017173059287
-0.2790009244665271
-0.2793663418957625
-0.2794189323321916
-0.279470026310446
-0.2799310030786728
-0.28125908551737666
-0.28130824435252827
-0.28165016962318784
-0.28185086635348855
-0.2827896186250395
-0.283573702009744
-0.28407221172528807
-0.2848249796588789
-0.285365652719823
-0.2862890512059333
-0.2875822586938739
-0.28786196020276594
-0.2880251246355733
-0.2884752875950653
-0.288635082077235
-0.2897323891054839
-0.289842520840466
-0.28993586130143906
-0.29081984981894493
-0.2910675961757079
-0.29192958333684754
-0.2921369823387876
-0.29402231738495177
-0.2942068729826133
-0.29423774890601634
-0.2960662907920778
-0.2961283966627282
-0.29617259216234637
-0.29666928201913834
-0.2973426744967583
-0.2978259761092396
-0.29825255698524417
-0.2990168372796486
-0.2995021656388417
-0.2999867148508201
-0.30092963373959614
-0.30156488984357566
-0.3020490790060851
-0.30318460892885923
-0.3031853194814175
-0.30361100893933324
-0.30470259933182126
-0.30477345269173384
-0.3051023595956697
-0.30563297924735316
-0.3058641478419304
-0.30659415722281363
-0.30790758764164317
-0.3083022829319816
-0.3084946972394391
-0.30850467338314047
-0.3091402285499498
-0.3110404657086797
-0.31117289213256705
-0.31152654308825733
-0.31255578172567766
-0.31299543294881005
-0.3138099190384512
-0.3142324964050204
-0.3165887028968427
-0.31730714802688453
-0.3174753784202039
-0.3176784734823741
-0.3186630350537598
-0.31871893066757667
-0.3188087526203162
-0.31895606422201833
-0.31931455714511686
-0.32046248130500316
-0.320489268394158
-0.32070620749921847
-0.3219730014291902
-0.3221888927768709
-0.3227508619844836
-0.3229565131852204
-0.32333336966257775
-0.3235041435873427
-0.32466397088968996
-0.3268281693259875
-0.32709348428943485
-0.3276908839470707
-0.3283257419617647
-0.32963449899107217
-0.3299842099659145
-0.33013627789332534
-0.3307861381479597
-0.3307974642084446
-0.3309570252895355
-0.33100256773177533
-0.331294793994554
-0.33198267046827823
-0.332816439065482
-0.33283326188102363
-0.3331372413629045
-0.33331727974582465
-0.33372739486803765
-0.33389149606227875
-0.33599649511678664
-0.33688829295958084
-0.337681030530283
-0.33784249426551266
-0.33948685651557753
-0.3405593205490732
-0.3405987695168733
-0.3410518627271004
-0.3431130508397473
-0.3437073992875715
-0.3438538528150982
-0.34397007175236166
-0.34409574413762634
-0.34441307789384157
-0.3461637310218066
-0.3462459689859922
-0.3465416479957639
-0.34679925451637245
-0.3471677790325235
-0.3472366932740745
-0.34757819466176443
-0.34832388586655727
-0.349979139957577
-0.3512766315769922
-0.35173538457860964
-0.3520227897291382
-0.35229537086949375
-0.35236346530437
-0.3531494888787468
-0.3531667073984863
-0.35319686704024206
-0.35343351681201185
-0.3537263623551957
-0.3537691025005188
-0.3542399941426184
-0.35428811311430763
-0.3545063781552017
-0.3551307776942849
-0.35553142935968934
-0.355669409953407
-0.35613525404187385
-0.3563933740030431
-0.3568288796028355
-0.35791490972042084
-0.3579874779970851
-0.35899500345294655
-0.35937914304086005
-0.3597287944285199
-0.35976378950290383
-0.36096704709343613
-0.362189623946324
-0.3625735826964956
-0.3625913501255127
-0.36318795613769905
-0.3634311059560989
-0.3634578057265441
-0.36405934061804146
-0.36467186067602597
-0.3647671134269331
-0.3647718885955068
-0.3648029339907225
-0.3648510777275078
-0.3649303429207066
-0.36523303017020226
-0.3662402629852295
-0.36701864848146215
-0.3681383023969829
-0.36816658824682236
-0.3681787662124926
-0.369996848438556
-0.37096381158173447
-0.37108739619179687
-0.37169184753050405
-0.3721544965490466
-0.3722978244069964
-0.37315512279747054
-0.373324737256755
-0.37390120314375963
-0.3739764072557187
-0.37418060697382316
-0.3745873938993706
-0.3746621280507598
-0.37514813776527134
-0.3754993794346875
-0.3757561912449698
-0.37690079452780384
-0.3780459942479086
-0.37860067719593643
-0.37903110475617724
-0.3790708058513701
-0.37979957394709346
-0.379905938791732
-0.38054122030735016
-0.38116531118866986
-0.3821041490882635
-0.38251772202137446
-0.3825600521148382
-0.38262542978294994
-0.38267275141940144
-0.3828213903470896
-0.3838399239300218
-0.38450536642423166
-0.38483200361952186
-0.3849094966892153
-0.3851715248587425
-0.3857529419668329
-0.38587227521040607
-0.3861895876325434
-0.3862588619987946
-0.38631011777033564
-0.386429844002123
-0.3866170375287766
-0.38685307761625154
-0.3870707109570503
-0.3875449819024652
-0.38773704262166575
-0.3887656740779575
-0.3893622012255946
-0.38936237916350364
-0.3900293888374498
-0.3911001149358021
-0.3914530664216727
-0.39152240465045907
-0.3918037034876761
-0.3924951243971009
-0.3928129549603909
-0.39316407265141606
-0.39331398142803664
-0.39389907667646185
-0.3939356204743187
-0.3959465034810516
-0.3960054608968286
-0.396284081817915
-0.39746691256489913
-0.39829021209516213
-0.3993614078499377
-0.4000104546513675
-0.4000445064913947
-0.4005396013963036
-0.40109490416944027
-0.4012674719306233
-0.4024377278983593
-0.4030281292960151
-0.40308592237124685
-0.4031162493176655
-0.40335469879209995
-0.40444309268948725
-0.4049981136689894
-0.4056760968357724
-0.4060509251264323
-0.40642556389793755
-0.4065522126271389
-0.40731203403589056
-0.40752601628385793
-0.40793446303642766
-0.40823014190027607
-0.4082728521898389
-0.4089028778332704
-0.40971054181427463
-0.4107575144560542
-0.4109421361769949
-0.4109682239592075
-0.41159519253415056
-0.4120309031439117
-0.41243563741445544
-0.4125625547778327
-0.4126262218965816
-0.41331651294603944
-0.4176484527464102
-0.4176857962447684
-0.4179835820104927
-0.41810994409024715
-0.418914758010942
-0.4189791526845915
-0.41925047871024745
-0.41964877827558666
-0.41981797612970695
-0.4207009750771249
-0.4207710148824845
-0.42081385223880513
-0.4212704094097717
-0.4212855123291125
-0.42226338088362353
-0.42315533105283976
-0.42322394219081616
-0.4253502439860313
-0.42599271424114704
-0.4260999347898178
-0.4272616351299803
-0.42816335034149233
-0.4283637427859223
-0.42905753782688405
-0.42912816628813744
-0.42934839402247843
-0.4295466444704549
-0.429890975356102
-0.4302607887570048
-0.43090095634882647
-0.4316316949746882
-0.43228467358858325
-0.43229811395415
-0.43306119611952454
-0.43325694475788623
-0.43397737934174074
-0.43412225171923635
-0.4347113069395164
-0.43507354000466875
-0.43520551691472065
-0.43551526105794536
-0.43643216339276275
-0.436969306319952
-0.4386797063052654
-0.4393179870210588
-0.43947421528961667
-0.4397404912633647
-0.43974488973617554
-0.44102020184509455
-0.4412751062773168
-0.4412827968597412
-0.44176955084549263
-0.44224229901899687
-0.4422638769610785
-0.442498366277141
-0.4427790856506262
-0.44284785985946656
-0.4432523068971932
-0.44337683010639417
-0.4437501747077996
-0.4440749343542848
-0.44462225679308176
-0.4455996171787514
-0.44564183778711597
-0.4457752457645256
-0.44587947687573937
-0.4464044201711658
-0.4464330883929506
-0.4466270015358792
-0.4474899854200582
-0.4482941760274116
-0.4500500216847286
-0.45047971025841044
-0.450487797986716
-0.45093595012440346
-0.4518353808671236
-0.4531111669290112
-0.4532905223226408
-0.4533296423365495
-0.45338818474764203
-0.45352985497031895
-0.454129047729657
-0.4546254967378142
-0.45529640595325166
-0.4555196081512674
-0.45627056155353785
-0.4582522064447403
-0.4583007177973811
-0.45872679686484236
-0.4587603473395575
-0.4597859476572402
-0.45982165369205175
-0.4613364554402324
-0.46354836254197707
-0.465033884933089
-0.4652331965917256
-0.46540295947343113
-0.4655963177283411
-0.466214848915115
-0.4670021602669294
-0.468222218630318
-0.4687528627924621
-0.4688271498723355
-0.46914194198325276
-0.46944826044491494
-0.47046743775717914
-0.4704788208910031
-0.47051153503271054
-0.4707360638006191
-0.47135241254207877
-0.4714093675591155
-0.47151501323096456
-0.4715518582306686
-0.47160823246813377
-0.4716930199356284
-0.47212987909733783
-0.4721974719626208
-0.4726320266257972
-0.4729478363966336
-0.47310643905439065
-0.4737060801271582
-0.47372417312362813
-0.47485047702987987
-0.47500973381102085
-0.4750534118728764
-0.4753607797611039
-0.475405770514044
-0.47574642427207436
-0.47670593904331326
-0.4768789475658975
-0.4777331409732142
-0.4816105568315834
-0.4825789679773152
-0.4828844407780303
-0.48288486152887344
-0.4833073347535901
-0.4836339510511607
-0.48373211827129126
-0.483918608725071
-0.4840007321456344
-0.4840255117975175
-0.4841789695608895
-0.4845321246306412
-0.4847755137052445
-0.48509066935447565
-0.48607382232148666
-0.48684182434408285
-0.4869451932609081
-0.48787548117494833
-0.4879038159007905
-0.48811553777860744
-0.48829754814505577
-0.48845073957012836
-0.48880741202239214
-0.4895881117595958
-0.49088551104068756
-0.4911954021750716
-0.4914207667025039
-0.4917159461312824
-0.49190198052383494
-0.49207261634624694
-0.49292752613725427
-0.49304009170919016
-0.49367232370132114
-0.4944465435562759
-0.4950534720555879
-0.4953614428639412
-0.4954930746462196
-0.4961892415449256
-0.49661814887076616
-0.49668355769244954
-0.49688385815049213
-0.49725516428796773
-0.49805512123358703
-0.4986346717341803
-0.4987018586107297
-0.4991909723794379
-0.49978831620974234
-0.49986236156629665
-0.5003382010851055
-0.5004500710742182
-0.5005267979951376
-0.500630936829839
-0.5007838208694011
-0.5009841264632996
-0.5010716139222495
-0.5034961020698704
-0.5042406155553181
-0.5059517549350858
-0.5061952849355293
-0.5065858452580869
-0.5080188366014876
-0.5086539194405001
-0.5091228559613228
-0.5092941631301073
-0.5098198805280845
-0.510036874038633
-0.5112468769075349
-0.5116290054633282
-0.5118179837591015
-0.512628779746592
-0.5126623561867746
-0.5129222345276503
-0.5141994837700622
-0.5142294142902496
-0.5145887762519123
-0.5147164830252424
-0.5156588882285481
-0.515782600568491
-0.5157850745075848
-0.518010638654232
-0.5181965085988244
-0.5184429898986959
-0.5185529986241212
-0.5187216772290413
-0.5193061647005379
-0.5193298826925457
-0.5203249603509903
-0.5203784061595798
-0.521882116656343
-0.5220166022523439
-0.5223432118073106
-0.5224091608077288
-0.5231962650083005
-0.523712804458531
-0.5248156330656327
-0.5248207652475685
-0.5253614186464498
-0.5254228986246744
-0.5256278421729803
-0.5263005293284854
-0.5264669080433022
-0.5264778887125431
-0.5265938114825985
-0.5267675927607343
-0.526838766260577
-0.5270253467190612
-0.5270863084675511
-0.5277158074701825
-0.5286886729882099
-0.5287071796400207
-0.5288563128512275
-0.5290123584938036
-0.5299475104548037
-0.5311326865456067
-0.5311721925099846
-0.5320798968052258
-0.5321961139603185
-0.5326062279184245
-0.5340190222632373
-0.5340746809836544
-0.5347797031863593
-0.5358772111212602
-0.5361808566522086
-0.5364987039356492
-0.5366557498637121
-0.5374265643913532
-0.5374494163605216
-0.538081460455682
-0.5384111869433481
-0.5384388566100304
-0.539646629634912
-0.5399706999399184
-0.5405949678824982
-0.5406744021872457
-0.5434781111155947
-0.5440727914018291
-0.5444919300964102
-0.5455257961875759
-0.5462070318699261
-0.5475272501020559
-0.5482620432740077
-0.5485004130750895
-0.5485961631202372
-0.5486616957516942
-0.549731693972717
-0.5503042805939913
-0.5512682725384366
-0.5514659166510683
-0.5516535116075829
-0.5522877537296154
-0.5525676884008135
-0.5537290684122127
-0.5542135667692492
-0.5544327254756354
-0.5547059191361768
-0.5550313657149673
-0.5550482417974207
-0.555875646045024
-0.5563967725126228
-0.5571793225826696
-0.5575538724660873
-0.5584984273494532
-0.5591567575756926
-0.5591603517532349
-0.5605758936144412
-0.5606673609914391
-0.5617624022041647
-0.5631021885201335
-0.5633438601857051
-0.5642287820592173
-0.5646346242477497
-0.5651547606743407
-0.5652345255283373
-0.5661302323669588
-0.5668417124293877
-0.5688439333074106
-0.5706535830860957
-0.5716937775214319
-0.5717295100281868
-0.5733430225518532
-0.5750801848687388
-0.5754703786224127
-0.5758938760263845
-0.5764063618137568
-0.5778624755995614
-0.5780642247716767
-0.5789856878400315
-0.5792031668497657
-0.5794927587454107
-0.5795326152256166
-0.5800795638002455
-0.5804491168310051
-0.5815258943669809
-0.5815707792838415
-0.5824817745033215
-0.5840301806107163
-0.5856864766641853
-0.5858136286042281
-0.5862135775387287
-0.5862566086205854
-0.5863065330777317
-0.5866173440590501
-0.5874857376135575
-0.5886054396354926
-0.5896495534107089
-0.589690500148572
-0.5898830965161324
-0.590128473333607
-0.5910793903749436
-0.5911578250428041
-0.5913868273471182
-0.5915453929046635
-0.5920962349227921
-0.5933851353067439
-0.593765139579773
-0.5937740921282157
-0.5939899524881704
-0.5962283255551787
-0.5978439290076494
-0.5992372898670676
-0.6005891761326764
-0.605023976508528
-0.6055984780192375
-0.6078173147074671
-0.6086917915381491
-0.6106211175169197
-0.6124718096107244
-0.6130907492091259
-0.6132870253175497
-0.6133539770609266
-0.6138261533458718
-0.6138391196727753
-0.6139421140383505
-0.6149195171892643
-0.6209911330758283
-0.6213521858056387
-0.6214176206849515
-0.6223672181367874
-0.6226352406665683
-0.6231269466383806
-0.6232017923030071
-0.6244837634032592
-0.6246211215717873
-0.6246632421389222
-0.6252215004101994
-0.625822596407185
-0.6263322134502232
-0.6283614503530165
-0.6287448621471412
-0.6295187439661406
-0.6297147825127467
-0.6297211347364282
-0.6297239241714123
-0.632027824719747
-0.6326475291280076
-0.6326830093748868
-0.6333133842392271
-0.6334019198780879
-0.6338242999627255
-0.6339596286183223
-0.6349854617146775
-0.6350148393379641
-0.6353212562907073
-0.6360806017570818
-0.6376147924805992
-0.6382967576384544
-0.6392903203710115
-0.6399761361701947
-0.6404056312250239
-0.6404968058923259
-0.6405075490474701
-0.6408846901729703
-0.6435485288500786
-0.6450702757574618
-0.6454533030129304
-0.6458215304197178
-0.6458622108330019
-0.646568341263836
-0.6470179579919204
-0.6480086511000991
-0.6483530042751227
-0.6493955217301846
-0.6494737014174461
-0.6497808253625408
-0.6498425272251812
-0.6504387954094758
-0.650776847517894
-0.6511820256710052
-0.6513978552480694
-0.65160106215626
-0.6530076778920678
-0.6541844838764519
-0.6562231007652978
-0.6575792259653099
-0.6579625029116869
-0.6585590905354669
-0.6598012405761438
-0.6600182568759515
-0.6608450019521115
-0.661626860499382
-0.6627853011712432
-0.6628769560872266
-0.6629593968876483
-0.6645445773998896
-0.6647969197171429
-0.66506984954079
-0.6651641204177091
-0.6653196638450026
-0.6658437569625676
-0.6660246048672384
-0.669240994999806
-0.6696979627013206
-0.6698307687571893
-0.6699664640570214
-0.6704054027795792
-0.6707826808094979
-0.6710723589058034
-0.6729792652962109
-0.6734420134841154
-0.6735245772482207
-0.6774937687377032
-0.6782875754757293
-0.6791323117601374
-0.6794080000011794
-0.6797100013529416
-0.6830750928871566
-0.6842371877282858
-0.6844426592191061
-0.6845994896371849
-0.6848748743359465
-0.685448518168414
-0.6858224979776424
-0.6859409202588722
-0.6860395462879549
-0.6891227872110903
-0.6903981984578422
-0.6904154273991784
-0.6905939127124535
-0.6918600499629974
-0.692122308537364
-0.6941868681460619
-0.6984981875866652
-0.6985231640283018
-0.6993343494832516
-0.7001537026039192
-0.7006688562354871
-0.7011778675951064
-0.7019527996141862
-0.7030765269882977
-0.70435064612199
-0.70547904007669
-0.7070794785220642
-0.7080421734601259
-0.708285597890305
-0.7086881113549074
-0.7092857250633339
-0.7098425185540691
-0.712453518807888
-0.7135751676645928
-0.7138625247403979
-0.7146677817218006
-0.7146981209516525
-0.7161806966178119
-0.7170771940145642
-0.7171261457318906
-0.7216072833398357
-0.7218763631361071
-0.7223256046418101
-0.7229152825623585
-0.723113514482975
-0.7236358332655592
-0.7243448780524583
-0.7243733875839098
-0.7246420770016913
-0.7255567933566959
-0.726363972411491
-0.7267575673758984
-0.7277700320507089
-0.7281301460461691
-0.7289325796591584
-0.7294397205114365
-0.7303788810968399
-0.7331786462164018
-0.7341472899424843
-0.7352588160623176
-0.7357379266613862
-0.7359298691153526
-0.7363024920225143
-0.737334510033381
-0.738684732618276
-0.7389011514926096
-0.7398665675427765
-0.7411672164065143
-0.7412785922102297
-0.7420693058520555
-0.7427904545562342
-0.7430184354598168
-0.7434949158794351
-0.7463189451023936
-0.7467316931320561
-0.7479964173592938
-0.7489565795312956
-0.7500419437885284
-0.7506222040392458
-0.7540922981337644
-0.7584660311307138
-0.7604483619797975
-0.7605961643159389
-0.7611427090014331
-0.7621626178068774
-0.7622762086102739
-0.7632939393321673
-0.7640903974417597
-0.7641676945233484
-0.7649848107248545
-0.7653745336034002
-0.7669239818221993
-0.7674925474042539
-0.7688882479560561
-0.7689721571859991
-0.7693362748705113
-0.771254945662804
-0.7714485848173354
-0.7719707246869802
-0.772403095745378
-0.7737100005149842
-0.7739646471105516
-0.7742985624208814
-0.7743171876703855
-0.7743353881141957
-0.7745815118929992
-0.7760494768444914
-0.7761372723150999
-0.7784077288204572
-0.7792613175164055
-0.7812468597354988
-0.7824793184059672
-0.7826710392255336
-0.7832000449299812
-0.7848367275049289
-0.7853725263848901
-0.7855485754844267
-0.7856048769172048
-0.7859289115702268
-0.7860564998700283
-0.7863261122256517
-0.7884972154046409
-0.788656664439865
-0.7896355176435463
-0.7913871988654136
-0.791926730715204
-0.7928316741017625
-0.7951691731577739
-0.797082507084789
-0.7981080302270129
-0.7981369802379049
-0.7982449421348671
-0.7982777375533866
-0.8022845572517586
-0.802960060434998
-0.8038854450802319
-0.8046650161559228
-0.8048527147620916
-0.8058109496320996
-0.8058416021031007
-0.8059187630812327
-0.8062370993546211
-0.8067573629814433
-0.8071633169078268
-0.8072469047813987
-0.807787719318488
-0.8078952218405903
-0.8080734893213958
-0.8081474327482283
-0.8100308071007021
-0.8104723080759868
-0.8114075725607108
-0.8114176188828424
-0.8123974726069718
-0.8132176996053507
-0.8144572097662603
-0.8152665530105878
-0.81702278626229
-0.8181006619124673
-0.8185030199653868
-0.8192204643855803
-0.8197826238556445
-0.8201405729807447
-0.820616085230722
-0.8214345185745818
-0.8221565962485329
-0.8229979864166429
-0.8237250484375181
-0.8243587656502819
-0.8244709977414459
-0.8245775733181896
-0.8257091986779415
-0.8257312049157918
-0.8261001393664629
-0.8278543987034936
-0.8290075708297081
-0.8299211547127925
-0.8299483221344417
-0.8318916437710868
-0.8332632501696935
-0.8343803820122654
-0.8346591591835022
-0.8357020511757582
-0.8376996451988816
-0.8380902368226089
-0.838105497427427
-0.8400363082182594
-0.8424062022240832
-0.8430738231982104
-0.8439385073401758
-0.8447681122925133
-0.8451152762427228
-0.8483559025917202
-0.8486573696602135
-0.8496527962386609
-0.8500814720900962
-0.8524066420504823
-0.8530326529871672
-0.8539866954088211
-0.8571510144556669
-0.8589699758449569
-0.8597029890574049
-0.8603577702370886
-0.8628876864910126
-0.8641451668615142
-0.8647201974963536
-0.8651710229201449
-0.8652214022586122
-0.8658627778640948
-0.8662502633815166
-0.866434295738145
-0.8690935823135078
-0.8691370951225205
-0.8714640992028373
-0.8739709166499475
-0.8746228739502839
-0.8754389171178142
-0.8772726168713739
-0.8782176326367335
-0.878493613214232
-0.8804673344711773
-0.8817555119167082
-0.8823892860673368
-0.8835161765196567
-0.8840709665997161
-0.8847518607508391
-0.8864059557866616
-0.8869419085482756
-0.8886164188152179
-0.8935835297646312
-0.8950339035014622
-0.8967139047803357
-0.9015746414661407
-0.9019985559086005
-0.9020994697813876
-0.9030328211374581
-0.9040280321438331
-0.9046801087271887
-0.9047266498208046
-0.9086563526419923
-0.9098917575611267
-0.9101072416621415
-0.9103034240426495
-0.9144310937263072
-0.9154289719474036
-0.9165570161172322
-0.9212072229711339
-0.9212268262635916
-0.9240256621182198
-0.9281258210539818
-0.9323510727094799
-0.9323850671450297
-0.9352174490340985
-0.9358073351468192
-0.9389919607579941
-0.9398137132326762
-0.941034238494467
-0.9419590630102903
-0.9423568458179943
-0.9470634243334644
-0.9473226852715015
-0.947860835393658
-0.9484551608562469
-0.9484631573781371
-0.949243706301786
-0.9501252872869372
-0.9507913425331935
-0.9528306772311529
-0.9534982040058821
-0.9535464213307326
-0.9540823864032669
-0.9556543292322507
-0.956922204582952
-0.9578424080973491
-0.9584683924913406
-0.959254052945956
-0.9593147316149303
-0.9634698769853761
-0.9635838552688559
-0.9641622897858421
-0.9655819369945675
-0.966317437402904
-0.9679223868463721
-0.968612810317427
-0.9688356880150322
-0.9696637440676568
-0.9763807295821607
-0.9776580040343106
-0.9783597543525199
-0.9797607200453058
-0.9806047375604976
-0.9813680965453386
-0.9830294248596247
-0.9838548461382743
-0.9851486904546618
-0.9860232745607694
-0.9869189128900567
-0.9922115129343833
-0.9922806024551392
-0.9957257829606533
-0.9963413561927155
-0.9967419765889645
-0.9971281076832383
-0.9982076761807548
-0.9988303439957755
-0.9993036290009817
-0.9995950252438585
-1.0015640289057046
-1.0020801811479032
-1.0085538703586079
-1.0096868934342638
-1.0145468900057797
-1.015885772765614
-1.016449924868842
-1.0184585344977677
-1.0223452439531684
-1.0228070355563734
-1.0275305695831776
-1.028945367259439
-1.0300987749748554
-1.0310098452318925
-1.0315213639821326
-1.0328587925876491
-1.0329045716207474
-1.033171506288151
-1.0364329755771906
-1.0374344713054597
-1.0404506107242923
-1.0414786584941405
-1.041808971017599
-1.0427523827180267
-1.0451369136571884
-1.0471540962462313
-1.0481058210134506
-1.048366832946028
-1.0496915761614218
-1.050902206916362
-1.051477637840435
-1.0517417676746845
-1.0532089795118995
-1.054676911502611
-1.0572420938173308
-1.0607192181050777
-1.0617251947211723
-1.0619729186097782
-1.0633286636904813
-1.0655542721173592
-1.07006290803353
-1.0718087205197662
-1.0718553301745228
-1.0737446759206553
-1.0737600629217923
-1.0745692193508147
-1.0764868184924126
-1.0805149637162685
-1.0840166608492534
-1.0842140913009644
-1.0864568951055844
-1.0923817813396455
-1.0932776018977166
-1.0932860954975088
-1.0953769997810014
-1.0964567890623584
-1.0983788132667542
-1.1035018946095079
-1.1035377613401838
-1.1073016411003966
-1.109219953417778
-1.1151260866317898
-1.1180893232425053
-1.1183626338024624
-1.1185805781472784
-1.1191685609519482
-1.1193235063110478
-1.1260914981365204
-1.1295366247184575
-1.130077420012094
-1.1330601088702679
-1.138628852443071
-1.1394481695024297
-1.1400080419455965
-1.1449328099177885
-1.1453205818931262
-1.1466494405874983
-1.1481775426655076
-1.1499081659906853
-1.1509678849484772
-1.1518950994650368
-1.1565384663408622
-1.1569325402379036
-1.159265666763531
-1.1643546024958293
-1.1665761613597472
-1.171681133480888
-1.180642142271002
-1.1826274279349793
-1.1961720173918973
-1.1978493481874466
-1.2010450214147568
-1.2035913169384003
-1.2059918977320194
-1.2122895071903865
-1.21450836956501
-1.2155556941094499
-1.2161717947165016
-1.2190923194090526
-1.2218183318560478
-1.2262211882819731
-1.2263768374520754
-1.229063542559743
-1.2293153998441995
-1.2325919270515442
-1.2352943122386932
-1.2379125855863093
-1.2379904439051945
-1.2381332516670227
-1.2381610296433792
-1.2385706090717576
-1.2389179468154907
-1.2393854260444641
-1.2440613992512226
-1.2474206984043121
-1.2483863085508347
-1.2585219438478816
-1.2685185248653095
-1.2716632261872292
-1.272575085439409
-1.2734922311113526
-1.2737642725308735
-1.2742554171709344
-1.2836977243423462
-1.2866153791546822
-1.2932927284855396
-1.2950481839070562
-1.300765534164384
-1.3056975832441822
-1.3064226393277447
-1.312910821744784
-1.313526602461934
-1.3139354466638906
-1.3143876666824024
-1.3188907850417309
-1.3226024045919378
-1.3281318666384323
-1.3289398919691198
-1.3367950823158026
-1.3383999038487673
-1.3407842620120693
-1.3438209957967047
-1.3521772093023174
-1.365054336686929
-1.3689045403152704
-1.3717655204236507
-1.3766634290417035
-1.3803620696999133
-1.3813079297542572
-1.3822213932871819
-1.3854773368220776
-1.3875939226709306
-1.3881252698289852
-1.3904823392629624
-1.3928891892234485
-1.394884832086973
-1.3960752416557323
-1.3976952821637194
-1.400092217605561
-1.4018685087794438
-1.4086848720908165
-1.4132752476725727
-1.4159913289986434
-1.4260495067399461
-1.4291413575410843
-1.4291464071720839
-1.4302575541078113
-1.430429244413972
-1.4347140950461228
-1.435079340415541
-1.4376484006643295
-1.4394845540324848
-1.4411497597272198
-1.4430070533417165
-1.4489581788269181
-1.4504478573799133
-1.45064859847771
-1.4534602388739586
-1.4535520318895578
-1.4544587016862351
-1.4611848841421307
-1.46384958922863
-1.4657181684548657
-1.4676700830459595
-1.4691946387290955
-1.4692429503581177
-1.477253536383311
-1.4781185850733891
-1.4792740484699607
-1.479539099675094
-1.4839731747284532
-1.4928259368365009
-1.4942260043074687
-1.4951729270396754
-1.4974525412544608
-1.5045454731831949
-1.5057087677220504
-1.5093115158379078
-1.5098276365242782
-1.5181615528945258
-1.5203112527611666
-1.5210026887555916
-1.5293840642552823
-1.5323756436506908
-1.5332798991197099
-1.5342269712127745
-1.5382357835769653
-1.543071288137071
-1.5442701607942582
-1.5470954775810242
-1.5479806148602318
-1.555415683600586
-1.5564419731187324
-1.558994099497795
-1.5608634810584288
-1.5614750292152166
-1.5629237025859766
-1.5672481209039688
-1.568845346570015
-1.5707730501890182
-1.5735695660114288
-1.5736122384356956
-1.5764469899004325
-1.5775270898739109
-1.5826801899820566
-1.5848682252690196
-1.589328970760107
-1.5893716017405193
-1.6038931872074802
-1.6044110283255577
-1.6124653212027624
-1.6204183883965015
-1.6234941929578781
-1.624307256937027
-1.62649305164814
-1.6271921247243881
-1.634977899491787
-1.6357734948396683
-1.6471830022831757
-1.6506369709968567
-1.6583325905376114
-1.660415596095845
-1.6640969589352608
-1.6642675253096968
-1.6682243430987
-1.6728352159261703
-1.6762311607599258
-1.676588001078926
-1.6838959717036535
-1.688025226816535
-1.6927062875280778
-1.6966169418301433
-1.718409361637896
-1.7242406457662582
-1.7309083405416459
-1.7390359044075012
-1.7460159709056218
-1.7613642031792551
-1.7664368264231598
-1.7674663700163364
-1.7685384651025136
-1.7892337162047625
-1.7945017740130424
-1.7957632356944184
-1.8006212428833048
-1.8089922631237034
-1.8164310157299042
-1.8183838772626284
-1.8273402824997902
-1.827587944426341
-1.8283758759498596
-1.8336406128728413
-1.8404522258788347
-1.8588479154277593
-1.8641841073210041
-1.87121944129467
-1.8724755104631186
-1.8745788512314903
-1.8773218032438308
-1.8793733193306252
-1.882995809506004
-1.8931450247764587
-1.8942036740481853
-1.8942051604390144
-1.897327533364296
-1.900474950671196
-1.9129420667886734
-1.9177047313035775
-1.9183051529107615
-1.9356252066791058
-1.9377923534872632
-1.9409827254712582
-1.9411731517563264
-1.947798057148854
-1.9525837302207947
-1.9683656692504883
-1.9720807598593335
-1.9738751649856567
-1.9745454824296758
-1.9770474135875702
-1.9805049097631127
-1.9841728508472443
-1.9949753100518137
-1.9986715018749237
-2.0196031159721315
-2.022267364547588
-2.0240798827726394
-2.025682399670283
-2.0298196133226156
-2.032937169075012
-2.0396647453308105
-2.047673600682174
-2.0589726865291595
-2.0603615194559097
-2.065183773636818
-2.0692243508674437
-2.084197352640331
-2.1002340207996895
-2.1038956533375313
-2.1137893199920654
-2.1246088239131495
-2.1258897207444534
-2.14587206277065
-2.1661691062152384
-2.170231617958052
-2.170369489118457
-2.1856807061315826
-2.192317702982109
-2.1928028457332402
-2.2122873842405775
-2.254829113468683
-2.257383562158793
-2.2701923847198486
-2.270718699321151
-2.272167980670929
-2.272864642739296
-2.2847587391734123
-2.287863826751709
-2.2919536009430885
-2.3153069649633835
-2.320998980353276
-2.329823433654383
-2.333447754383087
-2.336385488510132
-2.3436934103568396
-2.3437459020642564
-2.3547240644693375
-2.3711491003632545
-2.3925845004851
-2.393718935083598
-2.4198384222884974
-2.449656707205577
-2.463053410038507
-2.4729723259806633
-2.4787926070857793
-2.4857159319799393
-2.5007096976041794
-2.5022319039562717
-2.541194622501886
-2.543654264882207
-2.5502200052142143
-2.55673049390316
-2.570880242274143
-2.5734041035175323
-2.584900911897421
-2.6038224920630455
-2.61833351807104
-2.6261202692985535
-2.643095076084137
-2.662192427786067
-2.7108942312770523
-2.7293471693992615
-2.74547672632616
-2.7558040022850037
-2.787458104915762
-2.7915104031562805
-2.8285316220608365
-2.8553811367601156
-2.8703731290188443
-2.9093992109726514
-2.9279613718390465
-2.931894862325862
-2.9320504665374756
-2.9397115936735645
-2.9992296006530523
-3.007462425060415
-3.0197346741333604
-3.0288142062490806
-3.0390890638033548
-3.139962979243137
-3.1531751229194924
-3.1607051357859746
-3.170106310863048
-3.1745055057108402
-3.1759990086429752
-3.1997427716851234
-3.234893949178513
-3.4609643532312475
-3.5134280911770475
-3.600927709707321
-3.700259037897922
-3.9131766869104467
-3.9683410665020347
-4.085918823801876
-4.102168480221735
-4.355923414230347
-4.859948635101318
