-0.0010050074670289177
-0.020929211750626564
-0.09603342470654752
-0.10900602163746953
-0.11532512294130963
-0.14377984253660542
-0.17183702752871405
-0.20567484878301912
-0.21984537176952776
-0.23641946916359302
-0.2503170422474795
-0.2623800518961686
-0.26479014275319057
-0.29147467251314085
-0.3044478477289279
-0.30593749702287215
-0.30666737150568224
-0.31362046939708915
-0.32283089781412855
-0.3260759212143267
-0.32609496052776066
-0.3298335118306568
-0.33758317829006046
-0.343977445189301
-0.34489139840006827
-0.3452132016682299
-0.3621844105413806
-0.37510644540348687
-0.3752629519988204
-0.37648959878760463
-0.38020802118815483
-0.3804435931844637
-0.383728101239184
-0.38672525739020785
-0.3890587396663949
-0.39147405926723877
-0.39180963842591154
-0.3950482940879361
-0.3982080219779164
-0.40219880051657897
-0.4037640975499623
-0.40532623843682813
-0.40693786327555526
-0.4072496698681789
-0.4093951010770979
-0.40994627148203716
-0.4109111049522956
-0.41265281521763036
-0.4190923788800402
-0.4234777658795273
-0.4268292489286978
-0.427236508732936
-0.42816764158851583
-0.4287276174895851
-0.4320547849484784
-0.432293839364623
-0.43797469779444026
-0.44135303739240045
-0.44535830330082365
-0.44653512039622
-0.44747761546871817
-0.4477760703333703
-0.44809196649397826
-0.44993357507533244
-0.4508554056897992
-0.4514696467282799
-0.4540008317756777
-0.45449926560724163
-0.4558573212251877
-0.4571248361375183
-0.45741763101845706
-0.45750888187376404
-0.46102482518391397
-0.461588536346729
-0.4616999312336702
-0.46280732185114176
-0.4634472342744023
-0.46352323468184936
-0.46643369208548047
-0.4665015800856054
-0.4670703372515466
-0.4719992360805918
-0.4723709069949109
-0.4746745381853543
-0.4760992836090736
-0.47613763750196086
-0.47730377026021287
-0.478264445764944
-0.4801890276357881
-0.48166791764638867
-0.4826908633975628
-0.4851052386026519
-0.4863760694114227
-0.48645300359930843
-0.48719540779191967
-0.4884281509192078
-0.48850444253146535
-0.48858695353919757
-0.4891895093896892
-0.4907737251372358
-0.4921684343367815
-0.4922568063872556
-0.4925250935677468
-0.493176728193248
-0.4965508939076244
-0.49717867746949196
-0.49861311066181063
-0.49943644117593067
-0.5008489279354525
-0.5014564880479347
-0.5014849742172374
-0.501884991612506
-0.502929885864019
-0.503300144903295
-0.503778423788026
-0.5045404219834547
-0.505093981925812
-0.5065651156846434
-0.5075506463767133
-0.5103883170416917
-0.5112533776497002
-0.5123334904975226
-0.5139175434055182
-0.5152966520923096
-0.5157118579663802
-0.5162663133186081
-0.5176434878468915
-0.5189145555539819
-0.5190086185626569
-0.5202033279368022
-0.5249152172279233
-0.5253006999171703
-0.5287249733619319
-0.5296654143742108
-0.5324314817143507
-0.5326992188129225
-0.5356175130264882
-0.5358465109537873
-0.5394854996443933
-0.5423832081586999
-0.5424236950650811
-0.5427306557052362
-0.5427973695477704
-0.5430685723127681
-0.5435405969619751
-0.5436542533404592
-0.5442456852644681
-0.5480987219523419
-0.5486677010080062
-0.5490213408502314
-0.5509096968380618
-0.552147280164354
-0.5530076126358836
-0.5560783978980908
-0.560386874642323
-0.5627459299608745
-0.5645819208210014
-0.5647533583687618
-0.56650963287959
-0.569611619348628
-0.5718569793384899
-0.5728770853685481
-0.5743550342776871
-0.5763444488661157
-0.5766222009264311
-0.5769508026423864
-0.5802164083950629
-0.5815672268860604
-0.5817891654351115
-0.5867313734879644
-0.5868603062814751
-0.5871655557421036
-0.5887988234171644
-0.5891612354898825
-0.589506824327691
-0.5913233814523361
-0.5972407357609578
-0.5984267846585929
-0.5995499024775199
-0.6014668294359581
-0.6038537232998351
-0.6062168844175175
-0.612406040165167
-0.6128067721470466
-0.6136233575642109
-0.6158084987610992
-0.6169102472158556
-0.617324219737202
-0.6186919113000234
-0.6194935740075178
-0.620183931870593
-0.6212020038881085
-0.6217911181791517
-0.6219237148761749
-0.6255050284788013
-0.6275957559593215
-0.627944940701127
-0.6292424311395735
-0.630178718289244
-0.6310749978700188
-0.6342393310624175
-0.6372893202787964
-0.6383042705987464
-0.6414222622859396
-0.6414438302939137
-0.6442802118965321
-0.6447966288459221
-0.650352357353348
-0.6554215028882027
-0.6576487076069627
-0.6617159085082156
-0.6617687239588121
-0.6649142844447246
-0.6658324189484119
-0.6688283132836139
-0.6694189250706081
-0.6695231977384537
-0.6721695417109004
-0.6766830331180245
-0.6802920534585913
-0.6811134517745814
-0.6847741256157557
-0.6848601473547105
-0.6858054277487099
-0.686569559155032
-0.6877151237567887
-0.697211159710605
-0.7033062982663978
-0.7055948898070912
-0.7067524442536524
-0.7112563653146935
-0.7120522831472045
-0.7120915202632948
-0.7150564319454134
-0.7164151391147503
-0.7181592627312057
-0.7202305571874603
-0.7204721047892235
-0.723578010161873
-0.7240439136512578
-0.7249668933451175
-0.7317449101554101
-0.7331283526498458
-0.7332651068766912
-0.7338260779042685
-0.7341399778212819
-0.7350371563031027
-0.7352303348161513
-0.7358094378141686
-0.7415838622125901
-0.7432910294072437
-0.747147494694218
-0.7483208499528701
-0.753450960137545
-0.7562531490276645
-0.7569035918762287
-0.7583400578134589
-0.7611271164991195
-0.7629284044313762
-0.7647121644578874
-0.7718752531451173
-0.7755391839891672
-0.7768469636378411
-0.779190192440587
-0.7836844405516915
-0.7902374178171158
-0.7916540242731571
-0.7920381148594768
-0.798928396746002
-0.802097400277853
-0.8076149171198873
-0.8093539869336052
-0.8147151561196162
-0.8157679763992617
-0.8193080947191144
-0.8231409730785041
-0.8249397613108158
-0.8280893451301381
-0.8294397021333376
-0.8297996702978188
-0.8358250494916732
-0.8456787699702545
-0.8459044980783281
-0.8481047550837199
-0.8513871320745758
-0.8526774780378522
-0.8570932062109933
-0.8589575625956059
-0.8590851292635003
-0.8649740502005443
-0.8652311658467321
-0.8667554054896754
-0.8679057367146015
-0.868342590595906
-0.8709816978911736
-0.8768796426302288
-0.8789503195832822
-0.8809632809599861
-0.8824448910309002
-0.8842643409928618
-0.8939316961914301
-0.8954964117365307
-0.8964436546569535
-0.9046287387027405
-0.9133172511688566
-0.9147681891918182
-0.9165040100924671
-0.9177685777346293
-0.919134188676253
-0.9196230431844015
-0.919756013881124
-0.92552154220175
-0.9321930790805103
-0.9448872568706671
-0.9485630406956521
-0.9489561907947064
-0.9509521176473105
-0.9564900333652986
-0.958930807809035
-0.9649004593957216
-0.9923984698058727
-0.9953629462938157
-1.0039024113764754
-1.0046114926559053
-1.0056355639826506
-1.0118207900086418
-1.0119278389029205
-1.0151890019575756
-1.0191467497497797
-1.0211082361638546
-1.0215491987764835
-1.022539109736681
-1.0279098810007175
-1.028574136292769
-1.0331252018347317
-1.0340027820008497
-1.0380097536376525
-1.0451361545128748
-1.0583051958986158
-1.0603286445140838
-1.0630023212094482
-1.0677976161241531
-1.0883704039733857
-1.0914424465969206
-1.1092219701968133
-1.1103431267663837
-1.11936025734758
-1.1236908162633579
-1.1294188715815836
-1.1361893266439438
-1.1415630893122095
-1.1440375190228225
-1.144299441948533
-1.1534281997010112
-1.1615819831446668
-1.1632074912389119
-1.1639693081378937
-1.1656394352515538
-1.16888406391566
-1.171880565583706
-1.1770664212332729
-1.1914234305731952
-1.2055126478274663
-1.2086183826128643
-1.2086859078456957
-1.2111235462652985
-1.2132180407643318
-1.2258114076297109
-1.2371898690859477
-1.24152478761971
-1.24177530920133
-1.2589394149060051
-1.2679814193896684
-1.2700159847736359
-1.2709542798499267
-1.2805944522842765
-1.2901877257972956
-1.2993593461578712
-1.304951846583208
-1.311487207810084
-1.3137986867805012
-1.317303016781807
-1.322340236283344
-1.3223776910454035
-1.3263989743621398
-1.3364480435848236
-1.3389262755711873
-1.343421941889184
-1.3488772314574038
-1.3587338185558717
-1.3668173218611628
-1.3676490696670953
-1.380114562343806
-1.3909729812793168
-1.4119559284881689
-1.4672008454799652
-1.4681826588348486
-1.4761983305215836
-1.4763198141008615
-1.4976517483592033
-1.5018534927318494
-1.5128979515866376
-1.547976965631824
-1.5610017875830333
-1.5701898336410522
-1.574809619784355
-1.575007263571024
-1.5797477029263973
-1.6209772229194641
-1.6225255727767944
-1.6400285959243774
-1.6699576240032912
-1.670529991388321
-1.7011613840833888
-1.7067721537896432
-1.730700534582138
-1.7373199462890625
-1.746735841035843
-1.753392878298958
-1.7840210475648444
-1.8046570173464715
-1.8516995906829834
-1.8565318584442139
-1.8611791173073773
-1.8650050301494048
-1.953579618036747
-1.9899526987380038
-2.0410335782449693
-2.1864757537841797
-2.205537796020508
-2.2294843196868896
-2.2996256351470947
-2.309549003839493
-2.340201735496521
-2.375472012674436
-2.4321632385253906
-2.4646837236359715
-2.611903687415179
-2.6172726154327393
-2.6312477969331667
-2.723785400390625
-2.768599033355713
-2.8595660537976073
-2.8800492050747075
-2.930040151812136
-3.0451238427776843
-3.0953368743260703
-3.1288304426707327
-3.243660350640615
-3.250137469953188
-3.2524778119210773
-3.5378193060557046
-3.5894795656204224
-4.802437004351911
-5.197321176528931
-5.670856063836254
-5.718714540203412
-6.035792350769043
-6.204993486404419
-6.811472654342651
-6.831629037857056
-6.8351593017578125
-6.95646333694458
-8.507434844970703
-8.79292106628418
