-0.00166891906701494
-0.012026582815451548
-0.024339405664553244
-0.041018066850180425
-0.04951996970921755
-0.05312146777578164
-0.05447540877919112
-0.0800482600388932
-0.09208421036601067
-0.10128403156995773
-0.12233817013475345
-0.139178741039359
-0.1480969893746078
-0.15840062871575356
-0.1607240247461353
-0.1634062603698112
-0.17919562131282873
-0.17980185549822636
-0.18435505125671625
-0.1852699290159055
-0.19206133430707267
-0.1980791805539411
-0.20096724796652174
-0.2014223087254712
-0.20386946500678146
-0.20614395465651927
-0.20620011180066145
-0.21111024008132517
-0.21196329904099306
-0.2128713837950532
-0.2129324504307338
-0.22324744643022618
-0.2291226915549487
-0.22972977633418684
-0.2333034680923447
-0.2422942414879799
-0.24429003693813714
-0.24715191243684295
-0.2488517334120563
-0.24967389012238494
-0.24983243475851072
-0.25329726841300726
-0.2543514491524547
-0.25760262152180075
-0.2582238348467009
-0.2582390052744553
-0.2590967267751694
-0.26047744162761693
-0.2609426548006013
-0.2619871994035996
-0.26424127842510015
-0.2757219746277702
-0.2773687564573767
-0.278191206318577
-0.27839998200319577
-0.2801198840752477
-0.2810811692948586
-0.28112394362352494
-0.28178328302289757
-0.28229949340069044
-0.28352086337802646
-0.28353117347157014
-0.28504226449877024
-0.2859446601487434
-0.2871294757954914
-0.29244878934696317
-0.29310772771991433
-0.29437124382497537
-0.29970930479957086
-0.3010863117459748
-0.3025819102860987
-0.303864650738736
-0.3178318481426686
-0.3181128261817826
-0.31991834725652424
-0.3209695723392845
-0.32202030533924697
-0.3248817484868182
-0.3250775396823883
-0.3259543685449494
-0.3264491641195491
-0.32661683931946756
-0.32706743755261414
-0.32731690525542945
-0.32781385189446155
-0.3285592503845692
-0.3296349488551237
-0.3302843775600195
-0.33047675447804586
-0.3322508618709565
-0.3377147376359928
-0.33854624548202994
-0.33964945332390134
-0.3398974471880744
-0.34369949355022983
-0.34717785991201905
-0.3476090155055989
-0.34818145921453836
-0.3487703756175258
-0.34958477566639584
-0.3513647218545278
-0.3524312081572134
-0.35320955528877673
-0.35459394610541706
-0.3556507961693569
-0.35736032393188
-0.35889262363586266
-0.35986229763366284
-0.36031226844162395
-0.3613621327560395
-0.3644596226817078
-0.3646520266123116
-0.3653603245038539
-0.36556334025226533
-0.36701900077362853
-0.36711051063612105
-0.37013669549064204
-0.3712112942400078
-0.37125869751131785
-0.3725613595219329
-0.37373980933002066
-0.3758383848471567
-0.37664763224037257
-0.3770524492825974
-0.37933290414512155
-0.37960015624412335
-0.3813003383204341
-0.38364751298940974
-0.3849496260285378
-0.38615350160606404
-0.38716645383586484
-0.38795864925486967
-0.38932750560343266
-0.39014154127133743
-0.3934652893933364
-0.39435564757635194
-0.3943684477932178
-0.3961794011411257
-0.3981437868247407
-0.3999092019318293
-0.402624847393276
-0.4036227125260565
-0.40628788324072956
-0.4063656598329544
-0.41076389434747396
-0.4151462584656353
-0.4185174148995429
-0.4199406870873645
-0.42209209222346544
-0.4220985534068729
-0.4266022339463234
-0.4269140635151416
-0.4270264227428318
-0.4279623322188854
-0.42886979542931336
-0.4302235920639599
-0.43046770021901465
-0.4323211896698922
-0.43234543642029166
-0.4362714729795698
-0.4362952590599889
-0.4397339284420013
-0.44072416704148054
-0.4411658212542534
-0.44124511840830866
-0.44158915186730713
-0.44186556587616604
-0.44208429381251335
-0.44406600095317117
-0.44481163735811907
-0.4468295485047357
-0.4476901924237609
-0.44862737251241924
-0.4486629377352074
-0.4489057930186391
-0.44898331331971447
-0.4490654614161361
-0.45176766631710863
-0.4525736331939697
-0.4555420250897961
-0.45692751405294985
-0.45748774986714125
-0.4586767692118883
-0.4598685574252158
-0.46314021442575676
-0.4672289347508922
-0.4683906960126478
-0.46875524874776603
-0.46905143807331723
-0.47104657605584516
-0.47552813130379135
-0.47681311797350645
-0.4776269894093275
-0.4783398120198399
-0.48041000179946425
-0.4835083511092567
-0.48352871034294365
-0.48403187096118927
-0.4850262417457998
-0.486840274805824
-0.4905796540634973
-0.491240690129676
-0.49157757833600046
-0.4918182677522834
-0.4946708440547809
-0.4959978932514787
-0.4964229754172266
-0.49706595931202174
-0.49733374293686616
-0.49895423324778676
-0.50104557024315
-0.5030078332056291
-0.5032596245408059
-0.5033282906644874
-0.5040177539456636
-0.5071348623605445
-0.5072100882651285
-0.5085302136838437
-0.5087768358031386
-0.5126198724444423
-0.5133740578312427
-0.5139606138026076
-0.5149774644523859
-0.5163467840524391
-0.5197722491741713
-0.5237992240322961
-0.5251380478342375
-0.5251476018586092
-0.5266172578558326
-0.5293435210362076
-0.5333590049828801
-0.5341613401348392
-0.5343688959876697
-0.5357879651710391
-0.5361948112646738
-0.5372202834735315
-0.537408305821009
-0.5383473396068439
-0.5391754622438124
-0.5403551499475725
-0.5430489894933999
-0.5483639498241246
-0.5483712813417826
-0.5517286462709308
-0.5522542896680533
-0.5534885396249593
-0.5537270521745086
-0.5539462302112952
-0.5540752746164799
-0.5547369404695928
-0.558388823736459
-0.5612355438726289
-0.5640135992725845
-0.5724369474919513
-0.5728261623298749
-0.5747785614104941
-0.5785330453525401
-0.5803411897005779
-0.5818816191620297
-0.5846071485430002
-0.586106514907442
-0.5864578660370575
-0.5893235113471746
-0.5913659190345142
-0.5917188033594617
-0.5929038533940911
-0.5972609406388882
-0.597984001680743
-0.5997273623943329
-0.6006655553355813
-0.6009783474728465
-0.6029331194236874
-0.6029611233505421
-0.6074102385900915
-0.6099145845510066
-0.6116845028267966
-0.6132680060608047
-0.6156627326738089
-0.616614006459713
-0.6193054914474487
-0.6224736831150949
-0.6224970265291632
-0.625971567700617
-0.6267982710560318
-0.6271629831753671
-0.6280207071039412
-0.6297952391000258
-0.6305970824840996
-0.632998953972544
-0.6334685095482402
-0.6339522151069509
-0.6360806659746837
-0.6367513219593093
-0.6404830430235181
-0.6410267624139253
-0.6421854957006872
-0.6427483458610368
-0.643284255431758
-0.6456436133012176
-0.6488183009438216
-0.6496863067150116
-0.6501764869317412
-0.6508282755385153
-0.6518140893119077
-0.6519343872253861
-0.6566069582710042
-0.6566294215412604
-0.6593337718929563
-0.6595948747514436
-0.6612265780568123
-0.6635668117863437
-0.6642895340453834
-0.6653894825838507
-0.6676248771005443
-0.6693914569914341
-0.6719235286194211
-0.6721195838414132
-0.6733988730702549
-0.6745236590504646
-0.6791367815652242
-0.6820659616163799
-0.6828992175204414
-0.6838511299075825
-0.6841332423500717
-0.6964541548319781
-0.6987481464942297
-0.699175024671214
-0.7006240400175253
-0.7040066197514534
-0.7060218756752354
-0.7072380398000989
-0.7148547410964966
-0.7191906688468797
-0.7212092776649764
-0.7234718287363648
-0.7272274373099208
-0.7286153345161842
-0.7326508185826242
-0.7391014796060821
-0.7407410621643067
-0.7425335794687271
-0.7497847517434921
-0.7585018943729145
-0.7612443508373367
-0.7652624916019184
-0.7678020047689122
-0.7703679195605219
-0.7807675589283463
-0.7861933589059239
-0.8004797756671905
-0.8065743207931518
-0.8065814456931548
-0.808642464876175
-0.8134122124873102
-0.819730655523017
-0.8203571425750852
-0.8236638347880216
-0.8304545888677239
-0.8430674195289611
-0.846776287270976
-0.8475450522770794
-0.8522015428170562
-0.8543489307630807
-0.8630340282494823
-0.8649765120819211
-0.8654316893778742
-0.8723916982611021
-0.8857545972568914
-0.8960049353074282
-0.8997052893042564
-0.9043091926607303
-0.9118672203272581
-0.9163360580801964
-0.9167649929101268
-0.92295389669016
-0.9339220573504766
-0.9348539362351099
-0.9382935498530666
-0.9397128894925117
-0.964815660379827
-0.9722957015037537
-0.9827699661254883
-0.9894897844642401
-0.99233812186867
-1.0014377643043797
-1.0073304296238348
-1.0414675402765472
-1.0466038882732391
-1.0690518122476835
-1.0745792894491129
-1.090230830013752
-1.0906461862226327
-1.0987610893013577
-1.1139199089258909
-1.1268188407023747
-1.12912621597449
-1.1837254940764979
-1.1842140443623066
-1.1878658961504698
-1.2133924663066864
-1.2497757244855165
-1.2734492023785908
-1.305875986814499
-1.3132366901263595
-1.32880300283432
-1.339936872323354
-1.347513036802411
-1.3753633499145508
-1.4288875618949533
-1.4803667729720473
-1.4955611824989319
-1.5047930157743394
-1.5050012627616525
-1.525164585871001
-1.5345657747238874
-1.5892562866210938
-1.598768999101594
-1.6124227941036224
-1.614802756657203
-1.653715081512928
-1.6582841351628304
-1.6958073352773984
-1.7053010165691376
-1.7328989021674108
-1.7630090117454529
-1.7662834571674466
-1.8310503410175443
-1.8969621807336807
-1.9137240946292877
-1.9241025100151699
-1.9367392095931184
-1.9503265221913655
-1.9748002886772156
-2.005920031107962
-2.0262691577275596
-2.0410745181143284
-2.048649910837412
-2.0915690064430237
-2.092012882232666
-2.096126834551493
-2.131458022321264
-2.157337948679924
-2.2368466208378472
-2.2483802239100137
-2.2601881474256516
-2.3556610345840454
-2.3729618224703395
-2.37685626745224
-2.402816951274872
-2.4247527942061424
-2.5131391640752554
-2.6075339317321777
-2.6318754851818085
-2.6647253334522247
-2.800087943673134
-2.8081900104880333
-3.1987938042730093
-3.339110851287842
-3.422144046984613
-3.7443485811381834
-3.7482118606567383
-3.8590798377990723
-3.9677205085754395
-3.9754691123962402
-4.601198434829712
-9.969677925109863
-12.050148010253906
