-3.4212478567496873e-05
-8.099939441308379e-05
-0.0020491407194640487
-0.002357366814976558
-0.0035024314141386035
-0.007965861570482957
-0.011770113091915845
-0.013755483571912919
-0.014057461259653792
-0.014618529821746051
-0.01639863547461573
-0.0181418333571249
-0.02011419227346778
-0.02104876392634954
-0.023497853335963253
-0.02626758644214533
-0.027102443271966575
-0.029091452972871985
-0.029206268106853322
-0.03130298841279
-0.04269422667566687
-0.042809723992832005
-0.04565184543441449
-0.05127802852075547
-0.051459292459185235
-0.05326750209011758
-0.05992245310517319
-0.05995209771208465
-0.06536987267775528
-0.06538035691482946
-0.06688355309465392
-0.06728001576266252
-0.07366899975932029
-0.07538493536412716
-0.08006264538271353
-0.08016230911016464
-0.08163049910217524
-0.08351021137059433
-0.08360614773846464
-0.08400753600290045
-0.09169148951251474
-0.09201426138170063
-0.09287178013538425
-0.09442489151842892
-0.09987519594350099
-0.10971881024443064
-0.11072813323698938
-0.11332495106762508
-0.12504905546666123
-0.13790943023438254
-0.14181629654485733
-0.14481600859289756
-0.1460213391713166
-0.14917324346024544
-0.14976608370488975
-0.16327499598264694
-0.16438274954756102
-0.1645365942866192
-0.16484183031514896
-0.1658847098599206
-0.16822118274285458
-0.1687002166498652
-0.16964329779148102
-0.16987564271317646
-0.17001330852508545
-0.1701517543927031
-0.1798134328564629
-0.18326981462378172
-0.18389544188976287
-0.18492521343384094
-0.18712620238823416
-0.200402691652156
-0.2021596745820716
-0.20234562068071682
-0.20602806866008905
-0.20620557992421068
-0.20986312255263329
-0.21043837271402785
-0.2161578777137038
-0.21692531661104417
-0.22038414324116376
-0.2212807544565294
-0.2237438761163503
-0.22572785113879945
-0.22958677277913214
-0.22999279675180637
-0.2308570473126435
-0.23425362647529774
-0.23526694339234383
-0.23541822982726193
-0.23583916378417294
-0.24312850832939148
-0.24374696454227282
-0.24397049640053106
-0.24440717499921447
-0.24631523823167112
-0.24644627509860584
-0.24713170808026916
-0.24844889293523953
-0.25057079169359725
-0.2510744623917465
-0.25193668839056044
-0.2521482695490704
-0.2522012694203618
-0.25263464528446394
-0.2531848483161378
-0.25448872818702106
-0.2554590984911877
-0.25577389968898856
-0.25631924505121007
-0.25888347551226615
-0.258939991531762
-0.2636319801211357
-0.2660512246657163
-0.2671937957328392
-0.2674681253731251
-0.26812570741030334
-0.2683363535157136
-0.2687784001231194
-0.2687894682235492
-0.2697092056669135
-0.27207833505443496
-0.2726552029198501
-0.27283536791801455
-0.27431778439677146
-0.2778265575672357
-0.2782631257374305
-0.2792157616418348
-0.2793825450221664
-0.27962681816570695
-0.28084139440934885
-0.28299950637544197
-0.2831033772821209
-0.28317636251449585
-0.28413608515165834
-0.28551261269021777
-0.2868576910741467
-0.2890649707611267
-0.2892607017471592
-0.2904615469102282
-0.2910002003430718
-0.2913196424789203
-0.29313865532167255
-0.29340999739360996
-0.29614437948475825
-0.29618937012273816
-0.29692417145088257
-0.2974070894997567
-0.2991188493006947
-0.2992943463096809
-0.3000601628096774
-0.30030659183103126
-0.30167472176253796
-0.30765550583601
-0.31115471814862555
-0.3113431034613644
-0.31265419740229844
-0.3131059312494472
-0.313627215269662
-0.31499979390209776
-0.31545116696506736
-0.3179170326562598
-0.3198440175895628
-0.3199195034940203
-0.32329630948855387
-0.32420112646650523
-0.32483832277384034
-0.32576921038950485
-0.32717895821810494
-0.32809119299054146
-0.3283578008413315
-0.3290666540274937
-0.3314806243009419
-0.3315983370412141
-0.33208594933702523
-0.3323199231148465
-0.33289756186277375
-0.33625834356313467
-0.33746628167500603
-0.3401268071837775
-0.34035784762818366
-0.34084226645209126
-0.341562382876873
-0.3427262559533119
-0.34309180039498544
-0.34332605078816414
-0.34345923433232073
-0.3450480152387172
-0.3454394081879097
-0.34625095981173215
-0.3464865137357265
-0.3465275438231236
-0.34846808754373343
-0.3511462353140814
-0.3512781608951627
-0.35203170207872364
-0.3535959064101917
-0.3550234767317306
-0.35513614675146526
-0.35593075124132967
-0.35723375179209554
-0.35748398303985596
-0.3580767405045056
-0.3590734127734322
-0.359619891581436
-0.36081425693506997
-0.36241502524353564
-0.3625281597839938
-0.36371538848470664
-0.36428700056906865
-0.3657015841620575
-0.3674958629126195
-0.36764031220955073
-0.3680928883026354
-0.36839633319842896
-0.36879623010463547
-0.368910773004043
-0.3696855075346927
-0.3702244310956707
-0.371533503689404
-0.372617172136961
-0.37304469736086
-0.3734550427147446
-0.37588954070524777
-0.37807453962159343
-0.37929785494796103
-0.37968271551653743
-0.3803659443154983
-0.3858377499862053
-0.38838795422796263
-0.38903745837160386
-0.38938862181967127
-0.39041548312889063
-0.39162446392907035
-0.3918290980393067
-0.39475418213405644
-0.397502438010027
-0.3975993204142221
-0.4000178107655504
-0.40045799691181044
-0.40206602391117485
-0.403243027482898
-0.40347575652089696
-0.4037957809244593
-0.40494434954598546
-0.40507859501724397
-0.4051368724709998
-0.4068413991975831
-0.40774962333125586
-0.408817957341671
-0.409478949815301
-0.41029587333388107
-0.41254253685474396
-0.4126438770157013
-0.4127645015716553
-0.4140077404873936
-0.4155187792930519
-0.41695306044338004
-0.41860129109894234
-0.41877430179010844
-0.41958220799763996
-0.41968945000007807
-0.41990730193538184
-0.4234411070574424
-0.4249961433801218
-0.4292798838936366
-0.4304011286047171
-0.43053762499559006
-0.4354730852258702
-0.4356944586150348
-0.4363095217517444
-0.43773043843102644
-0.43802200640110595
-0.44212655759911285
-0.4445147304278281
-0.4449807643890381
-0.44513722736737693
-0.445169205586717
-0.445460985104243
-0.44682333991659107
-0.448257492412813
-0.448908062858714
-0.4496814054825033
-0.45075337482350214
-0.45214913168456405
-0.45317794184666127
-0.4556936103747123
-0.4562336098315427
-0.4610138535499573
-0.46203007121544537
-0.4622357948683202
-0.4626059962192812
-0.46271485757703584
-0.4650098983198404
-0.4670353624969721
-0.46733455953330527
-0.46870625177527675
-0.47151387220364993
-0.47343910738037753
-0.47492977092042565
-0.4774544735560734
-0.4781939829255053
-0.4782799040632589
-0.4786185141652822
-0.4811674824191464
-0.48145349472761156
-0.482400258345639
-0.4840840929420665
-0.4861292732336248
-0.4875400508118963
-0.48947963785446647
-0.4921979188091225
-0.495752223705252
-0.496368630672805
-0.49644369522658444
-0.4968322077766061
-0.49837498508859424
-0.50088801831007
-0.5012323890987318
-0.5021807350082478
-0.5027099971711222
-0.5033027913959813
-0.5053186685894616
-0.5072397112235194
-0.5076175142894499
-0.5080896820873022
-0.5091564658350762
-0.5105830112265216
-0.5110603808246267
-0.5112953647272661
-0.5178835822025576
-0.5199851109128859
-0.5204161561759975
-0.5211505783178533
-0.5212554798991833
-0.5213387937285006
-0.5224583340542657
-0.5249592993196155
-0.5261960469984582
-0.5264886423945427
-0.5282069720793515
-0.531025763710632
-0.5310984421521425
-0.5325485885764162
-0.5336350285680964
-0.5343837526233983
-0.5350543724780437
-0.535379366328319
-0.538489023844401
-0.5420128686237149
-0.5443678084023608
-0.5481954193008798
-0.5482193511145722
-0.5495518493068327
-0.551554282506307
-0.5515642932878109
-0.5536227119543279
-0.5537659084269156
-0.5545859158970415
-0.5554504161700606
-0.5555264317663386
-0.556952051218832
-0.5581695558187979
-0.559213148750132
-0.5605513703388473
-0.5631046266760678
-0.5638805803144351
-0.5650817331159488
-0.5699333501979709
-0.5701219678934043
-0.5735284380692368
-0.5737751729053949
-0.574092764573704
-0.5749332476174459
-0.5755570910072753
-0.5767510200052389
-0.5800707704953051
-0.5824170488285745
-0.5832237628443787
-0.5833096817433316
-0.586613985204167
-0.5870094686173476
-0.5870830570347607
-0.587608664878644
-0.5879793986257735
-0.5880934574874118
-0.5888273396662304
-0.592545646079816
-0.5954154413338983
-0.5996382733897513
-0.602919901907444
-0.6035602046176791
-0.6035878541239071
-0.6044877665583044
-0.6047407256749769
-0.6053161479649134
-0.6055077873170376
-0.6071059286594391
-0.610407167673111
-0.6107977208157536
-0.6118829393562919
-0.6132237649988383
-0.6153883024068948
-0.6154445036340298
-0.6205239012953825
-0.6260767963714897
-0.6273839945594469
-0.6285495017946232
-0.6300578476353125
-0.6365688692778348
-0.6370518066105433
-0.6376439626993877
-0.639271488157101
-0.6473421065269837
-0.6484256809344515
-0.6495408769696951
-0.6496599306313632
-0.6498001280706376
-0.6509730643950976
-0.65377576649189
-0.6553738573566079
-0.6565388230192184
-0.6566300831036642
-0.6568431449898829
-0.6573226938295799
-0.6592894000350498
-0.6645631442467371
-0.6670710435137153
-0.6682100224840853
-0.6686631782148551
-0.6694547442926301
-0.6718603707849979
-0.6737575607694453
-0.6739719125131766
-0.6796538674486025
-0.6797063385311048
-0.6801014617085457
-0.6814343631267548
-0.6853582436218858
-0.6871544986497611
-0.688030146760866
-0.6889456843055086
-0.6894184353981733
-0.6912301813717932
-0.693704362337788
-0.6988257639071284
-0.7003703246720963
-0.7004510444494372
-0.7010845334984229
-0.7017650765677294
-0.7060510141818668
-0.7099968763914976
-0.7157795750858246
-0.7192121702129952
-0.7218204983842692
-0.7224380746483803
-0.7250756060238928
-0.7253475979798369
-0.7266748182475566
-0.7293515441007912
-0.7297856000805041
-0.7300687343231402
-0.7335679467767477
-0.7357664706457095
-0.7394280649721623
-0.7434569615870714
-0.7503127504378426
-0.7523408104665578
-0.7571877922106068
-0.7578546743501317
-0.7604986925095242
-0.7657137498259544
-0.7665941980667412
-0.7696357199290235
-0.7772419452667236
-0.7787739187479019
-0.7869682775012085
-0.787289847061038
-0.792466953791388
-0.7951909912129244
-0.7977888226509094
-0.7984023747655252
-0.7999244796644364
-0.8002241767244413
-0.8009812931530178
-0.8052836418151855
-0.8105868448813757
-0.813320022483822
-0.815694693243131
-0.8193894510273821
-0.823565301951021
-0.8245078086853027
-0.8245240345131606
-0.826049397560772
-0.8311592850513989
-0.8321221703663468
-0.833334619179368
-0.8355483542836737
-0.837724780031879
-0.838428761375629
-0.8443727907233551
-0.8475511828437448
-0.8525071232506889
-0.8544713379815221
-0.8611111210775562
-0.8621511850506067
-0.8621834311893003
-0.8674377837839226
-0.8734193377216192
-0.8814668012782931
-0.8823554395436076
-0.8831068594008684
-0.8837864984016051
-0.8852289285172116
-0.8858544838925203
-0.8963108178826847
-0.9126486666500568
-0.9165185242891312
-0.9362234942527721
-0.9479392829040686
-0.9510437847832994
-0.95177978177162
-0.9541546031832695
-0.9544404244204218
-0.9572795096319169
-0.9599676420912147
-0.9901829486091932
-0.9902761373668909
-0.9939350038766861
-0.9943591576768085
-1.003435434307903
-1.0067806539258786
-1.0140214636921883
-1.015069784130901
-1.0156584531068802
-1.0287410377835233
-1.0394531451165676
-1.0429701935499907
-1.0552747190122318
-1.0552957896725275
-1.0618277632553752
-1.0658709314642085
-1.0675692856311798
-1.0741694029420614
-1.075869528842824
-1.0831604235378716
-1.0864091550532369
-1.0940823790927727
-1.0981693615516026
-1.1041386723518372
-1.1098950274366264
-1.1178755309229018
-1.1183821111917496
-1.1206358873245335
-1.1518925296453137
-1.1582268178462982
-1.1614576359046622
-1.17172857621775
-1.1733758052190144
-1.1786510981619358
-1.1792985557112843
-1.1845709001645446
-1.1964185610413551
-1.2040678230502333
-1.216805734366062
-1.2196880202973261
-1.225423121766653
-1.2300219051539898
-1.25007031475252
-1.2621092200279236
-1.2656950252130628
-1.2842300517484546
-1.3174406198013457
-1.336837053919832
-1.3433440091709297
-1.359589695930481
-1.3609824031591415
-1.3674587177326127
-1.3681383778651555
-1.3798206901177763
-1.3818400551875432
-1.3972569853067398
-1.4047027627627056
-1.4504680683215458
-1.4659056067466736
-1.470118394538152
-1.474829111029976
-1.492241084575653
-1.5000648498535156
-1.5174482634611195
-1.5276241034734994
-1.5328142940998077
-1.5670630186796188
-1.5700741112232208
-1.5747239103366155
-1.5775607148971176
-1.6176236520210903
-1.6178573469320934
-1.6363242794759572
-1.6422804196675618
-1.6491958498954773
-1.6566817959149678
-1.6590257082134485
-1.6654067831532302
-1.6706610023975372
-1.6756111979484558
-1.695781160145998
-1.697751084342599
-1.7082480879598734
-1.7119401196638744
-1.7345046942937188
-1.740100422874093
-1.7561522306641564
-1.7742803367824915
-1.7762286743381992
-1.7817601559409013
-1.809957326431686
-1.8115747347474098
-1.829963485399882
-1.8529651602730155
-1.8534600248385686
-1.8744904957711697
-1.8970046043395996
-1.968288499279879
-1.98300551623106
-1.9870150983333588
-2.118844944983721
-2.1572105288505554
-2.162977567350026
-2.1744715682434617
-2.223217189311981
-2.239062175154686
-2.320600211620331
-2.3341943621635437
-2.387576539069414
-2.451210835870976
-2.4860468317056075
-2.519110679626465
-2.6246071813317635
-2.7779454737901688
-2.8161957673728466
-3.0447564125061035
-3.1149675809720065
-3.2730142373523754
-3.286804595729336
-3.2906458657234907
-3.3170363008975983
-3.3380570309236646
-3.425923403352499
-3.434682011604309
-3.441442161798477
-3.458265805694585
-3.531019031752294
-3.595676778444613
-3.7524695941247046
-3.8186669916613027
-3.863259135163389
-3.9414404032122548
-3.9667521527735516
-4.09679889905965
-4.097092151641846
-4.111746367882006
-4.164227917790413
-4.20224690073519
-4.239702224731445
-4.298681735992432
-4.315814604720799
-4.539819717407227
-4.618038713682836
-4.740395178756444
-5.042472660520616
-5.171716511228624
-5.460650820285082
-6.180197671055794
-7.33946681022644
-7.634708881378174
-7.813905715942383
-9.049874305725098
-9.057570457458496
-9.352863311767578
-11.452885627746582
-14.270541191101074
-16.13493537902832
