-0.003485083347186446
-0.018704622673491638
-0.03509960137307644
-0.039960652589797974
-0.04910213765688241
-0.05464521236717701
-0.05492738572259744
-0.05895805498585105
-0.13496561828651465
-0.13674588687717915
-0.137891984389474
-0.1528399938898575
-0.17458625017510107
-0.18731292554487786
-0.19620574042201042
-0.19756689507630654
-0.19877351731217155
-0.2393941165646538
-0.24986783226486295
-0.2648738988542131
-0.2760828198839186
-0.2960603008163162
-0.3015281388587836
-0.30526103100015056
-0.3082367263850756
-0.31088544787572964
-0.33096944105345755
-0.33119615508864325
-0.3318201790356802
-0.3394400477409363
-0.3466162514200227
-0.35218480698531496
-0.3569472883698634
-0.3600820363499224
-0.36064473188016566
-0.3630068073165603
-0.3761947512626648
-0.3776339208060462
-0.3787952593146739
-0.38047291710972786
-0.3821937108545431
-0.3828971156966873
-0.3875843715440068
-0.39070296894060447
-0.39396750945597886
-0.3970740069117811
-0.3985081982031903
-0.4008198878824866
-0.40202124791944194
-0.4039506956210567
-0.4119847594993189
-0.41291130536895554
-0.4155571137865384
-0.41839929710009266
-0.41885619931854307
-0.41946411482058465
-0.4220796913972923
-0.4238419680817363
-0.4252187320833198
-0.42727798249365556
-0.4277402757725213
-0.43108581798151135
-0.4365773642701762
-0.44901620541349985
-0.4491388398746494
-0.44957560379142786
-0.4500592376469918
-0.45361020545371705
-0.45421941780174774
-0.45494502547251825
-0.4581716640904132
-0.459999256922553
-0.46911413677864605
-0.4691182604939159
-0.4699679375626147
-0.4708970320643857
-0.475565769183247
-0.47967375110602006
-0.4808351718529593
-0.4828390133463674
-0.48390642319131516
-0.48392802698072046
-0.4839806523814332
-0.48809433897787874
-0.4885916010926253
-0.49067950854077935
-0.4911372910618134
-0.4928660048171878
-0.49297754893657464
-0.49318093311740085
-0.49366694411516865
-0.4941894357376125
-0.49549564597610796
-0.4975224673638449
-0.4976125151850283
-0.4992469623684883
-0.5007104129409012
-0.5055511336831842
-0.5065739469137043
-0.5109751146907607
-0.5149949743412435
-0.5165749112228778
-0.5198560663848184
-0.5206617982952263
-0.5210160358737295
-0.5283532031545681
-0.5286303165679177
-0.5290915763936936
-0.5309977145599467
-0.5402103250269734
-0.5428121371660382
-0.5454442425980233
-0.5469669743906707
-0.5496042971964925
-0.5511987628124189
-0.5545359089039266
-0.5578408784233033
-0.5655468106269836
-0.5689450527674386
-0.5738354535359476
-0.5753763509648187
-0.5776384919881821
-0.5836353091290221
-0.5847169577609748
-0.5852156172373465
-0.5882248908281327
-0.598610475147143
-0.6010526033118367
-0.6028848787536845
-0.603924331122211
-0.6047215312719345
-0.6047566351480782
-0.6069947158296903
-0.6076943576335907
-0.6122612200145211
-0.6157732730731368
-0.6226329995053155
-0.6235550771816634
-0.6288384039487157
-0.633309183832766
-0.6379085494925014
-0.6387034210376441
-0.642657750419208
-0.6507955440320075
-0.6533978580712125
-0.6555637747049332
-0.6573236352867551
-0.6605753414332867
-0.6636895972437092
-0.665906087309122
-0.6662545445685585
-0.6720323631772771
-0.6785947320929083
-0.6790637131780386
-0.6790949674581902
-0.679286208935082
-0.6811013902382305
-0.7030760887061694
-0.7030825675465167
-0.7047639366771493
-0.7077258809899482
-0.7078496326262561
-0.711660771816969
-0.7136311859268551
-0.7142607606410121
-0.7230884061956947
-0.7232843215266863
-0.7269928484844664
-0.7314536115154624
-0.7370711404830217
-0.7396142386631774
-0.7412281438708306
-0.7413078896328806
-0.7446523545309901
-0.7496997484077628
-0.7549777384847403
-0.7550243418081664
-0.755263466698428
-0.7563594825031167
-0.7572232084348798
-0.7577555411844514
-0.7582979262030373
-0.7584014435609182
-0.7615580782294273
-0.7782455643638968
-0.7786354875812928
-0.7788396937772631
-0.7802452094318276
-0.7816854890968118
-0.7825534326817702
-0.787257668648467
-0.7964576741680502
-0.7970634899347236
-0.8043256641498634
-0.8049430204555392
-0.8071289200237707
-0.8079389941745571
-0.8096636986980835
-0.8181829760316759
-0.8386057758470997
-0.8399314030539244
-0.8403019491317016
-0.8416645852848887
-0.843534826580435
-0.8443046905366438
-0.8446255074813962
-0.8454663217358757
-0.8481643080711365
-0.8505976698606422
-0.8515718003734947
-0.857692665362265
-0.858295427782363
-0.8606364206144852
-0.8682304684383174
-0.8732721446081996
-0.8734532189555466
-0.873948473793765
-0.877020979869283
-0.8775360063383622
-0.878353574934105
-0.8817032708653382
-0.8830816653342202
-0.8965650150785223
-0.9018127944852624
-0.9129150435845885
-0.9174862243235111
-0.9242968978263283
-0.9349080036627129
-0.9397199688375824
-0.9435547561151907
-0.9451334606856108
-0.9550276526715606
-0.9696169854141772
-1.0079025022685528
-1.0122029088437556
-1.021584013896063
-1.0377040618099271
-1.0396351613570005
-1.0455818571150304
-1.065509104076773
-1.0752899611058335
-1.087518684566021
-1.093768354660521
-1.109163505816832
-1.1258189596235753
-1.139469663053751
-1.1448638147807546
-1.1492091019504838
-1.1904386607930064
-1.1992675689980388
-1.2383933537174017
-1.241115448065102
-1.2562198583036661
-1.2570393049779038
-1.2815334126353264
-1.302429435076192
-1.3113444685004652
-1.4349979660473764
-1.445375233888626
-1.448731604963541
-1.4928345624357462
-1.494485765695572
-1.5210521221160889
-1.5498308775325615
-1.6307450514286757
-1.6384848859161139
-1.6543258310606082
-1.6551053524017334
-1.6679787977288167
-1.6973996503899496
-1.715915637711684
-1.7400132877131302
-1.749242266640067
-1.8562343555192153
-1.9121503289788961
-1.9486731287712853
-2.2087985277175903
-2.2650570472081504
-2.3237239122390747
-2.51701283454895
-2.517579672858119
-2.563490112622579
-2.586866855621338
-2.5960632991045713
-2.792246935889125
-2.822055608034134
-2.882358342409134
-2.9576740451157093
-2.9972641468048096
-3.0008252188563347
-3.2502994537353516
-3.370349884033203
-3.3824229910969734
-3.402148365508765
-3.4867535308003426
-3.68558669090271
-4.759307861328125
-5.216588497161865
-5.318750381469727
-9.29872989654541
