-0.010651800548657775
-0.032553836004808545
-0.03420823090709746
-0.03557721874676645
-0.03724102023988962
-0.04338199812918901
-0.048312727051476635
-0.05401916499249637
-0.06614915514364839
-0.09249641187489033
-0.1064020749181509
-0.11034218068899852
-0.11446356336819008
-0.12897356547182426
-0.13359300792217255
-0.13442826118054135
-0.14232328223685423
-0.15009960159659386
-0.1678853495977819
-0.18684048857539892
-0.20359241434683403
-0.20524999871850014
-0.20607947340467944
-0.2070502456277609
-0.21230253158137202
-0.21276582890034965
-0.21702910878229886
-0.22510092658922076
-0.22520802885992453
-0.2284376509487629
-0.2284577288897708
-0.23228734782896937
-0.2334007302764803
-0.2504431139459484
-0.2557139047421515
-0.2587156957015395
-0.262568596265434
-0.26891426043584943
-0.2723100808216259
-0.2779771636842805
-0.2871502637863159
-0.28828477553491083
-0.2889874587999657
-0.28937443788163364
-0.2899157211317548
-0.29003859986551106
-0.2917747105006129
-0.29516768381673547
-0.29784935606377466
-0.2985886136690776
-0.29966168390173054
-0.3037017037471135
-0.304864217992872
-0.3061190335251417
-0.30906323972158134
-0.3090944005442517
-0.3140736445784569
-0.3167206497862935
-0.3192921653389931
-0.3198367051469783
-0.32584149127069395
-0.3274453670080555
-0.3279627055162564
-0.3285183310508728
-0.33442139625549316
-0.33882099303549956
-0.33901193828429455
-0.33933020164498456
-0.3409267095194082
-0.3413405500521714
-0.34192909746031674
-0.3462085495788911
-0.3537287088111043
-0.3537364989857782
-0.35496895997785033
-0.3550115127582103
-0.3556454819481587
-0.35575985313308983
-0.35592022389173505
-0.3576141516445205
-0.3585323549807072
-0.35938122232134145
-0.3596247448434081
-0.3596548433590215
-0.36184327081692963
-0.36228116634883917
-0.3623482140246779
-0.36235157548970376
-0.3627949008304212
-0.3628491132448499
-0.36317969718028936
-0.36404490450190174
-0.36472185135789914
-0.36561252049092824
-0.3658910757891135
-0.36665556611357414
-0.36766502384562044
-0.3688610621902626
-0.36923340610034455
-0.3697261964844074
-0.3698475551250989
-0.37002862473566306
-0.37038945189797906
-0.3715512071685225
-0.3723848586902022
-0.3735404706427029
-0.37367196287959814
-0.3740778595270563
-0.3748842767543263
-0.3756433674466929
-0.37589104287326336
-0.3762539441935951
-0.3782934364873934
-0.37839674891794556
-0.37918069353327155
-0.3794645320516653
-0.37951829497950923
-0.3803069771500304
-0.38191086586643735
-0.3821311777079245
-0.38223946327343583
-0.38253051947053196
-0.38262632010446396
-0.3830475381575525
-0.38364648011823493
-0.38410850645691663
-0.38413109636013887
-0.3842588690458797
-0.3843311675203343
-0.3858170211315155
-0.3876872807741165
-0.3877898078165291
-0.3878757233421008
-0.38833508954849094
-0.3888360532444148
-0.3888983582706984
-0.3898521474063403
-0.39011573418974876
-0.39013123450179893
-0.39066620440488414
-0.39093871717341244
-0.3910276085138321
-0.3913876550892989
-0.39259541575547
-0.39321977137005887
-0.39342599490838537
-0.3935644624289125
-0.39480654782260227
-0.3950701568896572
-0.3960122340358794
-0.3965545752085745
-0.3980656039480891
-0.3981313137457995
-0.39867978636175394
-0.3991065438349324
-0.3994061310503249
-0.4000514473088763
-0.4001496305595951
-0.4001782989362255
-0.4010893686208874
-0.40343423125644523
-0.40427853539586067
-0.4045207191278071
-0.40565965738496745
-0.4063473566923113
-0.40660797504177837
-0.4069726766552776
-0.4072509916150011
-0.40749398185871544
-0.40753788719068024
-0.40877288592600963
-0.4110286797929023
-0.41151267342225073
-0.4130397567978913
-0.4137255494832061
-0.41375774308107793
-0.41384714808065415
-0.4149814299155917
-0.41525037797167896
-0.4156065830288248
-0.41577880087009234
-0.41578409793704246
-0.4164514752046671
-0.41658562251591474
-0.4169371058656411
-0.4183236218523234
-0.4197630029171705
-0.42038939872290937
-0.4205195242073387
-0.42064213650301097
-0.42097364862759906
-0.42158283963799476
-0.42192414853100974
-0.4219791585208094
-0.4223329871892929
-0.42259001899219584
-0.42284060921519995
-0.42354042464221886
-0.4246861705454042
-0.42490946866261464
-0.4254912283476664
-0.4258837767909946
-0.4261934107169509
-0.42667835927568376
-0.4272911031730473
-0.42768715404963586
-0.427705017960155
-0.42799102741870837
-0.4281197584605252
-0.4284674245864153
-0.4290862594332014
-0.4308179989876226
-0.43174880277365446
-0.4318286283717801
-0.4329848365210321
-0.43456454995005817
-0.43486704453825953
-0.43510572622868826
-0.4355603754520416
-0.43594860505168875
-0.43619783635749
-0.43746630226572353
-0.43957557694779503
-0.43983435444533825
-0.4404983092099428
-0.44054290240455884
-0.44086815435439347
-0.4436726779431889
-0.4443182075861841
-0.44479386003589944
-0.44481359798969194
-0.4454089214321522
-0.44570539859567015
-0.4460822198806064
-0.44629126670932034
-0.44658704363696633
-0.44670094139873984
-0.44691792343344006
-0.447047519878569
-0.44720633880933747
-0.44800941584010917
-0.44828569594149786
-0.4483536205825658
-0.44899320643809104
-0.44976474945272865
-0.4504823085319783
-0.45085530259853435
-0.45142872284923213
-0.4515004829969257
-0.45198216252028944
-0.45314784348011017
-0.4532442605122924
-0.45359139067919124
-0.4536909218877554
-0.4545605832710862
-0.4547859275979655
-0.4555084785446525
-0.4587468130713595
-0.4588409184589577
-0.4603838175535202
-0.4626532690017484
-0.4632570411587316
-0.4639666691655293
-0.4647973314526358
-0.46518679115582595
-0.4664435451850295
-0.4666438899779071
-0.4679063790374332
-0.4681897226772789
-0.46952836837671286
-0.4695777839049697
-0.46989960342438686
-0.470232049562037
-0.470744414255023
-0.47090194007705577
-0.47126803221181035
-0.47334970184601843
-0.4739091231704465
-0.4751603588229045
-0.4757072010310367
-0.47628714544698597
-0.47646609046962113
-0.4766057735708143
-0.47703648305365015
-0.4771337886340916
-0.47795893922448157
-0.47844963778248606
-0.4790118651257621
-0.47920433059334755
-0.479212476975388
-0.4795744743387331
-0.479986310005188
-0.4801173882248501
-0.48014844747053254
-0.4804699770021006
-0.4810651565901935
-0.48279448433054817
-0.48280082968994975
-0.4828496277332306
-0.4833544261753559
-0.48336789198219776
-0.48345601418986917
-0.48355159830922884
-0.4855515679810196
-0.4859415990067646
-0.4862833079090342
-0.4864320332805316
-0.487183448439464
-0.4897332408800139
-0.49132656008005143
-0.49222118500154466
-0.4930616212077439
-0.49397498190349626
-0.49457166406015557
-0.49498217217624185
-0.49502276023849845
-0.4952796803903766
-0.49586494412506
-0.49673610646277666
-0.4972949005397303
-0.4973284619874903
-0.4978619442481431
-0.49799434242304413
-0.49980913898484275
-0.5000285536765919
-0.500203475356102
-0.5005820429263016
-0.5022874188476375
-0.5036751492104182
-0.5038347884826362
-0.5045608862303197
-0.5048467559473855
-0.5049618284218014
-0.505404781550169
-0.5063701445236802
-0.5069630169203844
-0.5080322656514389
-0.5092816800396476
-0.5099579311907292
-0.5099933798424899
-0.5101060713890807
-0.5107224504414868
-0.5109357560539375
-0.5122176419115729
-0.5122678148327395
-0.5128731433845436
-0.5135380816585288
-0.514062455788787
-0.5144903156906366
-0.5146515473723412
-0.5180616827888621
-0.5188459502824116
-0.52020562103846
-0.5207325175404549
-0.5209390476346016
-0.5230783496808726
-0.5231212067107359
-0.5233937740325928
-0.5239722672849894
-0.5250535944683684
-0.5253698938629694
-0.5270694012103073
-0.5278990417718887
-0.5279700525570661
-0.5279953658409795
-0.5291936077798406
-0.5300003958400339
-0.5300370875746012
-0.5301860934123397
-0.5313366154829661
-0.5317645920440555
-0.5321436371305026
-0.5324744902551174
-0.5340654645780367
-0.5343513177261533
-0.5349417228018865
-0.5354981081954275
-0.5360406079562381
-0.5365162915550172
-0.5381626190501265
-0.5397114058025181
-0.5398303801193833
-0.5413386159472995
-0.5423525548831094
-0.5425232692754695
-0.5435719951055944
-0.5439007458389824
-0.5440728565678
-0.5443780243396759
-0.544887460481662
-0.5459002761635929
-0.5467227975605056
-0.5471219647054871
-0.5492582298611524
-0.549313385039568
-0.5493895529507427
-0.5496032272465528
-0.5500763546571963
-0.5505760891052583
-0.5506146236855004
-0.5507816353014537
-0.551371157169342
-0.5517690009437501
-0.5522161149752459
-0.5526952208685023
-0.5536994189023972
-0.5548561319708825
-0.5549433175474405
-0.5557632241398096
-0.556727628110093
-0.5574354295618832
-0.5575432300567627
-0.5579369747452438
-0.5595449332280883
-0.5595512725412846
-0.5628034250985365
-0.5635166439926251
-0.5640523843467236
-0.5658155735582113
-0.5663636120235813
-0.5667110577092639
-0.5668619931010264
-0.5672021971217224
-0.5675504720097201
-0.5678479488207293
-0.5679125707596541
-0.5684850493239032
-0.5693930585661696
-0.5702492023507754
-0.5703412023140118
-0.5720949394495359
-0.5726953679516625
-0.5727514065802097
-0.5737659862264991
-0.5738677068613469
-0.5739558993114365
-0.5745046972762793
-0.575174652878195
-0.5762479056782988
-0.5768773627221688
-0.5775712322443723
-0.5779282599687576
-0.5784596572630107
-0.5788911680380503
-0.5790546536445618
-0.5792828503673753
-0.5795088792219758
-0.5799525226798973
-0.5805193059146404
-0.5811711302699728
-0.5819298186106607
-0.5822659132536501
-0.5825288259424269
-0.5825485823572509
-0.5829618632327765
-0.584257167764008
-0.5858195560673872
-0.5864489577710629
-0.5867285028992532
-0.5871352932105461
-0.5875404253602028
-0.5883099594386294
-0.5883348674105946
-0.5886238954068782
-0.5893682535737753
-0.5896671384805814
-0.5897501821940144
-0.5900472178123891
-0.591456453218901
-0.5920058530755341
-0.5932089979760349
-0.5970008277023832
-0.5986872128560208
-0.5994066133080196
-0.6015412683288256
-0.601843158315335
-0.6030875708907842
-0.6032774828607217
-0.6069654245594782
-0.6069939186796546
-0.6074906438589096
-0.6086520255776122
-0.6087825143864999
-0.6088114821662506
-0.6089095333688116
-0.6089791806104282
-0.6103099341504276
-0.6121521490626037
-0.6137056762818247
-0.6146626377788683
-0.6147272932742324
-0.6147653268916267
-0.6150292901563391
-0.6150858124601655
-0.616375039331615
-0.6171083541380035
-0.6172460477266993
-0.6182692468476793
-0.6189514205325395
-0.6190984342247248
-0.6193003808148205
-0.6195692646627625
-0.6198796773096547
-0.6207580114714801
-0.6210659841696421
-0.621161412447691
-0.6215167703727881
-0.621966282526652
-0.6226280517876148
-0.6237117173150182
-0.6245947941206396
-0.6256642308500078
-0.6266906287831565
-0.6269691752968356
-0.6275131487818726
-0.6286436291411519
-0.6298365640686825
-0.6305264195427298
-0.6311626240759242
-0.6313824807293713
-0.632135328091681
-0.6324350441009301
-0.6325721344677732
-0.6329330410902306
-0.6329545557964593
-0.6336493939161301
-0.6343675599782728
-0.6347343160305172
-0.6349824708886445
-0.6353831965890195
-0.6358763575553894
-0.6360156405717134
-0.6363688787678257
-0.6378392418652462
-0.6387368805706501
-0.6400291387523923
-0.6410103340943655
-0.6412454711195702
-0.6412508063949645
-0.6416813492154082
-0.6419187088807424
-0.6420145630836487
-0.6428250471750895
-0.6454650089144707
-0.6455840718828969
-0.6483299473766237
-0.6490464264061302
-0.6497817784547806
-0.6499066132754605
-0.64991888217628
-0.6511319462830821
-0.6524916932342292
-0.6525242919556654
-0.6537345523945988
-0.6544030608347384
-0.6545194137841464
-0.6556422377470881
-0.6558106811717153
-0.6560422517359257
-0.6584742640455564
-0.6587833119410789
-0.6588813078900179
-0.6592814716148294
-0.659706390204115
-0.6600317476716425
-0.66006390505936
-0.6619190033874475
-0.6619487760795487
-0.6623315355843968
-0.6623822429350444
-0.6624657407402992
-0.6627052687341347
-0.6627811113430653
-0.6632212996482849
-0.6644456000067294
-0.6649969154968858
-0.665593110024929
-0.6657668616622686
-0.6663189567625523
-0.6664612188935279
-0.667502631743749
-0.668627131084213
-0.6704514883458614
-0.6706828376278281
-0.6708100818925433
-0.6708918607095257
-0.6715308406564873
-0.6716808505201092
-0.6717774889431893
-0.6721265119034797
-0.6721448697304974
-0.6733380407094955
-0.6736272980051581
-0.673696388852679
-0.6744239578644434
-0.6748196454718709
-0.6755978479981423
-0.6760070548858493
-0.6771198142814683
-0.6787380675474802
-0.6794775227705637
-0.6799010868184269
-0.6799266934394836
-0.6804878724118074
-0.6811632891185582
-0.6822506586710612
-0.6825166303250525
-0.6831975467503071
-0.6834099765866994
-0.6835762295328701
-0.6846228465437889
-0.6866331607103348
-0.6867383405566215
-0.6877682213671505
-0.6884610460544233
-0.6888827301561833
-0.6890904322266579
-0.6894966763444245
-0.6902839047979796
-0.690446263179183
-0.6916950712246555
-0.6923025777214207
-0.6931980614151273
-0.693792949948046
-0.6938613208185416
-0.693933405331336
-0.6946141004562378
-0.6961401399328477
-0.6968007939608974
-0.6969397753477097
-0.6972693459441265
-0.6977284307125956
-0.6978213992901147
-0.6981429810532265
-0.6982576801545091
-0.6983204204755437
-0.6992125518930455
-0.699524462968111
-0.6997192406228611
-0.702773233409971
-0.7031148786967
-0.7038214661180973
-0.704459079541266
-0.7044932823628187
-0.7045640262464682
-0.7046793053547541
-0.7047555390228
-0.7056302268174477
-0.7082969355979003
-0.7090522021055221
-0.7092114801518619
-0.7106286818161607
-0.7121538825333118
-0.7123270083684474
-0.7146738822339103
-0.7150455211289227
-0.7150703385472298
-0.7153888703323901
-0.7154073523008264
-0.7156099647283554
-0.7161140836309642
-0.716499013081193
-0.7169871032238007
-0.7172631490975618
-0.7187404632180309
-0.719439966417849
-0.7194901248440146
-0.7201247683001889
-0.7201314111506301
-0.7202762514352798
-0.7211838577641174
-0.7216074444149854
-0.7221669308841229
-0.7232180805876851
-0.7239909325208929
-0.724864304686586
-0.7253108567092568
-0.7256944612082508
-0.7261041422108454
-0.7273385059476519
-0.7278451239690185
-0.7290756436996162
-0.7297457943670451
-0.7304764793952927
-0.7306677438318729
-0.7309081701742899
-0.7339019485645824
-0.7347883944166824
-0.7348497579805553
-0.7351945310698024
-0.7369202598929405
-0.7370813705027104
-0.7380276268037657
-0.7382673889398574
-0.7388299750164151
-0.7389834469649941
-0.7395173840632197
-0.7403226955793798
-0.7413535023418566
-0.7413731643205715
-0.7421889250526874
-0.743360792286694
-0.7434033925334612
-0.7440872409863033
-0.7442936718463897
-0.7444129828363657
-0.7472738572266988
-0.7478909494820982
-0.7487681821221486
-0.7494318195515208
-0.7506698053330183
-0.7511441176757216
-0.7514452536900839
-0.7521485686302185
-0.7526828152670836
-0.75356539292261
-0.7537376085747383
-0.7539664350450039
-0.7542548100205345
-0.7544893313509723
-0.7546247100108303
-0.7556751817464828
-0.7562986227373282
-0.7577325063757598
-0.7579906582832336
-0.7591139624322144
-0.7615236327052116
-0.7616325511131435
-0.7619582861661911
-0.7621026217627028
-0.7624699491748793
-0.7627891057636589
-0.7636405049997848
-0.7642279319465161
-0.7666976302862167
-0.7667785870532194
-0.7676549073722627
-0.768033173144795
-0.7691459800116718
-0.7704543984598584
-0.7707034535633284
-0.7708452447162321
-0.7711673031250635
-0.7719825553009286
-0.7731050078873523
-0.7736542572577795
-0.7750491359038278
-0.7757003436692886
-0.776012783520855
-0.7775747247505933
-0.7781878598699612
-0.7791186114773154
-0.7796479105949402
-0.7796963441780664
-0.7799824859414782
-0.7803314626216888
-0.7804188147187233
-0.7807577283432087
-0.7807858446612954
-0.7843345976216369
-0.7845021821558475
-0.7848088890314102
-0.7854316309094429
-0.7855582858125368
-0.7857530564069748
-0.7883393112570047
-0.7883398253470659
-0.7894705691271358
-0.7902509729777064
-0.7903477694839239
-0.7904059616848826
-0.790702336281538
-0.7909406961148812
-0.7914858870208263
-0.7929523638449609
-0.7953183390200138
-0.7973593577949537
-0.7991643415298313
-0.8014671191573143
-0.8028763380522529
-0.8031037632608786
-0.8042833814300442
-0.8043872094131075
-0.8054560651653446
-0.8096898872870952
-0.8104619619747003
-0.8108836809794108
-0.8112093063204416
-0.8125022717285901
-0.8131670643176351
-0.814881798447459
-0.8160787682448115
-0.8167321495711803
-0.8180770157939858
-0.8198528864553997
-0.8215809470757449
-0.8216091307279255
-0.8216932713985443
-0.8219089899444952
-0.8238771110773087
-0.8239117534831166
-0.8252259309520014
-0.8252857191488147
-0.8261700893441836
-0.8279274371120015
-0.8282749287900515
-0.8297742207845052
-0.8306572371802758
-0.8321116179227829
-0.8328508317470551
-0.8331268765032291
-0.8338574707508087
-0.8345430286601185
-0.8355171742538611
-0.8363544218242168
-0.8366940501146019
-0.8377695844916161
-0.8380018348495165
-0.8380122383435568
-0.8385579520545434
-0.838759109377861
-0.8407398089766502
-0.8408964432051612
-0.8411083860056741
-0.842117369454354
-0.8428986492965903
-0.8437539315200411
-0.8437953144311905
-0.8438719759384791
-0.8445974099449813
-0.8456645656842738
-0.8461633608676493
-0.8472259044647217
-0.8502368450164794
-0.8511099241673946
-0.8516643527130198
-0.8518282622098923
-0.8526703601496087
-0.8546638063022068
-0.8556469535455108
-0.8563834443921223
-0.8565587519357601
-0.8568190412802829
-0.8570331539958715
-0.8571503907442093
-0.8571594051188893
-0.8603450059890747
-0.8603578486612865
-0.8604972846340389
-0.8606941042068813
-0.8626790742079417
-0.8627656640277969
-0.8637847900390625
-0.8677142851054669
-0.8696614559739828
-0.8705328672658652
-0.8709241575561464
-0.871408520665552
-0.8724677918478847
-0.8725068339263089
-0.8734996961429715
-0.8745469273533673
-0.8751155018806458
-0.8753926017088816
-0.8771762661635876
-0.8774421820417047
-0.879523416981101
-0.8795692328777578
-0.8796182544901967
-0.8800226300954819
-0.8809138506650924
-0.8810075156390667
-0.8825318058952689
-0.8838532034174672
-0.8858509746690592
-0.8863055616617203
-0.8868707053363323
-0.8873601508482049
-0.8874699249863625
-0.8880793693824671
-0.8882894515991211
-0.8884511361053834
-0.8889585519209504
-0.890659885527566
-0.8927718757186085
-0.8940787455067039
-0.8949763178825378
-0.8951113843876455
-0.8956072458531708
-0.8966437424533069
-0.8991311526236435
-0.8993372980815669
-0.9005067786201835
-0.9005497445662817
-0.9013096361110607
-0.9035412555353509
-0.9036020953208208
-0.903919661603868
-0.9040196190277735
-0.9054589966932932
-0.9058318169166645
-0.9062764644622803
-0.9065709008968302
-0.9073050180450082
-0.9087031096220016
-0.9092320813797414
-0.9102429618360475
-0.9126162974163889
-0.9140188279561698
-0.9154312163591385
-0.9162536177651158
-0.9172176315582224
-0.9172243719920516
-0.919117291768392
-0.9196629643440246
-0.921272480773041
-0.9219494622666389
-0.9220775091525866
-0.9231709856539965
-0.9272883713245392
-0.9285723281403383
-0.9292339608073235
-0.9296130537986755
-0.9305369764566421
-0.9310521776787937
-0.9320954540079194
-0.9349298417568207
-0.9352112062689331
-0.937736764550209
-0.9390762173949042
-0.9409162551164627
-0.9414387824945152
-0.9421359176825111
-0.9431215623127562
-0.94357686098665
-0.9456248870119452
-0.9474007582757622
-0.9479732574351752
-0.9480237253010273
-0.949674924214681
-0.9505560610753795
-0.9540650010108948
-0.9547539010527544
-0.9583286270499229
-0.9584132738411426
-0.96032239345368
-0.9606605509645305
-0.9624990373849869
-0.9680426907725632
-0.96891479290789
-0.9712660610675812
-0.9728642509629329
-0.9738411406675974
-0.9740583402001195
-0.9768139250576496
-0.9834511262597516
-0.984522145241499
-0.9851379791895548
-0.9853548936545848
-0.9858972579240799
-0.9866926930844784
-0.9886037043761462
-0.9892701153377337
-0.990023784339428
-0.9904504355043173
-0.9939803267130628
-0.9948634967207909
-0.9955703048035502
-0.9959096668288112
-0.9963069169286882
-0.9976937770843506
-0.9997111161549886
-1.003452595944206
-1.0051813751459122
-1.0101137217134237
-1.0116716300447781
-1.0121488704379382
-1.0140600775678952
-1.0156640385144524
-1.01826677719752
-1.0214696038514375
-1.0224846286466345
-1.0231024670518107
-1.0250395214767196
-1.0260631682883417
-1.0284540951251984
-1.0310213019450505
-1.0312857329845428
-1.0321813358459622
-1.0333657555282116
-1.0334038257598877
-1.0345348045229912
-1.0353359068976715
-1.0368330614583101
-1.0494623432556789
-1.051764506730251
-1.0534832684788853
-1.0535577423870564
-1.0537210926413536
-1.0544753670692444
-1.0544887728989125
-1.0551632732152938
-1.0567662566900253
-1.0567902538459748
-1.0592735420214012
-1.0592911342779796
-1.0607735216617584
-1.061124553438276
-1.0614663396651547
-1.0633098650723696
-1.0662721574306488
-1.068132001440972
-1.0713130058720708
-1.0717233618100483
-1.0750276900827884
-1.0758938625454904
-1.078334887822469
-1.0800485759973526
-1.0809790384955704
-1.082749092951417
-1.082930598780513
-1.0850274711847305
-1.085952599843343
-1.0879330039024353
-1.0879739550873637
-1.0880802789703012
-1.0926858723163604
-1.093075184772412
-1.0936924287428458
-1.0951265494028728
-1.0953043500582378
-1.0968085812637582
-1.106531558930874
-1.107939942739904
-1.1099490516935475
-1.1101883550484974
-1.1110885832458735
-1.1116725206375122
-1.1125232413411141
-1.1127668603190355
-1.114219183723132
-1.1150627533594768
-1.1152046284405515
-1.1167222457006574
-1.1206267833709718
-1.1231435338656108
-1.1235926747322083
-1.1282273133595784
-1.1286784932017326
-1.1297611594200134
-1.1342387959361075
-1.1347049713134765
-1.1380470775766298
-1.1405516332946717
-1.1410265693234072
-1.1532813906669617
-1.1541003038485844
-1.1554384231567383
-1.1597669573966414
-1.1600333628011867
-1.1624506935477257
-1.1624968068208545
-1.1633851528167725
-1.1635181233286858
-1.164151657372713
-1.165090525522828
-1.1652332901954652
-1.1681801930069924
-1.1687358419100444
-1.1754710926907137
-1.1792729496955872
-1.1819017368058364
-1.1823136905829112
-1.1858616471290588
-1.1861928232014178
-1.1878583580255508
-1.1894631132483482
-1.1929465023179848
-1.1935229698816936
-1.1948295810392924
-1.1952345268800855
-1.1969457864761353
-1.2035991946856182
-1.2077860087156296
-1.2101416885852814
-1.211330071091652
-1.2150135238965352
-1.217649479707082
-1.2196064695715905
-1.2197391490141551
-1.2266315035521984
-1.2306544780731201
-1.2315497634311516
-1.2349144101142884
-1.2365774065256119
-1.23835289478302
-1.239149296656251
-1.2433617115020752
-1.249060372511546
-1.2506179697811604
-1.2597506940364838
-1.2651128967603047
-1.2670848600566387
-1.271739810705185
-1.2719655334949493
-1.2750071187814076
-1.2786418721079826
-1.2808760205904643
-1.2811660412698984
-1.288390964269638
-1.2914753953615825
-1.293375313282013
-1.2941178120672703
-1.300747303913037
-1.3081470330556233
-1.3098482310771942
-1.312951107819875
-1.3196230504351358
-1.321896533171336
-1.323699802160263
-1.3239258825778961
-1.3263067193329334
-1.329802542924881
-1.3299239711486734
-1.3309207409620285
-1.337003469467163
-1.341989004984498
-1.3455555886030197
-1.3483715529243152
-1.3514036014676094
-1.3544165985658765
-1.3590606053670247
-1.368182547390461
-1.3707377115885417
-1.3750048279762268
-1.3775823265314102
-1.3852861324946086
-1.4101756115754445
-1.4235160052776337
-1.4275845469286044
-1.4411962404847145
-1.4539694786071777
-1.4578308152655761
-1.4603399559855461
-1.475131372610728
-1.484663963317871
-1.4999094940721989
-1.5208731517195702
-1.5339809730648994
-1.5379173159599304
-1.5541516343752544
-1.5541736483573914
-1.572121024131775
-1.5731783211231232
-1.579837441444397
-1.5846646626790364
-1.5937907099723816
-1.5990018074711163
-1.6143333688378334
-1.6147754788398743
-1.6166071593761444
-1.6263761818408966
-1.6315706620613735
-1.6686732769012451
-1.6815495491027832
-1.7639935091137886
-1.8150472464039922
-1.8185396945724885
-1.8536265045404434
-1.8545261919498444
-1.8637556582689285
-1.8707362413406372
-1.8742182403802872
-1.8806976824998856
-1.8979992270469666
-1.901168609969318
-1.9031189605593681
-1.91214257478714
-1.9190763644874096
-1.9327068328857422
-1.9494035840034485
-1.9542728662490845
-1.9711560904979706
-1.9782658331096172
-1.9978042015184958
-2.002100247889757
-2.0095772743225098
-2.0144569277763367
-2.023408055305481
-2.027884006500244
-2.065795376896858
-2.0665329694747925
-2.08181893825531
-2.0825246572494507
-2.1306584179401398
-2.1698147505521774
-2.1713273525238037
-2.1839566230773926
-2.194101929664612
-2.1947175711393356
-2.23899569734931
-2.2503695487976074
-2.262661337852478
-2.281432330608368
-2.288386285305023
-2.323992982506752
-2.3318047523498535
-2.3566102981567383
-2.370453953742981
-2.428203821182251
-2.4588767513632774
-2.4750173091888428
-2.524162918329239
-2.5452901124954224
-2.5741180181503296
-2.594942291577657
-2.6078770756721497
-2.6231755018234253
-2.7155848294496536
-2.7661044597625732
-2.7859776318073273
-2.803154706954956
-2.808122942224145
-2.883279427886009
-2.915697902441025
-2.9792016111314297
-2.9843339920043945
-3.0252376794815063
-3.02841894258745
-3.042077898979187
-3.058819916564971
-3.100481688976288
-3.1019909381866455
-3.113612651824951
-3.1670512184500694
-3.1844210624694824
-3.2009780406951904
-3.2402786314487457
-3.2609918117523193
-3.295130491256714
-3.2973696291446686
-3.3172268038615584
-3.4558005332946777
-3.4755427837371826
-3.5161339044570923
-3.5488392114639282
-3.5626413822174072
-3.5843472331762314
-3.645574450492859
-3.686279460787773
-3.6883550882339478
-3.7136975526809692
-3.7529494762420654
-3.809431791305542
-3.9154239371418953
-3.9708715388551354
-4.016101121902466
-4.021305561065674
-4.040994141250849
-4.362042427062988
-4.803183555603027
-5.072084903717041
-5.157464504241943
-5.457689881324768
-5.720592975616455
-6.332974910736084
-8.290245056152344
