-0.0997596736997366
-0.12300111446529627
-0.2683713352889754
-0.2690735066814038
-0.31727453734492883
-0.320422176271677
-0.3317228795162269
-0.3544287734785704
-0.35667126987676095
-0.35801380425691604
-0.362208988297346
-0.3645468371320964
-0.365941531095554
-0.3670123274949017
-0.3677685212926008
-0.3679609678354329
-0.37142979048202623
-0.3723021504831397
-0.37361575705829264
-0.37735212339768104
-0.37844965764088556
-0.3845321872925932
-0.38840598229931117
-0.3897758149335762
-0.39051425806677864
-0.3908501768006924
-0.39349222299798775
-0.3944999233132694
-0.4030647953196118
-0.4085223694464031
-0.4091285142046399
-0.40942326193786965
-0.4096805941150925
-0.4134019046845236
-0.41399817908752773
-0.420588679665413
-0.4214950014785346
-0.42194366752940776
-0.431424015538561
-0.43552737082063686
-0.4367604925241524
-0.43844150683567434
-0.4417381806825605
-0.44222783702699575
-0.4423542553122388
-0.4429545709605848
-0.4430384689808956
-0.4433303316918147
-0.4437839839141816
-0.44707999523961917
-0.4505358854075894
-0.4519513373448075
-0.45322015935671517
-0.4535462018650244
-0.455866719528179
-0.4565862480395784
-0.45758088093134575
-0.45924580777063967
-0.45954153801236924
-0.4622970687923953
-0.4666272249509348
-0.4709082320332527
-0.4716183660618429
-0.4722408820559983
-0.47610035636979675
-0.4772988927240173
-0.47794186881704565
-0.4785855589900166
-0.48186858865083193
-0.48255845945624803
-0.48346631849805516
-0.4845328246754232
-0.48548115557059646
-0.4859473627060652
-0.486813030205667
-0.4886323400529694
-0.48971832333942683
-0.49008731493218377
-0.49034710351510774
-0.4929881618125364
-0.494182411015832
-0.4946295801200904
-0.4953783079981804
-0.4962415974587202
-0.4965379121607508
-0.49703101387363857
-0.49737151912413535
-0.4981517487904057
-0.4992215454694815
-0.5009999042764927
-0.5034862452739617
-0.5053185472497717
-0.5081013804135311
-0.5096189064439386
-0.5098335001551147
-0.5107521324728926
-0.514475160089205
-0.5155606366946207
-0.518835648841394
-0.5202503536295678
-0.5209692415876568
-0.5219416629479383
-0.5226129943027141
-0.5267136128441918
-0.5276704972188565
-0.5281825457026975
-0.5282833765127829
-0.5289631973331174
-0.5292262503877282
-0.5298066765753902
-0.53397803386377
-0.5364923907443881
-0.5366686085859934
-0.5382239979924635
-0.538937846198678
-0.5402158202993198
-0.5407853638753295
-0.541022251875672
-0.5422981282075247
-0.5447178004542366
-0.5457366701614644
-0.5473586939929408
-0.5482006933436625
-0.5484176182912456
-0.5495794413880887
-0.5499676788846651
-0.5521688866894692
-0.5598772749304771
-0.5603839258352915
-0.5684346934216783
-0.5714212954044342
-0.5722389161586762
-0.5726443415042013
-0.5749429411121777
-0.5767258896791775
-0.5777160277124495
-0.579722703848448
-0.582580627539816
-0.5887066244530226
-0.5916929054656066
-0.5962764797266573
-0.5963611295705454
-0.5971686060656793
-0.6006487457081675
-0.6026072297245264
-0.6051611905451864
-0.6087042982024806
-0.6090967979689594
-0.6135620198079518
-0.6184232044615783
-0.6189943512177302
-0.6194187995570246
-0.6229761308059096
-0.625106925755972
-0.6284071296453476
-0.6332704246044158
-0.6340209907438192
-0.634766606381163
-0.6387121405452489
-0.6417824824651083
-0.6441995763785339
-0.6444330340418674
-0.6463190275826491
-0.6466814260929823
-0.6466861814260483
-0.6530333568678341
-0.6550024052460989
-0.6596616622060537
-0.6654372305557545
-0.674544787655274
-0.67880122239391
-0.6816609930247068
-0.6835799920760716
-0.6875739401605513
-0.6919082719832659
-0.6977317730585734
-0.6988796825919833
-0.7006383342668414
-0.7034926989248821
-0.7048265805351548
-0.7052498865606529
-0.7081060048991016
-0.7111648413766589
-0.7150191691900162
-0.7181262353967343
-0.7191149648278952
-0.7269271828209687
-0.7309526681700456
-0.7320333290845156
-0.7346307075618265
-0.7374899586041769
-0.7393360732239671
-0.7455311089754104
-0.7562434611609206
-0.7610512102643648
-0.7668006269571682
-0.7740692496299744
-0.7778823599219322
-0.7801220826804638
-0.7851013913750648
-0.7861542809858091
-0.7885793966374227
-0.8028007135726511
-0.8088129796087742
-0.808994933962822
-0.8160013645887375
-0.8174540453280011
-0.8174692373722792
-0.8176541538495157
-0.8185058555876216
-0.8196581599435636
-0.8197420060634613
-0.8215783819556236
-0.8237127745524049
-0.8329791007563472
-0.8339368601640066
-0.8386304701368014
-0.8435859903693199
-0.8463799059391022
-0.8466630131006241
-0.8525722235441208
-0.8526242673397064
-0.8574414327740669
-0.8620489075779915
-0.8622043162584305
-0.8709937751086222
-0.8777446210384369
-0.8782106712460518
-0.8792431354522705
-0.880337583910053
-0.8806526840974888
-0.8865436858364514
-0.8979431507842881
-0.8980294005014002
-0.9061256417383751
-0.913069874048233
-0.9152064397931099
-0.9273881042997042
-0.9336401775479317
-0.9364864049213273
-0.9394542551599443
-0.9438699409365654
-0.946632345020771
-0.9546373793337908
-0.9603526256978512
-1.0001937734643713
-1.012338601052761
-1.021709009539336
-1.0542488852515817
-1.0712490663863719
-1.079815547913313
-1.094689427409321
-1.160492827494939
-1.1664653406478465
-1.2505719860394795
-1.2592959702014923
-1.2785293559233348
-1.3183039526144664
-1.787693589925766
-1.7955026626586914
-1.8521293699741364
-2.1598587930202484
-2.2145748138427734
-2.386795826256275
-2.468948245048523
-2.620095133781433
-2.7032560110092163
-3.0155641436576843
-3.184643528482411
-3.1910526967258193
-3.230958007276058
-3.456046760082245
-4.314836323261261
-4.4106903076171875
-4.746489524841309
-5.939723014831543
-6.122251510620117
-6.268317222595215
