-0.00032800770713947713
-0.0006720128444612783
-0.0053918746416457
-0.011277199038886465
-0.014008587477292167
-0.020583163714036345
-0.049452479206956924
-0.05716548321652226
-0.06882881044293754
-0.06974039164682229
-0.07173333867103793
-0.0732329214612643
-0.07656687349663116
-0.09165411326102912
-0.10401458072010428
-0.1062372624874115
-0.11990969907492399
-0.1271127752637161
-0.16654963913775386
-0.17493148140298823
-0.1754125514999032
-0.1814335404584805
-0.18364741628950773
-0.18808199368322676
-0.20480103827139828
-0.2199361725943163
-0.22627063327236102
-0.22833537981225618
-0.2288467246107757
-0.24215271226712504
-0.2421899475157261
-0.24300190597132315
-0.24794577885151942
-0.25831482373178005
-0.2642018625047058
-0.2664412410015627
-0.2724660021873812
-0.2740694386225641
-0.2803332198333616
-0.2819077915046364
-0.2833642403223036
-0.28780088547423827
-0.2907969116582535
-0.29693954189618427
-0.30241236749861855
-0.3029330711745258
-0.30531326928212366
-0.31225551918355954
-0.3133135711375092
-0.3134042746387422
-0.3155234211648349
-0.3170459399698302
-0.3196632757317275
-0.321963406240684
-0.3304772405928816
-0.33125482001092416
-0.33203245645418067
-0.3325141586277508
-0.33517001305235683
-0.33656838136084843
-0.33888431638479233
-0.33889470956221757
-0.34174175536775564
-0.3501268696272746
-0.35322253294289113
-0.36521949417268235
-0.36796872659611574
-0.3735499209919908
-0.37377966195344925
-0.37577640966305303
-0.3761643675292766
-0.37660148115828634
-0.3799690419837134
-0.38093045868057135
-0.3833300015785426
-0.3847398657219148
-0.38743636173522744
-0.38874712732786065
-0.3893534243106842
-0.3965129454013025
-0.40375782921910286
-0.40464227613701953
-0.4064388131470575
-0.40940737302880736
-0.4133536354820535
-0.4174479616627995
-0.41798203883170765
-0.41941965555306526
-0.42170103424451555
-0.4217729346361011
-0.4223789850780627
-0.42277782210148873
-0.42335271267203256
-0.42451374288793886
-0.42708085365593434
-0.42711317477126914
-0.42807446363232365
-0.42903243695066823
-0.43064890548066614
-0.4309125813861636
-0.4310126855270937
-0.43562548129204576
-0.4414385076780893
-0.44224684819213006
-0.44233128054438564
-0.4426145060837653
-0.44276022985831365
-0.4440730179444977
-0.44411188399445006
-0.44461033531842986
-0.44465887585586944
-0.4456047450778366
-0.44657583168373094
-0.4491275306791067
-0.449450389562064
-0.4507425281437055
-0.4541956652933004
-0.45680333890777547
-0.45750339118600236
-0.4581394018696301
-0.45838545070728287
-0.4588541019707918
-0.4594209007883364
-0.4599537478995724
-0.45996863626460255
-0.4602113982352118
-0.4620993873104453
-0.4624790955341369
-0.46513016789200873
-0.4662181654261076
-0.4701663252151775
-0.4715003560109888
-0.47222423588600404
-0.47231287706947317
-0.4742306484508195
-0.4747421637966909
-0.475769634142385
-0.47648667734889616
-0.4765952636620828
-0.4771309636458909
-0.47788050334869087
-0.47958020727880274
-0.4799666336182611
-0.48059887787821937
-0.4807947815803345
-0.48099334145546396
-0.4841655496078602
-0.484168925708218
-0.4842191849124252
-0.48526171066785334
-0.48586587777491885
-0.4864836633044736
-0.4887770948017665
-0.4910886663354985
-0.49129195693531075
-0.49267495051026344
-0.49363918532990086
-0.494940412347205
-0.49630506881971087
-0.49843417841566406
-0.4986443060857709
-0.4996662796882447
-0.5000623139239432
-0.5008835653308779
-0.5010594200575724
-0.501969286258405
-0.5045860018426213
-0.505324948579073
-0.5054821671394165
-0.5057173945662927
-0.5057609271130498
-0.5093632136050539
-0.5101464573963312
-0.5128772620093514
-0.5142145054505818
-0.5143895030334533
-0.5187368746497668
-0.5210458054468096
-0.5217811858805362
-0.5225263782111662
-0.5238994103856385
-0.5243265303724911
-0.5249430031498762
-0.5250914665752134
-0.5251692347835925
-0.5256888439814702
-0.5262825720502795
-0.5270765609328543
-0.5278877192783208
-0.5281542164157145
-0.529451633382161
-0.5302613741652997
-0.5304314595679378
-0.5310452096349624
-0.5323238351036055
-0.5340092961414484
-0.5345024162184965
-0.5346410653291969
-0.5348941054299394
-0.5363904875638481
-0.5370271176700688
-0.5372109602030832
-0.5388790743454592
-0.5397342901414959
-0.5410181995681341
-0.5420276155126089
-0.5427462855420474
-0.5431736202541894
-0.5436619940685432
-0.5440055558218673
-0.5457613816510679
-0.5468165276955076
-0.54728847311344
-0.5482423832373959
-0.5483718494253367
-0.5484004311960317
-0.5503561266620333
-0.5513271699269858
-0.555829817360394
-0.5561790505907993
-0.5567337411588856
-0.5592322676360527
-0.559327635299886
-0.5602964270452503
-0.5623008961556479
-0.5625417698174715
-0.5625457541063458
-0.5625875415606297
-0.5638080995102815
-0.5647360806236975
-0.5660436983802356
-0.567881608052024
-0.5684177530153344
-0.569643522869026
-0.5729625246021897
-0.5732017774134874
-0.5732042034699892
-0.5734126908161367
-0.5746635329365467
-0.5748153922560794
-0.5752819778773528
-0.5756486284856995
-0.5762430308580709
-0.576500133240188
-0.5765390984580981
-0.5782624426065013
-0.5785066959263867
-0.5786648175417213
-0.58055093846815
-0.5807407960295677
-0.5813911056799952
-0.5818577026967763
-0.5823783729170423
-0.5824006679794366
-0.5824694612063468
-0.5855336934328079
-0.5856180110584117
-0.5867272286139067
-0.5873430237363209
-0.5899086086610623
-0.5899827634194604
-0.592133506643482
-0.5923118056693966
-0.5936644831671837
-0.5941244228888536
-0.5958516532555223
-0.5961513092936782
-0.5971474996302277
-0.5999287957674824
-0.6026268465444445
-0.6027489581499685
-0.6038986874821907
-0.6051336333758728
-0.605351926991716
-0.60684301678945
-0.6072948453077819
-0.6074952796440508
-0.6105774800797396
-0.6106137271438327
-0.6117080198568551
-0.6123164259382369
-0.6136683834718367
-0.6154785202508265
-0.6161397960713657
-0.6170595716685057
-0.6171311289072037
-0.6192845448096591
-0.6194513786934046
-0.6195302991254721
-0.620839687819771
-0.6213371543736125
-0.6215068298236778
-0.6219172842943577
-0.6241232183740977
-0.6260248248891003
-0.6270953620842192
-0.6276276638056402
-0.6281429433664825
-0.6291518284318348
-0.6294152536022011
-0.6309576592620942
-0.6310045319441997
-0.6310975739974715
-0.6320730262203142
-0.6326575972198043
-0.6332057424028285
-0.6363708451390266
-0.6364396429620683
-0.6365300382750926
-0.6369731214363128
-0.6379422833719478
-0.6384182224719552
-0.6394038571558073
-0.6403557336113105
-0.6404183781040567
-0.6408435427393403
-0.6414047727375305
-0.6444670997887121
-0.6481922429457898
-0.6486236298447693
-0.6494302815731822
-0.6501432473399772
-0.6523091367659314
-0.6531609601465789
-0.6532198854372837
-0.6534385681152344
-0.6545206605701518
-0.6546618814463727
-0.6551632768371038
-0.6555071263663614
-0.6557679264406033
-0.656497597694397
-0.6569206818938256
-0.6578605490184499
-0.6581743794013164
-0.6587145993511917
-0.6591272942614873
-0.6603989693103358
-0.6612011729564984
-0.6623877271728512
-0.6625649490422802
-0.6643756068396669
-0.6644269489892395
-0.6653144714821663
-0.6653349586262526
-0.665607824921608
-0.6668736524126062
-0.6694792496040464
-0.6713272149583125
-0.6716973183113624
-0.6717376410961151
-0.6726271756924689
-0.6734980087858276
-0.6741467736309914
-0.6741866232561213
-0.6746380511380267
-0.674869036845242
-0.6757356938906014
-0.6774170698658074
-0.6778655578770364
-0.6790531012617672
-0.6793843425568613
-0.6808449872798519
-0.6817639544606209
-0.681972500612028
-0.6826592604143549
-0.68273395118821
-0.6830303088063374
-0.6856268307740012
-0.6857227862346917
-0.6857377504105509
-0.6862554024749746
-0.6864371732307417
-0.686742745622117
-0.6871377210546699
-0.6886670175525877
-0.6912047209528586
-0.6912106527706783
-0.6920412915086217
-0.6936274829083544
-0.6936613502072889
-0.6936647503534914
-0.6962709920480847
-0.6975068256724626
-0.6983714866286966
-0.699703698605299
-0.7030059128691846
-0.7033410482108593
-0.7057239519184415
-0.705766813001699
-0.7094051230698823
-0.709816933683483
-0.7112045447962979
-0.7127134742913768
-0.7133953840141393
-0.7142922497354448
-0.7159423009337237
-0.7188641579821706
-0.7219823983808359
-0.7227875583879982
-0.7231885887248508
-0.7261341974139214
-0.72697515841719
-0.727507674600929
-0.7280541704967618
-0.7281616758555174
-0.7288369587622583
-0.7293783567712772
-0.7313019223511219
-0.7317225345387793
-0.733133624178461
-0.733828991245673
-0.7341811848105863
-0.7359167566464748
-0.7370024501171428
-0.7387100800226429
-0.7390572215792619
-0.739344634190982
-0.7395386060670717
-0.7397273127583807
-0.7398422630503774
-0.740582922968315
-0.7411207460432446
-0.7425666232360527
-0.7427125448697812
-0.7427525781095028
-0.7428427410415679
-0.7465603322137516
-0.7469836235046386
-0.7478928021155298
-0.7502313935110578
-0.750641059777182
-0.751117103100114
-0.7513973415498185
-0.75141809962125
-0.7524704115124704
-0.753125816643751
-0.7553233095495671
-0.7575034002463022
-0.7582221639459021
-0.7593166003694932
-0.760085133695975
-0.7618076270446181
-0.7622136950699314
-0.7638409101462458
-0.7639206533349352
-0.7655518717874656
-0.7657397743314505
-0.7660121517126552
-0.766642681133817
-0.7681412499717529
-0.7684034201522991
-0.7685033461145524
-0.7694117069865266
-0.7703953936696053
-0.7707490809960291
-0.7718719835393131
-0.7719970062607899
-0.7722592110900829
-0.774125623361518
-0.7787357763736509
-0.7799375862297084
-0.7814316501220068
-0.7866936270147562
-0.7885036717694075
-0.7889063462196444
-0.7919598559476851
-0.7934371586321504
-0.7936407482650664
-0.794739860356367
-0.7951669875532389
-0.7952489011295256
-0.7961941642376283
-0.7970364434780398
-0.7972688549489249
-0.7987644313834608
-0.7990130914040492
-0.8015272308487814
-0.8021260002860799
-0.8048372762277722
-0.8055150553729618
-0.805531008169055
-0.8069495631381869
-0.8094942055953046
-0.8099952777943523
-0.8100336582399905
-0.8102113338187337
-0.8102342069149018
-0.8108105541283294
-0.8115190144060762
-0.8127662070910446
-0.8172643178822909
-0.8196191477778484
-0.8196892234580244
-0.8207236471353099
-0.8209575117235545
-0.8211760804933008
-0.8219640509458259
-0.8225532627354065
-0.8227115488455942
-0.8229061765596271
-0.8232583493809216
-0.8234744220542
-0.8235074191455473
-0.8249620010906256
-0.8252445361164973
-0.826149643980898
-0.8284832983876446
-0.8286395418981556
-0.8304902916415813
-0.8313087776667473
-0.8327036430127919
-0.8330147213302552
-0.8339372284826823
-0.8339854932354683
-0.834926805112309
-0.8356043094148239
-0.8358591543510556
-0.8369608508422971
-0.8377240042667836
-0.8381549885186056
-0.8396754408022389
-0.8397983089089394
-0.8407108024319834
-0.8417498015332967
-0.8428834491942325
-0.8430253446703319
-0.8431054294245163
-0.8435469865147752
-0.8435513282394302
-0.8442624121380504
-0.8465943612261779
-0.8476093891076744
-0.8476672687102109
-0.8479760839272785
-0.8480356624349952
-0.8499570467198888
-0.8501046254197717
-0.8541578780859709
-0.8543344957485844
-0.8544846509666968
-0.8561497649527154
-0.8566069436761049
-0.8569696283433587
-0.8570624892599881
-0.8571454621851444
-0.8592113122447498
-0.8608525256859139
-0.8612273289720178
-0.8616153054105876
-0.8617476195213385
-0.8617519021032162
-0.8621471866965293
-0.8623278459708672
-0.8727819804102183
-0.8735880732536316
-0.8753368077799678
-0.8763873763091397
-0.8773402857783367
-0.8794373732525855
-0.8795406818389893
-0.879806503708096
-0.8806203833403048
-0.8806905122473836
-0.8821957688778639
-0.8822780487438043
-0.8838859460471818
-0.8848109602480084
-0.8851680022269874
-0.8869680810908903
-0.8870903247346481
-0.8881282872692964
-0.8909294438693905
-0.8936669515890572
-0.8941629965047468
-0.8960827811452217
-0.8981105331331491
-0.8988111148480259
-0.8992238640785217
-0.9003921933472157
-0.9029229141771793
-0.9036951825032052
-0.9045359440337312
-0.9048457006657762
-0.9052238051020444
-0.9060163482753651
-0.9078907385701314
-0.9106191112160948
-0.9115417140783393
-0.9117701636394486
-0.9120227592689584
-0.9121236378171792
-0.9121961706150408
-0.9137856494635344
-0.9139721802435815
-0.914617445319891
-0.9159215276844667
-0.9178844678940045
-0.9214168703183532
-0.9218506791679829
-0.9218689089040188
-0.9219902604818344
-0.9227817356586456
-0.9229939375072718
-0.9231793256663473
-0.9238323513054638
-0.9243524397149615
-0.9243969172239304
-0.9262133831202196
-0.9270511946424449
-0.9274510883935363
-0.9285357892513275
-0.9288072528615885
-0.9307365582457611
-0.931586529687047
-0.9326818598702731
-0.9345169234089553
-0.9346436019986868
-0.9363020629001161
-0.939289435162209
-0.9413011895699633
-0.9425956010582013
-0.9430110465424756
-0.9436571301606212
-0.9446228626184165
-0.9460009745671414
-0.9463454160819916
-0.9494636941890349
-0.9495527694363974
-0.9499391941353679
-0.9507522013882408
-0.9548290851525962
-0.955544829783631
-0.9565143605461344
-0.9568229817537536
-0.9587799164872877
-0.9617564109066734
-0.9618606867866003
-0.9629458273528144
-0.9637807303936117
-0.9658762330655009
-0.9662199541926384
-0.9679775499518857
-0.9686104737222194
-0.9695438588304179
-0.970845230554005
-0.9709534926029543
-0.9712892423378636
-0.9717227539535492
-0.9740308740098145
-0.9760359310700247
-0.9765126013662666
-0.9777812865795568
-0.9849700997959493
-0.984991222370553
-0.9851815178990364
-0.9893170163268223
-0.9921121682560283
-0.9932707274950745
-0.9942273690054814
-0.9946112713560069
-0.9950300577911548
-0.9950983449816704
-0.9951898470520973
-0.9961558784889348
-0.9974241447656057
-0.9997769736219198
-1.0006729677552357
-1.0020008484522502
-1.0071674577061205
-1.0075333407735343
-1.007882336775462
-1.0083271910746892
-1.0086815150571056
-1.0090882264077663
-1.0094577778130769
-1.011566421322641
-1.0124773861794634
-1.0137195984522502
-1.0167872073579929
-1.0177458281686995
-1.0181777749210597
-1.0183926032789583
-1.023524863831699
-1.0243890467390884
-1.0246684849262238
-1.0267828218638897
-1.0273738571365054
-1.0319292360384549
-1.034614081430066
-1.0366335761700611
-1.0377087593078613
-1.0409929265053581
-1.0427068630291614
-1.044379744445905
-1.0469386586919427
-1.0476640569511801
-1.0483681753477347
-1.0510189024110634
-1.051419278117828
-1.0517322972416878
-1.0519811515696347
-1.0520382614797401
-1.052750375121832
-1.0536675878160167
-1.053766178611113
-1.05731864261179
-1.0606431839987636
-1.0624005995667263
-1.0628959478226534
-1.0713311919632058
-1.074932313989848
-1.0753272622823715
-1.0759117011912167
-1.0759303560480475
-1.0766908526420593
-1.0771753558365162
-1.0790018988773227
-1.0790784771421127
-1.0825785249471664
-1.087666822038591
-1.088294535141904
-1.0917727263489116
-1.0987547106167768
-1.0991094110067934
-1.1077494771481724
-1.1089038207064732
-1.1127023765584454
-1.1151852235634578
-1.1175958671503596
-1.1186596353848774
-1.1203636745404866
-1.120744836749509
-1.122998908588973
-1.123372025509525
-1.1242869788014407
-1.129858131830891
-1.1326337997634048
-1.1338561089942232
-1.1385594082197972
-1.1393172062525991
-1.143240558515702
-1.1451722707934096
-1.1515727043151855
-1.1553506056467693
-1.1556005720049143
-1.159100071854482
-1.160377110258196
-1.1605832603727322
-1.1609917253255844
-1.1633196022794436
-1.169893453732584
-1.1720381057167677
-1.1725360531515132
-1.173251772299409
-1.1756289193435805
-1.1781288130023313
-1.17865123351415
-1.178896428241084
-1.1905307573470054
-1.1919195310523112
-1.1942273575749078
-1.1965538171482168
-1.1967998000545776
-1.2038717034665751
-1.208152761682868
-1.2097125090658665
-1.213253867790367
-1.2165858517866581
-1.2212984822690487
-1.2241709366673603
-1.226279579102993
-1.2285100892186165
-1.2374527126085013
-1.2421327249280043
-1.2459418451956783
-1.2506328442133963
-1.2511196923199652
-1.2517080903053284
-1.251967201322259
-1.2527593567967414
-1.2542463332123588
-1.2544969655573368
-1.2665922305022832
-1.269755001567925
-1.2703460664022714
-1.2760267478685516
-1.277446859542189
-1.2805775089655071
-1.2819349059573142
-1.2825350713683292
-1.2845546351745725
-1.2890753792372833
-1.289954280713573
-1.2931955010530405
-1.2934854831546545
-1.2962974182640512
-1.2971753627061844
-1.3025036683635942
-1.3058018162846565
-1.3085615307092666
-1.3132339417934418
-1.3147866781800985
-1.3170765668153763
-1.3171477369663382
-1.320082605505983
-1.3235581379599353
-1.331747591495514
-1.3399831056594849
-1.340563635962705
-1.3423086007436116
-1.344816298357078
-1.3521464596968145
-1.3564257915131748
-1.3598072297089467
-1.3600173085869756
-1.3611240517251038
-1.3642653347924352
-1.3701089637220971
-1.3702728549639385
-1.384870113963968
-1.3855236976354977
-1.3890638457611204
-1.3948810929949913
-1.3966017042597134
-1.4014214004079502
-1.4018205325119197
-1.401938634866383
-1.4075862541794777
-1.4138458867867787
-1.4172703213989735
-1.4212042439728976
-1.422871439019218
-1.4257459441820781
-1.4351272905866306
-1.443573135882616
-1.443737353508671
-1.4484903415044148
-1.451777844130993
-1.4526633891509846
-1.4549800121215715
-1.458451661095023
-1.45945971310305
-1.464680053293705
-1.4757476896047592
-1.4808431267738342
-1.482223829254508
-1.4868217131588608
-1.4889699888105195
-1.4893586284347944
-1.4915324077010155
-1.4984781940778096
-1.5005587395668651
-1.5066599477082492
-1.5152404295901458
-1.5158561294277508
-1.516242377460003
-1.516619447618723
-1.523461918036143
-1.5253301709890366
-1.52757795744886
-1.5298887677490711
-1.5325156331062317
-1.5370810851454735
-1.5400548775990803
-1.5403965370108683
-1.5595209797223408
-1.5661699002484966
-1.5679559928539675
-1.5719204670084375
-1.574443161063495
-1.5804320151607196
-1.5933883376419544
-1.5967292183073434
-1.603481501340866
-1.6047656641652186
-1.6124823689460754
-1.6179500023523967
-1.6226598845794797
-1.649609425958867
-1.6496111183732864
-1.6781933009624481
-1.6825576424598694
-1.6868311787645023
-1.6875124499201775
-1.6937399978439014
-1.6992121851071715
-1.7164916452020407
-1.7215050470258575
-1.7269042134284973
-1.7308366881683468
-1.7397777438163757
-1.7471451391465962
-1.7577907852828503
-1.764491155743599
-1.7761925235390663
-1.7786587493959813
-1.7811864254569325
-1.7823586761951447
-1.796535788103938
-1.7977516745838027
-1.7978298366069794
-1.7979462947696447
-1.7979633618184987
-1.8000087191661198
-1.8076000809669495
-1.8180764317512512
-1.8258278618256252
-1.8363579586148262
-1.8397418111562729
-1.8479047864675522
-1.8783597598473232
-1.8863843083381653
-1.8887714279135253
-1.8901307384173076
-1.8960132598876953
-1.9002020169088307
-1.901700041256845
-1.9026257046498358
-1.9200059846043587
-1.9312448240816593
-1.9433289617300034
-1.9563414760981686
-1.9564759075641631
-1.9587696185481036
-1.9769681990146637
-1.9778538197278976
-1.9807750135660172
-1.9812958276488644
-1.991749681532383
-1.9939053356647491
-2.018554412573576
-2.0207243859767914
-2.0352831929922104
-2.0440800984700522
-2.050241535907844
-2.0509159564971924
-2.053429546765983
-2.060995560884476
-2.0706109162420034
-2.0774098694324494
-2.08015998005867
-2.13348131775856
-2.1526820600032806
-2.171789606412252
-2.1865555942058563
-2.2299350342713296
-2.2317695021629333
-2.2328350841999054
-2.2571119940141218
-2.258732632920146
-2.2705216258764267
-2.277358263731003
-2.3033433953921
-2.3074038261547685
-2.3257295290629068
-2.340304492196689
-2.4270076354344687
-2.4812046997161814
-2.499995857477188
-2.5035650432109833
-2.5384495655695596
-2.5474681109189987
-2.5986467810968557
-2.684661388397217
-2.699639690341428
-2.730911144055426
-2.746294427663088
-2.7564706094563007
-2.7655420303344727
-2.853506176979863
-2.874061050824821
-2.942200567612114
-2.9477989077568054
-2.952696998914083
-3.1301190853118896
-3.2204370498657227
-3.2346946734469384
-3.262074112892151
-3.2687816619873047
-3.27819112688303
-3.329297909629531
-3.4104894701304147
-3.441316670185188
-3.4660225063562393
-3.4873249829979613
-3.510033503174782
-3.53979355096817
-3.552150011062622
-3.5635025103886924
-3.5670936703681946
-3.624988673410068
-3.652860641479492
-3.6795391645282507
-3.715256172697991
-3.751805543899536
-3.8152981462577977
-3.8431661128997803
-3.8443956132105086
-3.8478850659448653
-3.8534347552340478
-3.868860004353337
-3.9005575999617577
-3.964674711227417
-3.990683158238729
-4.019834808190353
-4.063972509543722
-4.109979068860412
-4.122579574584961
-4.224596381187439
-4.277908390387893
-4.289312486886047
-4.376488856971264
-4.406490325927734
-4.471895704666774
-4.5405120849609375
-4.558413039892912
-4.603391170501709
-4.636095643043518
-4.684597184260686
-4.947556257247925
-5.159320712089539
-5.320186378550716
-5.369062423706055
-5.422133207321167
-5.558007717132568
-5.592880010604858
-5.617149114608765
-7.033506870269775
-7.828567743301392
-7.9151458740234375
-7.9332873821258545
-8.512201309204102
-8.558156967163086
-8.616373062133789
-9.6084623336792
-10.280627250671387
