-0.0009076051646843553
-0.004269342258339748
-0.006532507094865044
-0.031953558290297224
-0.04919507426675409
-0.057334515964612365
-0.059712888672947884
-0.07570775285837174
-0.08114549442689167
-0.10704070117117226
-0.12534120596014495
-0.1336087945237523
-0.14195355219352576
-0.14765812651239685
-0.1481396260438487
-0.15112040302134183
-0.1523802859010175
-0.15551929548504026
-0.1580626603103042
-0.1676287572016008
-0.17417627827016985
-0.1774641886448952
-0.1810395875480026
-0.18426694915494105
-0.18709865841083229
-0.19482318560282388
-0.19740546872102036
-0.1990702550043352
-0.19967586952261626
-0.1999244344773615
-0.20296487898384738
-0.20667621246280354
-0.20812566239910665
-0.21078337132672054
-0.21311874004701772
-0.2207201360259205
-0.22137331931541362
-0.22282699852876248
-0.2240059179053383
-0.22989286668598652
-0.23020258935866877
-0.232258433723473
-0.23379871378128883
-0.23443834049006304
-0.2405681817093864
-0.24060043469071388
-0.24731308794871437
-0.2490793066099286
-0.2494346639037758
-0.25004472045434845
-0.2550640690533328
-0.25559452539309857
-0.25817020861140916
-0.25866267969831824
-0.2617851731710188
-0.26398788542509993
-0.26706796306340647
-0.2712684494132797
-0.2757174882103161
-0.2760331407189369
-0.27939916246254726
-0.2827162827678775
-0.2837951184483245
-0.28455291723366827
-0.2855533919816177
-0.286653089763422
-0.28853400982916355
-0.28976270267346327
-0.2901520162069408
-0.2911372957059939
-0.2936780134215951
-0.2958199214739984
-0.2958753056870773
-0.2963131640062784
-0.29661188142684597
-0.2986245598178357
-0.29976253545559617
-0.3006913696643702
-0.3012231349945068
-0.30170508227092796
-0.3050817081006244
-0.30627962881699206
-0.30630655708228005
-0.3064261359266109
-0.30709744814417456
-0.31215335866931126
-0.31240288659755605
-0.3138400525532978
-0.31457800064235925
-0.3148860847043882
-0.31571070280770075
-0.31597604725838585
-0.3171603980299551
-0.31755736710405663
-0.31810447784664575
-0.31938523776411515
-0.321111291365753
-0.321822724895901
-0.3222569161094725
-0.3231517778013363
-0.3232603229967935
-0.3245222807541722
-0.3248620465747081
-0.3255388410529122
-0.3256017980683181
-0.3265196406088459
-0.3267698523821309
-0.3293074141256511
-0.3296826084972256
-0.3299464217894378
-0.3307210104166529
-0.33163789407505345
-0.3317988645285368
-0.333629671134986
-0.3344938528302702
-0.3358831477529141
-0.3360922338483347
-0.33825151954079047
-0.340314043310741
-0.34036125731654465
-0.3410220409528506
-0.34234384280372115
-0.3424788145605228
-0.34382094361353666
-0.3453844550209684
-0.34546206439508753
-0.345808550901711
-0.3470699352774318
-0.34924688188359143
-0.3501740025676554
-0.35047085218874324
-0.35261536826728845
-0.3549608283356065
-0.35503230982327033
-0.3566444695329251
-0.3568405750763001
-0.35775513600214925
-0.3582144692540169
-0.3589350226102397
-0.3589855877961963
-0.35962461507402954
-0.3596564382314682
-0.3599534705985877
-0.3625953512606569
-0.3629063855856657
-0.3637024144538575
-0.36398492350708694
-0.3640725850167576
-0.36411544373078186
-0.364644703338854
-0.36471291232155634
-0.36472043795069825
-0.36501561102512126
-0.3652305670742256
-0.36749250533466693
-0.3675861919298768
-0.3679047304729579
-0.3688520124296864
-0.3691811674460769
-0.36970017561689017
-0.3704275780394147
-0.3715647507132316
-0.37252867405768486
-0.3737857334233316
-0.37412411057831424
-0.3748740806709975
-0.3749603737029247
-0.37611279463938746
-0.3764201670556384
-0.37674986394122245
-0.3769095394045821
-0.3780376401781622
-0.37837170206936815
-0.37895323679243265
-0.37940908345626667
-0.3796407645042829
-0.38076557715733844
-0.38124926446471363
-0.38184628309520324
-0.3822674241281398
-0.382855614918905
-0.382857154821977
-0.38334070798009634
-0.3835337504653061
-0.3836726546262447
-0.38374698825091835
-0.3840911481952803
-0.3851569409259052
-0.38602478289685677
-0.38634798741804843
-0.38641910227015613
-0.38671292248182
-0.38831304230261593
-0.38832418147891684
-0.38863233227849653
-0.3886775586547123
-0.38872954919497715
-0.38892560392906445
-0.3923960806682266
-0.39258627480982494
-0.3927168145775795
-0.3939281209750334
-0.3941256375750527
-0.3942024121643044
-0.39486431164667013
-0.3951953507357222
-0.39600919317364547
-0.3961312075677727
-0.39631478575756773
-0.39726183488528477
-0.39779991576714174
-0.3998774618209739
-0.4000948358609873
-0.4007584818310159
-0.40138962588289046
-0.40180092554591185
-0.40208460176363586
-0.40216948243323714
-0.4022304881161646
-0.4025263803638518
-0.4029525938060354
-0.4032396159983667
-0.40384096815250814
-0.40560128642391646
-0.40605000623036175
-0.4062221751581611
-0.40629887152463195
-0.4065876157996668
-0.4087367904969142
-0.40918616901102006
-0.4093772537930034
-0.4100357439084392
-0.4100661685889853
-0.41027282760478556
-0.41083452972816303
-0.41125096521742915
-0.411376150441356
-0.412040359879029
-0.41204789158109634
-0.41267692735237915
-0.41418576732810053
-0.41525069878508264
-0.41560992665056673
-0.41657097182178404
-0.4167356016373055
-0.4170198329165578
-0.4184603895933833
-0.41869493955746295
-0.4188989890442992
-0.4203949458897114
-0.4209217393460373
-0.422190216208239
-0.4224061492474421
-0.4227166667114943
-0.4237083185107622
-0.42513204510841107
-0.425777226631694
-0.42595079055508206
-0.4266140978434123
-0.4282440939180863
-0.4287368646590039
-0.4287765777998549
-0.42906588558107617
-0.42920888556788367
-0.42932013954039877
-0.43087498150351977
-0.43159398043062536
-0.43207598065782804
-0.43229422098083886
-0.4335289778601792
-0.4337925939058261
-0.4341912302916171
-0.43445392228507745
-0.43490952731257204
-0.4351406951655008
-0.4351792987945373
-0.43602521262073424
-0.4379183017493536
-0.44002124893346
-0.44042428727261723
-0.44124429777730256
-0.4420346462633461
-0.4449508216639515
-0.44518030045583146
-0.44602699745446445
-0.44617602649959737
-0.4463549706981414
-0.4466111849062145
-0.44700734835350886
-0.44702118849381806
-0.450416191545729
-0.45088709714764263
-0.4509411025376591
-0.45102029701229185
-0.45352365158032626
-0.454160997251931
-0.4560769509640522
-0.45668052753899246
-0.45723931917122435
-0.45752977792705807
-0.4589635721175
-0.45951700024306774
-0.4596872713409539
-0.46025441043699783
-0.4612886953254929
-0.4626425411476905
-0.4627957834396511
-0.4642288453869696
-0.46481143980054185
-0.4652236475143582
-0.4657895627198741
-0.4658290448365733
-0.4675387665370686
-0.46768011449603364
-0.47084029786674364
-0.4735055267228745
-0.4742423987814358
-0.4750800132751465
-0.4760031012046966
-0.477218133606948
-0.4860111548997338
-0.4865364634564945
-0.4867909378113432
-0.4889060814813193
-0.49193066482742626
-0.49475911647095927
-0.49482992792036384
-0.49622074289800366
-0.49662863463163376
-0.49802187841851264
-0.5000956477597356
-0.5018422776367515
-0.5018427568073902
-0.5023271542595467
-0.5024826143764787
-0.5032617841747457
-0.5033092070241563
-0.5041512806332321
-0.5044770617710633
-0.50702699685436
-0.5076843371456822
-0.5079813023330644
-0.5099925390386488
-0.5101193095324561
-0.5123098397549862
-0.5136478468426503
-0.5160737786209211
-0.5165229992708191
-0.5166986152762547
-0.5167221054434776
-0.5173831467317151
-0.5188773179958973
-0.5238236705232079
-0.5239345594891347
-0.5241163244367272
-0.5243068390991539
-0.5255346112329183
-0.5262607604730875
-0.5265740253453259
-0.5268785724682468
-0.527233283338137
-0.5299204227825006
-0.5325562379439361
-0.5364681066712365
-0.5366811704443535
-0.5377589464187622
-0.5377642644452862
-0.538728554546833
-0.53936009217432
-0.5397363452436063
-0.5415910416748375
-0.5441403426229954
-0.5446086424999521
-0.5477178290020674
-0.5477265014446208
-0.5496912417897525
-0.5529986619949341
-0.5550442221108824
-0.5555649532276826
-0.5584153174267461
-0.564969050581567
-0.5656371424080465
-0.5705003731751016
-0.5730099179264572
-0.5730658468360511
-0.5744240173288355
-0.5746800854957352
-0.5752429521962767
-0.5753369565188352
-0.5777498048597148
-0.5792925763609154
-0.5819410885196703
-0.5833448331104591
-0.5838368501572404
-0.5841695532435551
-0.5863348238635808
-0.5863832290051505
-0.5875482006337155
-0.5876673660241067
-0.5910739963874221
-0.591255538444966
-0.5923295198008418
-0.5936599552842381
-0.6019645897257659
-0.6021702500293031
-0.6025527607319722
-0.6029343755915761
-0.6044560498121427
-0.6045112782157958
-0.6079748268885952
-0.6093813491170295
-0.6098073393638644
-0.6103981993626804
-0.6143955250218924
-0.6179876644319544
-0.6181072794521848
-0.6199137434097273
-0.6202021474018693
-0.6202129636492048
-0.6203739315581819
-0.620971051355203
-0.6242243722081184
-0.6268665882843462
-0.6285143906383642
-0.6295093909914916
-0.6306541453814134
-0.6328181917003045
-0.6332602985203266
-0.6333868727553635
-0.6334651375655085
-0.6340409033000469
-0.636874013994303
-0.6369124030228704
-0.637179693739329
-0.6406045336542385
-0.6409244042006321
-0.6451041802065447
-0.6465530085427288
-0.6484950495262941
-0.649077394977212
-0.6493849631191956
-0.6501215007156134
-0.6517479921535899
-0.6525691598653793
-0.6533738132924415
-0.6604356899811786
-0.6612290069460869
-0.6622448440641164
-0.6649852432310581
-0.6690682403814907
-0.6714921592307898
-0.6716721503158624
-0.6719179223624191
-0.6767369782966044
-0.6794133626390249
-0.6794787287168825
-0.6839387619069645
-0.6844134705024771
-0.6856702937123677
-0.6857292069859492
-0.6870089421669642
-0.6872638203203678
-0.691586134606041
-0.6947390940398551
-0.697794841878931
-0.6982587334059644
-0.6992947396647651
-0.712182274806158
-0.7124179436262542
-0.7125767738092691
-0.7185914305987353
-0.7199035752564669
-0.7204717950196937
-0.7215292669279734
-0.7223042147234082
-0.7229657479561865
-0.728418569745762
-0.7292009115219116
-0.7319176761832621
-0.7346184495836496
-0.7412182033527642
-0.7413581587607041
-0.7432290194556117
-0.7443539842285893
-0.7453016163393235
-0.7497895021612445
-0.7537919210270048
-0.7541502211097395
-0.7556570308903853
-0.7601081033062655
-0.7603099001105875
-0.760931134223938
-0.7622667932519107
-0.7737430518803498
-0.7795957382768393
-0.7803218447603285
-0.7838982936324707
-0.7852901821606793
-0.7926222610403784
-0.7956760779139586
-0.7958358061499894
-0.7996081071372222
-0.80306366388686
-0.8034851847216486
-0.8041923663578927
-0.8065666973426622
-0.8087529164428512
-0.8094950611315047
-0.8106352711495545
-0.8134628891013562
-0.8172943536192179
-0.8229020155122271
-0.8254225198179483
-0.8328553466126323
-0.8337882003203655
-0.837163309333846
-0.8419289533980191
-0.8428361116239103
-0.8527128914526353
-0.8557131821289659
-0.8561732366681098
-0.8562636173330247
-0.8641444146633148
-0.8642617973964661
-0.8661113038348655
-0.8681316897273064
-0.8685589637607336
-0.8728718471538741
-0.8751133027137257
-0.8760584350675344
-0.8848779294639826
-0.8879390619695187
-0.8891270533204079
-0.8891457684415703
-0.8924241899845323
-0.8929699253640138
-0.9069224957376718
-0.9084992706775665
-0.9126160472631455
-0.9133595268940553
-0.9138048375025392
-0.9177577578893761
-0.9241783646866679
-0.9243214448943036
-0.9263935983181
-0.9264450300058039
-0.9287780579179525
-0.9301170587539673
-0.9363283929415047
-0.9364313987995653
-0.9382447066212384
-0.9450790727714775
-0.954585795601209
-0.9903567275420452
-0.9918737671299217
-0.9934978820383549
-0.9985229814628838
-1.0026388106246789
-1.0070969671010972
-1.012433811381925
-1.0164932956919075
-1.0210858044214546
-1.0342934307642282
-1.039943665266037
-1.0502373911440372
-1.0522483443596033
-1.060865899460623
-1.063170335876445
-1.0674478830769658
-1.0679614748805761
-1.0778776447987184
-1.1024092476582155
-1.1070923498831688
-1.107321323826909
-1.109016389847966
-1.1103664971888065
-1.1125103766098619
-1.1130075107018154
-1.1163388782491286
-1.139757204335183
-1.1424925532023735
-1.1502578464569524
-1.1518285349011421
-1.1545348465442657
-1.1550417815645535
-1.1605863223473232
-1.1639999823334317
-1.1730761436047032
-1.1795318070799112
-1.1828697721163433
-1.20454528008122
-1.208439974486828
-1.2090488076210022
-1.2110260222107172
-1.2415736714998882
-1.2667868693824857
-1.2689691828976113
-1.3018635231662
-1.3301553428173065
-1.3318967181257904
-1.334248471132014
-1.3370869578793645
-1.3622012451669434
-1.3741769473999739
-1.431539285054896
-1.4425668865442276
-1.4495656489971225
-1.569106474518776
-1.6220656037330627
-1.649544358253479
-1.6828399797280629
-1.7291770910378546
-1.7309733033180237
-1.7615044054885705
-1.7794653177261353
-1.7902399038430303
-1.862429678440094
-1.8908150194029076
-1.9002276062965393
-1.9128379821777344
-1.9197128433734179
-1.9285253286361694
-2.000613981935506
-2.0312808069090047
-2.086373037454905
-2.191103433026001
-2.2393394112586975
-2.314389705657959
-2.3211496417255453
-2.347846694290638
-2.4550682976841927
-2.4988993118458893
-2.526371121406555
-2.882073402404785
-2.9624410916415704
-3.1098029017448425
-3.478394142119214
-3.557227611541748
-3.589825391733939
-3.5921352813893463
-3.615491023985669
-3.662701685912907
-3.735930681214086
-4.271249623125186
-4.850472450256348
-5.713733077049255
-6.0569358468055725
-6.570804938673973
-9.838472366333008
-10.979196548461914
-12.054091453552246
