-0.02760434988886118
-0.029173144927881367
-0.033804787305901605
-0.04963411529994725
-0.058321001939475536
-0.06018381708833788
-0.06034071929752827
-0.06493952691671438
-0.06822861731052399
-0.07182443576554458
-0.07257540337741375
-0.08206626310711726
-0.08709287977156539
-0.09007850436804195
-0.09185408428311348
-0.10651849334438641
-0.1066643503598041
-0.10673880390822887
-0.11112901195883751
-0.11871487274765968
-0.11890075635164976
-0.11892714235000312
-0.12387553928419948
-0.12932760454714298
-0.13108647614717484
-0.1395198302489007
-0.1429971823568589
-0.14674360516946763
-0.14756695311516524
-0.15346776267979295
-0.156944157066755
-0.15775074176490306
-0.16540514741791412
-0.17915329922107048
-0.18048024363815784
-0.1812274226297935
-0.1942351028264966
-0.19688031512778253
-0.19795406144112349
-0.21354710761806928
-0.21500065177679062
-0.21637210025801323
-0.21671377355232835
-0.2230505658313632
-0.23071663653245195
-0.2332607647171244
-0.23686456467008352
-0.2444808412110433
-0.24661872199633056
-0.2505200550192967
-0.2526984395725386
-0.2536955213174224
-0.2540588717791252
-0.2552822342674647
-0.255994461166362
-0.2615365516394377
-0.2658087383541796
-0.2672907982952893
-0.2757678344431851
-0.2831293551949784
-0.28412853488698603
-0.28518168123749393
-0.28917570516932756
-0.2917233179323375
-0.29351912687222165
-0.29667713566838455
-0.2984836639370769
-0.29893363526789474
-0.3006087247980759
-0.30195441903197207
-0.3060005702233563
-0.30764457331970335
-0.30902860978884356
-0.31054432773962615
-0.3125266462771429
-0.3147452353441622
-0.3161514473235002
-0.3213754668831825
-0.3236041232012212
-0.32489783809121164
-0.32507317999584806
-0.32633368936367335
-0.3298307766672224
-0.3301537432416808
-0.3302417125266332
-0.3318075199171694
-0.3324996344745159
-0.3339711780427024
-0.33422599679324777
-0.33435882094781844
-0.33599863410927355
-0.33630722001768076
-0.3377915572740936
-0.3391731738229282
-0.3394971738776399
-0.3402501043359128
-0.3418668405385688
-0.34499242878519
-0.3458235267446273
-0.34597157129246625
-0.34709616388532927
-0.3481663845789929
-0.35138879184212
-0.35439540675724857
-0.3560528797097504
-0.35765811761042904
-0.3582975667502199
-0.35891558549233843
-0.35953662970670214
-0.3603033404279914
-0.3613595756352879
-0.36254691019920365
-0.3630391785820179
-0.36647419063956477
-0.3679361186611156
-0.3704648296568646
-0.37053091797445503
-0.3709960915148258
-0.37388205726165324
-0.375530064618215
-0.37576527285855266
-0.3781954145757481
-0.3786534327955451
-0.3789263963699341
-0.3813839226640994
-0.38224472271810683
-0.38321485587706167
-0.3836429418168134
-0.38501783460378647
-0.385631701676175
-0.388394245877862
-0.38901458411580986
-0.3897742425091565
-0.39139675750629976
-0.3929274953901768
-0.39295404463902944
-0.39440114703029394
-0.3952076869318262
-0.39607483128929744
-0.3963013260392472
-0.3965369923306363
-0.3990807732567191
-0.3998341064783745
-0.40071050956612453
-0.4013787686591968
-0.4016890269949248
-0.40253526823362334
-0.4026801517466083
-0.4033127926872112
-0.4048730185430031
-0.4050233190258344
-0.40547051242319865
-0.4070144777651876
-0.4084843873553088
-0.4102682864293456
-0.4114355134079233
-0.41288656102759497
-0.4141672288200685
-0.4156811713182833
-0.41625772582160103
-0.4183732494711876
-0.4200120071764104
-0.4201589325176818
-0.4213786702603102
-0.4215509671651359
-0.42165239416062833
-0.4235152718352361
-0.42503485300888616
-0.4252960092853755
-0.42596541504774776
-0.4299170350552433
-0.43051177507732064
-0.43220599674220594
-0.43286224754410796
-0.4337783570711811
-0.4345093618095335
-0.4350799894658849
-0.43539436301745643
-0.4371463309597367
-0.43751332176745766
-0.43805012739120197
-0.4385348831096457
-0.43953473274105864
-0.43987730760272825
-0.440233159934481
-0.4403466334566474
-0.4429472216870636
-0.44369133627042173
-0.444243473932147
-0.44499245029874146
-0.44527809552594344
-0.44631918148218613
-0.4471518154918718
-0.4482973061191539
-0.4485793397945695
-0.4486148268915713
-0.44901050738990306
-0.4494653143628966
-0.4500880853040144
-0.4501677249354543
-0.4508388906950131
-0.45158651274978184
-0.4516777178796474
-0.4523878923617303
-0.4541855279356241
-0.45553807496455395
-0.4556264694780111
-0.45580402994528413
-0.4563876688480377
-0.4572223632247187
-0.45740581726422536
-0.4588942923292052
-0.4596526489360258
-0.46008669468574226
-0.46028826013207436
-0.4604364941769745
-0.46048161574816776
-0.4606712053762749
-0.4614106334758819
-0.4615355110261589
-0.46193723204649156
-0.4636558639732274
-0.46424405088394205
-0.46461914976437885
-0.46554227472682086
-0.4659206965317329
-0.4659993366687331
-0.46636045491322875
-0.4666368741475578
-0.46670519480747835
-0.4669534082264256
-0.4675464893691242
-0.4677854872619112
-0.46813338303472846
-0.4683057602494955
-0.46848307443516596
-0.4684957930197318
-0.47087256310300696
-0.47229406755650416
-0.4732878706417978
-0.47385841189637123
-0.47513597518102163
-0.47680157294962555
-0.4774470660292233
-0.47844571695895866
-0.4788311503192138
-0.479257575282342
-0.47991051963181236
-0.4828793609831964
-0.48359569989972645
-0.48395357307578835
-0.4844804076642236
-0.48537514969292617
-0.4854141466374345
-0.4861133523285389
-0.4861305618348221
-0.48657327219843866
-0.48660059257720906
-0.48732354301804054
-0.4883534477225372
-0.48890894555370323
-0.49124467879578115
-0.491336578477158
-0.49234255965954316
-0.4929963571485132
-0.4931994531303644
-0.49354269057512284
-0.49524469033349305
-0.4954487383365631
-0.49572743894532323
-0.49650838412344456
-0.49661989381107
-0.49671952245343065
-0.49673125808936003
-0.4969793355092406
-0.4973256797529757
-0.4976016413420439
-0.4977383357472718
-0.49813346546143294
-0.498656309035141
-0.49900039497879334
-0.4991367309897517
-0.5004425111692399
-0.500593761343656
-0.5026522777974606
-0.5026967018774454
-0.5032632975780871
-0.5038451732252724
-0.5038503627740563
-0.5040080677717924
-0.5045036429801257
-0.5071825246725764
-0.5080603711010719
-0.509068423933867
-0.5110309482455099
-0.5111026093363762
-0.5111544183455408
-0.5138896818718185
-0.5141510149438141
-0.5147347341602048
-0.515301413834095
-0.517086454492528
-0.5179332421394065
-0.518532452484641
-0.5185781188516153
-0.5187843704285721
-0.5191943362270567
-0.5200970875642573
-0.5204904922575224
-0.5210008516442031
-0.521719354748105
-0.5217952435422275
-0.523413607915346
-0.5240698604902718
-0.5243049846030772
-0.5257160658948123
-0.5260355928912759
-0.5262342505156994
-0.5269699226348445
-0.5302567622857168
-0.5310157621279359
-0.5311282835900784
-0.5314291518181562
-0.5325191622134298
-0.5337632575870624
-0.5352202195984622
-0.5352857246994972
-0.5359415480246147
-0.5360043360269628
-0.5363637560978531
-0.5373450398578176
-0.5379258280154318
-0.5383646242553368
-0.5390724486205727
-0.5392898307181895
-0.5393435902078636
-0.5395077199726883
-0.5409615952521563
-0.5444509383135738
-0.544667992533909
-0.5451217868190724
-0.5453289186116308
-0.545510393101722
-0.5458147063385695
-0.5459862159235248
-0.5468394854106009
-0.5489013352327876
-0.549395979459708
-0.5503154446681341
-0.5512006256263703
-0.5514369300965752
-0.5518779172096402
-0.5532382158562541
-0.5538958847755566
-0.5562330835631916
-0.5564960263270352
-0.5567001584917307
-0.5577316827548202
-0.5593443651062747
-0.5610261092428118
-0.5610273819416761
-0.5633229419056859
-0.5655367188155651
-0.5662373992381617
-0.569749476720712
-0.5704823140054941
-0.5706051279391561
-0.5711814172919495
-0.572243224203703
-0.5748666449568797
-0.5757960237096995
-0.5780375638336409
-0.5787091379985213
-0.5812787645097289
-0.5827429289929569
-0.5833023174532822
-0.5842716532448927
-0.5856568782279888
-0.5863600987774719
-0.5864344013130499
-0.5869686003774405
-0.5873072853311896
-0.5874856348507039
-0.5880053837317973
-0.5903249664697796
-0.5905581547568242
-0.5928163149394094
-0.5973599244219562
-0.5973976775874488
-0.5978535290341824
-0.5993536343531949
-0.5995277501642704
-0.5999213639214369
-0.6012609103428466
-0.6015911344438791
-0.6053786242070297
-0.6054932645389012
-0.6059103137813509
-0.6060304982612641
-0.6081871878355741
-0.6088844056551656
-0.6120744856695334
-0.6144847667643002
-0.6145880929288978
-0.6158284934030639
-0.6159086983118739
-0.6199066031517254
-0.6199785073753447
-0.6208445874175855
-0.6211075173341669
-0.621644050019848
-0.6219930962293542
-0.623446873575449
-0.6263498635186503
-0.6273936553356739
-0.6278383421918584
-0.6320699967443943
-0.6322141082159111
-0.6360911421477795
-0.6364403141997172
-0.6366779974196106
-0.637450064959315
-0.6386183149491748
-0.6395929140970111
-0.641963109994928
-0.6440527364611626
-0.6461671029683203
-0.6479224714760932
-0.6495342136671146
-0.6534496996817845
-0.653787711635232
-0.6552876082714647
-0.6553174651344307
-0.6558106169104576
-0.6568057350814342
-0.6598489072173834
-0.661005270977815
-0.6620472167152911
-0.6621071802385684
-0.6624179217964411
-0.6625340316030714
-0.6632839390076697
-0.6640637333815297
-0.6642111632972956
-0.6665997328236699
-0.6670982167124748
-0.6672522885104021
-0.6674981440107027
-0.667962197214365
-0.6689272326417267
-0.6711790325740973
-0.6730873795847098
-0.6764308940716243
-0.6771432526409626
-0.6801394210197031
-0.6816370983918508
-0.6826937020394124
-0.6833410679052273
-0.6834383302678665
-0.6845009298995137
-0.6845705708488822
-0.6857818340649828
-0.6868251461225251
-0.6872400486608967
-0.688044186681509
-0.6881326172035187
-0.6882921217308778
-0.6908020664006471
-0.6925018977715809
-0.6928917385637761
-0.6945164327820142
-0.7020973987528123
-0.7064782201002041
-0.7122700423002243
-0.712427096751829
-0.7144568808726035
-0.7150093887466937
-0.7161095900693908
-0.7206175407128674
-0.7208533440716565
-0.7225792545825243
-0.7257727270738946
-0.7272414217392603
-0.7302841329947114
-0.7327240901067805
-0.7327937828376889
-0.7344684526324272
-0.7351475501665845
-0.7366571531863884
-0.7369377776437128
-0.7382821555559834
-0.7395731322467327
-0.7417912343516946
-0.7422385786970457
-0.7429441811982542
-0.7432807397504803
-0.7492382240695102
-0.7496709013823419
-0.7554007756213347
-0.7578946787398309
-0.7595369071234017
-0.7605613949708641
-0.7616406359399358
-0.7617823234759271
-0.76254901017334
-0.7631143894046545
-0.7654324993491173
-0.76689118741908
-0.7671528875827789
-0.769286448135972
-0.7697453163564205
-0.7716645987497436
-0.7814089357852936
-0.7832615499695142
-0.7835306871682406
-0.783832748234272
-0.7841946639042968
-0.7847270135922978
-0.7876166559755802
-0.7885626309684345
-0.796626042885085
-0.7990851458162069
-0.8008203916251659
-0.8020862825214863
-0.8066449891775846
-0.8070750713348389
-0.8093981871090363
-0.8121735299937427
-0.8198241852223873
-0.8212616608611175
-0.8215512271970511
-0.8232831945642829
-0.8238249563922485
-0.8282595667988062
-0.8293054277698199
-0.8413632673036773
-0.8443631644671162
-0.84767254969726
-0.8488263785839081
-0.8578909155912697
-0.866633754875511
-0.8676287277291218
-0.8723536498844624
-0.8792069744784385
-0.8846168336458504
-0.8853972740471363
-0.8880952410399914
-0.891649526144777
-0.8926713453605771
-0.8926800271230084
-0.892725607380271
-0.8971561148064211
-0.8985316097736359
-0.9087361066291729
-0.9170235491668137
-0.9190972521901131
-0.9270640248432755
-0.9286380186676979
-0.9354268997907639
-0.9356992232302824
-0.9375053226947785
-0.9433121263980866
-0.944522409234196
-0.9497414708137513
-0.952322503508185
-0.9526440534740687
-0.9546691874663035
-0.9612322992761619
-0.9701689016073942
-0.9703036427497864
-0.9717171862721443
-0.9762672776356339
-0.979868878920873
-0.9799373494461179
-0.9829231896437705
-0.9840526878833771
-0.984467011410743
-0.9885573387145996
-0.9945476040140622
-1.0034606259316206
-1.0202412218786776
-1.0266539852083143
-1.0274219427257776
-1.0286624234169721
-1.029270904371515
-1.030401486158371
-1.0352024131764967
-1.0372306803862255
-1.0375518415123224
-1.0408217132091522
-1.0424834870209452
-1.043632423867368
-1.0569121092557907
-1.0599494230312605
-1.0642451456165645
-1.0687068949143093
-1.070114342495799
-1.0887696761637926
-1.0888104382902384
-1.0917806435376405
-1.0931912912754342
-1.0935146339858572
-1.1007023726900418
-1.1041066572070122
-1.1165642626583576
-1.1185123451674979
-1.1208638702519238
-1.124504091218114
-1.1336016456286113
-1.1413913751021028
-1.1442338563501835
-1.148594744503498
-1.159563374519348
-1.1609240087370079
-1.1621623920897644
-1.173444640636444
-1.1744050762305658
-1.1753471506138642
-1.1760518153508503
-1.17876236140728
-1.18114575445652
-1.2038407735526562
-1.2051027864217758
-1.2053264547139406
-1.2054192400537431
-1.206264936219668
-1.2065540924668312
-1.2138039004057646
-1.2207892946898937
-1.238679438829422
-1.2401013672351837
-1.2430688571184874
-1.259900078177452
-1.2606758202115695
-1.261980727314949
-1.2658665530383586
-1.2661449251075585
-1.2801081764046103
-1.2858232334256172
-1.2971698120236397
-1.306084136168162
-1.313299464268817
-1.3142373232791822
-1.3151490986347198
-1.3165382644161583
-1.3264464509362976
-1.3266512718465593
-1.333103870972991
-1.3342454601079226
-1.340341986881362
-1.3488887920975685
-1.3527735484143097
-1.3592412918806076
-1.3630247004330158
-1.38529701345639
-1.3853869177401066
-1.402277364085118
-1.4044587016105652
-1.4089457718655467
-1.4159454132119815
-1.4293016284704207
-1.4303110801847652
-1.442896655915926
-1.4475774570989113
-1.4494115162108625
-1.4636634976736136
-1.4839470498263836
-1.4846995485325654
-1.4893125199572144
-1.5025661289691925
-1.5288259548445542
-1.5348955194155376
-1.5359005481004715
-1.5506132543087006
-1.5845623010148604
-1.5858545328179996
-1.5873507857322693
-1.5914090871810913
-1.6064957736525685
-1.6198908776665728
-1.6238071396946907
-1.6266538202762604
-1.635678768157959
-1.6436988276739914
-1.6527472510933876
-1.662000020345052
-1.6641566921025515
-1.6657714940607549
-1.6734449565410614
-1.7036406487847369
-1.7212921676691622
-1.7413994334638119
-1.7602435164153576
-1.787196647375822
-1.80255805561319
-1.8049279153347015
-1.8292683809995651
-1.8337961733341217
-1.8521455122778814
-1.86441670358181
-1.8654941022396088
-1.8775290257763118
-1.8790596202015877
-1.9216002101699512
-1.9300344157963991
-1.9606214556843042
-1.9642911478877068
-1.9837685525417328
-2.0111355632543564
-2.0279968017712235
-2.0487053441029275
-2.082966685295105
-2.0914958398789167
-2.11616313457489
-2.171429429203272
-2.1789499036967754
-2.1964891254901886
-2.2859973441809416
-2.30680650472641
-2.3354912847280502
-2.346695154905319
-2.370316818356514
-2.383007826283574
-2.4486487805843353
-2.453544633463025
-2.510761260986328
-2.517250955104828
-2.563153201714158
-2.652379631996155
-2.699728012084961
-2.748006629291922
-2.7847434282302856
-2.81152763714393
-2.8192165894433856
-2.8831784625848136
-2.89547199010849
-2.9107907288707793
-2.9743666648864746
-3.2528928052634
-3.338011661544442
-3.51781165599823
-3.6462454795837402
-4.146420955657959
-4.183004379272461
-4.69826865196228
-5.447021484375
-5.909804344177246
-6.7744057178497314
-7.782349109649658
