-0.006175299161895964
-0.06349351879907772
-0.08012758133312066
-0.0833762195233021
-0.0907831395525136
-0.1077718325323076
-0.12047528404284756
-0.12336169506973722
-0.1271432526409626
-0.1307611865042418
-0.13434087983997806
-0.14469866310537327
-0.1519025788953109
-0.15250653331167996
-0.15722545608878136
-0.1727480679334034
-0.1829288033011835
-0.19380000439871634
-0.19804224939897805
-0.20813591354886912
-0.20841555088816677
-0.2140951938163198
-0.21618089562980458
-0.22355672383552397
-0.22575964532139056
-0.22593700577160164
-0.22718969519482926
-0.232451470020654
-0.23582746300899485
-0.23740742044306404
-0.2400588311284082
-0.24005975610343738
-0.24237294496269896
-0.24549430392029795
-0.2481525642950146
-0.2503083139713651
-0.253264728205977
-0.2563800814051109
-0.25856358630699106
-0.26150176942009357
-0.26271453414083223
-0.2634043831640156
-0.263630918887211
-0.2636814613892057
-0.26424782109603734
-0.2674761342370237
-0.26800850208995763
-0.2709054686129093
-0.2709288253865548
-0.2736517783952877
-0.27586579622002316
-0.2760259854292963
-0.2770582431927323
-0.2799279949327823
-0.2805924413677649
-0.2811656514755808
-0.2816054107567582
-0.28308430818045355
-0.28542493004964564
-0.28612686477898586
-0.289916799216631
-0.28999637752330226
-0.2917402544518977
-0.2947399541561026
-0.2961295518409595
-0.3023031805319728
-0.30329885136306983
-0.30666100406857105
-0.30790444324256067
-0.30866461709162896
-0.30908512193826027
-0.3101460715774202
-0.31263209860771896
-0.31490613789667676
-0.3151825705948607
-0.3167877928095145
-0.31727358182001025
-0.3191930976879251
-0.31952052644088064
-0.32042226992198264
-0.32160853514214977
-0.3226048507952198
-0.32560794930182524
-0.32635733448842075
-0.32670873267488787
-0.32788585418843313
-0.33070719469105825
-0.33221303170804667
-0.3361695263033303
-0.336999507831125
-0.34475387788067263
-0.34483674509272744
-0.3461998143728124
-0.3500384964857155
-0.36316747342997197
-0.3638375889406436
-0.3643761360572706
-0.3643856905870383
-0.36443184180734534
-0.3695736014400609
-0.3714689761516638
-0.3715420986076684
-0.3717265659961413
-0.3723232673131861
-0.3743893402435333
-0.374929982838997
-0.38091713722800097
-0.38107711875345557
-0.38216523904055877
-0.38234203256268984
-0.3831173285461773
-0.38902497736522823
-0.3906314359596258
-0.3918256695518115
-0.3922958195907995
-0.39588172761488327
-0.3965149084360746
-0.39790126704319845
-0.4068275578785688
-0.40725224723114983
-0.40810423640547977
-0.408136524046616
-0.4114101649823472
-0.41327028735152754
-0.41522192235829103
-0.41531328203564044
-0.4168456948827952
-0.4182712415026294
-0.41875257928795356
-0.4191078322777078
-0.41986929659119426
-0.42122464479180055
-0.42186298309388803
-0.42196563514130503
-0.4221841072075121
-0.422574429213455
-0.42662321809459375
-0.4268996272996232
-0.42733306693844497
-0.43014516805033054
-0.4307605672511272
-0.43196407871157416
-0.43427470608834745
-0.43429191975155845
-0.43507601990058903
-0.4352867341629462
-0.4356206585522159
-0.4356563918699976
-0.4361359427997808
-0.43663421709788963
-0.4368880116359963
-0.44040842199174224
-0.44106984437676144
-0.44150739287336666
-0.4421538993095358
-0.4434261475689709
-0.44393675294759305
-0.44777713432176824
-0.447839432337787
-0.45104301678948105
-0.4522533548733918
-0.455374881081904
-0.4569297388952691
-0.4582170402427437
-0.4618805552766259
-0.4623699739450381
-0.46688227923166575
-0.46798055520048365
-0.4696328592312057
-0.46970856378579307
-0.4706639379851717
-0.4745495221060183
-0.4754356404633394
-0.47598905670656677
-0.4775997982572638
-0.48042116755812003
-0.4851734165662037
-0.4857126617183288
-0.48853311422280965
-0.4887894769864423
-0.48961950900007245
-0.490498001803644
-0.4949783675838262
-0.49650458472647835
-0.4992233311757445
-0.499750134224693
-0.5069963353453204
-0.5080511356936768
-0.5085252399245898
-0.5091807353775948
-0.5099352283610238
-0.5119718279068669
-0.5133638024999527
-0.5210081557510421
-0.5213783286911037
-0.5223945081699639
-0.5293369122470418
-0.5310182931522528
-0.5320502158960153
-0.5346942046890035
-0.5353349203651305
-0.5357721554639283
-0.5401413098918663
-0.5419142155442387
-0.5440783784371368
-0.5470360932263753
-0.547182797237959
-0.5493373189819977
-0.5537915031115214
-0.5560072576627135
-0.5565723958166523
-0.5570840362313902
-0.5571280299220234
-0.5603071662092892
-0.5620323049111499
-0.5633640836924314
-0.5637585894308157
-0.5646453872323036
-0.5652235392481089
-0.5653938225337437
-0.5695319852481285
-0.569952295627445
-0.5701229213125771
-0.5701378767068187
-0.5711655024853017
-0.5720580199966208
-0.5725952801294625
-0.5740238501457497
-0.5758040173910558
-0.5776158178018199
-0.5787739840064509
-0.5808112530836037
-0.5816361736615363
-0.583009857373933
-0.5858847146543363
-0.5860059002006892
-0.5889261617724385
-0.5940089166164398
-0.5991422336664982
-0.6030197609798051
-0.6055540790912346
-0.6114612206195792
-0.613883929948012
-0.6166949130129069
-0.618133870470855
-0.6188171490405997
-0.6216929617027441
-0.6268394949858282
-0.6289902969225035
-0.6301287489218844
-0.6309406766667962
-0.6310493418714032
-0.6330297069831027
-0.6335278832702897
-0.633528204401955
-0.6340820741440568
-0.6353701608255505
-0.6356712025590241
-0.6384609595074185
-0.6390654436545447
-0.641758032143116
-0.6439579117577523
-0.6469431510304275
-0.6489672924591494
-0.6513986143593987
-0.6526191340138515
-0.6557576554338224
-0.6572002285871089
-0.6575796902179718
-0.6593443497578846
-0.6612681272090413
-0.6615407703211531
-0.6658111202996224
-0.666375883796718
-0.6664045563462423
-0.6764322616573837
-0.6845331080257893
-0.6848449035813766
-0.6908487025648355
-0.6929351781727746
-0.696423353213403
-0.6980988679757242
-0.6982884504832327
-0.6997027196921408
-0.7024550187800612
-0.7064223047834405
-0.7117053971160203
-0.7140230474261833
-0.7171955131593027
-0.7185744456780542
-0.7239371240139008
-0.7245025224983692
-0.7249162271618843
-0.7336878630199603
-0.7369376146234572
-0.7409490449354053
-0.7477490985766053
-0.7525222902186215
-0.7553858924657106
-0.7569711815033641
-0.7598642013035715
-0.7632192435363928
-0.7703831653463047
-0.7735533694337521
-0.7810763521119952
-0.7817761239712127
-0.7818868862731116
-0.7819903399904433
-0.7886334821804277
-0.7918290530020992
-0.7931575611233711
-0.795697873729902
-0.7961939347941163
-0.7984522231521883
-0.7998521231114865
-0.8009197456849506
-0.8016635372769088
-0.8027317244559526
-0.808136384048137
-0.8108173556004962
-0.8143508937318984
-0.8149664352415129
-0.8154949423236152
-0.8228632513433695
-0.8292603579630698
-0.8433233915517727
-0.8461974188685417
-0.8469901423169566
-0.8481262047508997
-0.8509148440013329
-0.8586088322103024
-0.8625685483294849
-0.8668657948437613
-0.8703228564554593
-0.8709014305911426
-0.8729503694921732
-0.874147364503837
-0.8764056069776416
-0.8769705866773924
-0.8801084937793868
-0.8865418861387298
-0.8870968548386978
-0.9083688231185079
-0.9094154273934691
-0.912830745188209
-0.9128726554568857
-0.9188213513365814
-0.925285859964788
-0.9292934477329254
-0.937306642299518
-0.9383400045335293
-0.943933083768934
-0.9457295190853378
-0.9486686699092388
-0.9532206629713377
-0.959218833129853
-0.9608302768319845
-0.9634743177642425
-0.9664171381737106
-0.9676000592298806
-0.970340535355111
-0.9766335607273504
-0.9787031219651302
-0.9827845201827585
-0.9921301146037876
-0.9996874330099672
-1.0154412150382996
-1.0218546949326992
-1.0252155730487176
-1.046012965341409
-1.0466398693000276
-1.0635802113554544
-1.0679354179495324
-1.0749177366495133
-1.104943676541249
-1.1067043355336257
-1.1101644918322564
-1.128345549106598
-1.1393685419112445
-1.1407972386708327
-1.1441827157512308
-1.1514338613254949
-1.167413841933012
-1.1721848607761784
-1.1754834216088057
-1.1777078349259682
-1.183851096779108
-1.1889083087444305
-1.1931879818439484
-1.1937000423669815
-1.218467002734542
-1.2275390515958862
-1.2329155419021844
-1.239165871646037
-1.2477312559106697
-1.2627544105052948
-1.266009832173586
-1.2684094085040367
-1.2765823513269425
-1.2800909392535686
-1.2824772951935302
-1.2900489956140517
-1.2971844226121902
-1.3042261272668838
-1.3196018368005753
-1.323708141843478
-1.3310509050885837
-1.3322698958218098
-1.347551704198122
-1.40035595651716
-1.426001325249672
-1.440518764661465
-1.451313078403473
-1.4522433578968048
-1.4531824439764023
-1.457561748723189
-1.4606655538082123
-1.5227333391085267
-1.5271203964948654
-1.5482989934583504
-1.6139221787452698
-1.6515618711709976
-1.652190912514925
-1.6529795648530126
-1.6563227772712708
-1.662646770477295
-1.6699076686054468
-1.6783953830599785
-1.6839393973350525
-1.6843220254406333
-1.6892905533313751
-1.7150068068876863
-1.724836151697673
-1.7284501194953918
-1.73344632734855
-1.751658040500479
-1.7855844994386036
-1.81243896484375
-1.8276912942528725
-1.82997123003006
-1.834652696736157
-1.884584903717041
-1.9069226185480754
-1.907698631286621
-1.9097884198029835
-1.9501169806438459
-1.9977022409439087
-2.0089250976840654
-2.021191442385316
-2.0452993251383305
-2.0817692613976155
-2.1059601145486035
-2.124558210372925
-2.1621085807855707
-2.1890652775764465
-2.1895122192800045
-2.2331916516025863
-2.2796614915132523
-2.2972214967012405
-2.3329580426216125
-2.3330131520827613
-2.398010035045445
-2.4220705777406693
-2.5016822765270867
-2.531931433826685
-2.620081663131714
-2.691688617070516
-2.7658359584165737
-2.790081002851366
-2.80909925699234
-2.830151841044426
-2.841413490474224
-2.8852322101593018
-2.935361464818319
-3.05082106590271
-3.0787432566285133
-3.1498350302378335
-3.1623809337615967
-3.1659202377001443
-3.220818261305491
-3.2323386669158936
-3.42061185836792
-3.9024431109428406
-3.982153899036348
-4.0427093505859375
-4.1195629090070724
-4.636143455902736
-4.6788610716660815
-4.819314718241003
-5.038276354460322
-5.066068469895981
-5.411788999975215
-5.976430654525757
-6.243098258972168
-6.648897647857666
-8.192375183105469
-10.175308227539062
-10.290929794311523
