-3.671566355478717e-05
-0.001890139035822358
-0.008201104348700028
-0.014269546256400645
-0.02441861484354983
-0.03129848255775869
-0.06121027916087769
-0.10261384353153906
-0.10725341993384063
-0.10983363414804141
-0.13224704773165286
-0.15438214740270267
-0.16089559598802022
-0.16836723006059295
-0.16913632178960825
-0.1725183203359068
-0.17769477001690706
-0.17989914905693796
-0.1852268422006474
-0.1861681528871919
-0.1941850437886185
-0.1957986840279773
-0.20200102525632246
-0.21060682460665703
-0.22137620440596287
-0.22157187380071264
-0.22670512333781134
-0.22720760242373217
-0.22891484727010503
-0.23285458187718985
-0.233738413231913
-0.23716709794143753
-0.2399206788586921
-0.2463277509668842
-0.24797055581387648
-0.2572019330575131
-0.2618790433742106
-0.26762428172223734
-0.271009207633324
-0.2759899133316594
-0.27822816804109607
-0.27959645468472444
-0.2797066195247074
-0.28181225146787864
-0.2848403989822145
-0.28547622057667466
-0.2861829487205291
-0.2868873533748445
-0.286975499365427
-0.2878782255659189
-0.28871904719853775
-0.2900603786110878
-0.2902620800141449
-0.2932746431158247
-0.2948130680728546
-0.29663036377169194
-0.2986465365931508
-0.2991493296097307
-0.2992562434968325
-0.299966533564859
-0.30007078302664275
-0.301101076498162
-0.30206440002657475
-0.30358555567401807
-0.30551045011964106
-0.30660935817812296
-0.3074709742144882
-0.30848829029127955
-0.30891173611744305
-0.3111976795014925
-0.3128675495972857
-0.3161856113405924
-0.31696358081535436
-0.31724603033140547
-0.3181087804576985
-0.31903412859901437
-0.3207427014261893
-0.32329589288888705
-0.32458833483497074
-0.3258619838161394
-0.32670441723118226
-0.33421431084235126
-0.33669202369637785
-0.3372774037066847
-0.33987126529948664
-0.3415082319970679
-0.3424723917403473
-0.34323007047642023
-0.3437060787309747
-0.34377943681688017
-0.3445186302756372
-0.34513686800346477
-0.3472451022360474
-0.3536758577295889
-0.35471780841150274
-0.35473186499337317
-0.35600044317543506
-0.35734940091788303
-0.3577518037054688
-0.3579137441702187
-0.35794723619028446
-0.3584752798778936
-0.3592689986883973
-0.3593029210331022
-0.3612709074347679
-0.36318875547966367
-0.36409090318193194
-0.36452993329230987
-0.36532569775978724
-0.3683406911790371
-0.36909431928176095
-0.3720701717970769
-0.37216723274832475
-0.37321557714936454
-0.37715433168079926
-0.378878026460734
-0.3802037396401699
-0.38199175170052513
-0.3831683866735451
-0.38459907968062906
-0.38555839790511265
-0.3865049957636405
-0.3866818867417169
-0.38674947277953226
-0.38705094705407345
-0.38747378811240196
-0.39105330898455576
-0.3944352123596764
-0.3945241475270854
-0.395719031005865
-0.39616194932023063
-0.39648488432996803
-0.3978974392256615
-0.4008281557115778
-0.4016642498971123
-0.4024776227888651
-0.4029932590201497
-0.40433620288968086
-0.4047874878678057
-0.4061734407917426
-0.4068887518498943
-0.4086952403187752
-0.41050092444624575
-0.4148644476663321
-0.4155012992202749
-0.4162803610170158
-0.4165254541569286
-0.4330649383029797
-0.43479807897369027
-0.4352078492132326
-0.43626500604356505
-0.4397196765575144
-0.4420869230525568
-0.4444761791188891
-0.4454725604587293
-0.4483411092244621
-0.44845173333305866
-0.4496545661240816
-0.4505528677254915
-0.45189462101552635
-0.4526126232231036
-0.455251495871279
-0.45737897181957293
-0.45917346693458966
-0.46000181154037517
-0.4616761766036588
-0.46227303960560157
-0.4637302765414851
-0.46445923412684353
-0.46578190620057286
-0.4667637770374616
-0.46783323322989206
-0.46783951302058996
-0.46830237313686385
-0.4689029881688343
-0.47299138449419004
-0.4744021445621911
-0.4756812178529799
-0.4773468656417208
-0.4774740998823704
-0.4800654095597565
-0.48033668403190355
-0.48277450081368445
-0.4842938070472043
-0.48619284252054057
-0.48714175945509663
-0.4874705192632973
-0.48842553546031314
-0.4898747005965561
-0.49148570994839247
-0.492199427315167
-0.49719677991899
-0.49752972223278547
-0.4986891308799386
-0.504172026687725
-0.5089574763551354
-0.5097334556547659
-0.5138298194156959
-0.5146683273113533
-0.515766630872531
-0.5158856432884932
-0.5263129252241925
-0.5274060431123265
-0.5285029789861087
-0.5319776363437996
-0.5327576665070504
-0.5348152672816772
-0.5349607365723286
-0.5440649167090409
-0.5461388583727088
-0.5462326526571815
-0.548750720724153
-0.5498060406956938
-0.550279610391174
-0.5521844562220698
-0.5525236569810659
-0.553137188408679
-0.554189766358052
-0.554528892505914
-0.5583825413551595
-0.5585630954139762
-0.5592134278267622
-0.5616485595237464
-0.5620656924115287
-0.5622946633989664
-0.5661596015095711
-0.5686154530519381
-0.568906170288236
-0.5713701668316519
-0.5716588035468574
-0.5718754176268703
-0.5742608412919152
-0.5800287950787606
-0.5801770731971677
-0.581753834122927
-0.5825016424059868
-0.5863039932689086
-0.5904955730628509
-0.5924818317095438
-0.5937262758612633
-0.5966011900454617
-0.5975890164700104
-0.605231828832378
-0.6065103747532703
-0.6102746820542961
-0.6123420666408492
-0.6124803463795355
-0.6176063989599546
-0.6177084015475379
-0.6185135997143839
-0.6197864242962429
-0.6203258287161588
-0.6219762780528981
-0.6305195799629603
-0.6318958616728196
-0.6347682107653883
-0.6379714227688964
-0.6409894082695246
-0.6427654349245131
-0.6433293342900773
-0.6438817903399467
-0.6441477638270173
-0.6442240133733971
-0.6442381764424377
-0.6446128822863102
-0.6453431639220071
-0.6471828861782948
-0.648445120879582
-0.6488330949869123
-0.65115694666747
-0.6542981684518357
-0.6552319873590022
-0.657450815662429
-0.6581885770719964
-0.6600657520092292
-0.6605968840420247
-0.660787840041199
-0.6651609070734897
-0.6653450794517994
-0.6665551885962486
-0.6703836628621502
-0.6721653299672263
-0.6795051397755743
-0.6810195281037262
-0.6825743045597586
-0.6842124414526753
-0.6863444255931037
-0.6904962153348606
-0.6906739776687962
-0.7001553643494702
-0.7014094421128902
-0.7035723015200347
-0.7078064863802865
-0.7104580369260576
-0.7120516384020448
-0.7169791708389918
-0.7210817059191564
-0.7234015979338437
-0.7264124407665804
-0.7288311878219247
-0.7322502225171774
-0.7346958810463547
-0.7397521346665599
-0.7486866610124707
-0.7527715389151126
-0.7534816882543964
-0.7540737496955054
-0.7545632071899794
-0.758734043687582
-0.7592822114626566
-0.7637640746792645
-0.7710723488902053
-0.7738207094371319
-0.7775711819995195
-0.7779111117124557
-0.7785706456218447
-0.7924942777026445
-0.7945032062998507
-0.8009993389714509
-0.8012842205353081
-0.8079535767901689
-0.8122327312128619
-0.8214661316073034
-0.8259713707957417
-0.8287154532445129
-0.841422945251361
-0.8433989911805838
-0.8632996305823326
-0.8637717259116471
-0.8761580102145672
-0.8775755605634509
-0.8866667002439499
-0.8869057555566542
-0.8931585699318134
-0.8981934010982513
-0.901314323147138
-0.9411057714993755
-0.961286822789892
-0.9665645358851179
-0.9783659925063452
-1.0016439754981548
-1.0324995666742325
-1.0349358636885881
-1.0387513147761638
-1.040925530018285
-1.057292653247714
-1.065508518301158
-1.0694822171426495
-1.0745221177736919
-1.0836672211724363
-1.0855324454096262
-1.1026595328003168
-1.110852128515641
-1.1233810917465235
-1.12745750384056
-1.1415166868828237
-1.1502488628029823
-1.1911304276727606
-1.2010692209005356
-1.2092272068063419
-1.219498184742406
-1.2203731164336205
-1.2551175151020288
-1.27567597925663
-1.3025381987245055
-1.3107118879755337
-1.3391069744480775
-1.3631882164627314
-1.392951410729438
-1.3958586007356644
-1.4022895991802216
-1.4150878697633744
-1.4663017839193344
-1.489980697631836
-1.5375684797763824
-1.545647687948076
-1.5806584258874257
-1.5830348829428356
-1.5966324427475531
-1.6359353673954804
-1.6411675065755844
-1.7497611741224925
-1.771374475210905
-1.8106868842151016
-1.8661049008757498
-1.889903667710314
-1.9063109010457993
-1.9488793645323312
-1.9643497768750724
-1.978277549147606
-2.016784781202053
-2.0573925375938416
-2.063219956920875
-2.0641809180769997
-2.117049144831981
-2.151691939216107
-2.2839906016985574
-2.337657105177641
-2.3566275872290134
-2.4761621554692588
-2.510844071706136
-2.5357430910614007
-2.6526214679082236
-2.6561844125390053
-2.7204937264323235
-2.948586661897328
-3.0230209814035334
-3.069521725177765
-3.165916559364026
-3.2178709493600763
-3.237249341473216
-3.309928943713506
-3.5270299294497818
-3.6298388817813247
-4.013073430105578
-4.046406984089117
-4.159250199794769
-4.355539321899414
-4.452097415924072
-4.671156167743902
-4.691242218017578
-5.278469085693359
-5.813790137413889
-6.44383430480957
-6.605396871222183
-7.189730763435364
-7.959447503089905
-8.241608738899231
-10.49312686920166
-12.316463470458984
