-0.032704367923239865
-0.05332368519157171
-0.10982365964446217
-0.11934888444375247
-0.12110576157768567
-0.13603067522247633
-0.2830889418721199
-0.32903238588914974
-0.350722599029541
-0.35876069422293866
-0.37451354052172975
-0.38683420652523637
-0.39228893257677555
-0.40136865941652405
-0.40274736986854504
-0.4088625365111511
-0.42845135706011206
-0.43168104176293126
-0.4336700129788369
-0.4385247450321913
-0.44505552342161536
-0.4540972127360874
-0.45554542541503906
-0.4562894624347488
-0.46524721905007027
-0.4747028073567587
-0.47615867028278963
-0.4769576851136258
-0.47720305550481296
-0.48242429946549237
-0.48977493655790266
-0.49035547638777643
-0.49750754416275483
-0.5043931089652082
-0.5095163179939846
-0.5111786511362879
-0.5128515827297968
-0.5134231159463525
-0.5227741760434583
-0.5237656945601985
-0.524462370434776
-0.5249211407721132
-0.5286219999767267
-0.5314283503685147
-0.5327597381288393
-0.5394942216807976
-0.5396666074171662
-0.5408897448131549
-0.5445122868404724
-0.5453584385381657
-0.5497113355377223
-0.5531289915787057
-0.5536912001203745
-0.5543384581105784
-0.5547835907914718
-0.5555603753891774
-0.5564019274380472
-0.5582077913219109
-0.5615905061778095
-0.5630567669074729
-0.5637717180186883
-0.5645453714241739
-0.5650717108510435
-0.5682036381214857
-0.5683841157911552
-0.573065101460088
-0.573466349253431
-0.5738356139976531
-0.5790046085124178
-0.5797549571194078
-0.5827513100129778
-0.5830524751218036
-0.5832838617408505
-0.583633273807836
-0.5841419092554133
-0.5843125507358069
-0.5846014167182148
-0.5855269069725182
-0.5870475882884899
-0.59023768381904
-0.5916333457535075
-0.5926039327459875
-0.5927191119175405
-0.5948731225152086
-0.5970377284786937
-0.5970696573042207
-0.5971487305747966
-0.5991223329412085
-0.6011924896389246
-0.60458142304793
-0.6049453201703727
-0.605869147701767
-0.6069625240394517
-0.6096801073955638
-0.610127366555389
-0.6116150922801656
-0.6124153614509851
-0.6125347646593582
-0.6138184354640543
-0.6138834920711815
-0.6149628614657559
-0.6156979006799784
-0.6160458456724882
-0.6169103704659002
-0.617570980131859
-0.6194584734870919
-0.619778184540337
-0.6211202324235013
-0.6221136732026935
-0.6238059195689857
-0.6245701805903361
-0.626444759009325
-0.6285030240309425
-0.6289663241070229
-0.6299414849456619
-0.6311362267006189
-0.6325722113251686
-0.6337757802878817
-0.6349524691196469
-0.6372665072626927
-0.640089936205186
-0.6407220501984868
-0.6409967162266925
-0.6426936518650369
-0.6427262003458704
-0.646662655163839
-0.648902622424066
-0.6492301746457815
-0.6495023469578882
-0.6509272951807361
-0.6509567790975174
-0.6513640686124563
-0.6569427432259545
-0.6590678205247968
-0.6591334815935365
-0.6596913720325878
-0.6597887866621561
-0.6597962781670503
-0.6612880163951419
-0.6612964728992665
-0.6680708195393285
-0.6685888428640153
-0.6732766911387443
-0.6742884123903843
-0.6751178922131658
-0.6761548737889495
-0.6763166345296089
-0.6767261013802555
-0.6776733471908503
-0.6777431826146009
-0.6804048220316569
-0.6840407056733966
-0.6851803015684709
-0.6879772481818994
-0.6907372048202282
-0.6925609024241567
-0.6940976056004209
-0.702399279398378
-0.7049169183398286
-0.705355781596154
-0.7061342296225054
-0.7096514813601971
-0.710178173401139
-0.7107982214729418
-0.7112464711147671
-0.7145969482759634
-0.7177579895194087
-0.7180697669585546
-0.7184707927000191
-0.7225108755131563
-0.7225608763595422
-0.7261333033728244
-0.7277401079024587
-0.7291229354731482
-0.73178331553936
-0.7335463602095842
-0.7335538390325382
-0.7355624685063958
-0.7358277481573168
-0.7361359341690937
-0.7400996666401625
-0.7412151263735722
-0.7420683202466795
-0.7467827652289998
-0.7472735845949501
-0.7484428686854828
-0.7509276246585485
-0.75763199540476
-0.7579201554710214
-0.7594867199659348
-0.7598844007588923
-0.7605080893263221
-0.7608369768907627
-0.7630684815480241
-0.7631219882104132
-0.7673862028334822
-0.7684596631942051
-0.7693828400224447
-0.7697913541148106
-0.7724203683901578
-0.7738491542016467
-0.7753719271859154
-0.7806723602116108
-0.7810491161420942
-0.7814752467804484
-0.7824486093595624
-0.7830409998617446
-0.7877539491111581
-0.7891594903277499
-0.7963110258736249
-0.7969329049810767
-0.8001410258584656
-0.8011738439173703
-0.8064537273187723
-0.8080631382763386
-0.8123537839079896
-0.8134160446352325
-0.8150185384787619
-0.8216816112399101
-0.8239391123255094
-0.8252120791003108
-0.8260617190971971
-0.8273638797303041
-0.8351592910476029
-0.8351790287221471
-0.8354224395006895
-0.8367681801319122
-0.8415466181135604
-0.8533000824972987
-0.8538236644734363
-0.85414869338274
-0.8547545747831464
-0.857193679024931
-0.8601291044615209
-0.8602276654647929
-0.8604074426527534
-0.8717889242495099
-0.8758350406307727
-0.8762844242155552
-0.8789737501906024
-0.8807859721904
-0.8823257955256849
-0.8860418295080308
-0.8874383039772511
-0.8900475963018835
-0.8910764331929386
-0.892752586514689
-0.8929079089779407
-0.8962176637724042
-0.9010766692459583
-0.9047216459487876
-0.9066002598653237
-0.9072492160261251
-0.9072836952691432
-0.9090066868811846
-0.9142324123997241
-0.9191082686185836
-0.9205826769272486
-0.924185241705605
-0.9275267980992794
-0.9376338515430689
-0.9393363874405622
-0.9436239060014486
-0.9500160396385652
-0.9567839000374079
-0.9578344935551286
-0.958203544219335
-0.9613093119114637
-0.9729962750105188
-0.9859572649002075
-0.9887163254121939
-0.9938320726156235
-1.0045752906007692
-1.0048599932342768
-1.0095612183213234
-1.0121257171034812
-1.0200499861190717
-1.0214163274504244
-1.0216525689299618
-1.0239725545203935
-1.0611667732397716
-1.0625411987304687
-1.064175659790635
-1.0751698338717688
-1.0810433123260736
-1.0838304325006902
-1.0844612512737513
-1.0860409357119352
-1.089199960231781
-1.09157042670995
-1.0975615804394085
-1.1061264887452125
-1.1078198604285716
-1.1207140371203423
-1.1227247814337413
-1.125152158550918
-1.1278259893879294
-1.1482735872268677
-1.149293225631118
-1.1498551475150245
-1.1559106428176165
-1.1560136613746483
-1.1746598482131958
-1.175295262907942
-1.1783816199749708
-1.1846559953410178
-1.188046031165868
-1.1889557247050107
-1.188991564636429
-1.1909657754004002
-1.1946878333886464
-1.1989687049761415
-1.2390587270259856
-1.2412243127822875
-1.2526649778398375
-1.2600425719283521
-1.2737948335707188
-1.2786835497245193
-1.3018522659937541
-1.3083949812820979
-1.3146505057811737
-1.3319653403013945
-1.3425663579255342
-1.3970398264271873
-1.3983238286205701
-1.4354370422661304
-1.4423302859067917
-1.4748412072658539
-1.4852023366838694
-1.5067510617276032
-1.5115994215011597
-1.5588984042406082
-1.5888660699129105
-1.634105145931244
-1.6623119657548766
-1.6743919104337692
-1.679406687617302
-1.6823956767717998
-1.68767249584198
-1.7249873479207356
-1.8047315829899162
-1.8187902006320655
-1.8376261306305726
-1.8467497751116753
-1.8803551221887271
-1.888079776118199
-1.9522768445312977
-1.9535793823500474
-1.964946985244751
-1.9809266328811646
-2.0044127702713013
-2.0366054382175207
-2.1059459447860718
-2.1138274669647217
-2.2011078596115112
-2.2017546796705574
-2.3553643226623535
-2.3664621710777283
-2.558874547481537
-2.5891168117523193
-2.63134104013443
-2.6551454067230225
-2.8095437586307526
-2.9245035760104656
-2.99476957321167
-3.0993577241897583
-3.3735127449035645
-3.4759105443954468
-5.330691337585449
-6.23367166519165
-6.460158348083496
-7.554604530334473
