-0.03246224209682883
-0.04581195935393225
-0.0712918573737511
-0.10276868317669141
-0.11536000530031743
-0.13869698801636332
-0.14624967657068738
-0.17269897448545635
-0.17790077604773355
-0.19307546143136278
-0.2017502010185126
-0.22008059304945554
-0.2213230127148563
-0.22873059660196304
-0.23356028500711545
-0.2354858967706892
-0.24100381632645926
-0.24568683587373621
-0.24994688449408964
-0.255981041501218
-0.26206357032060623
-0.26980682004553574
-0.274230461870167
-0.27521156519651413
-0.2756874016744809
-0.2777635003211409
-0.27829942372288013
-0.2805068277855753
-0.28643493836934797
-0.28687281161546707
-0.2978378577382412
-0.2984958206340837
-0.2992508683957567
-0.29971015082264785
-0.3050702208304193
-0.30777421065833876
-0.30866768809975936
-0.3088233904913068
-0.31293945751240243
-0.3134074155113922
-0.31532263931585475
-0.31769336750989574
-0.32109085971678725
-0.3211555128575128
-0.3279191578985774
-0.3310846832641151
-0.33110718576412185
-0.3335801352848648
-0.3336920963677888
-0.33474155716903625
-0.3369950096886896
-0.3385943644680083
-0.33869863982399695
-0.3392351037807657
-0.34288023342960516
-0.34561167631618445
-0.34604020349481446
-0.34824053321305354
-0.3482427324442225
-0.349166327840875
-0.349167178368225
-0.3492524460262858
-0.35814626542716205
-0.35912795042168
-0.35936244967807496
-0.36337514647179475
-0.36375353633239255
-0.3637762459378185
-0.36420335504379564
-0.3657625978160903
-0.367386550985804
-0.37017826561532274
-0.37061200151219964
-0.37200386881401454
-0.37220216810439727
-0.37451219945929054
-0.3752881630290566
-0.37565076610978093
-0.37697501863484556
-0.3807930671609938
-0.3820168299091165
-0.38757855591851426
-0.39066942036151886
-0.39250372441633125
-0.39252361042861594
-0.3930550950042541
-0.3930993685518677
-0.3932155008169502
-0.3939457958509188
-0.3939669165915499
-0.394245751496328
-0.3947751989568739
-0.39527980732640977
-0.3989962735401853
-0.3992704966571182
-0.40298518240451814
-0.4030549814924598
-0.40428111244626863
-0.4055728531384375
-0.40579233150777366
-0.4066163561342125
-0.40720790713870275
-0.4082923526144441
-0.40863602424897616
-0.4096145288021944
-0.4097837917943252
-0.4099526855734439
-0.41103238230352873
-0.4120578619799744
-0.4137173028235945
-0.41425652890029596
-0.4171341419426861
-0.4184013109558388
-0.41957512536152664
-0.41957746478389407
-0.4209753740767116
-0.42148216201183625
-0.4217421939602424
-0.4217458716579447
-0.4220238220749546
-0.4221947635815013
-0.42240253739364564
-0.4228383245218928
-0.4238816718770977
-0.42661315839590813
-0.42920735977713775
-0.43083694596821764
-0.43132029316944276
-0.43224125132474
-0.4336574188749919
-0.4341343910107298
-0.4348403516196413
-0.43791064858742174
-0.43939461184840184
-0.44018192059336475
-0.4415686481265261
-0.4424535548532731
-0.44408921165886567
-0.4464710106452306
-0.44745798959934924
-0.44847029028460383
-0.44900206489983246
-0.4506572266589501
-0.45072210510843436
-0.451510624079674
-0.4519758636058267
-0.45222041884737435
-0.4526010299618065
-0.4536020055317446
-0.45701379021143523
-0.45864150375127793
-0.46066135044420664
-0.46206292580020436
-0.4624369222396386
-0.4646919348742813
-0.46711817383766174
-0.46814201801635136
-0.4689131083064745
-0.4697985384768496
-0.47231575201476517
-0.47319991973095704
-0.4748528909673311
-0.47631106793934513
-0.4765771874943831
-0.47670179642809674
-0.4796270781547979
-0.4801783506973152
-0.48187904121975106
-0.4819128806453331
-0.48349845349912357
-0.4838723456228763
-0.4839692530222237
-0.4847059418092249
-0.485855958035403
-0.4886047546094687
-0.49743251778030145
-0.502317704151695
-0.5051015397082665
-0.5054348025660147
-0.5059408704328234
-0.5061611930440659
-0.5101746190728311
-0.5134337625155846
-0.514001879892021
-0.5145662253524516
-0.5145903074753733
-0.5149327775012352
-0.5177140303631649
-0.5207924092861503
-0.5213086459002625
-0.5220397862753998
-0.5229340378202323
-0.5235939054267268
-0.5270199568001676
-0.5284894138581876
-0.5300763836849536
-0.5320732245842615
-0.5327798460138082
-0.534182111544942
-0.5403296658227918
-0.5407442553187138
-0.5421691964199583
-0.5435543171554821
-0.5437367913014143
-0.5476487275154795
-0.5526304102910217
-0.5552078064921422
-0.555838750267867
-0.5563477629459359
-0.5565909165889025
-0.5578933174746405
-0.5602486127172597
-0.5612621165288146
-0.5616500776268367
-0.5616657027276233
-0.5698675819678881
-0.5733207638279835
-0.5759431175918508
-0.576060162432259
-0.57693005373294
-0.5769599991064751
-0.5772159289990668
-0.5781057819018743
-0.5791094855106037
-0.5802137086720904
-0.5803742824347056
-0.5807633653457742
-0.5817185275416705
-0.5821413158342087
-0.5856678001742693
-0.5882509851214238
-0.5903694647247903
-0.594690450109608
-0.5949223263848883
-0.5970642030239105
-0.5983731001297201
-0.600713102145528
-0.6041916335400009
-0.6064450880061486
-0.6105527540217736
-0.6107589745311998
-0.6144190397626517
-0.6174370609223843
-0.6177139094918227
-0.6182137350996901
-0.6202191883930936
-0.6202718567088595
-0.6208010843256488
-0.6216120611861697
-0.6219717227993117
-0.6251212825154653
-0.6320578903367581
-0.6323750975619381
-0.6344811689094059
-0.6445964494210784
-0.6475372718268773
-0.6476073259481281
-0.6530422393116169
-0.6545923990943265
-0.6548632606863976
-0.656306026137567
-0.6575234833934311
-0.659588592327782
-0.6598936723166844
-0.6625041257190917
-0.663186268656448
-0.6632697321474552
-0.6661065076801201
-0.667067212756956
-0.6710160964983516
-0.6759525518199163
-0.6781765012904847
-0.6783151319395984
-0.6811198652818954
-0.6812130714388331
-0.6821213947436523
-0.689642739354375
-0.6909190834873394
-0.7051213106194688
-0.7059079808329572
-0.7081907678096157
-0.7081993751053233
-0.7092610796292623
-0.7098029226064682
-0.7105235455424658
-0.7154956774931633
-0.7236455575718234
-0.7242217283703212
-0.7286514170668347
-0.7332905878742727
-0.7380685415784163
-0.7388254488857152
-0.74601093493402
-0.7526897680945694
-0.7587373739148461
-0.7607681167777628
-0.7638432942476356
-0.7647570191507435
-0.7656045399751747
-0.7712408684533979
-0.7720935636251751
-0.7728065675240942
-0.7731361581374787
-0.7759015521478432
-0.7773187188789822
-0.7776890385050917
-0.7789699992608803
-0.7838627162079016
-0.7853879354034479
-0.7872978871584766
-0.787489015609026
-0.788353007967369
-0.7926252345399311
-0.7930190782672071
-0.7969547859845787
-0.7995040378045815
-0.8015738571570679
-0.8019874313160673
-0.8040661374883106
-0.8068341402556851
-0.8089421712007606
-0.8098888388622072
-0.8124399707368057
-0.8143624321868023
-0.8189713321626186
-0.8201425395091064
-0.8222672172036255
-0.8234616776928305
-0.8253444747284188
-0.8259983733296394
-0.8306832307943195
-0.8320581789594144
-0.832440223894082
-0.8336705431342125
-0.8350788552114474
-0.8356677793838442
-0.8381265519918608
-0.841043524350971
-0.8440818667101363
-0.8448501527309418
-0.8476764988154173
-0.8484686709601771
-0.8485673930651197
-0.8543203299244245
-0.8565145991742611
-0.8567121944506653
-0.8583781152135797
-0.8661674652248621
-0.881368600577116
-0.8837669763265045
-0.8862341424450279
-0.8893161017258535
-0.8911976073868573
-0.8919875018505586
-0.8931440934538841
-0.8954662806742514
-0.8998796901178139
-0.9000116586685181
-0.9040713079157285
-0.9053700724616647
-0.9061484658159316
-0.9102307532099682
-0.9159330637194216
-0.9160894732922316
-0.9220098648220301
-0.9242874346673489
-0.9245270962516466
-0.9266233034431934
-0.9281761020421981
-0.9313391633331776
-0.9316326080540117
-0.9338726167167936
-0.9463279941592191
-0.9471401367336512
-0.9509203234687448
-0.9511291179340333
-0.9539512435580296
-0.9540990644267627
-0.9552720607161973
-0.9566879123449326
-0.9609262384474277
-0.962044062713782
-0.9676904939115047
-0.9690482612883594
-0.9702251671502987
-0.9716025955509394
-0.9730884975620678
-0.973403866092364
-0.9784651301801205
-0.9797510489355773
-0.985221935229169
-0.9875680877303239
-0.988212070055306
-0.992579304613173
-0.99376707598567
-0.9948546199593693
-0.9959775599806259
-0.9967778994080921
-0.998924310260918
-1.002958733588457
-1.0035494424269669
-1.0117422289081983
-1.0123322158615338
-1.0165573059299884
-1.0228859049578507
-1.0234018095902033
-1.025248303078115
-1.0296309623401612
-1.0355037407949568
-1.0378113318648603
-1.0397602771408856
-1.0414900600910186
-1.0423871669452638
-1.045608030191423
-1.045872575044632
-1.046506118753718
-1.046714332486902
-1.0475851048589295
-1.0500537091866136
-1.0500895425211638
-1.0513273738324642
-1.0567917089909316
-1.0591828413453186
-1.0603402461856604
-1.0619209214845406
-1.0644946699030697
-1.064618980884552
-1.064996318374243
-1.0651767286937683
-1.0654455702751875
-1.0665127616375685
-1.0708128595724702
-1.0758558884263039
-1.076140703400597
-1.0771237134933471
-1.0778983915224671
-1.081389840958374
-1.0824519586749375
-1.0844588331878184
-1.0904069575946778
-1.0920390406623484
-1.094972413033247
-1.0985379905129473
-1.098925198413781
-1.099756844341755
-1.1003927471382278
-1.1030087556157793
-1.1038390610899245
-1.1109297057347638
-1.1122260941046989
-1.1132594669858615
-1.1151589369401336
-1.1157661461537438
-1.1158374115316705
-1.12045787823283
-1.120799175449065
-1.1222097918701668
-1.122940436936915
-1.123183117248118
-1.132723830267787
-1.1400980836867045
-1.1417445242404938
-1.1430938569828868
-1.1499432064592838
-1.151287168264389
-1.156585641927086
-1.1568857356905937
-1.1570141514364098
-1.1571461344137788
-1.1584252074360848
-1.1585035182402603
-1.158703292705468
-1.1631556630134583
-1.1636952236294746
-1.1672172439802024
-1.169034194899723
-1.17222508341074
-1.1727535566169536
-1.177555569580623
-1.180136097388135
-1.184716833755374
-1.184855895737807
-1.1880507627502084
-1.1884351197630167
-1.1884963021380828
-1.1885689227945275
-1.1900378344580531
-1.1912298887968062
-1.1991345920703478
-1.2051665823507522
-1.206314699569096
-1.207435965538025
-1.207650873447872
-1.2076597437262535
-1.213766872882843
-1.2140606805623975
-1.2145104640577402
-1.2174774250015616
-1.2200592135389645
-1.2208692632848397
-1.223402464389801
-1.2295278919239838
-1.230293420337451
-1.2345776268177562
-1.2351235747337341
-1.2371560136994555
-1.2386532183736563
-1.248500369489193
-1.2499105349124875
-1.2499226309359073
-1.2533624479547143
-1.2550088688731194
-1.2603693198412658
-1.266054670015971
-1.2686292733997107
-1.2701600442330043
-1.270576674118638
-1.270853265374899
-1.2713745658596356
-1.2752139270305634
-1.2806618457427248
-1.2821303109327953
-1.2829965651035309
-1.283345253765583
-1.2842215538024901
-1.2997484191631277
-1.299833819270134
-1.3070473419502378
-1.3130810437723994
-1.3131120105584462
-1.3148576721755996
-1.3148908855186567
-1.318039153702557
-1.3189599949659572
-1.3234778076410294
-1.3257138404684763
-1.3275901046581566
-1.3278362271375954
-1.331068378769689
-1.3327104163666565
-1.3330909409560263
-1.3340678914849247
-1.3356083963687222
-1.3392125335004594
-1.3435126646820987
-1.343521802375714
-1.3436500579118729
-1.3495290447026491
-1.3496417459100485
-1.3513198494911194
-1.3562495931982994
-1.368322692811489
-1.3720715045928955
-1.3727849485086543
-1.374327739700675
-1.3777708113193512
-1.3798700273036957
-1.3840156290389132
-1.3875644930771418
-1.3877462424206897
-1.3910680757835507
-1.3931407233079274
-1.3950510323047638
-1.4058307160933812
-1.4074217807501554
-1.412513797171414
-1.4143518907949328
-1.4175941115245223
-1.4182102779547374
-1.428469275124371
-1.4318291191011667
-1.4370783686637878
-1.4424642231315374
-1.4626896530389786
-1.4652486613818578
-1.4709594435989857
-1.4734395444393158
-1.4741527310883005
-1.481035012024222
-1.4814283747400623
-1.4834744691848756
-1.484902748838067
-1.484939768910408
-1.485407441854477
-1.4854622755374294
-1.4876262746751308
-1.5092216163873673
-1.5163238891400397
-1.5169222515251022
-1.5187716722488402
-1.5222684836813383
-1.5239428505301476
-1.524366108328104
-1.5270087257027627
-1.5294786925826753
-1.5328766524791717
-1.5349720696918667
-1.537305390196187
-1.5406381655484438
-1.5439134846840585
-1.5466356202960014
-1.5534732047468425
-1.5559940859675407
-1.5572262294590473
-1.5594938397407532
-1.5614958604176838
-1.5628829300403595
-1.566484745591879
-1.567245086034139
-1.5694874530425296
-1.5706204896171887
-1.5724880397319794
-1.57557346423467
-1.5775572742734636
-1.5854620997394835
-1.5925339683890343
-1.5927840854440416
-1.5938949113090832
-1.5978283166885376
-1.5984350939591725
-1.5985847115516663
-1.6007066797465086
-1.6009518336504698
-1.604666531085968
-1.605473406612873
-1.6089662100587572
-1.6090614881541114
-1.6102710664272308
-1.6114288833147536
-1.6204281885709082
-1.6225668787956238
-1.6234641671180725
-1.6344027519226074
-1.6372142434120178
-1.6381276715546846
-1.6384960412979126
-1.6455722972750664
-1.6464867815375328
-1.6471675954759122
-1.647940707206726
-1.6482158079743385
-1.648686687151591
-1.6490273833274842
-1.65041683614254
-1.6568245857954025
-1.6625748137012124
-1.668990264646709
-1.6700977385044098
-1.6760213747620583
-1.680720756451289
-1.6852864921092987
-1.686756932735443
-1.6873638555407524
-1.6925806800524394
-1.6925978461901348
-1.7054696998425893
-1.7063264101743698
-1.7079121960060937
-1.7113137543201447
-1.7164329588413239
-1.7222508596522468
-1.7229308013338596
-1.728945106267929
-1.738365799188614
-1.7387522459030151
-1.7418935913592577
-1.7433573305606842
-1.7434792518615723
-1.749684472878774
-1.7732931276162465
-1.7817879915237427
-1.7868300676345825
-1.789267212152481
-1.801253393292427
-1.8064333200454712
-1.8105596701304119
-1.810777338842551
-1.818871259689331
-1.824684778849284
-1.8295787535607815
-1.8388330808707647
-1.839848592877388
-1.843584668636322
-1.845034271478653
-1.845202311873436
-1.8497140804926555
-1.8560083657503128
-1.8568667471408844
-1.8726226900305067
-1.8805761337280273
-1.9012283580377698
-1.9027763837948442
-1.9142116531729698
-1.9248373806476593
-1.928328561782837
-1.932663470506668
-1.9396840631961823
-1.9411488085985185
-1.9457280337810516
-1.9727052450180054
-1.9785145024458568
-2.007728695869446
-2.011253805132583
-2.0132371485233307
-2.015061140060425
-2.021443486213684
-2.029999387264252
-2.0346952279408774
-2.0374848425388334
-2.0885988235473634
-2.0955110788345337
-2.0967905521392822
-2.096923351287842
-2.0998828262090683
-2.1229405415942892
-2.136975089708964
-2.1534124669851735
-2.161976933479309
-2.167332092920939
-2.1986905336380005
-2.206965684890747
-2.2187787691752114
-2.2198336124420166
-2.2212972243626914
-2.241048574447632
-2.2518186569213867
-2.2538643181324005
-2.325681229432424
-2.3328518072764077
-2.377528190612793
-2.3994580507278442
-2.405351012945175
-2.4133893251419067
-2.4525975584983826
-2.4708483616511026
-2.5572394132614136
-2.572063446044922
-2.5964642763137817
-2.6920347213745117
-2.7289257645606995
-2.7356014251708984
-2.758821487426758
-2.7734127044677734
-2.856194496154785
-2.9338313341140747
-2.9954141974449158
-3.0958972573280334
-3.1038795709609985
-3.1177308559417725
-3.1964975595474243
-3.217918038368225
-3.249903917312622
-3.414772391319275
-3.4776132106781006
-3.515260100364685
-3.5600013732910156
