-0.00014585661877693687
-0.0002005956121138297
-0.00044882830261485653
-0.0013769190315239637
-0.002953574061393738
-0.004155498783802614
-0.0043880485813133415
-0.004451603628695011
-0.007860429352149367
-0.008638936986244516
-0.011725392929899195
-0.011888313223607838
-0.01190435339231044
-0.020901131053506106
-0.02881170406471938
-0.029680288535928412
-0.02997764458026116
-0.030358848242030945
-0.03849218357936479
-0.0427504424842482
-0.04377055903605651
-0.044665964120732884
-0.04483360193019811
-0.04531405697052833
-0.052843884587976696
-0.06299037882126868
-0.06723652784421574
-0.08891773503273726
-0.09145555039867759
-0.09675567969679832
-0.09873348101973534
-0.10196590878250492
-0.10265740798786283
-0.11143090109108016
-0.11296564965000884
-0.11305981315672398
-0.13872069492936134
-0.14219763816799968
-0.15177037100074814
-0.15231463708914816
-0.158903897710843
-0.17187031558049576
-0.174353688955307
-0.17498380679171532
-0.17530210878612706
-0.1773716121291121
-0.18772020936012268
-0.1879681294473509
-0.1905220557625095
-0.19319134509714786
-0.19456381226579347
-0.1959963195704404
-0.19630531105212867
-0.20362386598976123
-0.2124644165326442
-0.2135033848699095
-0.21825390454614535
-0.22551320964703336
-0.2420681116171181
-0.24290325096808374
-0.24766788156315064
-0.24853666940362018
-0.25243615658421603
-0.25793807395312535
-0.26489986100101043
-0.26873405277729034
-0.27228090055286885
-0.27281181237615076
-0.2728374943350568
-0.27765959190687034
-0.2784069036715664
-0.2820490608311957
-0.28781946127613384
-0.28963743520972246
-0.2915557132717887
-0.2959283293360689
-0.30654174502059406
-0.3094692327576922
-0.314284315208594
-0.3163666795473546
-0.31807593248474103
-0.31975335128452737
-0.32068288599007894
-0.32218031072068243
-0.3234779118081658
-0.33017926808679476
-0.33255846246255616
-0.3342444275056348
-0.3364034931088099
-0.34063846272017273
-0.34185002048980095
-0.3430176926049171
-0.34392740501789376
-0.3442411376828594
-0.3486298962521232
-0.34874317052017434
-0.35252367527815903
-0.35590036027133465
-0.3636039507109672
-0.3636863897720884
-0.36706181294919754
-0.3676785523938533
-0.36940961741198636
-0.3747230455173849
-0.37476813347893767
-0.37507793873955964
-0.3752682003018385
-0.3755270920100884
-0.37763035143725576
-0.3782897712626436
-0.3786965255247196
-0.3796959316500256
-0.37973068593142517
-0.3810010633967287
-0.3810535300945048
-0.38270734646830534
-0.3838116010989655
-0.3839109233794261
-0.3840867095527106
-0.38736592876375653
-0.38769239744869993
-0.38804487512097696
-0.38900849808414933
-0.3928046661739548
-0.3932655535045342
-0.3948412863149618
-0.3972611826411594
-0.3984919747337699
-0.39867892519881326
-0.39968048230678377
-0.3997234659434374
-0.403741059883032
-0.4056027571537665
-0.40669725464059686
-0.40868710531503893
-0.4098408389926872
-0.4112566671567038
-0.4162859686286538
-0.416715835338605
-0.4179370785797281
-0.4181131255796312
-0.41938889926532286
-0.4195358162629418
-0.4195695984277076
-0.4196042180992663
-0.4219457561848685
-0.42206897108553676
-0.42243044106110644
-0.423102274077246
-0.424013616030993
-0.42785059039791423
-0.4285368728784046
-0.4291353659318702
-0.4293809262890136
-0.43069142701278906
-0.4310029558255337
-0.4313107387337368
-0.43132854488212613
-0.43303179196987507
-0.43511347735733985
-0.43543158553075045
-0.4357911607646383
-0.43579327940408674
-0.4364588816097125
-0.43956414180306286
-0.4398713618801493
-0.4407752243801951
-0.44320640712976456
-0.4460604796986445
-0.4460961013766272
-0.4467152038788689
-0.4468957099088584
-0.4472045828551927
-0.4486281583894096
-0.44906629708020773
-0.4497049180645263
-0.45234858577411313
-0.4554183878843787
-0.45604019050612504
-0.45644072531389873
-0.45842931299869505
-0.4614789264281474
-0.4620348743289166
-0.4643153621416007
-0.4656581476989562
-0.46628625014454883
-0.46748628875939174
-0.46767004465264106
-0.46814555301366806
-0.4714442851642768
-0.4715818433178356
-0.47271421163895866
-0.47336231751922664
-0.47344145411261707
-0.4736634064309048
-0.47515404470531003
-0.4772932229596855
-0.4793775274107854
-0.48011571149496984
-0.48142481236884904
-0.482081993619795
-0.4831356036399181
-0.48498080080013195
-0.48591789721311734
-0.48768918034620584
-0.4885829193258865
-0.4887145883570026
-0.4891832322336995
-0.4899635013214971
-0.49095125080618474
-0.4915180962293801
-0.49295107047946657
-0.49335613826988267
-0.4934993137398528
-0.4949008658168959
-0.4949088745415793
-0.4967395448558299
-0.49752990615421105
-0.49755379790076404
-0.5011245268382482
-0.5041738566277283
-0.5045146195217967
-0.5071402378380299
-0.5074208959937095
-0.5088799397150675
-0.5093446152773686
-0.5144778634421527
-0.5154325578126912
-0.5172833810429438
-0.5189111631916603
-0.5197883378714323
-0.5298915777405325
-0.5314387585967779
-0.5315073198197008
-0.533335515918831
-0.5342939414882234
-0.5357835479080677
-0.536751460749656
-0.5403377392010399
-0.542035635817396
-0.5426537655868742
-0.5427387058967724
-0.5434783203074605
-0.5462726366089622
-0.5482625550228275
-0.5492947196471505
-0.5501814948187934
-0.5508101855936859
-0.5513871912012941
-0.5594163480717199
-0.5603782857457796
-0.5610383586172247
-0.5619347809813917
-0.5620951216098882
-0.5626532461660801
-0.5626737119164318
-0.5633048009864675
-0.5669517157560525
-0.5671038027438853
-0.5678159182743084
-0.5684631653130054
-0.5688613817991508
-0.5725148307360036
-0.5746661464024024
-0.5762221317738294
-0.5791095170192421
-0.5796728674031328
-0.5815317705855705
-0.5822383826873394
-0.5838496958733432
-0.5902728063665563
-0.5910381125738948
-0.5910955418261107
-0.5935823723964859
-0.5946519483113661
-0.5963180498765723
-0.5969935090746731
-0.600323325151597
-0.6038385231047869
-0.6045682759889003
-0.605464416266345
-0.6056695565581321
-0.6065700954553904
-0.6071388946519518
-0.6099730414959291
-0.6100511950380678
-0.6115396398515713
-0.6138438344933093
-0.6143778075763423
-0.6156589686870575
-0.6168923709541559
-0.6172238807484973
-0.6187803201739572
-0.6204210163087838
-0.6206001440684
-0.6288030622527003
-0.6297741517062403
-0.6304662216749016
-0.6315468764449987
-0.631563985853323
-0.63200567367021
-0.6349094916755954
-0.6363127669593496
-0.6413466216996312
-0.6434300859529887
-0.6463287915435753
-0.6504297785327903
-0.6517249050601903
-0.6520338668022305
-0.6530901231453754
-0.6582603488738338
-0.6586415214696899
-0.6588111393637239
-0.6620184852390594
-0.6639930801466107
-0.6722351800805578
-0.6734652071027085
-0.6760367986280471
-0.677295571565628
-0.6821306737191561
-0.6821418401862805
-0.682855657953769
-0.6840352459500233
-0.6867282113234978
-0.6894758023194126
-0.6905392011006674
-0.6907318265792648
-0.6907911277376115
-0.6946103612403385
-0.695482553623151
-0.6995527257745647
-0.7000066447335485
-0.7046592612241511
-0.704667159045736
-0.7047064629649478
-0.707478741867817
-0.7096627307328163
-0.7115877099872921
-0.7119055351860071
-0.7166651953011751
-0.7237296850071289
-0.725095147639513
-0.725109092425555
-0.7282942471986947
-0.7289242085882506
-0.7293878900527488
-0.730775301944555
-0.7313404419562883
-0.7319635896710679
-0.7333880702305274
-0.7340287120480623
-0.7388372261077165
-0.7403053879388608
-0.7414413467049599
-0.7426364763174206
-0.7434944519773126
-0.7447263380890945
-0.7450486421585083
-0.7460915090050548
-0.7463987273979
-0.7464799978823067
-0.7484333647880703
-0.7553322324844581
-0.7566888775077781
-0.7574828849319601
-0.7579820630344329
-0.7585071005742066
-0.7600256535889847
-0.7600990177265236
-0.7651202933629975
-0.7675832383974921
-0.7724062681198121
-0.7726397343476492
-0.7736672451040553
-0.7747090227901936
-0.7760153537253953
-0.7779884343035519
-0.7791854237439111
-0.7810429403599461
-0.7830969095230103
-0.7847222479940683
-0.7872791648324993
-0.796115430520634
-0.7966275601211237
-0.8015181964219664
-0.8024885737389923
-0.8168060137735059
-0.8203205603950967
-0.8203942030668259
-0.8264986256886004
-0.8301838181602458
-0.8382013386071776
-0.8432976896228865
-0.8462314426898956
-0.8487213707532126
-0.8519816806074232
-0.8533538006512182
-0.8550981223583222
-0.855653490871191
-0.8562666633515619
-0.8577330671483651
-0.8593156887218356
-0.8611578775926318
-0.8639044051191637
-0.8682961888844147
-0.8691424826625734
-0.8692482807828734
-0.8725158302166165
-0.8729407813932214
-0.8734140693622976
-0.8740457058005632
-0.8764322916977108
-0.8835305329412222
-0.8840807572007179
-0.8848310730287007
-0.8875260055065155
-0.8911525250878185
-0.8990887338295579
-0.8996860905151282
-0.9000523005815921
-0.9013968793442473
-0.9064652419328922
-0.9067101757973433
-0.9086741177230578
-0.9091308725764975
-0.9113677426008507
-0.9138241317123175
-0.915390849490177
-0.9167894502170384
-0.9212407336366596
-0.9246528609728557
-0.9259038707241416
-0.9260873311199248
-0.9268242514226586
-0.9282805419526994
-0.9353214675793424
-0.9405175189798077
-0.9426908791065216
-0.9444213149448236
-0.9444625517353415
-0.9481387262543043
-0.9521563782758936
-0.9537565372884274
-0.9594154097139835
-0.9613565652398393
-0.9642239303793758
-0.9646220710128546
-0.9701845617964864
-0.9715618292490641
-0.9826659932732582
-0.9850898697972298
-0.9859913177788258
-0.9895607928435007
-0.9915483399915198
-0.9923356119252276
-0.9940903782844543
-0.9951104074716568
-0.9979000780773276
-0.9995082380094876
-1.0053168779104453
-1.0065158525082682
-1.0136732878017938
-1.0164132677018642
-1.0236480670049786
-1.025271733601888
-1.0256133896764368
-1.025619451156152
-1.0277506338898093
-1.0331422947347164
-1.0341509879217483
-1.0410785553831374
-1.042993067453305
-1.0515765720435108
-1.0546799871763142
-1.0558790489607417
-1.0578904462541687
-1.0594036116381176
-1.0690820715778198
-1.0722178884198001
-1.0761255114339292
-1.0803665034472942
-1.0829363270895556
-1.0838852833257988
-1.0847435394701148
-1.085326462984085
-1.0894526724005118
-1.0902511201178033
-1.0939995000953786
-1.1030938789481297
-1.1039503743605954
-1.109113830751691
-1.1149079538881779
-1.1186576702748425
-1.120057970189269
-1.1229467873927206
-1.1237276419997215
-1.1267459205682826
-1.1286520044361168
-1.1311801046231267
-1.132526499335654
-1.132671825568347
-1.1338968496304005
-1.1428427503754695
-1.1487392249206703
-1.1669529994018375
-1.172024560937037
-1.1882072538137436
-1.198475911282003
-1.2076092502102256
-1.2079885012159746
-1.2088538259267807
-1.2215468338690698
-1.2277129746798892
-1.2293839441321324
-1.2306658632587641
-1.2324423281941563
-1.2401385729511578
-1.2410578383132815
-1.2473153942264616
-1.2588763922491732
-1.2591651647526305
-1.2706520135106985
-1.278132826089859
-1.2847584262490273
-1.2915130356947582
-1.2957572285085917
-1.311371917159704
-1.3149284385519877
-1.323801227612421
-1.3285333140025615
-1.3350563067942858
-1.3558437462297661
-1.3705942920394591
-1.371426615677774
-1.3878771762053173
-1.4054766436183854
-1.4412680824752897
-1.453682117164135
-1.4549155104517315
-1.4569931216537952
-1.458411190425977
-1.4591797798251112
-1.4628540452104062
-1.4687464175124962
-1.4769938265283902
-1.4816302594263107
-1.5210762542905285
-1.5486084449609432
-1.5509307741449447
-1.5665017590363277
-1.5777585185569478
-1.5784412319771945
-1.6090768188238145
-1.6208050415152684
-1.6327171623706818
-1.6358762015675894
-1.6617599856108427
-1.6649602055549622
-1.694009741069749
-1.7073453031480312
-1.7577034118730808
-1.7591298275248846
-1.7727488746556144
-1.781270399398636
-1.7833061777055264
-1.8033890284132212
-1.8152677218119304
-1.8606378100812435
-1.8649828024208546
-1.8912672024647084
-1.8922563921660185
-1.8942824351834133
-1.9077863947997684
-1.936905930476496
-1.9467669986188412
-1.9665742504876107
-1.9817447364330292
-1.9834636463201605
-2.008405176829547
-2.0226794332265854
-2.0334826088122404
-2.046834670007229
-2.049545291811228
-2.075914917862974
-2.0950077772140503
-2.1035582162439823
-2.1804256113246083
-2.208526238799095
-2.211811561137438
-2.219426743686199
-2.2321144472807646
-2.2583697445807047
-2.2726025953888893
-2.315534181892872
-2.3334570879669627
-2.357353139979144
-2.364764243364334
-2.3698458671569824
-2.4302204847335815
-2.448648080229759
-2.5230784640152706
-2.5421705543994904
-2.560289353132248
-2.578236285597086
-2.603737096923093
-2.619283721782267
-2.69448846798817
-2.7058262452483177
-2.7263285517692566
-2.7425602418273534
-2.752145608266195
-2.7634761460903974
-2.773323006714539
-2.8405040204524994
-2.9025765657424927
-3.007989577949047
-3.2209277153015137
-3.3318522138688422
-3.455855131149292
-3.4807848930358887
-3.4943917798809707
-3.5609340965747833
-3.679910675622523
-3.6958937188610435
-3.8757340908050537
-4.103611358907074
-4.1868209465174
-4.215017085021827
-4.533484220504761
-5.413302529348584
-5.48773195038666
-5.503062109797611
-6.551577568054199
-7.915291786193848
-8.390148162841797
-8.405272483825684
-8.43142032623291
-8.806782722473145
-8.92199420928955
-9.027828216552734
-9.22215747833252
