-0.028257455909624696
-0.14336945364872614
-0.18526144325733185
-0.32709898923834163
-0.42460571229457855
-0.4359370755652587
-0.5143506957434251
-0.5386397062490383
-0.5388598332388533
-0.5403189893570796
-0.5409069124309879
-0.5465058254734946
-0.5475015665454391
-0.5578859202149842
-0.558760239639216
-0.5875621229410172
-0.6390074677765369
-0.6413536655406157
-0.6676687188446522
-0.6923575999422206
-0.7047281463940939
-0.7148617533384805
-0.7442990640799204
-0.7775023587746546
-0.7786338210105782
-0.7949892684584483
-0.8009147644042969
-0.8045429258296863
-0.8145848531275419
-0.820631977985613
-0.8234409213764593
-0.8273777550784871
-0.8445115759968758
-0.8450297159142792
-0.8526348098181188
-0.8609292149543762
-0.8670380416326224
-0.8778741968795657
-0.8956806668080389
-0.8967468884773553
-0.9055894228629768
-0.9211303204298019
-0.9242219987325371
-0.9242630562124153
-0.9382431954145432
-0.9618689706549048
-0.962988230586052
-0.9724781842281374
-0.9812567880377173
-0.9813575629959814
-0.9833285907749086
-0.9915245503985456
-0.9980292519554496
-0.998927203193307
-1.0131671360693872
-1.016866538731847
-1.0200179124173399
-1.0249225080013162
-1.027002234810165
-1.0305415187807132
-1.0329693123698234
-1.034764795564115
-1.0398294031620026
-1.0477255675010384
-1.0487439335057778
-1.051498874653746
-1.0568202272057534
-1.060038277413696
-1.0634966662389693
-1.0691544934292323
-1.07317253843169
-1.0761911211801427
-1.0781520085719725
-1.0814027207670716
-1.0821695369404551
-1.0830598392523825
-1.0867793955141678
-1.08882703335904
-1.089891766110668
-1.0920454815365832
-1.0933122284089525
-1.0946961918380111
-1.0974387935075356
-1.099743554316875
-1.102793750166893
-1.1028745223837697
-1.105026966164587
-1.1059805043041706
-1.106583845003375
-1.108136142267979
-1.1099152429329666
-1.1100096883518356
-1.1130696194246412
-1.1151618446223437
-1.1198617081361841
-1.1215144336223488
-1.1225151414724275
-1.1227546219130022
-1.1341396492321951
-1.1375327386582892
-1.1409841179847717
-1.1444612946361303
-1.1455485582506906
-1.1490700673311902
-1.149638894596137
-1.150026303716004
-1.1508284051040911
-1.1512890259424846
-1.1528800395084544
-1.1533668931677732
-1.1557232202964467
-1.157173654809594
-1.1597715900279582
-1.1620823442935944
-1.1664784082317459
-1.1685963381081819
-1.169239172215263
-1.1707261569265808
-1.1707583385142681
-1.1719438059325122
-1.1727442111623532
-1.175261413057645
-1.1761191337369383
-1.176394794508815
-1.1815149879083038
-1.1822838580975419
-1.1882257548516946
-1.192554305959493
-1.1939201396307908
-1.195498258956442
-1.1973124586045742
-1.1999209998796383
-1.201542120578233
-1.2032229793308384
-1.2071571864187718
-1.2071799793280662
-1.209947174214064
-1.2108346104621888
-1.2109951327244441
-1.2114622530643828
-1.211707714246586
-1.2125327832764015
-1.2134618361042857
-1.2159045170992566
-1.216663031373173
-1.2185939428745751
-1.2218114741537227
-1.2252173826564103
-1.2253072642936156
-1.2269896143781287
-1.2274619936943054
-1.2313071594107896
-1.2355007409933023
-1.2380555561976507
-1.2408526591542695
-1.2433291104001303
-1.2451851606369018
-1.2493188946640916
-1.250029615405947
-1.2511709084113438
-1.253905314207077
-1.2545733184088022
-1.2564284337891474
-1.2575669081881642
-1.2586802053265274
-1.2602875683223829
-1.261030578586672
-1.26222990666117
-1.2643600966082886
-1.2655304025060363
-1.2658509387235557
-1.2686522603034973
-1.2702337542477136
-1.272387764637824
-1.273158859875467
-1.2801426491932943
-1.2892076720794041
-1.29131012968719
-1.294998727971688
-1.2981926009524614
-1.3010236808958535
-1.3013791028195276
-1.3020948496581581
-1.3039956469502714
-1.3097647384364375
-1.3125057476572692
-1.3135766804218292
-1.3147771457831066
-1.3160918049979955
-1.3173423588275797
-1.317476261407137
-1.3178580196367369
-1.3214953798800706
-1.3236006021522808
-1.3254305172711611
-1.327493801092108
-1.3291068945287003
-1.3299928612957483
-1.3306609869003183
-1.3349389156785698
-1.3419532372305791
-1.3452652931213378
-1.3472232234974701
-1.3482413650763192
-1.3498359525051042
-1.350274555426784
-1.353841982781887
-1.354943683790566
-1.3578595630824566
-1.358010330547889
-1.3583763994975016
-1.3590472489595413
-1.3600611463189125
-1.3633870509288766
-1.3636783189242123
-1.363930633912484
-1.3651049584150314
-1.3652514975052328
-1.367471469730577
-1.3685103961163096
-1.3688759148741763
-1.3692924937890243
-1.3696429993923436
-1.3701421513150616
-1.3703003711998463
-1.3757616480401713
-1.3772327875894483
-1.3796698323317937
-1.3813467534026131
-1.3838221836835145
-1.3847904434161526
-1.3849814064386818
-1.3850124133621446
-1.3853375353494624
-1.3862789508241873
-1.386494014375785
-1.3877410157583654
-1.392309391955026
-1.3924656367550245
-1.3929920599330217
-1.3932561427354813
-1.3940162085928023
-1.3964987488496783
-1.3981638601981103
-1.3992861818987876
-1.3998338932212502
-1.4008397342903274
-1.401146908601125
-1.4014112264388814
-1.4015240321556728
-1.4045277629047632
-1.4049754198640538
-1.4061783841914601
-1.407067364617251
-1.4082428357667394
-1.4102885909946052
-1.4111901575492487
-1.4118226331748394
-1.4124140259809792
-1.4158615867296855
-1.4174598992491763
-1.4177563786506653
-1.418279759120196
-1.4193762557581067
-1.419890514796835
-1.4201236409128548
-1.4205768065771924
-1.42133060417005
-1.4220992081931658
-1.423347736062068
-1.4234016587336857
-1.425455518066883
-1.4261405855213525
-1.4273798614740372
-1.4287261998215286
-1.430150993168354
-1.4309915341436863
-1.4312443972698279
-1.4313061237335205
-1.4338499179886464
-1.435778339473126
-1.4366435509198237
-1.4369438173016533
-1.438469609250856
-1.4388808906078339
-1.4399349060323503
-1.439985135360621
-1.4466714286245406
-1.4475428722265253
-1.4506861120462418
-1.4508433263334963
-1.4515871509574936
-1.4516743359854445
-1.454666092991829
-1.4550055512227118
-1.4558032663848106
-1.4579731116054553
-1.4610550059005618
-1.461939960718155
-1.4624246721621603
-1.4656690582633018
-1.4687960259616375
-1.4716703547164798
-1.4726691283855189
-1.4728856885132524
-1.4730873468021553
-1.4748368902300717
-1.476730310491153
-1.47691493978103
-1.4778874120353673
-1.4782849821417523
-1.48254058841202
-1.4829483659705147
-1.485668536182493
-1.487613096833229
-1.491821676492691
-1.4918987972972293
-1.4923534278165211
-1.494908244530153
-1.4955584247197424
-1.4966228779715796
-1.4966689775697888
-1.4978059753775597
-1.4984401119872928
-1.499547740858462
-1.4998498173614887
-1.5012515783309937
-1.5018202912062406
-1.503574329117934
-1.5046171901916388
-1.5047961711548852
-1.5058381934328888
-1.5069155395030975
-1.5085096878238902
-1.5087036701479446
-1.5089786596392514
-1.5093449567045485
-1.5099993171244646
-1.51380441212354
-1.5143545777536929
-1.5153944692253087
-1.5156188227701932
-1.5163678583223372
-1.5219228077679872
-1.5220392644405365
-1.5227387167979032
-1.5242197391473584
-1.5242944409013337
-1.5256097376011895
-1.5290398716926574
-1.5295093357563019
-1.5300965497392098
-1.5312125235795975
-1.5322436317801476
-1.5325547152509291
-1.5371787383928677
-1.537774047578785
-1.5380603359435918
-1.5384302790877373
-1.5386298657073592
-1.5391956542929013
-1.5405759861071904
-1.543218729830187
-1.543775753507507
-1.5440033949911594
-1.54477618766346
-1.5475893677635626
-1.5513614377938212
-1.552057183533907
-1.5525781995513372
-1.5538048363394208
-1.554951233168443
-1.555978186428547
-1.55706974058412
-1.5583254918456078
-1.5588533239705222
-1.5594352490522645
-1.5605702372267842
-1.5611658468842506
-1.5616053555692946
-1.5616875426383559
-1.5651164786429945
-1.5665621149819344
-1.5666360314515642
-1.5667930692014955
-1.5688394109408061
-1.5707209914566191
-1.5718112301886624
-1.5718946903507458
-1.5721245817403542
-1.5727728840132493
-1.5732558927498759
-1.5739128732786325
-1.577704196588291
-1.5788430188383376
-1.5798691292584408
-1.5800820030272007
-1.581326527229976
-1.5831491818482226
-1.5839756339431914
-1.5853561490417634
-1.5857285959646106
-1.5860133848153055
-1.5860150547632657
-1.588529302014245
-1.5909422948956489
-1.5926087785628624
-1.5927061744986961
-1.593548792724808
-1.5967700995800194
-1.5983829274773598
-1.5986359282396734
-1.5992349237203598
-1.6000911593437195
-1.6026886468753219
-1.6041061625535524
-1.6048317115545125
-1.6055721353914123
-1.6065022595226766
-1.6136957090348005
-1.6159482083155374
-1.6161036416888237
-1.6196691198274493
-1.6203459093352648
-1.6205647050977858
-1.6219345070421696
-1.624185761569866
-1.6274857103468094
-1.6291126268250602
-1.6293526821666293
-1.6323149919175193
-1.6335666924715042
-1.6337260944502694
-1.633812556664149
-1.634217883227393
-1.634535831399262
-1.6355943934531751
-1.6375149751384015
-1.6394205519334517
-1.6399219396213691
-1.6415175266738515
-1.6461258808150887
-1.6462684895377606
-1.6466821730136871
-1.6476378256662025
-1.6485934009154637
-1.6494106216482165
-1.6558586921514182
-1.6564658426425674
-1.658451850215594
-1.658975824713707
-1.6594727337360382
-1.659833292166392
-1.6602748510777001
-1.6640237592238498
-1.6648100344464183
-1.6722281634472893
-1.672528550028801
-1.6726202741265297
-1.6745207856098812
-1.674919119803235
-1.6752398278535514
-1.6756673256556194
-1.6767127130712782
-1.6779923949431708
-1.6825491636500374
-1.682938033973591
-1.684387445449829
-1.6845031288458603
-1.6850738186389207
-1.6860372920831044
-1.6862443527206779
-1.686418784944989
-1.686620980501175
-1.6866565782919578
-1.6870530247688293
-1.6878258511424065
-1.6888841027393937
-1.6925787888467312
-1.6948406959254498
-1.6987086215189524
-1.7030441874940152
-1.704597675710425
-1.7049975782632827
-1.7077787617842357
-1.708407148718834
-1.7102786699930828
-1.715012364089489
-1.7182824321091175
-1.719877731271481
-1.7211613470895424
-1.7228846961934323
-1.7235857163156783
-1.724338162690401
-1.7249633443781123
-1.7260630215426187
-1.726149106770754
-1.7304871633648873
-1.7307516019791365
-1.7310436367988586
-1.731321680545807
-1.7320465328437942
-1.7344170425619398
-1.735466477516133
-1.7362227085977793
-1.7386870391666889
-1.742013394832611
-1.7439214708283544
-1.7451930046081543
-1.7453267275844457
-1.7468700011571248
-1.751530835032463
-1.7522311849253518
-1.75358301649491
-1.7564412564039231
-1.7588370155010904
-1.7599733173847198
-1.7607583867179022
-1.7616115286946297
-1.7623514346778393
-1.7667752422392369
-1.7686734199523926
-1.7715949714183807
-1.7720772690243192
-1.7822419652449233
-1.7887888565659522
-1.7914902529728352
-1.7949730900840626
-1.7954795330762863
-1.8020732030272484
-1.8041267891724904
-1.8050970017910004
-1.8081229689220588
-1.8098934680223464
-1.8115547150373459
-1.8119013786315918
-1.8140537275208368
-1.8144687369465828
-1.8165568671238361
-1.817063222328822
-1.8193484842777252
-1.8194360843908726
-1.8227908179163932
-1.823600537247128
-1.8246666491031647
-1.8264766186475754
-1.8310799419879913
-1.8353160383800666
-1.8359109163284302
-1.8467129737138748
-1.8482995189726352
-1.8486060172319412
-1.852723491191864
-1.853724976380666
-1.8538940912112594
-1.854578932126363
-1.8559983240233526
-1.8563730865716934
-1.8570242399083716
-1.8576917722821236
-1.8578237148800067
-1.8580553844571113
-1.8584920565287273
-1.861455261707306
-1.862006388604641
-1.8641539995691605
-1.864616783335805
-1.8676697810490925
-1.8698410108685493
-1.8707653919234872
-1.874812126159668
-1.8753964636060927
-1.8768148869276047
-1.8777144418822393
-1.8790387511253357
-1.8799843788146973
-1.8808217570185661
-1.881989484031995
-1.8835995733737945
-1.8842731088399887
-1.8889854039464677
-1.8940418277468
-1.9070374454770769
-1.9090893238782882
-1.9102203845977783
-1.9102996550500393
-1.911590814590454
-1.9115913311640422
-1.9203951954841614
-1.922101303935051
-1.9262455761432649
-1.9287447452545166
-1.9324057400226593
-1.9390926701681954
-1.9399502617972237
-1.9446858204901218
-1.946881924356733
-1.9489786114011491
-1.9500017128884792
-1.9519739663228393
-1.9529963843524456
-1.9544976577162743
-1.9561413129170735
-1.96074412550245
-1.9621571567323473
-1.9719479903578758
-1.9724940690729353
-1.9742835313081741
-1.9788869321346283
-1.97968270778656
-1.9810674339532852
-1.9931104183197021
-2.00077161192894
-2.0040335655212402
-2.00541190803051
-2.0063230991363525
-2.0079976990818977
-2.009149618446827
-2.009162127971649
-2.0097063183784485
-2.0115453004837036
-2.01263914257288
-2.013807346423467
-2.0158907175064087
-2.016498476266861
-2.0165641009807587
-2.019393764436245
-2.019975368119776
-2.0209122143685816
-2.0221792459487915
-2.0239029601216316
-2.029944561421871
-2.0303639471530914
-2.0323034048080446
-2.0356503469603404
-2.0362845193594694
-2.0383434295654297
-2.0406279819352284
-2.0438206592574715
-2.044544001420339
-2.0520563304424284
-2.0535176448523997
-2.0556441508233547
-2.0559301802090237
-2.059892473476274
-2.0653690338134765
-2.066611656120845
-2.0715688347816466
-2.075472444295883
-2.080266710370779
-2.086322690759386
-2.087558797427586
-2.0886706369263783
-2.0951083172112703
-2.0972440242767334
-2.1010728904179166
-2.1038669869303703
-2.109440949228075
-2.1152531752983728
-2.11537233988444
-2.1165589671581984
-2.117796540260315
-2.118859589099884
-2.1255944967269897
-2.1256626843369304
-2.1283131390810013
-2.1303729890740213
-2.131788408652574
-2.132329781850179
-2.1343746446073055
-2.1388191818154154
-2.1392469505469003
-2.141889601945877
-2.143642708659172
-2.145977348089218
-2.1502200841903685
-2.153184026479721
-2.1531923413276672
-2.1544302105903625
-2.1641898850599923
-2.166925181945165
-2.1669476509094237
-2.171458888053894
-2.1715347170829773
-2.17421755194664
-2.1763029421369233
-2.1766120940446854
-2.182891108095646
-2.183679929801396
-2.1854593037522134
-2.186106026172638
-2.189705193042755
-2.1909562340006232
-2.191328316926956
-2.1957417925198874
-2.19933158159256
-2.208220362663269
-2.2121015141407647
-2.2220269441604614
-2.2256306558847427
-2.2261138508717218
-2.233649100576128
-2.236283540725708
-2.2368648052215576
-2.2429755106568336
-2.248397469520569
-2.24941885471344
-2.254655518569052
-2.2780008713404336
-2.294632375240326
-2.2973350286483765
-2.2984187602996826
-2.3038622617721556
-2.306304842233658
-2.308982789516449
-2.3121667176485063
-2.3174830973148346
-2.3259735465049745
-2.3363934755325317
-2.3484088331460953
-2.3500731945037843
-2.3518062829971313
-2.3566631972789764
-2.3602719647543773
-2.363819882273674
-2.3754104673862457
-2.392003819346428
-2.3943298856417337
-2.3946367104848227
-2.3970410972833633
-2.3984928131103516
-2.407487085887364
-2.407910625139872
-2.4093730449676514
-2.4157793670892715
-2.416542798280716
-2.423655480146408
-2.425710618495941
-2.430244266986847
-2.430942177772522
-2.4370752573013306
-2.437607223788897
-2.4525885581970215
-2.4532397389411926
-2.4555210173130035
-2.4785934686660767
-2.4975283656801497
-2.501589000225067
-2.5025862753391266
-2.508435821533203
-2.510354161262512
-2.5132926305135093
-2.5267123579978943
-2.535916248957316
-2.540835380554199
-2.5501260459423065
-2.567281345526377
-2.5740469336509704
-2.5779454708099365
-2.585160573323568
-2.5877965490023294
-2.6020416736602785
-2.6139024098714194
-2.6245140433311462
-2.6309582591056824
-2.6437900066375732
-2.653432035446167
-2.657472014427185
-2.664907137552897
-2.6691514423915317
-2.675418663024902
-2.6812644004821777
-2.6892257437109945
-2.692579468091329
-2.697030266125997
-2.701433728635311
-2.702776074409485
-2.7039111837744714
-2.7059870958328247
-2.7071078618367515
-2.709172030289968
-2.711038291454315
-2.712138533592224
-2.7260510126749673
-2.7296305894851685
-2.730453054110209
-2.7320430281106383
-2.749620568752289
-2.7589964071909585
-2.761458079020182
-2.799958964188894
-2.8129002498462796
-2.813181241353353
-2.852197011311849
-2.862524390220642
-2.8674375228583813
-2.8696805238723755
-2.8712074756622314
-2.886457681655884
-2.9140806992848716
-2.9220067858695984
-2.927191972732544
-2.928731846809387
-2.9309762716293335
-2.9819718102614083
-2.9860628843307495
-2.989789088567098
-2.996790568033854
-3.002624750137329
-3.0462541580200195
-3.1133476893107095
-3.11503928899765
-3.145814633369446
-3.1701904296875
-3.171569621562958
-3.204364001750946
-3.2602001428604126
-3.373840014139811
-3.3962906201680503
-3.4003368616104126
-3.402555545171102
-3.4195512533187866
-3.46418825785319
-3.4797973036766052
-3.498448073863983
-3.5074447790781655
-3.6083678007125854
-3.6331214904785156
-3.6923322677612305
-3.78701388835907
-3.798284411430359
-3.8354571759700775
-3.8394542932510376
-3.856699436903
-3.8687151670455933
-3.915584683418274
-3.928806781768799
-3.930194139480591
-3.935943365097046
-3.949052572250366
-3.955876588821411
-3.9676097631454468
-3.9731929302215576
-4.029843250910441
-4.054611126581828
-4.064857482910156
-4.120481411616008
-4.126056273778279
-4.16734258333842
-4.362578868865967
-4.7098435163497925
