-0.0020239122677594423
-0.2594153707226117
-0.3449433142435737
-0.36057114518351024
-0.3679847457769938
-0.37185578472498393
-0.37719943043703097
-0.3962473581850645
-0.39706542684535423
-0.4087774598617749
-0.4107439057628179
-0.4108040623444443
-0.41156382389987506
-0.4129231779908878
-0.42376799859780945
-0.42617019861615424
-0.42850875814578365
-0.43164951974879306
-0.4321793670171936
-0.43251073256727646
-0.43398869973939974
-0.4377585583549392
-0.4390878742336869
-0.4476459773812586
-0.44873344522245506
-0.4492019671053736
-0.4500831893559447
-0.45014867642804834
-0.452070372665058
-0.4532776873758329
-0.45850418479708227
-0.4590505761901416
-0.45926630838612953
-0.4593036336379803
-0.46818962270985
-0.46919706735726713
-0.47542456816881895
-0.4771102989713351
-0.4776089859660715
-0.47857701367232947
-0.4800116312740695
-0.48025442573190147
-0.480810106332813
-0.48175733517079306
-0.4827823501373469
-0.48397378196629387
-0.48484665524613646
-0.48545090709295535
-0.48692384743480943
-0.4928000662336126
-0.49419830276747234
-0.4966989070703478
-0.49927690261531443
-0.49952652328647673
-0.5001299600434405
-0.5009148448880296
-0.506608531383487
-0.5091565759139485
-0.509607728350804
-0.5112435722257942
-0.5131200794871389
-0.5168338300924612
-0.5180459448214
-0.5188925112049807
-0.5192688014358282
-0.525314629659988
-0.5263749477665194
-0.5266372953495011
-0.530892627758375
-0.5344756576100322
-0.5411421252218517
-0.5416154634396662
-0.5421056251507252
-0.5436924804364227
-0.5441151226282512
-0.5446883392243762
-0.547432175864849
-0.5484469927135197
-0.5497980811356683
-0.5559033051598817
-0.5560741945768574
-0.556610045220273
-0.5593680759775452
-0.5608933818875812
-0.5632056845041613
-0.5672723593445317
-0.5705085282542688
-0.5799209787689436
-0.5883592894104751
-0.5967460131311478
-0.6046151552083237
-0.6053580022106568
-0.6064867304105844
-0.6111789519200101
-0.6125736227532959
-0.6180542110775907
-0.626547824930061
-0.6275467994564679
-0.6323164486633946
-0.657090960403106
-0.6663472279906273
-0.6706825087312609
-0.6778509377036244
-0.7497770426950107
-0.7544401611667126
-0.8077029550581106
-0.8112003792609487
-0.8130623613085065
-0.8238430619239807
-0.930800573155284
-0.9900599680840969
-1.0134267311543226
-1.0344658343383344
-1.0708016734570265
-1.0747429691255093
-1.1106222074478864
-1.1329541604965925
-1.134956857189536
-1.1427895327409108
-1.1977723478339612
-1.3111767768859863
-1.4561957120895386
-1.5253012863298256
-1.6270608501508832
-1.7146366834640503
-1.753413188457489
-1.8569728331640363
-1.9376390337944032
-2.0212398789823056
-2.0515625523403287
-2.129193866252899
-2.647947458627459
-2.7339809151211134
-2.9028816234786063
-3.330362606483201
-3.4337921154219657
-3.4586642594852797
-4.46030855178833
-6.513944441532658
-7.166229063725041
-9.58675765991211
-11.507380962371826
-11.513437271118164
