-0.021129316766746342
-0.04160367511212826
-0.044297311944925845
-0.10929106175899506
-0.12617568112909794
-0.18077219758803645
-0.1867439743131399
-0.205849077552557
-0.2725704809029897
-0.2783135985955596
-0.29275447378555935
-0.2952622299393018
-0.3296687789261341
-0.3588586263358593
-0.36771852895617485
-0.38147039769683033
-0.39938173722475767
-0.4025767367333174
-0.40889278054237366
-0.41039377947648364
-0.4245933946222067
-0.4306040810687201
-0.4541750468313694
-0.45993712544441223
-0.4690067778962354
-0.48051438227048493
-0.4827175997197628
-0.4839663105085492
-0.48790978314355016
-0.4899878342144398
-0.4917697299271822
-0.4934091468652089
-0.49410078602118623
-0.49564107900692356
-0.5005342839932483
-0.5007272882387042
-0.5047705313190818
-0.5132044090165032
-0.5140793224175771
-0.5151726508047432
-0.5152848839643411
-0.5154213742353022
-0.5179877074697288
-0.5262848667593466
-0.5273584091570228
-0.5296831226696668
-0.5330954889456431
-0.5352993192151189
-0.5411952150364717
-0.5458886796608567
-0.5469752027420327
-0.5487331040203571
-0.5567627965239808
-0.5584704050173362
-0.5598149745325957
-0.5620756826053063
-0.5624254763126373
-0.5633214164107782
-0.563735830041373
-0.5691952942637727
-0.5727972487249644
-0.5742422241621233
-0.5769734904170036
-0.5811920445412397
-0.5831447598175146
-0.5862629469484091
-0.5866848300211132
-0.5892688458164533
-0.5908549300261906
-0.5965315401554108
-0.6030771613121033
-0.6031783084488578
-0.6101131928818566
-0.6115017097354645
-0.6122786060906946
-0.6123727646445332
-0.6127527900454071
-0.6155866034328937
-0.6161928621253797
-0.6193667336156068
-0.6201982870697975
-0.621247536316514
-0.6235037483274937
-0.6243485173210501
-0.6244108378887177
-0.6283787683184657
-0.6293533047040304
-0.6330778012212751
-0.6330998006276787
-0.6363921327516436
-0.6387548341105381
-0.6401360965101048
-0.6416748315095901
-0.6425812658853829
-0.6434963623889618
-0.645413713529706
-0.6515057098797776
-0.6525406334549189
-0.6542022773064673
-0.6573711585645613
-0.6574532571766112
-0.6583652661647648
-0.6591360430632319
-0.660041201103013
-0.6604229153133929
-0.6607227697968483
-0.6610206085671153
-0.6627348962386972
-0.6651749727316201
-0.6663346223621851
-0.6684891049037961
-0.6697589206612773
-0.6717561492696404
-0.6723959017544985
-0.6726857591420412
-0.6738063467459546
-0.675875666240851
-0.6770093544785466
-0.6770143128931523
-0.680313552212384
-0.6809309969345728
-0.6826725793071091
-0.6837166361510754
-0.6840792968869209
-0.6846980594305528
-0.6857433905825019
-0.6869164556264877
-0.6873945516223708
-0.6883709906687727
-0.6884320858865977
-0.689741299213732
-0.6900961548089981
-0.6903609026016461
-0.6915233007421193
-0.6925682900473475
-0.6931823529303074
-0.6939937798796516
-0.6960485437884927
-0.6960594383999705
-0.6979699158109725
-0.7002064749598503
-0.700324985700158
-0.7041401612971511
-0.705551760380759
-0.7056450318037109
-0.7060739160515368
-0.7065609246492386
-0.70899790844747
-0.7094037543154426
-0.7103834558899204
-0.7113644664308855
-0.7113798497427654
-0.7116297733866506
-0.7123569990508258
-0.7124376128263333
-0.712682767253783
-0.7148532198742032
-0.7156246632221155
-0.7175257589135852
-0.7176098728721793
-0.7203268498520959
-0.7214577073852221
-0.7231315491454942
-0.7233042195439339
-0.7247303077951074
-0.7248261379344123
-0.725014071113297
-0.7275475958983103
-0.7277628087438643
-0.7278638438632091
-0.7291461763012669
-0.7327983528375626
-0.7351389206014574
-0.7354854084551334
-0.7371196821331978
-0.7371599733829498
-0.7396174131659791
-0.7420718216337263
-0.7432430312037468
-0.7461423511175733
-0.74617619744756
-0.749837979208678
-0.7500167967518792
-0.7507243493778838
-0.7520269713713787
-0.7522267876192927
-0.7527646020587001
-0.7540951381836619
-0.7561728563159704
-0.7564715683194143
-0.756671776320824
-0.7569307605735958
-0.75814327462153
-0.7589735073968769
-0.7603839728171411
-0.7604565987936579
-0.7613713547587395
-0.7625374116469175
-0.7629498836717435
-0.7645848260515116
-0.7659324588520187
-0.7670088142744804
-0.7689527203994138
-0.7694223551484554
-0.7695474433712661
-0.7707838213536888
-0.7709400394501594
-0.7714544815942646
-0.7723428949427146
-0.7747389059513807
-0.7755015429574996
-0.7761744702500957
-0.776561729144305
-0.77808932736516
-0.7793112993240356
-0.7803472939878702
-0.7808776416350156
-0.7812500723770687
-0.7825185993686319
-0.789300962553724
-0.7901004211356243
-0.7906525408228239
-0.7912843239360622
-0.7922780529680984
-0.7926421130076051
-0.7932356261526761
-0.7935707779744496
-0.7946908082813025
-0.7956606457009912
-0.7958302854094654
-0.7974582516277829
-0.7993938131257892
-0.8028815684374422
-0.8060534633696079
-0.8102558851242065
-0.8109441198132656
-0.8154459479623116
-0.8169617416958014
-0.818567416165024
-0.8198177688089865
-0.8208771248348057
-0.8221326425139394
-0.8222224624454975
-0.8222620976157486
-0.8270792064390012
-0.8290973352268338
-0.8295072476321366
-0.8304435685276985
-0.8317358511100922
-0.8337696960994175
-0.8346550183902893
-0.8376347281349202
-0.8396715878043324
-0.8403281413018704
-0.8415334267685046
-0.8421130855034183
-0.8424449119344354
-0.8432710754374663
-0.8499023962283024
-0.8540468057272611
-0.8540546443546191
-0.856906526722014
-0.8582050129771233
-0.8626918296019236
-0.8631173668429255
-0.8680905361792871
-0.8684306152164936
-0.8692425701560246
-0.8704761425906327
-0.8705401755869389
-0.8706027480463187
-0.8740169340511784
-0.877730421189751
-0.8788360392674803
-0.8791414399941763
-0.8824018156155944
-0.884105555092295
-0.8844219697639346
-0.8858302025390523
-0.8887795535847545
-0.8896384549194148
-0.8950545178726316
-0.8954202586060597
-0.8955529160797596
-0.9017601612955332
-0.9017725207588889
-0.9018151115936538
-0.901836299736585
-0.9086575098335743
-0.9115645769569609
-0.9116358622494671
-0.9179990984499454
-0.9197872944641858
-0.9212498128414154
-0.9260847785256126
-0.9335989173915651
-0.9364439038825887
-0.940695193396935
-0.9455101743340493
-0.9475941425189376
-0.9502523371151516
-0.9515338921919465
-0.952512573982988
-0.953262124909088
-0.9566999793052673
-0.9630440500165734
-0.9631790618101755
-0.9650197833776474
-0.966187593449528
-0.9670234713703394
-0.9674855896996127
-0.9680701063738929
-0.9688944511402112
-0.9701197984843299
-0.9711281503550708
-0.9742380476628358
-0.9746936976909637
-0.9776006342532734
-0.9789494127035141
-0.9803720563650131
-0.9814994798766242
-0.9818576859931151
-0.9834094848483801
-0.9835537084274821
-0.9850358884781599
-0.9858247493035518
-0.9863957367682209
-0.9885483452429374
-0.9958733521246662
-0.9958939552307129
-1.0075636254623532
-1.008169869814689
-1.0102766063064337
-1.0123473089188337
-1.0124927684664726
-1.0201395843178034
-1.020276306404008
-1.0206896265347798
-1.0214357934892178
-1.024326213565655
-1.0253713982800643
-1.0367555407186348
-1.0376097362798948
-1.0378104721506436
-1.040853853027026
-1.0449888044968247
-1.0454236483201385
-1.0525180051724117
-1.052989939848582
-1.0549875060096383
-1.0568331675603986
-1.0596708889518465
-1.0682232230901718
-1.0697771161794662
-1.0813611213650023
-1.0853274619439617
-1.0861960706611475
-1.1004731471184641
-1.1179569887463003
-1.1247829794883728
-1.1346747186034918
-1.1466255718195397
-1.1618332366148632
-1.165706001621272
-1.1695669988791149
-1.1873590350151062
-1.199530949195226
-1.200388749440511
-1.2016569177309673
-1.209131023500231
-1.2205836288630962
-1.2402878337824303
-1.2406291124061681
-1.2573226059986544
-1.2591401611765225
-1.2848280171553295
-1.2887212758262951
-1.295432224869728
-1.2989131100475788
-1.336708441376686
-1.3521366506814956
-1.3588171273469924
-1.3738711004455884
-1.3750350773334503
-1.3901184598604839
-1.398607313632965
-1.3995307981967926
-1.4032334408589773
-1.4055051624774932
-1.438610127568245
-1.464919644327084
-1.4740534412364166
-1.4783401389916737
-1.482080157314028
-1.5062152246634166
-1.5095103681087494
-1.52181077003479
-1.5234591559024662
-1.5398492813110352
-1.542063910063007
-1.5491929650306702
-1.557386881407001
-1.558394767343998
-1.561990737915039
-1.5747125662247916
-1.5794769108295441
-1.5852009654045105
-1.5915211141109467
-1.6080670654773712
-1.615111455321312
-1.6181095518171786
-1.6202386145790417
-1.6283221779574109
-1.6316759462157886
-1.6357691645622254
-1.6516489556857519
-1.6626331039837428
-1.6866785138845444
-1.70211763381958
-1.7038337528705596
-1.70999139174819
-1.7618810604471946
-1.7781098034232854
-1.8471723534166813
-1.8511772241443396
-1.8695548651739955
-1.9277504812926054
-1.9300526678562164
-2.0212122797966003
-2.044347643852234
-2.065315507352352
-2.109013557434082
-2.1168060278869234
-2.1267092674970627
-2.1403236985206604
-2.1556103583425283
-2.206093192100525
-2.2068182229995728
-2.241800419986248
-2.2596102952957153
-2.280397802591324
-2.292985402047634
-2.384251309558749
-2.518051452934742
-2.5903584957122803
-2.7294485047459602
-2.803538203239441
-2.88071501464583
-3.0256025791168213
-3.0918185710906982
-3.105219155550003
-3.175467610359192
-3.2391378208994865
-3.510709762573242
-3.6566277649253607
-3.6581119199593863
-3.7118618488311768
-3.956104348103205
-4.037504306063056
-4.0764719645182295
-4.134312748908997
-4.984987258911133
-5.549319267272949
-5.642150467261672
-7.818549156188965
-8.513068199157715
