-0.00013553177996072918
-0.0005631997428281466
-0.0032174690859392285
-0.004472546953669128
-0.006835536303697154
-0.007205729333994289
-0.010760898815351538
-0.012718339450657368
-0.015960993760797595
-0.017155808390089077
-0.022149871023430023
-0.024029663123251846
-0.024183266296859074
-0.027232132642529903
-0.028974317621396038
-0.02933459464884436
-0.03974127529987267
-0.049384160456776786
-0.0576385629368922
-0.06630042037327907
-0.07475521648571569
-0.07629791299041244
-0.08817132614422007
-0.0919384037739898
-0.09207315096118691
-0.09251345422193194
-0.09740266017615795
-0.0976286893710494
-0.1009248099301961
-0.10460974493374427
-0.10505550457881847
-0.10674364684366636
-0.11231303107342683
-0.11343883908445535
-0.11392780393362045
-0.11663178978311148
-0.11841950296527809
-0.11915122637874447
-0.12055073396186344
-0.12081483015790581
-0.12228113896741309
-0.12448041113796839
-0.12589095548837043
-0.1265112499498476
-0.1270795254572209
-0.12881875717614413
-0.13172505671779314
-0.1355434805072119
-0.13676170840626584
-0.13780022193350305
-0.13829504619070576
-0.14052353516166002
-0.14115474208235604
-0.14251536820665933
-0.14489251529284958
-0.1455871302265829
-0.14988026043708183
-0.15080872257054911
-0.1529771387577057
-0.15407257057979057
-0.15605916135215617
-0.15652848411708772
-0.15770635501604902
-0.1591160295311489
-0.16624678411204108
-0.16909598863397454
-0.17008752028386181
-0.17228862534648215
-0.17363435536909883
-0.17606872644763724
-0.17754282639060845
-0.17809318798039198
-0.17851999119565812
-0.17982511764228762
-0.1803481957031181
-0.18274223631306086
-0.1832695924458676
-0.18393572539186126
-0.1852359697579578
-0.18901000610937693
-0.19099157127441554
-0.1914806704444345
-0.1931330875668209
-0.19520661494295513
-0.19578524450904902
-0.1986607803555671
-0.1994621062678925
-0.20017950403352563
-0.20083683627308346
-0.20248192716389896
-0.20376822255315752
-0.20517071321434438
-0.2062898750068093
-0.2083865168193976
-0.20848025090086403
-0.21030225556052756
-0.21172708192034406
-0.21560101169585064
-0.21685898410565382
-0.2193149889914242
-0.21957827677852038
-0.22313603897567158
-0.22367889748992248
-0.2241607311065713
-0.22646495001390576
-0.22778005679875996
-0.2327659187372774
-0.2335787829858115
-0.2350158928412485
-0.2355395561396356
-0.236286749198977
-0.23651479100908546
-0.23652402152583818
-0.2400057295538621
-0.24011384330047544
-0.24315297515313433
-0.2448508424496443
-0.24504388500362337
-0.2484382692696272
-0.24995768846711144
-0.2511863987772358
-0.25246259914711117
-0.2560514204960782
-0.25624407223085655
-0.25625464372286744
-0.2571151807949112
-0.25712464468681273
-0.2581307995482348
-0.2598876358019879
-0.26382472723489625
-0.26466262873469126
-0.2719894724432379
-0.27319886446081604
-0.2739233490344934
-0.2750563445215448
-0.27928369828603333
-0.2801828058113375
-0.28136812755838037
-0.28286591818960005
-0.28549943026155233
-0.2864484536047611
-0.2883209896992614
-0.29101036608894254
-0.293075256166608
-0.29438454093178734
-0.29638916786716435
-0.29810125956618533
-0.29882020703040657
-0.3001139555007368
-0.3026236810282254
-0.30483472258965777
-0.3068651994683478
-0.3078035196813289
-0.3086205238165955
-0.30943568839575164
-0.3104730729406323
-0.3121198263013664
-0.31301636890404755
-0.3150649433955361
-0.31637549164133816
-0.31660443756512296
-0.3183905075581909
-0.3224725111500043
-0.32458392746630127
-0.3262143924832344
-0.32890900631900877
-0.32902822718315294
-0.32938651330769064
-0.3297477680607699
-0.3306076409191721
-0.3312901091951723
-0.3318879044154528
-0.33202181880526244
-0.33205423134889617
-0.33248613189789467
-0.33260763768994367
-0.3342680519047214
-0.33503186400048435
-0.3351208587595135
-0.3358364416609137
-0.335999251663452
-0.3363388716908438
-0.3392722527863953
-0.34248841677908787
-0.3466983098314813
-0.34751022446401364
-0.35012679880092035
-0.35113917124423705
-0.35135450234039517
-0.35235024930443615
-0.3523658676305786
-0.35246100527001545
-0.3536050181272003
-0.3542582853887224
-0.3549265814945102
-0.3563076435006224
-0.3572520532412454
-0.3581008864712203
-0.35939693870022893
-0.35982427295966773
-0.3608550236652566
-0.3610434335552984
-0.36357629210870074
-0.3669302891229073
-0.3682901268824935
-0.37163880800149995
-0.3764735496758173
-0.3825924847216811
-0.38578238187210445
-0.3867402258846495
-0.3887254579713044
-0.39024595426344605
-0.3907889883401367
-0.39493068896699696
-0.39615927014069713
-0.39698658511042595
-0.3987650914117694
-0.40225571549187106
-0.40718584693968296
-0.4088714596416269
-0.41021282189629144
-0.4110972500509686
-0.4142753895421265
-0.41504952155234304
-0.4169283898547292
-0.4172227207671732
-0.41741575626656413
-0.4183756494012414
-0.41866164986952625
-0.41888585308988696
-0.41989179874653926
-0.4202098496695423
-0.430769668555715
-0.43228414762415923
-0.43489295313484033
-0.43512255847163034
-0.4390941950906482
-0.4410476675740938
-0.44140069317654707
-0.4449011928809341
-0.4465632379753515
-0.447012899746187
-0.4471143295855394
-0.44721596997341195
-0.4479433763670106
-0.45027917126814526
-0.4507792914751917
-0.4513605110303615
-0.45347147922620934
-0.4535743318148889
-0.45427205027272066
-0.45580808793116984
-0.45716160643340636
-0.4684608550483568
-0.4691448805720678
-0.46954842859413476
-0.47122861811028716
-0.4720805563982659
-0.47216567752184346
-0.4725323957391083
-0.47268405173144856
-0.47894801359507255
-0.4814618236792739
-0.48451148189542437
-0.48745676086400636
-0.4915389003464952
-0.49242744222283363
-0.4928360467052294
-0.49377349759452044
-0.49504592130930786
-0.5002714517759159
-0.5013812007615343
-0.5030089886193829
-0.5070155384484678
-0.5073874354420695
-0.5080863842782232
-0.509049120449668
-0.5101204007119122
-0.5167913535033222
-0.5201017238622525
-0.5209395978599787
-0.5245261939176998
-0.5286556551016273
-0.5288797706016339
-0.5343562694499269
-0.5413737688213587
-0.548663635387129
-0.5525986259537083
-0.5541014812066957
-0.5590108599571977
-0.5598723847069778
-0.5601484060287476
-0.5702813638024964
-0.5789353867992759
-0.5813308737706393
-0.5846439426143965
-0.5875704661011696
-0.5887269331142306
-0.5962230951658317
-0.5975620583121781
-0.606089427696942
-0.6089278860017657
-0.6100716071436182
-0.6147294390414443
-0.6173127086820185
-0.6210859175266705
-0.6221134332954534
-0.6229727455938701
-0.6232706837555659
-0.6334586805114668
-0.6420204216847196
-0.6474466129924016
-0.6524870097637177
-0.6534711731201241
-0.656676788454206
-0.6631466401133366
-0.66617918344582
-0.6671993289750794
-0.6695902520732488
-0.6723458621127065
-0.6733866716967896
-0.6747347610662473
-0.6756019102561238
-0.6798241833166685
-0.6812126369082502
-0.693837426439859
-0.6990491342221503
-0.7052192270223584
-0.71034682666262
-0.7135403590276838
-0.7192307785153389
-0.7232941590045812
-0.7245655970647931
-0.7287746700969364
-0.7412469394330401
-0.7420426680958675
-0.7479451429098845
-0.7500436156873808
-0.7524293558035424
-0.7524950728818242
-0.7538429697354635
-0.7597553969826549
-0.7641379897540901
-0.7644435609787857
-0.7660721751775176
-0.7680791914463043
-0.7683442072942853
-0.7700240410670176
-0.7736231129581158
-0.7763383216224611
-0.776405796751143
-0.7822763410707315
-0.7924275611367193
-0.7959747198370418
-0.7983457613237468
-0.7983588092029095
-0.8018444226456469
-0.8120449123283228
-0.8133437871098673
-0.8134251637384295
-0.8175068407290382
-0.8212357411781946
-0.8217299995677811
-0.8219087361455119
-0.828618111088872
-0.8314138175919652
-0.8337284644533914
-0.8404005079501076
-0.8445883302920265
-0.8455206204283362
-0.8457070481206757
-0.8469272008708989
-0.8475027021908722
-0.8615643887314945
-0.8618258455147346
-0.8714978999458254
-0.8763086888939142
-0.8833664880200688
-0.8866991586983204
-0.9177650494500995
-0.9343026190035744
-0.9349948850770792
-0.9373406874277862
-0.958902799482328
-0.9642547283853803
-0.9756551966071129
-0.9772972278296947
-0.9919509714721547
-0.9931835578754544
-1.0153663136685889
-1.0246658742427825
-1.027617521584034
-1.043011916591786
-1.0586989197436196
-1.060590853834583
-1.0609934352338315
-1.0706478524953127
-1.073488725349307
-1.078930027782917
-1.0884279909854133
-1.0936001083912288
-1.0978845386950222
-1.0992226886252563
-1.1070611104369164
-1.1071235425770283
-1.1393096757431824
-1.1445155441761017
-1.1459107163051765
-1.1465271512667339
-1.1466348677873612
-1.1610365491360426
-1.1653610656612727
-1.1653904896229506
-1.168019746740659
-1.1759868936424027
-1.1872723946115002
-1.1939820855855943
-1.2088232120964677
-1.217352670431137
-1.2257320672324568
-1.251354865108927
-1.25295720428403
-1.2566859560708206
-1.2638284042477608
-1.2640565924346447
-1.304390807946523
-1.3112065643072128
-1.3459728419780732
-1.358009119828542
-1.3943789650996525
-1.3985558822751045
-1.4044861500406114
-1.4050037453416735
-1.4130450288454692
-1.452976554011305
-1.4935068818740547
-1.5098673361353576
-1.5385035596167047
-1.5512183904647827
-1.558288037776947
-1.5797749559084575
-1.5948358376820881
-1.604482392470042
-1.6236653405552108
-1.626473029454549
-1.6385947642459844
-1.6493878099136055
-1.7206062840414234
-1.7244815560989082
-1.7576818416515987
-1.7852399051189423
-1.8059412209598424
-1.8600106887432049
-1.877860221080482
-1.90683509906133
-1.9723072002331417
-2.2135719208890805
-2.223077831789851
-2.2606640439480543
-2.2632697373628616
-2.272639036178589
-2.2925372825314603
-2.3241016431323565
-2.3550957441329956
-2.356834277510643
-2.373933106660843
-2.377412478129069
-2.382519223067599
-2.415421172976494
-2.417288661003113
-2.4176069498062134
-2.5368659496307373
-2.6686839514877647
-2.731799438595772
-2.7537866928614676
-2.7993671894073486
-2.824779987335205
-2.8757944107055664
-2.9300713408738375
-2.9731626382450336
-2.9783763766948446
-2.981064817014461
-3.0420058965682983
-3.1422715056687593
-3.1448781428625807
-3.259568678215146
-3.335924720391631
-3.351849159691483
-3.4200344681739807
-3.422489644610323
-3.4248241037130356
-3.499439299106598
-3.5309305787086487
-3.5900055654346943
-3.6127309799194336
-3.821269992738962
-3.921704411506653
-3.9642081260681152
-3.965794086456299
-3.9875314173987135
-4.432751897722483
-4.58689647866413
-4.8739190101623535
-5.287261602614308
-5.483946201624349
-5.624784425017424
-7.084312677383423
-7.8330163403297774
-11.887216567993164
-12.200309753417969
-12.581896781921387
