-0.0007517330814152956
-0.009571776259690523
-0.017405899241566658
-0.07449950819136575
-0.07673493602002661
-0.09876905148848891
-0.11401358619332314
-0.15619494225829839
-0.15858505424112082
-0.18148602110644182
-0.1845467882230878
-0.22121119126677513
-0.23080890359900272
-0.239509804174304
-0.24755737961580357
-0.25357866977498383
-0.25460124447440297
-0.2546014782662193
-0.256304629594804
-0.2639318673561017
-0.27003559706749264
-0.27327895246783335
-0.27813289399879676
-0.2793198218145831
-0.2828099942209
-0.3002850087538648
-0.3240082599438244
-0.32693244474940003
-0.3361968547105789
-0.33630481868982315
-0.3384190157424503
-0.34148096293210983
-0.3426973183889425
-0.34553163091186434
-0.3461715824281176
-0.34635253687389195
-0.34841448995198504
-0.35135183203965425
-0.3519336782146952
-0.35411203228868543
-0.3587588186556887
-0.36050767182182014
-0.3610719923550884
-0.364925742735444
-0.3665471225976944
-0.37130755351002637
-0.3722215822239503
-0.37321572701912376
-0.37337523996829985
-0.3748033903539181
-0.37521773083135485
-0.3785926571538396
-0.37958220881409943
-0.38018009838249
-0.38293953399573055
-0.38441241064786236
-0.3921759848546406
-0.39271676819286466
-0.39688978968964267
-0.39855406805872917
-0.39982535461300966
-0.4009088738974625
-0.4019932230003178
-0.4023527316749096
-0.40551955489596975
-0.4067784895250086
-0.408866262761876
-0.41470016648932156
-0.41576264866475515
-0.4168663819010059
-0.4203161160694435
-0.4220560962676245
-0.4241549979895353
-0.427514627740796
-0.42985421551081043
-0.43244775385862927
-0.43292113163245277
-0.4341452203102802
-0.44264266081154346
-0.44358519126944884
-0.443869523194042
-0.44419250507295754
-0.44526269648430084
-0.4460228111129254
-0.44749983112301883
-0.45055729494430125
-0.4513749262175854
-0.4516255447873846
-0.4549713200993008
-0.45710357318499256
-0.4603388202928105
-0.46222434172649746
-0.46256009865464875
-0.46601141768042
-0.4668893679287673
-0.46770165719014284
-0.4682095367461443
-0.4685725380300677
-0.47065120018087325
-0.4707686430774629
-0.4737748014740646
-0.4741769298911095
-0.4787806906646842
-0.4790360463084653
-0.4799039683213258
-0.4800392662175
-0.4820420676842332
-0.4825469789876869
-0.4831271261209622
-0.4889727888163179
-0.48944066384468565
-0.48961465479806066
-0.49055796340107916
-0.49235620156728793
-0.49505398510955273
-0.4954957055548827
-0.4970817419234663
-0.4980113350611646
-0.49821714045745985
-0.5002604089677334
-0.5021573274196791
-0.505802109837532
-0.5066852635807462
-0.5080181081468861
-0.5088277745526284
-0.5094190960646503
-0.5097272496980926
-0.5113344613462687
-0.5118059989892774
-0.513499473732996
-0.5139965945854783
-0.5156354963110061
-0.5167505402690343
-0.5221592172565579
-0.5243761837482452
-0.5251347706653178
-0.5255038801855831
-0.5270002737641335
-0.5295729620212858
-0.5295932618682855
-0.5305379709694534
-0.5326325809583068
-0.5329277676064521
-0.535469873342663
-0.538045779750165
-0.5410022397166662
-0.5411719873547554
-0.5421820806805044
-0.5424996465444565
-0.5442809676751494
-0.5450885948259383
-0.5478372636949643
-0.5500105494125322
-0.5505100432783365
-0.5510723286618789
-0.5511227484999431
-0.5539019296411425
-0.5541880194214173
-0.5553288532828446
-0.5562130603939295
-0.5562894898108565
-0.5573928344775385
-0.5584787985309958
-0.5587789256657872
-0.5588097479194403
-0.5622930631798226
-0.5635730380192399
-0.5640738776086697
-0.5674738931971101
-0.567698722705245
-0.5699621113017201
-0.5705015558217253
-0.5710127668765684
-0.5714666348882019
-0.574602211639285
-0.5759401395989698
-0.5759933248448831
-0.5786586023556689
-0.578922365947316
-0.5834705090189042
-0.583861818537116
-0.5901016012618416
-0.5927225505001843
-0.5959842544980347
-0.5965114714577794
-0.5969866832718254
-0.5970499214123596
-0.597492210360037
-0.6017988475505263
-0.605126092934774
-0.6056880433112383
-0.6057666056246186
-0.6065243882023625
-0.6065821041926168
-0.6076471845486334
-0.6093073335165778
-0.6182064541208092
-0.6182852081422295
-0.6200886149373319
-0.6220627117436379
-0.6223469047496716
-0.6268505128100514
-0.6288061767816544
-0.6305106431245804
-0.6310161498375237
-0.6324241398092867
-0.6340342388887491
-0.6340399709297344
-0.6381601458082774
-0.6384793924167752
-0.6398501438088715
-0.6403805231675506
-0.6414143241321048
-0.6420178894939668
-0.6459841556847096
-0.6505198655291818
-0.6508856271393597
-0.6512488083293041
-0.6522189703731177
-0.6525205783545971
-0.6529427567496896
-0.6556584252044558
-0.6561258128844202
-0.656246091867797
-0.6564240358355973
-0.6569366876035929
-0.6580952900565333
-0.6597318996985754
-0.6607223971746862
-0.6635494329035282
-0.6669042605906725
-0.6673182191783175
-0.6678658119402826
-0.6717673585646682
-0.676445197314024
-0.6790352463382684
-0.6800049596931785
-0.6809904076159
-0.6824405789375305
-0.6829438809305429
-0.6837180695895638
-0.6842964696697891
-0.6843550487731894
-0.6885872101411223
-0.6901788046317441
-0.6902351307217032
-0.6914979351684452
-0.6917711484245956
-0.6931002025182048
-0.6937402617186308
-0.6941268915310502
-0.6946519712698372
-0.6966666233326707
-0.7008444538339973
-0.700978779544433
-0.7027982520521618
-0.7097646691836417
-0.7106755720451474
-0.7140859609935433
-0.7152062080179652
-0.7163382181897759
-0.7164413496851921
-0.7164450954645872
-0.7201032845510377
-0.7208590586004513
-0.7224777318537235
-0.7229828807440671
-0.7230575749288417
-0.7233762430027127
-0.7234253867063671
-0.7243362441658974
-0.7321963754172126
-0.7327858009375632
-0.7335977405309677
-0.7398398096362749
-0.7452172992218818
-0.7455767906270921
-0.7467996949950854
-0.7486000525765121
-0.7498647360131144
-0.7499548844061792
-0.7504145638085902
-0.7517886670409806
-0.7524202934000641
-0.7547653785441071
-0.7575468075062547
-0.7591272043064237
-0.7597844252362848
-0.7614882700145245
-0.7635832354426384
-0.7655616059899331
-0.7733869757503271
-0.7760360674932599
-0.7762362969418367
-0.778325710652603
-0.7785603114239433
-0.7789752157405019
-0.7792357560247183
-0.7830274828593247
-0.7841441721757292
-0.7916538959369064
-0.7921853043138981
-0.792448536133937
-0.792929545044899
-0.7930074729956686
-0.7932263266295194
-0.793705877289176
-0.7939133308827877
-0.7963247533022825
-0.7998365780804306
-0.800603698194027
-0.8013345900399145
-0.8041148765090232
-0.8058171318843961
-0.8065764748316724
-0.8175120711326599
-0.8217042903997935
-0.8220303007401526
-0.8287734128534794
-0.8329181121662259
-0.8360621899366378
-0.8381084278225899
-0.8427087954012678
-0.8434854266751144
-0.8472853610906491
-0.8487452927976846
-0.8487520726397634
-0.8500942529903518
-0.8512580036185682
-0.8538355752825737
-0.8579072065651416
-0.8590777878649533
-0.8599896550178527
-0.8612596690654755
-0.8618702810257673
-0.8636770505458117
-0.8668351352214814
-0.8741542291245423
-0.8778740875228929
-0.8846326153725386
-0.888152328112887
-0.8883412539958954
-0.8893666796890708
-0.8905712142586708
-0.898270910474821
-0.9014200557555471
-0.9023027691058815
-0.9038954412098974
-0.9047926469705999
-0.9123422233387828
-0.9255265848090252
-0.9262233514571563
-0.9424543928354978
-0.9501734301447868
-0.9502725964412093
-0.9550303174415603
-0.956423600029666
-0.9576215367764235
-0.9607154000550508
-0.9627806474454701
-0.9681660163526734
-0.9687724001802659
-0.9754275741055608
-0.9794288486242294
-0.9856659124239481
-0.9872852744800704
-0.9881086572616672
-0.9881266520371557
-0.997147960588336
-1.0057407461106778
-1.0112161735693614
-1.0150966867804527
-1.025489039098223
-1.0263333152979612
-1.0367211969569325
-1.0441242419183254
-1.0549787955969805
-1.064868737012148
-1.0678729293867946
-1.0700745433568954
-1.0704199469515256
-1.0708492961046951
-1.073802151562025
-1.0858186004269454
-1.0926197652394574
-1.1191164962947369
-1.1221178679002657
-1.1339175687171519
-1.1632580074171226
-1.1702432872896844
-1.1764120992273093
-1.1799842363689095
-1.1829160005552695
-1.1861746907234192
-1.1873521051602438
-1.1874457113444805
-1.1893723851868085
-1.1938663005001016
-1.1977940297996004
-1.2046665794083051
-1.2052964272443205
-1.2068865452375677
-1.2243738457327709
-1.2252404233557173
-1.230106381078561
-1.2302229721099138
-1.234842214201178
-1.2355343934432312
-1.2360228882171214
-1.2419855395952861
-1.251128987305694
-1.262058862298727
-1.2716262352963288
-1.275775230990257
-1.2768870776386134
-1.276931711472571
-1.3060761284083129
-1.3078523973623912
-1.3249547486858708
-1.3362977057695389
-1.3410543520003557
-1.3455040156841278
-1.3790908982045949
-1.3865348123945296
-1.3949912041425705
-1.407531311114629
-1.4159548757597804
-1.4162656005471945
-1.4234555043901007
-1.428354799747467
-1.4349677041172981
-1.4467104226350784
-1.4588334113359451
-1.4729595482349396
-1.4747863905504346
-1.498152993619442
-1.501337744295597
-1.50482041357706
-1.5054838359355927
-1.5416068490594625
-1.5510847233235836
-1.6223579570651054
-1.6251544697831075
-1.6346243277192116
-1.6445241868495941
-1.6469823122024536
-1.6472702771425247
-1.66064493060112
-1.6961994878947735
-1.8092355728149414
-1.828270312398672
-1.8572161793708801
-1.8607470393180847
-1.867368221282959
-1.8725116369314492
-1.954414077103138
-1.9637252986431122
-1.9793740026652813
-2.069052517414093
-2.1003008985426277
-2.1498979330062866
-2.183126447101434
-2.236836686730385
-2.243061859975569
-2.2474987357854843
-2.2664897441864014
-2.3320550322532654
-2.3899569623172283
-2.5521083871523538
-2.6147305568059287
-2.6369372755289078
-2.740655561288198
-2.826843241850535
-2.893748919169108
-2.903187910715739
-3.212513517588377
-3.5874615758657455
-4.189894277602434
-4.571996569633484
-4.969444274902344
-5.068067801708821
-5.686099410057068
-5.90658438205719
-6.423137187957764
-6.5815110206604
-8.922783851623535
-9.388381958007812
-10.502349853515625
