-0.01567401923239231
-0.018916412271209992
-0.022594246082007885
-0.030215787701308727
-0.03242414689157158
-0.05004604300484061
-0.05156796262599528
-0.05833729729056358
-0.059262685745488854
-0.08458201726898551
-0.09119113804772497
-0.09561130156119664
-0.09826920517662074
-0.10301368098173823
-0.10512397200800479
-0.10626000616078575
-0.10831876875211795
-0.10995864981086925
-0.11563791176304221
-0.11722340737469494
-0.12054845547148337
-0.1211828008381417
-0.12380340877441792
-0.13184793512846227
-0.13337455387227237
-0.1337681707009324
-0.13381293136626482
-0.13417197501985356
-0.1447398638119921
-0.15024280871730297
-0.1550476998090744
-0.15678750598453917
-0.16092597764347577
-0.16165080728630224
-0.16791034583047804
-0.16890256306053036
-0.17094765311048832
-0.1745504034874362
-0.1792270818259567
-0.18077243378178942
-0.18117881079928744
-0.1827396017809709
-0.18642857930778214
-0.1876235860218003
-0.18925805375911295
-0.18970855721272528
-0.18992046068888158
-0.19189619558084006
-0.1920812837779522
-0.19729918810642427
-0.19947673403657973
-0.20625222381204367
-0.20658883173018694
-0.2082191399157247
-0.21032716576009988
-0.21449840764778302
-0.21489777920457223
-0.22070719840518327
-0.22151710093021393
-0.22157830107025803
-0.22408998757600784
-0.2252765481825918
-0.22681738001436158
-0.22781515074893832
-0.2309260660944059
-0.23141003079945222
-0.23315504319034516
-0.23391512778091608
-0.23582740298562302
-0.23937762770219706
-0.2432032828219235
-0.24398747118054112
-0.24415976876792098
-0.24617262248163266
-0.2467047264258976
-0.24959962925640866
-0.2498641147685703
-0.2530836885911413
-0.25336366743431427
-0.25367966043363
-0.2543069896588956
-0.2556595875630592
-0.25592525136361427
-0.25598790527543647
-0.25613208027546835
-0.2584064499009401
-0.2587696375946204
-0.25954155820727465
-0.26215992120771925
-0.26267900359299445
-0.26291085543925874
-0.2631594969376844
-0.2634693896397948
-0.2636108186424655
-0.26428924209903926
-0.26447447121609
-0.2646584508009255
-0.2653068147677307
-0.26583325668578156
-0.2666901774117088
-0.266864004528283
-0.26863122917711735
-0.26879535810569777
-0.26886674105642466
-0.27050310695776714
-0.2706257001027552
-0.27199317710474136
-0.2730479720214914
-0.273841458838433
-0.2744353722737287
-0.2750369186513126
-0.2751254664966837
-0.27678005072875356
-0.27683262588522795
-0.2769215384808679
-0.27772429732916254
-0.2777264659913878
-0.2782053899552141
-0.27847145387204364
-0.2788887023110874
-0.2792125932464842
-0.27926266978960484
-0.2808081299563954
-0.2810778786370065
-0.282341973217339
-0.2833912720903754
-0.2846375085413456
-0.28553213784471154
-0.2856948787593865
-0.28602143977436106
-0.2865639721835032
-0.28715198775494677
-0.28719499257276765
-0.28747165918278317
-0.2875732028582466
-0.28855255992052015
-0.28916392437115845
-0.2894903919918256
-0.2894958309441695
-0.29009966336307114
-0.29331606315099634
-0.2936063078319421
-0.29387662722729146
-0.29565830222563816
-0.29568159346544076
-0.2963018440641463
-0.29712151678298443
-0.297230478401616
-0.298244528265463
-0.29895379826323026
-0.3012892960814497
-0.30146434260932436
-0.30182732447981836
-0.30234259441300915
-0.30265474582151713
-0.3029887318418332
-0.3031500936485827
-0.3036806066520512
-0.30443478773693267
-0.3045726003830269
-0.3056180804140038
-0.3069096178902934
-0.3081175012381496
-0.3084058553046946
-0.3085742241754714
-0.3087234901530402
-0.30926077989861367
-0.31015355528506916
-0.3119401521800118
-0.31217176137513225
-0.3123328686795301
-0.31239107833243906
-0.3130093786265206
-0.3131162852210843
-0.3136916309595108
-0.3142569599673152
-0.3151557598263025
-0.31565181158603756
-0.31604417972266674
-0.316296239157964
-0.31720331613784464
-0.3177755410336734
-0.31868315569881817
-0.31953525776043534
-0.3197693506954238
-0.3219233603682369
-0.32241438762191266
-0.32360993154579776
-0.32451939101641375
-0.3257187744253315
-0.32675783584515256
-0.3269100559345033
-0.32863596222232444
-0.3291439348831773
-0.3313134245807305
-0.3317703253900011
-0.33201271498364804
-0.33307977821677925
-0.3331124981181347
-0.3332518004477606
-0.3341543830780817
-0.33452043361547923
-0.334753205627203
-0.3352610468864441
-0.33539453435306704
-0.3356678636511788
-0.3363529795606155
-0.33667539699429955
-0.33808477202546783
-0.3393379224564544
-0.3408830327748814
-0.3409296284707335
-0.34098341190256176
-0.3413260804489255
-0.3416076203808188
-0.34202160393275943
-0.3422697206842713
-0.3433093305793591
-0.3447738268545696
-0.3449751981534064
-0.3451438263027261
-0.34521579183638096
-0.34612491441657767
-0.3463063265196979
-0.34669410929616007
-0.3467542727012187
-0.3472976720465037
-0.3476105579866271
-0.3478868384039603
-0.35116017174172715
-0.35217760993206565
-0.3526786840739078
-0.35317339072935283
-0.3534568553025435
-0.35479342891303534
-0.35612007609701585
-0.3563631342135762
-0.35647492870547076
-0.3566110541699648
-0.3567737142244975
-0.3567869348656078
-0.3579890900270714
-0.3590402335859835
-0.35934882986583505
-0.3595666993642226
-0.35995088182389734
-0.36033688171301037
-0.36071028714326936
-0.3609440734846216
-0.3615161200674872
-0.3615377138963335
-0.36280611490365117
-0.36287369130669894
-0.3648712640759186
-0.36490450031124055
-0.36909955085403373
-0.3692434968435447
-0.36932100428061354
-0.3694361306198906
-0.36987976022064684
-0.37038732952593517
-0.3705014074454084
-0.3706155932822084
-0.3709748085530009
-0.37155377357784247
-0.3723478992469609
-0.3744194475468248
-0.3744288332139452
-0.3746738344586144
-0.3747301891978298
-0.3750233372556977
-0.37514422705260525
-0.3752997034271175
-0.3758496542771657
-0.3759079583351894
-0.37595294546335933
-0.3764878581278026
-0.3767091926187277
-0.3771504563628696
-0.3777941056837638
-0.3778467216761783
-0.37890804952864227
-0.3801237902604043
-0.38026306947140254
-0.38053185068484807
-0.3814104108238271
-0.38162346853641793
-0.38173862591681357
-0.38277361569926144
-0.3829834857722744
-0.3830682990434677
-0.38395332271951094
-0.3841537089038897
-0.38418353283777834
-0.38418525974783635
-0.3845520743113746
-0.3849647767841816
-0.38584540921632043
-0.3858807822689414
-0.38639252317850203
-0.38650543968945456
-0.38812047900864854
-0.3895395719911903
-0.39001027185004206
-0.3900146287310885
-0.39018957391381265
-0.3907204998454458
-0.3913636595127173
-0.3928042903010334
-0.39283236001129906
-0.39373459515627474
-0.3940152072658141
-0.39431650936603546
-0.39447617311961947
-0.3949458293209318
-0.3949672950742145
-0.3952578108375227
-0.39578876201994717
-0.3957981019546943
-0.3960093105011361
-0.39605740550905466
-0.39686093057434846
-0.39960226851205033
-0.40005784706833464
-0.4004884235974815
-0.40102776252897454
-0.40140502394206123
-0.4017618594620477
-0.401921817852417
-0.40212844172492623
-0.40228074186274576
-0.40300518998669255
-0.4030073099873132
-0.40309295989573
-0.40329292675014583
-0.40380772822536526
-0.4041911129773195
-0.40514387216951164
-0.4064199570566416
-0.40662705851718783
-0.4068451750402649
-0.4070537981513098
-0.40725398768245213
-0.4074447322636843
-0.4074988264280061
-0.4081644930993207
-0.40847988426685333
-0.41011508407869507
-0.4103618934391039
-0.41058479187389213
-0.41059769691491965
-0.4106133186724037
-0.4107288883533329
-0.41110021667554975
-0.41125510695079964
-0.4121061183512211
-0.41234038617221813
-0.41260047199223965
-0.4131948716406311
-0.4132861109508667
-0.4133875221014023
-0.4144988141201793
-0.41586095253781724
-0.41677848631338243
-0.41702798653083545
-0.4170834014140483
-0.41709202916827054
-0.4172141667284969
-0.4172449657868128
-0.41725149750709534
-0.41725564636290075
-0.4173961736313585
-0.4186180673620102
-0.41875001415610313
-0.4189293120842194
-0.42009905562736094
-0.4209426116936169
-0.421970464871265
-0.4231610183293621
-0.42341001031713354
-0.42349882796406746
-0.4239392611198127
-0.4251046694815159
-0.4251061185161234
-0.4266787115817091
-0.4270361188609968
-0.42715914159362
-0.42716492661727695
-0.42726999999851817
-0.42933702635734033
-0.42960436157882215
-0.4302135333418846
-0.4303955083661195
-0.4309800259698022
-0.4316045113706163
-0.4320469244516322
-0.4321813469403423
-0.4341868045157753
-0.4343394401948899
-0.4357849981635809
-0.43627149537205695
-0.43652829660859427
-0.4369987518035082
-0.43758173160521047
-0.43814270814327755
-0.4383926451620128
-0.43869500618893653
-0.43961063153110447
-0.43989440478617325
-0.44043592921096003
-0.44055950999609195
-0.4417085506138392
-0.44227635183779057
-0.4431978096952662
-0.44344693121893214
-0.4440054998267442
-0.44434439262311737
-0.4451705917716026
-0.4458541750770694
-0.44591642698505896
-0.44592423589589697
-0.4461772934300825
-0.44664235909779865
-0.4471717528998852
-0.44768815860152245
-0.4479441745594765
-0.448169512693615
-0.4482086276490008
-0.4483647421002388
-0.4484899528324604
-0.4487122190850122
-0.4489029882663292
-0.4491369865645538
-0.44939953753990786
-0.44960416248068213
-0.45045242839842103
-0.4510824354365468
-0.4511094410001533
-0.4518471472896636
-0.45212851961453754
-0.45335445599630475
-0.4544158594475852
-0.4549998690684636
-0.4552233796566725
-0.4554532212205231
-0.45609310231520794
-0.45662343098471564
-0.456804962317013
-0.4568864776132007
-0.4571841575903818
-0.4580485050828429
-0.45827964941660565
-0.4583201058594568
-0.45842190680486966
-0.45860282629728316
-0.45860844615769264
-0.4587152460590005
-0.45924046103443417
-0.45984821040183305
-0.46021110591079506
-0.4602924161978687
-0.460586067289114
-0.46191496029496193
-0.46239054764446336
-0.4627011718176719
-0.46314410865306854
-0.4634623706644763
-0.4641839276171393
-0.4643544916063547
-0.4644730666652322
-0.46540038065157
-0.4659845410432253
-0.46607620288462687
-0.46647174484314746
-0.46796949359122664
-0.46848135501042837
-0.468858540058136
-0.4698064550757408
-0.47040155285503715
-0.4704435933381319
-0.4706128661287948
-0.4708889061817899
-0.4711022865459589
-0.47114651513644884
-0.47115709143508866
-0.4714019272609481
-0.47298431816203185
-0.4734030116025159
-0.4734225763134721
-0.4740954306093045
-0.4749436679587234
-0.47549039316881037
-0.475565879974359
-0.4755951199331321
-0.47561561688780785
-0.47572281547555967
-0.4758036380444537
-0.4760965876101347
-0.47639733273535967
-0.47657626373693346
-0.4766709716724498
-0.47674415149958804
-0.47725455071577016
-0.47743463665246966
-0.47816095082089305
-0.4782155817644837
-0.4784550480665833
-0.4788058572707491
-0.47922467533499
-0.479247319107526
-0.4794888197440222
-0.4795496513446172
-0.47968084292369895
-0.48189497085903504
-0.4819957917439751
-0.4825935441767797
-0.4827188191314538
-0.48297577861618873
-0.4832251835614443
-0.4834637060761452
-0.48417698923084473
-0.4847068139933981
-0.4851974822896799
-0.4858748799500366
-0.4875588186085224
-0.48797675634601284
-0.48807196388952434
-0.48950132811442015
-0.4896451286917909
-0.48981097117066386
-0.49013750248455573
-0.49039628033642657
-0.4909530684351921
-0.4909655125811696
-0.4910032534971833
-0.4919893574551679
-0.49213366988780244
-0.49215396074578166
-0.4930120448448828
-0.49309764290228486
-0.49314901351421475
-0.49336836942737655
-0.49445552627245587
-0.49533048396309215
-0.4963452788768336
-0.4965423491570012
-0.4967021515799893
-0.4969854275030749
-0.4974136182892835
-0.4977581348004086
-0.4982867756237586
-0.4989278972562816
-0.49925314262509346
-0.4994742298265919
-0.5000884354942374
-0.5031203171238303
-0.5035666261683218
-0.5036263363435864
-0.5038530640918503
-0.5041008973106121
-0.5044601410239314
-0.5064568022886912
-0.5075007983483374
-0.5079756363120396
-0.5085679611001979
-0.5090880989363151
-0.5092506478281899
-0.5093870040145703
-0.5095651634037495
-0.5098621976665325
-0.5110321347504699
-0.5113719522487372
-0.511508528820871
-0.5115386001180013
-0.5117131938723932
-0.5132502293818106
-0.5139287114143372
-0.5150097835808992
-0.5150809980446606
-0.5154100577864382
-0.5155493265483528
-0.5161519274115562
-0.5162972705438733
-0.5165843231894541
-0.516759417951107
-0.5169589219165371
-0.5171593393509587
-0.5175678970117588
-0.5179973248305032
-0.5198712756973691
-0.5202835980388854
-0.5205730609595776
-0.5209194619208575
-0.521108628064394
-0.5212154178152559
-0.5215964856615756
-0.5227762943056101
-0.5238133920356631
-0.5238529972732067
-0.5239548585636334
-0.5261501159518958
-0.5264210579916835
-0.526513753272593
-0.527762072857513
-0.5279833128054937
-0.5282554473647346
-0.5284882288958345
-0.528696515907844
-0.5289763948946659
-0.5290329675772227
-0.5290739711684486
-0.5292253111385636
-0.5307177996728569
-0.5317331788440546
-0.5331607051193714
-0.5340686432551592
-0.5341098051751032
-0.5359674319624901
-0.5362218210473657
-0.5364721968556599
-0.536997077986598
-0.5370527930014456
-0.5372628618497401
-0.5383388686792127
-0.5384177810379437
-0.5388005740112729
-0.5391898695896897
-0.5404246902714173
-0.5406949759594032
-0.5415415648370981
-0.5415911410003901
-0.541634693935824
-0.5422698994557972
-0.5433584850281477
-0.5438766725361347
-0.5450007968271772
-0.5453823953866959
-0.5467773363925517
-0.5468330465257167
-0.5474242191679272
-0.5482070603304439
-0.5484760812412586
-0.5486952929142197
-0.5487822163591368
-0.5502447485923767
-0.5504806125536561
-0.5509976870113557
-0.5511312803137116
-0.5515767725184559
-0.5520114149632198
-0.5520654715597629
-0.5527127112960443
-0.5527406535344198
-0.5531226027394749
-0.5531737878918648
-0.5537052104191389
-0.5542995813043995
-0.5548710600899843
-0.5561927362869028
-0.5581493859312364
-0.5589530939857165
-0.5594014947613081
-0.5599823139740953
-0.5608415885104073
-0.5611847687687259
-0.5614049411378801
-0.5653156265616417
-0.565503920118014
-0.565638106095624
-0.5670773706265858
-0.5677004724740982
-0.5682915970683098
-0.5691516871253649
-0.570041580213001
-0.5700668027358395
-0.5710195198459717
-0.5729596029501408
-0.5729682532449564
-0.5736709151283971
-0.5746285765328341
-0.5748198989701147
-0.575100576505065
-0.5760650159791112
-0.5771112826187164
-0.5774144071619958
-0.5788214145935714
-0.5792755482917917
-0.5793588187855979
-0.579647364327684
-0.5799888552476963
-0.5804858834957346
-0.5806038092289653
-0.5811090962728486
-0.5816298469901084
-0.5818453270840109
-0.5818711976919856
-0.5822941946486632
-0.5823466585328182
-0.5834276037556785
-0.5839014972560108
-0.5847366195585992
-0.5848307995668923
-0.5849452130496502
-0.5861768697698911
-0.5870011031317214
-0.5880261342649141
-0.5895862144513687
-0.5925725615982499
-0.5933831685947047
-0.5936910659074783
-0.5943007513880729
-0.5946213823141685
-0.5947185053955764
-0.5947327219570676
-0.5961995628507187
-0.5967783414655261
-0.5972077734768391
-0.5975907700402396
-0.5982140291249379
-0.5983816285928091
-0.5985959103214554
-0.5987765557147213
-0.5988437964115292
-0.5992310526115554
-0.5995748602290405
-0.6008294249574343
-0.6009724621350566
-0.601705513894558
-0.6018006592575047
-0.6028197787702083
-0.602855521440506
-0.6033024341333657
-0.6045312356203795
-0.6045473208650947
-0.606681175151607
-0.6067697866819799
-0.6068249316886067
-0.6069667789020708
-0.6076524442061781
-0.60863989405334
-0.608674098085612
-0.6092380502128175
-0.6109951883554459
-0.61099609779194
-0.6111344031756744
-0.6111576184630394
-0.6119444352574647
-0.6123420306481421
-0.612815335392952
-0.6134593114256859
-0.6157562434673309
-0.618712463981605
-0.6190767936142427
-0.6205715358257293
-0.6219149191373228
-0.6224705480970443
-0.6233968972228467
-0.6236956822020667
-0.6246849960751004
-0.6261558500409592
-0.6289901648248944
-0.629324920628278
-0.6294512535844531
-0.6294679759109082
-0.6340424292762431
-0.6344498299062252
-0.6348253525793552
-0.6375373993068933
-0.6384293261605004
-0.6386245800448316
-0.640268896307264
-0.6407525026443182
-0.6437448227467636
-0.6438652870378324
-0.6464167977236988
-0.648004059214145
-0.6503777090460062
-0.6529464896635285
-0.6531561037732495
-0.6552235996583476
-0.6561351245036349
-0.6583241894841194
-0.6593389304147826
-0.6600969540886581
-0.6602026956776778
-0.6607144450147947
-0.6613576382398605
-0.6623136471543047
-0.6631161421537399
-0.6636149473488331
-0.6640984316666921
-0.6649105459451675
-0.6682960640464444
-0.6702499030157923
-0.6715392925252672
-0.6758224245160818
-0.6765162523758287
-0.6770138628780842
-0.6775532249982158
-0.6796072889119387
-0.6801361672347411
-0.6822117627080944
-0.6836513366550208
-0.684244463298819
-0.684565725363791
-0.6856834777364773
-0.6862856767402263
-0.6875113098406777
-0.6880634828574128
-0.6892988490206855
-0.6948520570993424
-0.6972451639626848
-0.6976393345743418
-0.6981662572361529
-0.6990294919482299
-0.6991290636360645
-0.7002684154680797
-0.7008881513029337
-0.7027523946017027
-0.7044909058953636
-0.7045738447457552
-0.7056087603171667
-0.7066799073169628
-0.7083888250635937
-0.7086887983605266
-0.7106726137655122
-0.7130914349108934
-0.713282004930079
-0.7155832002560297
-0.7177720201822618
-0.7200819419929758
-0.7230586003512144
-0.7236648097634315
-0.725442996730895
-0.7270350060352939
-0.7274097264744341
-0.7278920135771235
-0.7297026930997769
-0.7334207619229952
-0.7372568332191024
-0.7387979850172997
-0.7389374141306949
-0.7398986626972651
-0.7405679325262705
-0.7435034854958454
-0.7499811996240169
-0.7521704006441203
-0.7548823293764144
-0.7562024295330048
-0.758578322827816
-0.7600816167905577
-0.7607126571238041
-0.7627515395159006
-0.7629985213279724
-0.7632897069810757
-0.7635071724653244
-0.763510113954544
-0.766373285651207
-0.766712898388505
-0.7676578562706708
-0.7682723660022021
-0.7683882607767979
-0.7690816850711902
-0.7700503915548325
-0.7701648642929891
-0.7708785869181156
-0.771583080291748
-0.7749994757274786
-0.7759146064519882
-0.7765564452856779
-0.7788494774285937
-0.7798941322049359
-0.7811233084648848
-0.7825173959136009
-0.783676507572333
-0.7863171771168709
-0.7865627737094959
-0.7925902405753732
-0.7926970772445202
-0.7942867643869249
-0.7967414545128122
-0.7967615753412247
-0.7969093099236488
-0.7976428990562757
-0.7988267168402672
-0.8028235174715519
-0.8070904070744291
-0.808581115956518
-0.8103148850301901
-0.8130175850043694
-0.8134896219708025
-0.8188931537525994
-0.8209223307203501
-0.8216801285743713
-0.8232010751962662
-0.8254233568906784
-0.8277369886636734
-0.8320050769369118
-0.832394911105641
-0.832890267833136
-0.8335391208529472
-0.8417383618652821
-0.8427608460187912
-0.8464071110356599
-0.8474122911691666
-0.8487854246050119
-0.8488090344704687
-0.8495918170859417
-0.8515329584479332
-0.8528240124384562
-0.8635966151952743
-0.8661519649128119
-0.8671923596411943
-0.8681224358078907
-0.8706813734024763
-0.8733748614788055
-0.8740245898564657
-0.8753568489846657
-0.8783217859454453
-0.8809283512334029
-0.881166881415993
-0.8831140473484993
-0.8837176396511495
-0.8840952928488454
-0.8848392769694329
-0.8855115562677384
-0.8881525602191687
-0.8888227194693172
-0.8891680454908055
-0.8898693948984147
-0.8906965351197869
-0.8920582374557853
-0.8923515276401304
-0.8933884302775065
-0.893844386935234
-0.895229971036315
-0.8974111676216125
-0.8982924751471728
-0.9026713678613305
-0.9028336697568496
-0.9071245299652219
-0.9071281120181084
-0.9078201409429312
-0.9085273593664169
-0.9097065180540085
-0.9136046798278888
-0.9139711707830429
-0.917863667011261
-0.9187831878662109
-0.9209852490166668
-0.9223306953907013
-0.9231257125735283
-0.9234375059604645
-0.9275874365121126
-0.9284430275205523
-0.9328413692613443
-0.9357823034127554
-0.9373254676659902
-0.9388491880769531
-0.9406030207173899
-0.9412067091713349
-0.9426053106784821
-0.9428267925977707
-0.946122296154499
-0.9496593081663983
-0.9509768867865205
-0.9539397060871124
-0.9549774285405874
-0.9556317869573832
-0.9590660706162453
-0.9620681951055303
-0.9630875517614186
-0.9662489675392862
-0.9686943765729665
-0.9709654978166024
-0.9772175550460815
-0.9832673867543539
-0.9843074293541056
-0.9858250878751278
-0.9865552186965942
-0.9898099484853446
-0.9936803683638573
-0.9949142281075183
-0.997446533292532
-1.0061753783375025
-1.0091386238733928
-1.0114280407433398
-1.0117280630927001
-1.012959466315806
-1.0171405002474785
-1.0216625537723303
-1.0287430114112794
-1.041764287898938
-1.0435173897538335
-1.0447639512519042
-1.0580535009503365
-1.060794581969579
-1.0669983495026827
-1.073814216151368
-1.0810831859707832
-1.0818714993074536
-1.082360751926899
-1.0840474050492048
-1.097753922144572
-1.1001952265699704
-1.1057337019592524
-1.1132479306310414
-1.1144843429327012
-1.1184040183822315
-1.1203910782933235
-1.1265953332185745
-1.1288830429315566
-1.1316256046295166
-1.1388347391039133
-1.1396269251902897
-1.157332256436348
-1.1826643894116085
-1.1945359772071242
-1.211569187277928
-1.2117110441128414
-1.2176075535826385
-1.2217465912302334
-1.2332496047019958
-1.234115203221639
-1.2344236373901367
-1.2360343933105469
-1.2382869061475503
-1.2417276051516335
-1.2434742897748947
-1.2448123296101887
-1.2468638345599174
-1.252076278751095
-1.2571089565753937
-1.2666539425651233
-1.2765978872776031
-1.282327292797466
-1.287639707326889
-1.2910506498689454
-1.300664845108986
-1.3057561044891675
-1.306898295879364
-1.3089380462964375
-1.3113396962483723
-1.3116044644266367
-1.314580408235391
-1.3161277659237385
-1.3167206645011902
-1.3219113405793905
-1.328009493649006
-1.337593952814738
-1.341011542826891
-1.3441257650653522
-1.3472811877727509
-1.3509467728435993
-1.3580006174743176
-1.3643052351350586
-1.3717454920212429
-1.382097312559684
-1.3854610621929169
-1.3926837295293808
-1.3927436325078209
-1.3939642533659935
-1.395937979221344
-1.397606622427702
-1.3976553119719028
-1.397726595401764
-1.4032799005508423
-1.4144398723728955
-1.4229759722948074
-1.42334645986557
-1.424058477083842
-1.4291380519668262
-1.4326188059640117
-1.4396250061690807
-1.4472031593322754
-1.4524086515108745
-1.4540693014860153
-1.4580801604315639
-1.4709067046642303
-1.4734257012605667
-1.4891095533967018
-1.4943343347986229
-1.4966568648815155
-1.5035040974617004
-1.5244450573954964
-1.533127885311842
-1.5398326739668846
-1.549280128441751
-1.5566796688362956
-1.5585921946913004
-1.5651613473892212
-1.5735362575699885
-1.596236377954483
-1.597439918667078
-1.619568333029747
-1.6210857629776
-1.6287444829940796
-1.6386120021343231
-1.645901620388031
-1.648104190826416
-1.6554881160457928
-1.6790607199072838
-1.6946558778484662
-1.7053862810134888
-1.747995838522911
-1.7675706148147583
-1.76915243268013
-1.7746840715408325
-1.8035021349787712
-1.8112089236577351
-1.8321965206414461
-1.8387373685836792
-1.8512930870056152
-1.857288271188736
-1.8673261068761349
-1.892843246459961
-1.8996414691209793
-1.902124747633934
-1.9175038188695908
-1.9271816611289978
-1.949928879737854
-1.9883370399475098
-1.996124166995287
-2.034835621714592
-2.044579565525055
-2.0485343150794506
-2.0744934547692537
-2.1162453293800354
-2.209948778152466
-2.2575434297323227
-2.2691280506551266
-2.285503774881363
-2.3697530077770352
-2.4001499842852354
-2.501603643099467
-2.5549189280718565
-2.5753725953400135
-2.6064517498016357
-2.656238853931427
-2.6716116269429526
-2.782024934887886
-2.7937424182891846
-2.800982713699341
-2.8294331431388855
-2.8967840671539307
-3.0938009917736053
-3.1780258417129517
-3.199002504348755
-3.2058165073394775
-3.209223479963839
-3.2886067231496177
-3.318177819252014
-3.3365906476974487
-3.449016571044922
-3.5156589349110923
-3.7125463970005512
-3.8266777992248535
-4.291690826416016
-4.703631401062012
-5.620660781860352
-5.667633891105652
-6.636163711547852
-6.640759468078613
-6.732645034790039
-8.842947006225586
-9.268715858459473
