-0.00041559641249477863
-0.02121608075685799
-0.04884332853058974
-0.05616815589989225
-0.06401763786561787
-0.06588696685503237
-0.08017066470347345
-0.08317175040428992
-0.10473847715184093
-0.12346909288316965
-0.14034475795924664
-0.14991574324667453
-0.1813002834096551
-0.2110551884106826
-0.23510128461370747
-0.2580075381944577
-0.2677148145933946
-0.27994899672921747
-0.29695710493719424
-0.30327871000540824
-0.3108632465225161
-0.3128662111313523
-0.3142654024793402
-0.3162514702707995
-0.31931699288543314
-0.3217696025967598
-0.32526313525626654
-0.326595701277256
-0.3279404664515621
-0.32964240771720404
-0.3350755237042904
-0.3368829606721799
-0.3374550033562021
-0.339788513632435
-0.3449135821138043
-0.3451518648015779
-0.35243448009714484
-0.3526707744178431
-0.35515659627142465
-0.3600375996902585
-0.36380231582174577
-0.3688541136398271
-0.37579360652947796
-0.3759602829813957
-0.37927302084863185
-0.38135803352148895
-0.38504025091727573
-0.38777894195259754
-0.3878228234414188
-0.39084030319238083
-0.39255859542870897
-0.3932541352584779
-0.402606758375138
-0.40801200065761806
-0.4140021019201312
-0.4185466679433982
-0.4219905168283731
-0.42427191225457744
-0.432770738112075
-0.43636448936740635
-0.4377112239599228
-0.4388113943859935
-0.44417266810463235
-0.44532523304224014
-0.45005953298224244
-0.45118144770531216
-0.45249997078843246
-0.45904890132369475
-0.45987558586057276
-0.46103335192634
-0.4612910198047757
-0.4625000435626134
-0.4628466247257007
-0.46825092842640437
-0.4720968896239672
-0.473487266080073
-0.47428480780217797
-0.477086611086799
-0.4775003415017732
-0.4780498207934822
-0.4804024472730816
-0.49029332897182376
-0.49139459281141173
-0.49295386591984425
-0.4935343161265811
-0.4982362162321806
-0.49961909861303866
-0.5002260963083245
-0.500486271455884
-0.5035191970722129
-0.5060681990726152
-0.5066129844053648
-0.5091172779599825
-0.5110181898344308
-0.5181630253791809
-0.5207279667258262
-0.5209238993723445
-0.5221141694623622
-0.5246115321366999
-0.524642852808986
-0.5376596011919901
-0.5381664548069238
-0.5393476923927665
-0.5400131219924477
-0.5418591778725386
-0.5419730928397792
-0.5425781152832011
-0.5477806063204566
-0.5504024039953948
-0.5505164592759684
-0.5513604400545703
-0.5593253800761886
-0.5602625736270662
-0.562642733570101
-0.5639760051853955
-0.5648589879274368
-0.5711507797499912
-0.5737357932644395
-0.5756868182417327
-0.5814595921999879
-0.5816103510005632
-0.5828040026128292
-0.5836662638394046
-0.5844783633947372
-0.5927737471356522
-0.5944014557947715
-0.5963825966231525
-0.6066454579787595
-0.6156879647634923
-0.6198501985054463
-0.6217187820002437
-0.631118948571384
-0.6342371720044563
-0.6382867369268622
-0.6384331087756436
-0.639908200928143
-0.6417416483163834
-0.645875590439472
-0.647564255155703
-0.649325145101598
-0.651733064209111
-0.6577666816966874
-0.659108292683959
-0.6605819556862116
-0.661236510425806
-0.6617688164114952
-0.6621216669678688
-0.6639780347395572
-0.6677400770907601
-0.6688755949027836
-0.6782452546887927
-0.6827969159930944
-0.6856277100076633
-0.6867050168167969
-0.689251628855709
-0.6965663892527422
-0.6981870994786732
-0.7046129902203878
-0.708786141872406
-0.710455204313621
-0.7124903400739034
-0.7130975233804848
-0.7136144079267979
-0.7179555614545409
-0.7183504193089902
-0.7185290890435377
-0.7187304701656103
-0.7220954863088471
-0.7228828597813844
-0.7236107678967528
-0.7237730989498752
-0.7268739746484373
-0.7269386723637581
-0.7270432230725419
-0.7273918328806758
-0.727718935610028
-0.7278501927852631
-0.7352018998935819
-0.737166181756038
-0.7378250793723661
-0.7418596774530836
-0.7418876706506126
-0.7497140161493527
-0.7497680140659213
-0.7532456701155752
-0.7566257257480175
-0.7574900063178078
-0.7584812249988317
-0.7593481451539057
-0.7653421603143216
-0.7666128613054752
-0.7677654730156064
-0.7685129805044695
-0.7692209896631539
-0.7713751437149767
-0.7722578027418682
-0.772311253240332
-0.7728204233571887
-0.7755102511081431
-0.779104387901801
-0.7852812179092629
-0.7861976908461656
-0.7879476464683345
-0.7895020209252834
-0.7910841976602873
-0.7940553377072016
-0.7954538714620867
-0.7955905684255413
-0.7966075416654348
-0.7982812062837183
-0.801162296324037
-0.8021626240915793
-0.8023273771163076
-0.8077792348267394
-0.8082956202984364
-0.8091621106229164
-0.8091921519604511
-0.8097832491621375
-0.8196940276771784
-0.8228443488478661
-0.8253200853673311
-0.8274037485114403
-0.8300612036138773
-0.8309403651057639
-0.8313464049249888
-0.8319318471476436
-0.8319440632437666
-0.834974377674775
-0.8352467394766531
-0.8408492869764034
-0.8416851879576117
-0.8440391156822443
-0.8442977478520738
-0.8445662685803005
-0.8452464400790631
-0.8456306020832725
-0.8463458169872562
-0.8463704589754343
-0.8464773174375295
-0.8490129177924246
-0.8493161938256688
-0.8499745790613815
-0.8506229986902326
-0.8511761588354906
-0.8511896945419721
-0.8520664838841185
-0.8529441809320512
-0.8567430051890287
-0.857759978932639
-0.8578202612698078
-0.8605466656386852
-0.8607695069577959
-0.8632609491275313
-0.8640597208286636
-0.8687338007614016
-0.8696807698080582
-0.8700397281907499
-0.8753486861371331
-0.8785605622598758
-0.8793493889582654
-0.8815466105006635
-0.8831631378529387
-0.8843432739377022
-0.887199078583055
-0.888202142296359
-0.8885115842024486
-0.8890793872997165
-0.8906936626881361
-0.8920187205076218
-0.892983582491676
-0.8935958125803154
-0.8940306279808283
-0.8946869064654622
-0.8947158317185111
-0.8956132202409208
-0.8956182844558498
-0.896252265466111
-0.8968566469848156
-0.8992107336719831
-0.9012314829742536
-0.9013252325356007
-0.9024003296159208
-0.9035234882363251
-0.9039561965037137
-0.9045758969483099
-0.9108908474445343
-0.9118539363145828
-0.912370626149433
-0.9154302170500159
-0.9160418335425978
-0.9171819751063595
-0.9178395493266484
-0.9201523295370861
-0.920226029974098
-0.9207356035709381
-0.9227192853577435
-0.9230957706698973
-0.9232895180583001
-0.9240728656554388
-0.925318482145667
-0.9253831598907709
-0.928556172735019
-0.9295794770121575
-0.9313827478326857
-0.9316483194438311
-0.9318697558715939
-0.932058928861079
-0.9329335599206388
-0.9362474218010902
-0.9440339769547185
-0.9441151202197944
-0.9441349621862173
-0.9444034107956603
-0.9455474375669534
-0.9477616405735413
-0.9480801690369844
-0.9505731511291944
-0.9545003592967987
-0.9545177244581282
-0.9548036194173619
-0.9559796200030379
-0.9590138482162729
-0.9616452744230628
-0.9631088489134397
-0.9635176012913386
-0.9657420961302705
-0.9660601246093089
-0.9662611428648233
-0.9666826902733495
-0.9709932905222688
-0.9748427462764084
-0.9755568704786128
-0.9755615885660518
-0.98059167402486
-0.9808487400212991
-0.9820166421788079
-0.9834802440766778
-0.9853884310772022
-0.9865674155835922
-0.9867716130933591
-0.9902644069451425
-0.9924763919785619
-0.9955055611208081
-0.9986825967207551
-1.0057194232940674
-1.005787963513285
-1.0059408402691286
-1.010247845771826
-1.0120092158516247
-1.0125574169913307
-1.0148425702005626
-1.0173509446904063
-1.018388457596302
-1.0193283350931273
-1.0228274675707023
-1.024811035820416
-1.0254737014571826
-1.026783073693514
-1.0278175072744489
-1.0280168991535903
-1.031187694416278
-1.0348150389734656
-1.0395555842135633
-1.0432038233718939
-1.0438861306756735
-1.0445636256287496
-1.0476679831917863
-1.0478786904778745
-1.0486433079599269
-1.0495597494300455
-1.0528855866028204
-1.0530751541140488
-1.0563328216473262
-1.0564682092517614
-1.0620453069917857
-1.0629629778365295
-1.0644077986478806
-1.0673481971025467
-1.0695051079615951
-1.0702002700418234
-1.071357676386833
-1.0720263589173555
-1.0755324587225914
-1.075919811381027
-1.0761002101935446
-1.0780634480243962
-1.0781453362045188
-1.0786151543259621
-1.080672568816226
-1.0823599606648915
-1.084794432338741
-1.085831685573794
-1.087041750136349
-1.0909943126142025
-1.0951222679577768
-1.102995157901508
-1.1072983287274838
-1.1179155744515203
-1.1181974043803555
-1.1206810027360916
-1.1208223229274155
-1.1211069623629253
-1.1224927523483832
-1.1240411400794983
-1.1252717858180403
-1.133099914342165
-1.1340472581131118
-1.1417728073894977
-1.1449145823717117
-1.1504516686711992
-1.155649156542495
-1.155828089586326
-1.1611443308647722
-1.1624209774391991
-1.1639055723013978
-1.1674074254115112
-1.1693880766630174
-1.1716196439228952
-1.1725780083797872
-1.1727877654135228
-1.1767223067581654
-1.1789168417453766
-1.1797583624720573
-1.1852783137001097
-1.18594956304878
-1.1903021948877721
-1.191812118116234
-1.1935306874365779
-1.2001936203062844
-1.205047842529085
-1.2067079544067383
-1.2117992310784758
-1.2160338446497918
-1.2236032121698373
-1.2312557771801949
-1.2313053946418222
-1.2313755661249162
-1.232020229101181
-1.23432182893157
-1.237076179124415
-1.2416593313217164
-1.2428433073218912
-1.2453428055838838
-1.252934992313385
-1.253849260136485
-1.2591184759512544
-1.2592803332178544
-1.2592955053551123
-1.2599850239697843
-1.26296828687191
-1.2790448651649058
-1.2813772154971956
-1.2862898481544107
-1.286998148309067
-1.2970937999586265
-1.2996404444177945
-1.3067543506622314
-1.3210148133337498
-1.3259744392707944
-1.3311479004499103
-1.3354615902838607
-1.3412695586681367
-1.3415292075702123
-1.3440726406905534
-1.3613674951484427
-1.3787653173009555
-1.3810280412435532
-1.385658213403076
-1.3905045767979962
-1.393442477507051
-1.4282438357671101
-1.4365506960699956
-1.4400672316551208
-1.441885843873024
-1.4577558785676956
-1.458586871623993
-1.4647720536837976
-1.4895484844843547
-1.4925354591570794
-1.5024049716691177
-1.5149612352252007
-1.549589236266911
-1.552381470799446
-1.5733379361530144
-1.5919465750455857
-1.6086834222078323
-1.622436204420713
-1.6469368040561676
-1.65634086728096
-1.661869764328003
-1.687435295432806
-1.7067971210926771
-1.7133818446891382
-1.7148120447527617
-1.7266179292152326
-1.7505313716828823
-1.7595872059464455
-1.7720026364549994
-1.7837570905685425
-1.8346666904205147
-1.8622292804842193
-1.9210377037525177
-1.9239175828212562
-1.9329152063389
-1.9568728177497785
-2.024897088374322
-2.032542544839089
-2.056000559745977
-2.083722314797342
-2.097644880414009
-2.2315745776868425
-2.2317186892032623
-2.2461404097266495
-2.27996150815549
-2.3060568509972654
-2.3481674920767546
-2.35188627243042
-2.4044916585553437
-2.4607235812
-2.472070155432448
-2.541510444212084
-2.6323170883988496
-2.833096645772457
-2.8348457072861493
-2.873190167825669
-2.888830542564392
-2.909759044647217
-2.9331078063696623
-2.9509514290839434
-2.9612371954135597
-3.031700293223063
-3.034073233604431
-3.0583349242806435
-3.080684845568612
-3.131380558013916
-3.1491808891296387
-3.186633839737624
-3.2525940950145014
-3.405048052469889
-3.4240975975990295
-3.6807721853256226
-3.7172677661292255
-3.9182217121124268
-4.213790953159332
-4.32439960539341
-4.676830530166626
-5.234762668609619
-5.511835813522339
-5.595186471939087
-9.288209915161133
-12.231874465942383
-12.618783950805664
