-0.00016630176468387012
-0.0070304694781953
-0.03278770763427019
-0.054725258181861136
-0.0763509869477275
-0.10012744028645101
-0.10510968599939474
-0.11202842057105045
-0.1128901553650697
-0.14387111425215457
-0.15371731522301552
-0.17468289906779924
-0.17586897761538864
-0.1800998752723899
-0.19115868870843164
-0.19165619686536955
-0.20637907635439964
-0.21735089105092292
-0.2251931577420996
-0.2345492332853553
-0.2352189267828938
-0.2364503319064776
-0.23849991507304083
-0.25052885156183036
-0.2770821728376741
-0.2777012418237763
-0.28421573199192
-0.2861220972966123
-0.2863966060990606
-0.2872084829327453
-0.2876764254759223
-0.2910855537991921
-0.2937443728748991
-0.3034694837502738
-0.30528358886881
-0.3056083513332851
-0.30618752332556765
-0.30811204096023304
-0.3089652886555285
-0.3130664126161662
-0.31431362486843545
-0.3145767807803926
-0.32107831389276953
-0.32293646546058596
-0.3235817883290379
-0.3258860484303386
-0.3277599869351923
-0.32854900204494203
-0.3307089617365924
-0.3313111767350847
-0.3320181900950388
-0.3320577394405973
-0.33304404467344284
-0.3343667448497598
-0.3377011655228017
-0.338068888079508
-0.3382045176661904
-0.3394811555385652
-0.34073980615350763
-0.34080036488406523
-0.34169326230046276
-0.34243516265401014
-0.3425357111058945
-0.3442258482389917
-0.34484024601973784
-0.34642380508031295
-0.34830729883293393
-0.3489122390717938
-0.3519905860883025
-0.3523570170568541
-0.35240964290923965
-0.35315331220617735
-0.3535547262619932
-0.35356306708349117
-0.35415925081093647
-0.3562972687946707
-0.35659782394198203
-0.35778737852982495
-0.3605157250883024
-0.3607282003142324
-0.36161456479175497
-0.36178871709489613
-0.36221591532295505
-0.3646095136133559
-0.36509168143590237
-0.3651014260635656
-0.3683838519582764
-0.3696214011067764
-0.372129158242256
-0.3737951044635728
-0.37498384775242927
-0.3762537076499262
-0.38197342316387123
-0.38346314106475277
-0.38395390251207573
-0.38463297106598193
-0.3881027922163025
-0.389721428647428
-0.39042283122281723
-0.39281094495665914
-0.39509801537751627
-0.395311179043977
-0.3981556446494574
-0.3983921355236186
-0.39860704899542726
-0.40265802702597286
-0.4028163508372212
-0.40382953108310177
-0.4042072364439567
-0.4047909488176881
-0.4065912773075979
-0.4067721215541951
-0.4074330204337116
-0.4126402089099364
-0.41339848283314495
-0.4144242365241553
-0.4145986698557408
-0.4148771876905153
-0.4164868466710787
-0.4167288838445529
-0.4176188185781939
-0.4206784276989879
-0.42098840561399803
-0.42153444730375284
-0.4216247951940204
-0.42289936636224185
-0.4232745885382627
-0.4236725849913654
-0.4273826213967216
-0.4279672515354933
-0.4281308626719793
-0.42947393194549477
-0.4304800732989971
-0.43105486094509615
-0.4311404191539623
-0.4323847545302897
-0.4345767833077237
-0.43566980035066083
-0.43890215446135195
-0.43890834382345173
-0.4413315887097099
-0.44233555189566687
-0.4423412507748452
-0.44277706695553815
-0.44292038083857505
-0.4449324138424231
-0.4470904387300493
-0.4472434081833967
-0.44744815229387314
-0.44785036493057206
-0.4489599330599958
-0.4498715386466756
-0.45146455238568706
-0.4518290725526185
-0.45217336871598196
-0.4527418091893196
-0.45292432606220245
-0.45333265233551856
-0.4540473220984609
-0.4561674571398615
-0.45700677305826504
-0.45800308614811264
-0.4588151677744122
-0.4621339293123671
-0.466273241728105
-0.4680893291637176
-0.4733191044069116
-0.4734352150931954
-0.4756330782255844
-0.4762880217991652
-0.47644924329506466
-0.47795964826946147
-0.47999858136176954
-0.48213732987635183
-0.4825626368918847
-0.48494928223080935
-0.48552448167700074
-0.4881053015883481
-0.49093738529407144
-0.49108290126896464
-0.49137809075182304
-0.49172234927829245
-0.49293460489988056
-0.4933240359321947
-0.4939352252805695
-0.4955514711327851
-0.49858264434146804
-0.49874765485375455
-0.4987934595750024
-0.49906075687567863
-0.5004289438948035
-0.5030083992210815
-0.5052722411344917
-0.5081533904553258
-0.5101696780831035
-0.5108363251326539
-0.512065456300522
-0.5126355891834464
-0.5133332636072997
-0.5164885623088793
-0.5186591899109771
-0.5229676415522894
-0.5278581787965128
-0.5278949271053838
-0.5297589678577553
-0.5317314937710762
-0.5318110123172978
-0.5371187822886441
-0.5387058703927323
-0.5430975886527449
-0.5469246154825669
-0.5480316003990487
-0.548379983427003
-0.5502017388766295
-0.5511871607974171
-0.5520142389170815
-0.5563266770890891
-0.557230049344428
-0.5599608950221348
-0.5621356138355974
-0.566669450416359
-0.5676576072971026
-0.5681632204335377
-0.5682896496704757
-0.568398658041042
-0.5730704660485831
-0.5734751122049033
-0.5831993380095355
-0.5833645033869996
-0.5838029669981551
-0.5838262972731374
-0.5888630846049182
-0.5892156894680435
-0.5910953284861762
-0.594547255142566
-0.5966467105783522
-0.6018660795047514
-0.6026766214991868
-0.6035501097535543
-0.6068378227451426
-0.607715893847247
-0.6185084450723176
-0.623122905070583
-0.623363732821807
-0.624608327632302
-0.6272382947237626
-0.6302595724118192
-0.631384032468001
-0.6355282782343465
-0.6460373757581692
-0.6558440361550311
-0.6575518344881857
-0.6641480208090798
-0.6685513166885357
-0.671522220570801
-0.6733712337445468
-0.6736138629106184
-0.6786210764665157
-0.6857090312551009
-0.68787597118353
-0.6885916056344286
-0.6927140137878496
-0.6941615257790545
-0.6953416882588499
-0.6960087752551771
-0.6972678988240659
-0.6973440251079637
-0.6978657692670822
-0.6986050391029234
-0.7064948992163409
-0.7087098910224086
-0.7118204302035641
-0.7167194984604066
-0.7179466457397211
-0.7250222189302024
-0.7267987180501223
-0.740619709382632
-0.7442627192976943
-0.7642504175504049
-0.771432081858317
-0.7796571732033044
-0.7802217878299416
-0.780224634334445
-0.7808950679376722
-0.7832529511494309
-0.7848114252090455
-0.792187325656414
-0.7935581362883871
-0.7988385376520455
-0.799087330698967
-0.8007927436459189
-0.8032833640754689
-0.8032858061148241
-0.8079169756614041
-0.8093436618510168
-0.8099719882011414
-0.8125944712082855
-0.8137241020798683
-0.8205012554444693
-0.8232157528400421
-0.839036137360381
-0.8399031278968323
-0.8405771481397096
-0.8425428913162452
-0.8533533266745508
-0.8547808527946472
-0.8616268635830946
-0.8645321726799011
-0.8676566990713278
-0.8732159046145777
-0.8805712539542441
-0.881923683732748
-0.8822027500718832
-0.8823799660429359
-0.8877896752790548
-0.8949068874120713
-0.9006834908277597
-0.9020596916476885
-0.9031323256591955
-0.9082221416756511
-0.910957139720631
-0.9145774692296982
-0.9159587969382604
-0.9305126534890746
-0.9407759566965979
-0.9564867168664932
-0.9568947923502752
-0.9597937460057437
-0.9612195037305356
-0.9694616807003816
-0.9796536443755031
-0.9841445162892342
-0.9846562335471389
-0.9877153530251235
-0.9882426531985402
-1.00582363580664
-1.0086825688680012
-1.0100881475955248
-1.015971943968907
-1.0190088053699582
-1.033030777424574
-1.0366393983043962
-1.0410070359706878
-1.043842352554202
-1.0445418811092775
-1.0460570871829986
-1.0628525987267494
-1.0806353464722633
-1.0814866840839386
-1.0828693866729737
-1.1138493064790964
-1.117957130074501
-1.1401002451311797
-1.149281769990921
-1.1538315773010255
-1.1582675178845723
-1.175628920396169
-1.1806160757939022
-1.1869804076850414
-1.187979031354189
-1.2203090190887451
-1.233627898618579
-1.2581591047346592
-1.2622216045856476
-1.2698023803532124
-1.274461206048727
-1.2898433059432364
-1.2911376375705004
-1.2919138272603352
-1.29577790449063
-1.3015433624386787
-1.3066508393967524
-1.3330786973237991
-1.3355012089014053
-1.345232614626487
-1.3527445793151855
-1.372290345840156
-1.4221630096435547
-1.4234526455402374
-1.4265416661898296
-1.4273620930810769
-1.4282372817397118
-1.4355884790420532
-1.440899667640527
-1.44765014762379
-1.4494755566120148
-1.4903553761541843
-1.5068095866590738
-1.5478609502315521
-1.5779357105493546
-1.5783781404661568
-1.5810915231704712
-1.629776656627655
-1.6482938383705914
-1.669326663017273
-1.6861227415502071
-1.6932631433010101
-1.7826386094093323
-1.7955872863531113
-1.8365377088387806
-1.8377998570504133
-2.102313429397327
-2.1871832609176636
-2.2063555121421814
-2.2221341104013845
-2.2446200847625732
-2.2720711641013622
-2.27532600901759
-2.309686541557312
-2.33614204688638
-2.366068184375763
-2.4272317325812622
-2.438582102457682
-2.5443308778728047
-2.5561545565724373
-2.5599958896636963
-2.5799175575375557
-2.6395209562033415
-2.6648868322372437
-2.740249987691641
-2.7938000857830048
-2.8263472826220095
-2.8855379223823547
-3.0012996196746826
-3.055981993675232
-3.2008395195007324
-3.4167520164191956
-3.4777378232683986
-3.5561861455789767
-4.7478203773498535
-5.424585342407227
-5.504304885864258
-5.508244522206951
-6.343064308166504
-7.749608993530273
-7.9420576095581055
