-0.0009577856690157205
-0.0013881289632990956
-0.004242100068950094
-0.008561179820389953
-0.017068997665774077
-0.019457897025858983
-0.0327709773555398
-0.07349630270618945
-0.09347923155291937
-0.13676013293443248
-0.14759752501850015
-0.18334326276781213
-0.18965720823034643
-0.1939569641253911
-0.1943251145130489
-0.20572029675046602
-0.206942786462605
-0.2084887122535812
-0.22864983233739622
-0.24086606345372275
-0.25088923797011375
-0.25432465819176286
-0.2593420309422072
-0.27725721392780545
-0.2793179715750739
-0.28138185329735277
-0.281470123368005
-0.2851867316523567
-0.2916062112431973
-0.2952302390731347
-0.2976588379048432
-0.31885787600492077
-0.3190444041683804
-0.32368321018028917
-0.3270573263944243
-0.33172750258300865
-0.33343710818527533
-0.33809746404876934
-0.33863978683883844
-0.3389355128747411
-0.34070605150191113
-0.343222671418011
-0.34371624580065446
-0.34721622057259083
-0.3492328445988408
-0.35130147794322847
-0.35186044513247905
-0.35211320307904054
-0.3529827103484422
-0.3538205747712969
-0.35941820204191444
-0.361580253611984
-0.36538444272009657
-0.3675743345520459
-0.3688550813822076
-0.37090704165997784
-0.3718857714673504
-0.372519874059233
-0.37378885759972036
-0.3747484856517985
-0.37544181919656694
-0.37698746751993895
-0.37737400046360026
-0.3799178968959798
-0.38669691728187144
-0.3883111223258311
-0.38937898545243244
-0.3915892997814808
-0.392171436640118
-0.3962774849496782
-0.3981050193775445
-0.3989913661664884
-0.40192609645891936
-0.4130373270286677
-0.414116037885348
-0.41661662911064923
-0.41712290793657303
-0.4188494031938414
-0.4208859664722695
-0.42090534837916493
-0.4222838349329929
-0.4227221540325748
-0.4238892582594417
-0.4244057164404593
-0.425359711513585
-0.4270640661291379
-0.4270932629106028
-0.42937491504874614
-0.43249093584599907
-0.43250835314393044
-0.4358336292520667
-0.4379419530871221
-0.4381965549036977
-0.4387857083763395
-0.4392477725158204
-0.43933158799471267
-0.44044919459636067
-0.44161422373726966
-0.4434900620603003
-0.44432663379993753
-0.4449309610235677
-0.4451165731268702
-0.4460156769976796
-0.44693714080910596
-0.4487708262976311
-0.4488021565040981
-0.4493449062603759
-0.4494194576400332
-0.45111099967107293
-0.4521390123878114
-0.4523066871188348
-0.452460255427286
-0.45266349948942664
-0.45288851487566717
-0.45319585187826306
-0.45352907205960946
-0.4554743013577536
-0.4555022781714797
-0.458488318090251
-0.46146010050870245
-0.46267268290284846
-0.4635159771889448
-0.466297944858005
-0.4693800544264377
-0.4696539535390912
-0.4721053509662549
-0.4726584887539502
-0.4734372466424247
-0.47444091970101
-0.4768138589764324
-0.4777658197889105
-0.4787612538202666
-0.4853734873057179
-0.4861050035833614
-0.4873706893801379
-0.48801817062000435
-0.48912488236092033
-0.4920454697890414
-0.4927697546930479
-0.49312654861496413
-0.49321353851285366
-0.49324890432762913
-0.4955365812391392
-0.4969947984038085
-0.49751274722317856
-0.4998766510051653
-0.501485497271642
-0.5016431046910036
-0.5021762164142274
-0.5025088658944393
-0.50334377954714
-0.5036196506065608
-0.5037056313944049
-0.5043784589797724
-0.5059449288048199
-0.5093392041744664
-0.5111218743591702
-0.5114578806761918
-0.5118278206985755
-0.5125219626851114
-0.5144673494052969
-0.5145677138119936
-0.5173207762843679
-0.5180474038697866
-0.5189865000793361
-0.5194468332661523
-0.5195423478009895
-0.5222962713261949
-0.5223197633968084
-0.5253946936223656
-0.5255088952503034
-0.5257209574338049
-0.5277035573484682
-0.5281928770651575
-0.5296249294963976
-0.5304573019190381
-0.530574091191573
-0.5313320411757255
-0.531634173693601
-0.5320001182990381
-0.5345892106415704
-0.5355890290811658
-0.5361399008659646
-0.5362816003367438
-0.53690980526153
-0.5373057317088491
-0.5379368273837221
-0.5379892552931173
-0.5402354595781718
-0.5404312130477693
-0.5408287606478552
-0.5414387181954226
-0.5420045920958122
-0.5424111235823313
-0.5445854914278243
-0.5456646083184751
-0.5458284927482054
-0.5473549355131885
-0.5500802352617029
-0.5502702719777517
-0.5518937335189549
-0.5522229541908018
-0.5536688363179565
-0.5547285164575442
-0.5547293475465267
-0.555430444293759
-0.5556708962620986
-0.5560268185411891
-0.5576626121997833
-0.5579010916532882
-0.5583383064367808
-0.5611175667494536
-0.561246273185437
-0.561652097340104
-0.5629424751270562
-0.5641822256147861
-0.564818749553524
-0.5654867150831706
-0.5686670964118093
-0.5687298636351313
-0.5696285427350501
-0.5698134708142354
-0.5706841432023794
-0.5714969050022773
-0.5716674263156685
-0.5727813259582035
-0.5748286729046542
-0.5770599797002173
-0.579470269009471
-0.5830042672516356
-0.5837903757180486
-0.5852062974008732
-0.5913800256189304
-0.5927948306468481
-0.5931794855943215
-0.5932090991831501
-0.5932342719752342
-0.5947768061538227
-0.5978160849273471
-0.5986778386221785
-0.5992672025691718
-0.6007624295643523
-0.6027124059795008
-0.603496937010641
-0.6039228428687368
-0.6059908616734901
-0.6103648891051611
-0.6110397020448
-0.6114114302326925
-0.6117942216459878
-0.6125552404118935
-0.6155646810075268
-0.6161097544478252
-0.616326908498498
-0.6202849655528553
-0.6204018480105636
-0.6243483194848523
-0.6267163937279422
-0.6274755852718954
-0.6286019405073603
-0.6287880093441345
-0.6314147176453844
-0.6333807224131306
-0.6334459582836384
-0.633829397847876
-0.6350237985939852
-0.63939315728688
-0.6399675141033185
-0.6411193024949171
-0.6412006785903941
-0.6412441318047968
-0.6436603301359961
-0.6441272177726205
-0.6449086636615297
-0.6490591629059054
-0.6539434264329126
-0.6549270183856909
-0.6549754971004275
-0.6550073227413965
-0.6559055050543975
-0.6559282599378743
-0.6567090526223183
-0.6572825289064591
-0.6595691066817381
-0.6609389351861965
-0.6611583786085248
-0.6617468328449831
-0.6643425523569542
-0.664750383252145
-0.6652559921145439
-0.6700741675485915
-0.6707011325634085
-0.6707647269868175
-0.6711750004898123
-0.6723223045701161
-0.6729870340786874
-0.673567078303842
-0.6743478985736147
-0.6798685007961467
-0.680097643751651
-0.680610845600313
-0.6813847243320197
-0.6824813980143517
-0.6846915780721853
-0.6870099742324479
-0.6877796381177177
-0.6891165518429174
-0.6913583043224572
-0.6932736940332689
-0.6951174741310145
-0.6952592192974407
-0.6964332079980522
-0.6994499746942893
-0.6997018145921174
-0.6998798731947318
-0.6999292085797956
-0.7005041953913557
-0.7009915091995416
-0.7019671693444252
-0.7022791252034949
-0.7049367597085491
-0.7056511541761991
-0.7088905471110982
-0.7105950508913439
-0.7110885704027169
-0.7134825758548686
-0.7168514709817828
-0.7178675337112509
-0.7185039915144443
-0.7187969664034123
-0.7229490100095669
-0.7238439561838782
-0.7250730316882255
-0.725437564891763
-0.7275119161838249
-0.728435989600257
-0.729684779245872
-0.7301159122725949
-0.7305734825204127
-0.7325024439317834
-0.734042216781885
-0.7342793913170075
-0.7352924598203769
-0.7402218401432037
-0.7413418152951635
-0.7428041470314687
-0.745184437028781
-0.7517940045581781
-0.7531665206653997
-0.7562758699059486
-0.7564293734207952
-0.7569183465007385
-0.7576760242393773
-0.7591860274551436
-0.7594393070454922
-0.7602752646578111
-0.760510533593131
-0.7623629013542086
-0.7648298574907434
-0.7655102743634156
-0.7665954828262329
-0.7672688123260741
-0.7687847504520936
-0.7698846416547894
-0.7727150473122796
-0.7754784929824786
-0.7758085240170153
-0.7765128424474493
-0.7785718302863339
-0.7795008478821149
-0.7796945152804255
-0.7807424618513323
-0.782043066964252
-0.7826185734399284
-0.7840096826354662
-0.786633272189647
-0.7870371655095368
-0.787419170451661
-0.7876505792464741
-0.7904498382445632
-0.7905643906444311
-0.7913194096336762
-0.7940902424743399
-0.7941180308504651
-0.7948077358887531
-0.7950898179551587
-0.797068326594308
-0.7986578850282563
-0.800498913100455
-0.8011017840120379
-0.8055436222814023
-0.8085807848422389
-0.811345000192523
-0.8133750817272812
-0.8179634225865205
-0.8231701490003616
-0.8246176191050836
-0.8269433577855428
-0.8297551537980326
-0.8301260662265122
-0.8308127546682954
-0.8313178650364534
-0.8313730460358784
-0.8384765495753123
-0.8397886781021953
-0.8410709309391677
-0.8453124364217123
-0.8456617983368536
-0.8517546127550304
-0.8518782118480885
-0.8538248788390774
-0.8574745963227802
-0.8593778261610379
-0.8603288932677565
-0.8613776014399264
-0.8620779727186475
-0.8632587236481615
-0.8650575428036973
-0.8675027978606522
-0.8702704119496047
-0.8757317989657167
-0.8764790627174079
-0.8775877420225048
-0.8817349981400184
-0.8848532463113467
-0.888351677878139
-0.8896299974460687
-0.8900698307901621
-0.891693723667413
-0.8921353586354397
-0.8925941807036806
-0.8927420515101403
-0.8938740822486579
-0.901010461484215
-0.9018517774083092
-0.9061575080656136
-0.9085812060511671
-0.909099880605936
-0.9133610904216767
-0.9134400397539139
-0.9139642264725318
-0.9169418740202673
-0.9249106023926288
-0.9271597759798169
-0.9285630831190457
-0.939594917348586
-0.9518333077430725
-0.9527422472368926
-0.9571580191970699
-0.9579593061602542
-0.9662529637571424
-0.9709759188117459
-0.9724412393989041
-0.9780391653603147
-0.9874544662889093
-0.9876187652504692
-0.998397674318403
-0.9989295964395362
-1.001859893091023
-1.0029405833920464
-1.0032774632796646
-1.0041114290555317
-1.012159717414761
-1.0163029890536563
-1.0176351103665573
-1.0269215246662498
-1.0275673462477113
-1.0277440156787634
-1.0302271261811256
-1.0354016135032806
-1.036372399656102
-1.0417484939098358
-1.042491876753047
-1.0434670643880963
-1.0528867737855763
-1.059333116799179
-1.0745668510595958
-1.0765459387281833
-1.0784019583225017
-1.0888740733498707
-1.0960200948951144
-1.0977096515042442
-1.1012356417253613
-1.101668785015742
-1.1019225604638148
-1.103721562107759
-1.1083020469070308
-1.1101667076349258
-1.113972147876418
-1.117771122980048
-1.1186788106958072
-1.1196525770549972
-1.1226647930219769
-1.1265351648132007
-1.1390100022157033
-1.1396627522802494
-1.140210318731988
-1.140610657632351
-1.1450782263917583
-1.14568771958875
-1.147592211641798
-1.1605974586008498
-1.160800576210022
-1.1690823368595116
-1.1753529214765877
-1.178925740118656
-1.1852925853803753
-1.1862701176590538
-1.1865271681308514
-1.1903557542245835
-1.1904851351719117
-1.1943698734958161
-1.1955343047389762
-1.1995043568313122
-1.2001204192638397
-1.2008022528940014
-1.210793157821172
-1.2124391794204712
-1.2237044691241212
-1.2308633625507355
-1.2455609232290752
-1.2483524764520553
-1.253931725025177
-1.266118348047409
-1.2749806232750416
-1.276348816851775
-1.283520832657814
-1.2868712512776255
-1.288795290887356
-1.2913170657157025
-1.2935063105874829
-1.2985413962354262
-1.3085652944631874
-1.3169456906798587
-1.31833358303993
-1.3233568233748276
-1.3296374609926715
-1.335465884990602
-1.3363333940505981
-1.3418562470251345
-1.3452451417251723
-1.3481742232106626
-1.3548651591408998
-1.355703632036845
-1.3574152700603008
-1.3762276803608984
-1.3767627835273744
-1.3768693523481488
-1.3841958443323772
-1.389219522786637
-1.3907119035720825
-1.3933615955627627
-1.3952820004196838
-1.396042565931566
-1.4002321160878637
-1.4028022416039474
-1.4252211898565292
-1.4258206606900785
-1.426325644728624
-1.4265428705451388
-1.4381674726804097
-1.454411228497823
-1.455388440238312
-1.4663172271102667
-1.4736439731592934
-1.4810003109541867
-1.4827910264333088
-1.4835556149482727
-1.490807708663245
-1.4910243064165116
-1.4950919285882265
-1.5043482329696416
-1.510083997721917
-1.5165309344884008
-1.517634113629659
-1.5208162810653447
-1.5215951822298979
-1.5221465080976486
-1.5347075909376144
-1.536003331343333
-1.546467655862216
-1.5478862467454746
-1.5493671779622673
-1.5845597595131646
-1.5967785339259233
-1.6009145382558927
-1.6019523739814758
-1.602499124725
-1.6210275093714397
-1.6387679967131892
-1.640751264989376
-1.6720866861985997
-1.6827718615531921
-1.6934524178504944
-1.6987454330082983
-1.7180142998695374
-1.8233040571212769
-1.828300105407834
-1.8575692474842072
-1.895152489344279
-1.9030121725576463
-1.93805983744096
-1.952546097105369
-1.954522967338562
-1.9971487758448347
-2.012431373623258
-2.023983573890291
-2.0404988527297974
-2.0620041846996173
-2.0625829299290976
-2.095595210045576
-2.108777491686245
-2.1657462418079376
-2.1672418154776096
-2.1686021462082863
-2.174613155424595
-2.2267130191127458
-2.231228748957316
-2.266534405450026
-2.27319598197937
-2.301099137723213
-2.3412505434049913
-2.3696259868641696
-2.3754437509924173
-2.376482426554503
-2.397374467313057
-2.4147388339042664
-2.443622350692749
-2.445006767908732
-2.501819292704264
-2.50787889957428
-2.517783456792434
-2.520171193825081
-2.5245554238557815
-2.5400130681227893
-2.5500696093416386
-2.561039686203003
-2.5936263292387594
-2.595307946205139
-2.6070880703628063
-2.608325779438019
-2.6424847561866045
-2.6528868675231934
-2.6553650655259844
-2.696823756074688
-2.6974510848522186
-2.7005288545042276
-2.778804082486507
-2.8384571075439453
-2.8511648178100586
-2.8926374305592617
-2.985355168581009
-3.009355823198954
-3.0840245336294174
-3.086716612180074
-3.10986328125
-3.211281433701515
-3.2171253760655723
-3.2200577557086945
-3.256832718849182
-3.263144815573469
-3.2972505479847314
-3.3025214583831257
-3.3481792547972873
-3.350714683532715
-3.3508176803588867
-3.416903257369995
-3.438632011413574
-3.4467980280169286
-3.457685281833013
-3.4857967207208276
-3.5500072054564953
-3.566614927141927
-3.5843687057495117
-3.60014491873153
-3.6399176120758057
-3.717464635769526
-3.734111330471933
-3.8339370620669797
-3.896976241376251
-3.9614587044343352
-4.0449221942108124
-4.073608636856079
-4.1907446845580125
-4.301483489689417
-4.340343012008816
-4.384531150261561
-4.674943400546908
-4.767373085021973
-4.817155409604311
-4.853039582570394
-5.1596386432647705
-5.284837484359741
-5.646406143903732
-5.835078597068787
-6.01870059967041
-6.156061887741089
-6.299470782279968
-6.310293197631836
-6.317594885826111
-6.57619571685791
-6.925694942474365
-7.018041610717773
-8.50405216217041
-9.819857597351074
-10.59402847290039
