-0.02349033816143573
-0.02881059271281369
-0.06205147867149208
-0.06248888415728671
-0.06320906631946047
-0.0845504468040114
-0.10485682120505611
-0.10898219999508
-0.12430522686918266
-0.12660458184157808
-0.13734875241061673
-0.14059313932772388
-0.14909823504440284
-0.1499832382354438
-0.1544896851825927
-0.15644516521600357
-0.15733931365299642
-0.16137450648440993
-0.16257229695766
-0.16455050359218149
-0.16763695219456817
-0.16913561430176385
-0.17707298173415134
-0.18872629668420324
-0.19362221608607796
-0.19374647984950571
-0.19772269350887656
-0.20085397290677065
-0.20606006386668396
-0.20903903205463495
-0.2120731386860522
-0.21398781945172232
-0.21484344209810452
-0.21566749850494993
-0.21686304411303034
-0.21725957710833216
-0.21737397214490237
-0.2177922474732744
-0.22099569901668778
-0.22477272127473139
-0.22543303024010836
-0.23444061282583895
-0.23661249452723293
-0.23775773118056046
-0.23850590774191005
-0.23859911634432743
-0.24239719891920686
-0.24246198924902274
-0.244974674344121
-0.24611967462689271
-0.24727013134710993
-0.25264027738907874
-0.2537850158544682
-0.25415589114556114
-0.26057950052108936
-0.2613898761395831
-0.2621102246100366
-0.2640493768919571
-0.26497965043108707
-0.26673389077978543
-0.26764036512837003
-0.2712307427097006
-0.27468503431633245
-0.28696073709371767
-0.28733332049215765
-0.29204363348544576
-0.30029911844758317
-0.3013701201416552
-0.3018049019647778
-0.3057654475996969
-0.30669743260756754
-0.30879711048989766
-0.310040598420449
-0.31022420145840757
-0.31148063088466155
-0.31229715661450835
-0.3170258930907809
-0.3183165447699139
-0.31977489141542625
-0.32062401650473477
-0.3224120305579466
-0.32286364026367664
-0.32321036458196084
-0.3295309276630481
-0.3298245981484069
-0.33027131591613096
-0.3309217202477157
-0.33408570539031646
-0.33778241854161023
-0.3403888687462313
-0.34334641845971753
-0.3450280229561031
-0.3453373356722295
-0.345507301310797
-0.3456828342362617
-0.34750734736111816
-0.3476829578053598
-0.34833990989459884
-0.3483627095106169
-0.3484244898110046
-0.35105442345166404
-0.3529916575303273
-0.35787704049393404
-0.358428131412858
-0.35843846031569965
-0.35882100320050087
-0.36391946983834106
-0.3639635560683438
-0.36480977948020965
-0.3651142025676866
-0.36516590453472664
-0.36555961401754755
-0.3677175645134412
-0.3707489373671426
-0.3708962170407176
-0.3723292361634473
-0.37506357623855224
-0.3762242164124142
-0.3766312565739182
-0.3780406001065525
-0.37806391039003545
-0.3804984803550178
-0.3841544818830828
-0.38500624620413876
-0.38671747670294
-0.38726487331506276
-0.3878199252459227
-0.38854811790952226
-0.3903666308533165
-0.3918575140983607
-0.3919647836009972
-0.39210913619414595
-0.39464947624448404
-0.3957987502217293
-0.3973900574055733
-0.39837815474020316
-0.39843886597736855
-0.39975444674235494
-0.40288438466681825
-0.4032519217779246
-0.4043682957999408
-0.405218625824394
-0.40582389597936225
-0.40689313976690755
-0.40774342190395274
-0.4084078639719916
-0.41096256385086843
-0.41192695460049433
-0.41290354522643613
-0.4143374396371655
-0.4197174534201622
-0.4217377400879438
-0.42175572596024724
-0.43092118414551805
-0.43274711729544735
-0.43558778800070286
-0.43869239423010087
-0.4460010278038681
-0.4466046479676152
-0.44670443928667475
-0.4481714554513019
-0.4493474737042561
-0.44935033842921257
-0.44953249235238346
-0.4519451553268092
-0.45532453153282404
-0.45897045394829344
-0.46072974405251443
-0.46643850188702346
-0.4728997204866674
-0.47484079613350333
-0.47984598071959156
-0.49859276908046013
-0.4986942948566543
-0.5000275498670008
-0.5008152555674314
-0.5034839756307419
-0.5057681072845298
-0.5165731338784099
-0.5179257179206616
-0.5258574381781121
-0.5281252802233212
-0.5359658170491457
-0.5372159575733045
-0.5434308063008108
-0.5691438445023128
-0.5807001034004821
-0.5822515087202191
-0.5864360263831259
-0.5938192515866831
-0.5949485991150141
-0.5957839850639824
-0.6045429329387844
-0.6054942716289387
-0.6112339774190332
-0.6183234335233768
-0.6212408833525842
-0.6213216361190591
-0.6265713750617579
-0.6279910020343128
-0.629401545971632
-0.63908594420978
-0.6527158256931216
-0.656790121724563
-0.658875304274261
-0.6670105954011282
-0.6676918373753628
-0.6853568313152729
-0.6908940778812394
-0.6990799616970536
-0.715315043926239
-0.7183917382499203
-0.7437241934063162
-0.7539158876868897
-0.7768648138361252
-0.7785298334201798
-0.7863091070737157
-0.8081425694482667
-0.8216786850243807
-0.8247052965089097
-0.8315063766203821
-0.8446065972093493
-0.8471883205430848
-0.856340520704786
-0.8804934701571862
-0.8810063141087691
-0.883687082484054
-0.8999320524079459
-0.9000661311438307
-0.9074003455389175
-0.9082672966954609
-0.9089569837888121
-0.9123662635684013
-0.9125192519277334
-0.9267766500512759
-0.9384727635520643
-0.941746863719475
-0.9456100901755106
-0.9723366685211658
-0.9725392176769674
-0.9816423300653696
-0.9887298546731472
-0.9968974230190119
-1.01164412451908
-1.013267916937669
-1.0205764323472977
-1.0388086281716824
-1.0442934470872085
-1.0601620189845562
-1.0611386150121689
-1.062737345540275
-1.0840604497740667
-1.1456294059753418
-1.1574531756341457
-1.1822577326791361
-1.201305041089654
-1.203258915990591
-1.2497433722019196
-1.2695058211684227
-1.2950896937400103
-1.3033775677904487
-1.318767935037613
-1.347075141966343
-1.363818310201168
-1.3764939308166504
-1.3799323809798807
-1.3862049629290898
-1.4277892112731934
-1.4441646157453458
-1.4687325954437256
-1.4840657842345535
-1.5114235877990723
-1.5554027842978637
-1.5605603128205985
-1.5942365887264411
-1.6112581640481949
-1.7600346207618713
-1.7746800184249878
-1.7814617951711018
-1.8339214324951172
-1.9013904420658947
-1.9062052567799885
-1.9066190322240193
-1.9427803754806519
-1.949875642855962
-1.9702180791646242
-1.982808768749237
-1.9940680265426636
-2.009828855097294
-2.0354041017591955
-2.0661155208945274
-2.0737202167510986
-2.0880466029047966
-2.1113969802856447
-2.1705267429351807
-2.378586729367574
-2.467056155204773
-2.4770174622535706
-2.4915764331817627
-2.774343252182007
-2.8414430618286133
-2.9786365032196045
-3.057074546813965
-3.074315309524536
-3.126414656639099
-3.2432076930999756
-3.2494490146636963
-3.2816193103790283
-3.6315294901529946
-3.806983709335327
