-0.005401656217145501
-0.021558940410614014
-0.07069579511880875
-0.14698707670904695
-0.15820324241316744
-0.2063133813313066
-0.22636489421893202
-0.24906098442079383
-0.25135617796331644
-0.29897659439593555
-0.29909707824699583
-0.32131540444162154
-0.3258679263914625
-0.34143116088981984
-0.3424675347050652
-0.3481375163953219
-0.3523173304274678
-0.3539297197546278
-0.359247184288688
-0.36971922386437656
-0.3734301797068001
-0.3764328688654596
-0.38246554552045253
-0.3830495024449192
-0.4036777424590574
-0.4039862519130111
-0.40966419778997076
-0.4111890502473606
-0.4144190782215446
-0.4151384197641164
-0.419260888463921
-0.42064442230951804
-0.4236239920853244
-0.4236747928041344
-0.42865371610969305
-0.4317155303899199
-0.43278361100237817
-0.4340932517661713
-0.43492431443867474
-0.43788051130250094
-0.43923446184231174
-0.43960625525273905
-0.4396588495466858
-0.4445916697796848
-0.44685569571124184
-0.44716040083002145
-0.4494075190158995
-0.4497752901386158
-0.45215743030088823
-0.4539070969554067
-0.45427674685858865
-0.4546523519093171
-0.4562446469921313
-0.45847581692573514
-0.4591189483757559
-0.4602747213264758
-0.46143822780279364
-0.46406068903161213
-0.4650651935243549
-0.4652935985231342
-0.46536998399679286
-0.46539065799212354
-0.46630023130112225
-0.46630565573771793
-0.4680100940167904
-0.468070180657707
-0.46958572513956043
-0.472607602016069
-0.4802953185836071
-0.48052868284285066
-0.4845426438536794
-0.4859174599982295
-0.4863740049185665
-0.48661865556389133
-0.4887217436917126
-0.4890632952815705
-0.4944602517464712
-0.49544012654639247
-0.4973601975800284
-0.49779898827728175
-0.5029703279336294
-0.5046748875174671
-0.5050906015481473
-0.5051819771528244
-0.5059462958015501
-0.507648804780226
-0.5088350765096644
-0.509810443707872
-0.5124257465241179
-0.5124910471844487
-0.5126333151943185
-0.512813246300952
-0.5130758021905657
-0.5156958526931703
-0.5191484057965378
-0.5217862176708877
-0.5238419769499387
-0.52397031414633
-0.5255658402802237
-0.5256951384246349
-0.5259661895947324
-0.5268668407883941
-0.5303166161402765
-0.5311111457995139
-0.5313706835731864
-0.5315086271613836
-0.531700419755011
-0.5321841196000605
-0.5326158743303381
-0.5360607731543462
-0.5361914885579608
-0.5370115970434597
-0.5396921764477156
-0.5409792425877337
-0.5462503607377585
-0.5470870332792401
-0.5496889502893383
-0.5506796374147456
-0.5545989498496056
-0.5563985104894528
-0.5576744130812585
-0.5589582836255431
-0.5598625970734235
-0.5621788363095458
-0.5623483965173364
-0.5628241141161906
-0.5646962529669205
-0.5646979545416286
-0.5647946369375111
-0.5660405022402605
-0.5686263494193554
-0.5698629425217708
-0.5717023629695177
-0.5722843997387422
-0.5728359809267335
-0.5737338300084958
-0.5749711745551654
-0.5756169089289358
-0.5800983075052499
-0.5814890544861555
-0.5849694151896984
-0.5853801737772301
-0.5856787303797988
-0.5879119612355781
-0.5916740475998571
-0.5922456209082156
-0.5928543879417703
-0.5935363656925884
-0.5963860146584921
-0.5977035199757665
-0.5987972524017096
-0.599289045430487
-0.5993674120732716
-0.6002236077329144
-0.6002658148305878
-0.6050012353807688
-0.6101566499897412
-0.6101645384397771
-0.6121431297731761
-0.6195382572710514
-0.6196083761751652
-0.6214355876330625
-0.6240665822234164
-0.6245556068880125
-0.628203209489584
-0.6292182356119156
-0.6327650075778365
-0.6351521625959625
-0.642077529004642
-0.6430662156781182
-0.6435249801725149
-0.6440793799236417
-0.6521110897883773
-0.6523149207664224
-0.6536970117262432
-0.6549655222851369
-0.6587839853018522
-0.661144662029983
-0.6615813861911496
-0.665289360176151
-0.6660914085805416
-0.6683994613122195
-0.6694864870773422
-0.6750323933859667
-0.6783550207813581
-0.6800662907106536
-0.6810183225510021
-0.6811269145045016
-0.6827836835291237
-0.6829987097531557
-0.685788713188635
-0.6858973590923207
-0.6869040305415789
-0.6880340142136608
-0.6948274783790112
-0.6963056605309248
-0.7028972074389458
-0.7030701451003551
-0.7061969846487045
-0.7068063579499722
-0.712721913225121
-0.7134092652704567
-0.7141521436472734
-0.7285699918866158
-0.7368993852287531
-0.7370675103738904
-0.73907366162166
-0.7400689029600471
-0.7404824011027813
-0.740866760071367
-0.7437816344900057
-0.7457979219034314
-0.748257089820173
-0.7528536813333631
-0.7537385254787902
-0.7641552035696805
-0.7643655652180315
-0.7652941048145294
-0.7721620202064514
-0.7735203253105283
-0.7739498072769493
-0.7747993160039186
-0.7793326493352651
-0.7879343900203821
-0.7930405467748642
-0.7936017159372568
-0.80066226888448
-0.8086513998918236
-0.8130695223808289
-0.8135953744252523
-0.8212406307769319
-0.8444138884544372
-0.8521441370248795
-0.8688324294984341
-0.8809021418710472
-0.8936334864443375
-0.8958315514028072
-0.9170540372530619
-0.9188526873476803
-0.920404639467597
-0.9282111078500748
-0.9387626312673092
-0.944947204604331
-0.9519944870844483
-0.9653463952126913
-0.9825051631778479
-0.9852094056883028
-0.9917366914451122
-0.9945188164710999
-1.0049873016716446
-1.0183602262820517
-1.020614097515742
-1.0340454906225205
-1.0396587216018816
-1.0401448128478867
-1.044259325870371
-1.0524382789929707
-1.056867609959833
-1.0572385874887307
-1.076821019790562
-1.0784128718854238
-1.0832903471309692
-1.0885863304138184
-1.0893525034189224
-1.095128744840622
-1.103395126760006
-1.1053682923084125
-1.1191155284643173
-1.1271538217552006
-1.1417197783788045
-1.1424438034494717
-1.1471744887530804
-1.1961169242858887
-1.199317733446757
-1.2024069674371276
-1.209808314597467
-1.2310073310509324
-1.2360935203614645
-1.242257010191679
-1.2433385841432028
-1.245360054075718
-1.2557297479361296
-1.2711719274520874
-1.2720170062966645
-1.293773611386617
-1.2983044981956482
-1.3033055290579796
-1.3123693458619528
-1.387577949052987
-1.473602059110999
-1.4843890915314357
-1.4874191284179688
-1.4890537112951279
-1.5031927684322
-1.5299169321854909
-1.5336452722549438
-1.5397548824548721
-1.5444718599319458
-1.626797640696168
-1.7532436077793438
-1.8430977047343429
-1.8780091007550557
-1.904037058353424
-1.958380883928233
-1.9594555334188044
-2.020125389099121
-2.040753483772278
-2.050953272574892
-2.0841748813788095
-2.3248159885406494
-2.3478093119520054
-2.462857484817505
-2.58684423007071
-2.658881661500345
-2.7673255130648613
-2.9122279472649097
-2.9230857343645766
-3.4138496704399586
-3.4185285568237305
-3.749298095703125
-3.7977705001831055
-3.846704799681902
-4.141026496887207
-4.307513236999512
-4.38658095151186
-4.573517652228475
-4.576192695647478
-5.119442939758301
