-0.00029321960266770475
-0.0008469109670841135
-0.002788313714907937
-0.0067917767507121125
-0.010276209830610443
-0.011061638448154554
-0.011723726813215762
-0.01595508449281624
-0.018829554509102307
-0.03333281818777323
-0.045373979025498556
-0.04929024330340326
-0.051448279362895324
-0.053305235218431335
-0.07365983034251258
-0.07608600535119574
-0.07613974395258083
-0.07952441221993164
-0.0821243483563497
-0.08292529297371705
-0.08725840019396855
-0.09512480716997136
-0.09921886837725348
-0.10055698345604469
-0.10247577134359745
-0.10777940042316914
-0.11351307978232701
-0.11798016016164184
-0.12633713648288644
-0.12912588760728896
-0.13101196406350937
-0.1338533821159217
-0.13426565562585893
-0.13718751037231414
-0.13812613615755254
-0.13948597017515568
-0.14232107740987815
-0.1424294944323871
-0.14270593190296774
-0.1431809754576534
-0.14358647883434766
-0.14385987597052008
-0.14637927084696947
-0.1468032719283376
-0.14795276100954247
-0.15139388696600994
-0.16156546448213963
-0.16217604380782338
-0.16264029710146133
-0.16446469162119684
-0.1650011112557298
-0.16890240758657454
-0.16927416125933328
-0.17228920412244406
-0.172304689716419
-0.17481179874770392
-0.17506903782486916
-0.17858249242418914
-0.17948017074427802
-0.1808689602461527
-0.181936971590201
-0.18569264278620026
-0.1898974598874312
-0.1913236313329045
-0.19409369786626485
-0.19523624999887293
-0.19571158331309563
-0.1963615037145176
-0.19669189753413877
-0.1970680257127242
-0.19828578038125313
-0.19909106281233513
-0.1993915504795546
-0.19942400210667352
-0.1994579762914717
-0.19984312680811522
-0.20245200960815168
-0.20320785897352575
-0.2036085033882955
-0.2046126374318798
-0.2052098509710569
-0.20643095025158853
-0.20667571870726534
-0.20673194601054742
-0.20695548259785332
-0.2077582759978283
-0.20785493477643074
-0.20801596247463963
-0.20838587667185493
-0.2103617223628509
-0.2126946514737418
-0.2131018912232321
-0.21382799455802473
-0.2147874105721712
-0.21631402056664228
-0.21766087407013401
-0.21846689487574622
-0.21905837418780721
-0.22320070863012612
-0.22837540192128525
-0.2284456148427799
-0.22952223253741977
-0.2301326013404111
-0.23050335314986836
-0.23131593514019053
-0.23252764957142064
-0.23294491515439908
-0.2346128271165071
-0.23839926260325228
-0.23885164354321795
-0.23915498491908732
-0.2392070126024919
-0.24104940481386924
-0.24110571655455715
-0.2423333246953108
-0.24307706165548856
-0.24391478285526152
-0.24488260655634803
-0.24505332157066453
-0.24682870170217938
-0.24730806271636538
-0.24943989171921202
-0.2504220642341092
-0.25236978116937936
-0.25310274908479186
-0.25465833435217583
-0.25498818051694444
-0.2560936091467738
-0.256663518876303
-0.25681982325608665
-0.25844828140575643
-0.2606146284071786
-0.2612676022178789
-0.26303887751176563
-0.2635426437268239
-0.2656869503114369
-0.2659985653523439
-0.2679672718279887
-0.2685387969017029
-0.27286514691594577
-0.2728896550659556
-0.2734419915349008
-0.27371227295092965
-0.274776655451916
-0.27486454698873786
-0.27524983285111376
-0.2783245735114178
-0.2793874871505458
-0.28014893514091455
-0.2811863763973508
-0.2823619850973955
-0.2844997914765951
-0.28610195624189927
-0.2861223263789725
-0.2864504892575496
-0.28795741219573756
-0.2891122733724562
-0.2898340615306965
-0.2899305324204265
-0.29233801055438324
-0.29254118216663805
-0.29321212219442067
-0.29323464049118936
-0.2957986709423797
-0.29592402264521905
-0.2962109428542874
-0.2963402532447314
-0.2964176256383426
-0.2967683714293274
-0.29720774567440456
-0.29926705167357187
-0.30021762724309153
-0.30180961494547126
-0.302697009727126
-0.3037029119099176
-0.3042570566728955
-0.3057717299059277
-0.30701535331071583
-0.3089389036519027
-0.3089967583524412
-0.30921397932597755
-0.31047151517122984
-0.31086571870037005
-0.3118569363587994
-0.31235089059623533
-0.3128561312216334
-0.31322823621746426
-0.31367109841421553
-0.3143070691793192
-0.31477692261159973
-0.3175054707149684
-0.317708240300514
-0.31799242391525695
-0.32449755635285066
-0.3245743983454304
-0.32503830629348157
-0.325222705178021
-0.3261318077285978
-0.3266655356048432
-0.3272087264523786
-0.3298321966637807
-0.3300056359052609
-0.33036071769311093
-0.33066033368004355
-0.334513231371299
-0.3350128133999533
-0.33537640329154783
-0.33599597622651345
-0.3365127075666611
-0.3382876107157894
-0.33967008615854866
-0.3437354402150959
-0.34478715993463993
-0.3455828083849012
-0.34806021429368456
-0.3488149974978114
-0.3507103999949777
-0.35111434377419454
-0.3511620122478689
-0.3516861512387379
-0.3525470368086745
-0.3527652676864953
-0.3534010776008169
-0.3541670130249258
-0.3557525078836079
-0.3560746346083761
-0.3564234050134271
-0.3568336380984268
-0.3569278451995312
-0.3600995550708224
-0.36079326268906553
-0.36098506153767856
-0.3610818158904294
-0.36178872134970724
-0.36203536951751103
-0.3620977943050763
-0.3639651751116162
-0.36476933392287675
-0.36573850418627835
-0.36644119802022035
-0.36672874228081226
-0.36702653375241906
-0.3679611010646278
-0.3680318978236755
-0.36817710422393346
-0.3691463234940329
-0.3693623731957928
-0.369697168469429
-0.3697513702780725
-0.3699412303089957
-0.3713560873381156
-0.3731470098359296
-0.3732824294471687
-0.3764732422960151
-0.3771154937775464
-0.3797555017769231
-0.380545370222535
-0.381246414816269
-0.381985973763949
-0.38244339300636054
-0.3871995845499138
-0.38877973613645217
-0.3896289637828886
-0.3907909301350527
-0.39320730919007474
-0.39396513038809644
-0.39434094624084537
-0.3966221179765853
-0.397840792932483
-0.3992534273044536
-0.39974313508719206
-0.40367606622339736
-0.4044937980802388
-0.4064506733834605
-0.4075652128210225
-0.4102841989224544
-0.4136007629527335
-0.4159969532906871
-0.41618106013629586
-0.41621728937429403
-0.41675832424324555
-0.41698962290068886
-0.41760544139242484
-0.41896056498565787
-0.4214258967323177
-0.4234894031022642
-0.42563059697613426
-0.42906456254422665
-0.430314539741428
-0.43050783301714546
-0.4320060312282294
-0.4323950195868444
-0.4325002944096923
-0.43530779086213445
-0.4376055447384715
-0.4380320667599638
-0.4386758223750803
-0.43981689047359396
-0.440590086232583
-0.44086250066757204
-0.44232476764914785
-0.4424463756278985
-0.44310045332531445
-0.4434231486844106
-0.44386167546538974
-0.445874906181416
-0.44907448805558187
-0.449281989737392
-0.44969186559319496
-0.450309182651381
-0.4521743663062807
-0.4528727471828461
-0.45509054604917765
-0.45551386112977826
-0.4561137831717335
-0.45797144933603706
-0.4588774624746293
-0.4590024388176971
-0.46054720479676486
-0.4633609630650426
-0.46344130942597983
-0.4646483199345918
-0.4649424092844129
-0.46744651775807144
-0.4684322406537831
-0.4694914746354958
-0.4708687641209508
-0.4723812924431903
-0.47249565641486696
-0.4769643534350507
-0.4787696849554777
-0.48107423786450454
-0.4821468360338865
-0.48292748260994106
-0.48327451529962673
-0.4851399075705558
-0.4866016131901623
-0.4870088803201927
-0.4877700481908202
-0.48812392074198996
-0.4881387383440077
-0.48960573839414995
-0.49076159819960596
-0.4907947387546301
-0.4926507966948621
-0.49323618155904114
-0.49344209409073303
-0.4936674084281549
-0.4946488384092744
-0.4967503937101962
-0.4972626110442694
-0.4973079522358603
-0.4981257315458996
-0.5005770375355496
-0.5008782086193345
-0.5028248900271137
-0.5035973043704871
-0.503627452206274
-0.5040128633379937
-0.504207515757571
-0.5042593327040473
-0.507630095637675
-0.5093095484529234
-0.5096782457083464
-0.5097347120503805
-0.510177145867991
-0.5106910824619667
-0.511667439196026
-0.5137132566887885
-0.516906980269899
-0.5182591862216618
-0.5206021348671389
-0.523501295786859
-0.5245680264758578
-0.5246681458471963
-0.5263996909468135
-0.5270817410200834
-0.5280894030261152
-0.5281048622321881
-0.5282541721720587
-0.5285132732009515
-0.528889396827708
-0.5313813627524522
-0.5332314324565232
-0.5350993177853525
-0.536159420054446
-0.537018627299858
-0.537375846080522
-0.5387980550527572
-0.5403327631288448
-0.541883368200312
-0.5434968653474547
-0.544511946289731
-0.5448154459421252
-0.5462504373863339
-0.548150356219594
-0.548545303258704
-0.549440015014261
-0.5497875481208515
-0.5502709841571881
-0.5506536097576221
-0.551710791246478
-0.5522184032937124
-0.5523722882382571
-0.5525100310333073
-0.553567381902576
-0.5546738951466977
-0.554845879477701
-0.5567342042922974
-0.5575445294380188
-0.5580258017612828
-0.5588828109854754
-0.5606813430786133
-0.5607823831960559
-0.561620995571762
-0.5623621878679842
-0.5635404597334046
-0.5646037198603153
-0.5646741352975368
-0.5657335817813873
-0.5676452701502838
-0.5691187580116093
-0.5702804980309338
-0.5707834316417575
-0.5723491634901924
-0.5728951539611444
-0.5735052968157106
-0.5769952288610511
-0.5770314946462999
-0.5790677371216588
-0.5793869883886406
-0.583407395555696
-0.5841522989803707
-0.5846680415011684
-0.5915077275596559
-0.5923930153916849
-0.5935376898401046
-0.5938195155933499
-0.5942251582964673
-0.5947123915422707
-0.5947369598846611
-0.5978710911822418
-0.5990547356619076
-0.5990626330734813
-0.6016031886861128
-0.603050573868677
-0.6041136516516417
-0.6058808015028868
-0.6062756172323134
-0.6069448739290237
-0.6076086640823632
-0.6076711595058442
-0.6096293652313761
-0.6105731140289988
-0.6111931917680935
-0.6124099774485027
-0.6176814229183947
-0.619572916557081
-0.6226134137716144
-0.6230412770062685
-0.6236404394213524
-0.625105498067569
-0.6253587461542338
-0.627988489670679
-0.6289623762891097
-0.629097027694505
-0.6303731230242798
-0.6312465028371662
-0.631356926540775
-0.6329504496284893
-0.63325782780469
-0.634232230426278
-0.6355815778175989
-0.6357444014167413
-0.6364482656121254
-0.6385056837461889
-0.6400044219568372
-0.6415191560285166
-0.6433212644575784
-0.645362977811601
-0.6457055134824259
-0.6458712284220383
-0.6463089223951102
-0.6481340521140737
-0.6488422144579999
-0.6550403620526595
-0.6563743889952699
-0.6574975011296503
-0.6584357029714738
-0.6595950027306875
-0.6597667280584574
-0.6603760598227382
-0.6640125658097011
-0.6665177568793297
-0.6687104002106935
-0.6690620016306639
-0.6726541368157736
-0.6742358286687199
-0.6772198517573997
-0.6799386641010642
-0.6835743060198313
-0.6859507918357849
-0.6937169689675405
-0.6955578859895468
-0.6970911521015556
-0.6982311140246955
-0.7012469337278162
-0.7059544838432755
-0.7068305796710774
-0.7071236559810737
-0.7097336871665902
-0.7099574704964956
-0.7106837629326037
-0.7109079311291376
-0.7123967826366424
-0.7143005360776442
-0.7146445863569776
-0.7150851205879007
-0.722594600703035
-0.7231055016439184
-0.7234823208612701
-0.7268159405017892
-0.7279348362769399
-0.7282615775863329
-0.7297903315793519
-0.7350540178983161
-0.7353356568616748
-0.7375107385450974
-0.7382453757495063
-0.7386272686999291
-0.7401019215467386
-0.7405182297031084
-0.7448066503740847
-0.7451386138796806
-0.7462151262055462
-0.7481066761547481
-0.7488876034816107
-0.7499048330355436
-0.7577882173160712
-0.7593186582837786
-0.7595613947347114
-0.7613379323605235
-0.7617499828338623
-0.7657993488780145
-0.7677540292165109
-0.768093046998339
-0.7723105123968708
-0.7723798485738891
-0.7729637362062931
-0.7740608565509319
-0.7803075961904445
-0.7820952983262638
-0.7838625988612572
-0.7844569087028503
-0.7847783682601792
-0.7865680580725893
-0.786661458783783
-0.7877002315861839
-0.7898826371878386
-0.7932349456816155
-0.7958265201275936
-0.7960900738835335
-0.797931632399559
-0.7996012382597352
-0.7997990399599075
-0.8007954136264743
-0.8013743385672569
-0.8031723920891333
-0.8120803150037924
-0.813027199357748
-0.8150105675061544
-0.815078341960907
-0.8161146879196167
-0.81636724077786
-0.8165525794195544
-0.8167303726640966
-0.8180829813936725
-0.8198643462732434
-0.8242327440530062
-0.8266864096124967
-0.8310321622217695
-0.8318258188664913
-0.8326034631214237
-0.8337709767123064
-0.8338913358747959
-0.8366660965730262
-0.8382250049035065
-0.839142168823552
-0.8412657603621483
-0.8412868199326718
-0.8433659127248185
-0.8519122181072211
-0.8551340233534575
-0.8562592079862952
-0.8565227128565311
-0.8580776902672369
-0.8584920015186072
-0.8604662735015154
-0.8613544492836809
-0.8676729055878241
-0.8682958614081144
-0.8753249505559021
-0.8773507413764795
-0.8777988673869653
-0.883624790442506
-0.8851271833300416
-0.8878475289259639
-0.8888565172637755
-0.8912320785224438
-0.8958997670561075
-0.898764621627682
-0.9019075709844141
-0.9020071569830179
-0.9053157934298118
-0.9066482558846474
-0.9114410681650043
-0.9175375640392304
-0.9227753639221191
-0.9231147173171242
-0.9236581543460488
-0.9252731363688197
-0.9261435982771218
-0.9322429541498423
-0.932921651750803
-0.9368104903648297
-0.9380467620988687
-0.9442632825521287
-0.9464461803436279
-0.9468932449817657
-0.9515239720543226
-0.9515312574803829
-0.9567595870972582
-0.9624745057895779
-0.964913612883538
-0.9682702996651642
-0.9702215068857185
-0.971358022839316
-0.9715851557751497
-0.9797002077102661
-0.9867240091164907
-0.9873574241995812
-0.9910798043012619
-0.9911074326373637
-0.9920392963649647
-1.0066411728039384
-1.0112581022782252
-1.0132915765047072
-1.0141064580529928
-1.0167752468769322
-1.0200424855574965
-1.0204234386997997
-1.0270805252839637
-1.0273489654064178
-1.0297790989279747
-1.0319391924887895
-1.0398893976816908
-1.0427540950477123
-1.0490831813464563
-1.0503156417653372
-1.0529750809073448
-1.0540019273757935
-1.0577743723988533
-1.0623328983783722
-1.065387484501116
-1.0801445960998535
-1.0974963411688805
-1.0982795283198357
-1.106429590722352
-1.1074177045375109
-1.1082446842143934
-1.1085244059562682
-1.1090089231729507
-1.1138611733913422
-1.1182914712349885
-1.1190664321184158
-1.1201983208302408
-1.1303667547181249
-1.1335012316703796
-1.1371631262780284
-1.1375025063753128
-1.1379157420014963
-1.147685706615448
-1.1510615572333336
-1.1547723487019539
-1.155795205757022
-1.1584543976932764
-1.1602704729884863
-1.1710869395174086
-1.173200289408366
-1.1774762046212952
-1.1802066108211875
-1.18601704845496
-1.1878027319908142
-1.1918537934931617
-1.1934468399733305
-1.1956755734281614
-1.1968518123030663
-1.197852724292066
-1.1993473172187805
-1.1996944081038237
-1.2000822921593983
-1.2049434706568718
-1.209819471463561
-1.2124566435813904
-1.2162982473770778
-1.2183524184240793
-1.2196225821971893
-1.220880450680852
-1.2272950008511543
-1.234404138289392
-1.2372076603592828
-1.2390654683113098
-1.2469152460495632
-1.2534311562776566
-1.2563207410275936
-1.2589192813029513
-1.2626193761825562
-1.2679638415575027
-1.2710284595377743
-1.276988220017908
-1.2785729244351387
-1.291054755449295
-1.3003335893154144
-1.3209288120269775
-1.3255750238895416
-1.3318632692098618
-1.3529861628388364
-1.356679807106654
-1.35671978443861
-1.3653117269277573
-1.3663958742593725
-1.3671614297976096
-1.3688254799538602
-1.3724009795114398
-1.374132519029081
-1.3913268921896815
-1.4103559119005997
-1.4240984718004863
-1.427928477525711
-1.4469590944548447
-1.4483138900977792
-1.4610691666603088
-1.4622153639793396
-1.4635277790948749
-1.4726805660900197
-1.4812282919883728
-1.4860454301039379
-1.507718142742912
-1.5135079622268677
-1.5163187583287556
-1.5196436623538527
-1.523492731153965
-1.5245937568446
-1.5414864718914032
-1.5425974776347477
-1.5486815460026264
-1.5503842383623123
-1.5514162433100864
-1.5530661344528198
-1.5538018234074116
-1.554706871509552
-1.564430519938469
-1.5672312825918198
-1.5735917935768764
-1.5747909992933273
-1.5765474438667297
-1.5828121341764927
-1.5875316858291626
-1.5927420904239018
-1.5982996821403503
-1.6013568080961704
-1.6095282486639917
-1.6187522858381271
-1.636596047009031
-1.6383092403411865
-1.6465619107087452
-1.651518389582634
-1.662547616288066
-1.6799905101458232
-1.7033817991614342
-1.703482747077942
-1.708198606967926
-1.7098697858552139
-1.7305552164713542
-1.7466812133789062
-1.7582857211430867
-1.7608784288167953
-1.7683630095434637
-1.7690964937210083
-1.7833032806714375
-1.7888467907905579
-1.7986927231152852
-1.8030198812484741
-1.8096220940351486
-1.8259586095809937
-1.8323434554040432
-1.8353857398033142
-1.8368892073631287
-1.8618249893188477
-1.8630467057228088
-1.8822011053562164
-1.8858467936515808
-1.8982850313186646
-1.913543164730072
-1.9204912185668945
-1.9270904064178467
-1.933330086991191
-1.9558354914188385
-1.9595748308347538
-1.9622911950573325
-1.9679343104362488
-1.9709462523460388
-1.9829701781272888
-2.0578208565711975
-2.0659045577049255
-2.0908887684345245
-2.0999048214442837
-2.1045608520507812
-2.1181785464286804
-2.1355993490749596
-2.2037936747074127
-2.209447741508484
-2.2411508162816367
-2.2734113791957498
-2.2747314354874106
-2.2759024112219777
-2.2824783325195312
-2.2873894572257996
-2.293220281600952
-2.299113392829895
-2.316417694091797
-2.3641929626464844
-2.3835132122039795
-2.4249218702316284
-2.4274749755859375
-2.4793601036071777
-2.480419158935547
-2.552955354403821
-2.553640127182007
-2.6081714630126953
-2.62832772731781
-2.6470344364643097
-2.6909626722335815
-2.7291762828826904
-2.782762289047241
-2.8500970602035522
-2.8621874768286943
-2.9438280972632733
-2.9500615178452185
-2.956533766845572
-3.0131995677948
-3.1610234677791595
-3.3968350887298584
-3.430103045888245
-3.430555115918272
-3.859630584716797
-4.2113402634859085
-4.362404823303223
-5.3180084228515625
-7.02986478805542
