-0.28614726783747657
-0.29142954152763423
-0.29947908685318525
-0.3081778975774796
-0.3224088481934318
-0.32875701976980265
-0.32903392795068453
-0.3364516651572305
-0.34366170128487283
-0.34373141297449666
-0.34431680872175047
-0.34893738850601946
-0.35038623084695547
-0.35157588653741045
-0.35249191462823476
-0.35319452201426765
-0.3558667024457827
-0.3572434540910763
-0.365076785255872
-0.3702699897112325
-0.3738712871959433
-0.37725254591008534
-0.3775593771398152
-0.37879498895478037
-0.37968650486129174
-0.38046964632856006
-0.38097041651619495
-0.38148317462348913
-0.3823927020445505
-0.3838845007509614
-0.38672094566985227
-0.38694858783856034
-0.3877047548927373
-0.38836387311959697
-0.3897070936266876
-0.38976496731608196
-0.3904655802063644
-0.3906049430499681
-0.3906313080859201
-0.3941962472260154
-0.3943742180955059
-0.3949467878167828
-0.3953324388130568
-0.39948438667670416
-0.40035003918455914
-0.4006403064570175
-0.4043297032767441
-0.40606744575779885
-0.40700619082781486
-0.4082490142717298
-0.4117316481730313
-0.41391876536220024
-0.4144843540835999
-0.41633665466603514
-0.4183011291433618
-0.42008055189486454
-0.4245130888324369
-0.4246281295494871
-0.42552438509543816
-0.42569758217591286
-0.42697310183818143
-0.4281076769773129
-0.42925482988357544
-0.4308120542534328
-0.43093580148838967
-0.43410179825566175
-0.4350487155325633
-0.4355036734137684
-0.43658323152075434
-0.4391988671850413
-0.4402676548381697
-0.4435507092617196
-0.44386233535187786
-0.4449635839475126
-0.44786720762203913
-0.448839959291303
-0.44958832520060243
-0.4513146762100015
-0.45624222723108687
-0.4613407912389296
-0.4616487540809127
-0.4621283622780958
-0.46438487175725063
-0.4652984938019118
-0.4657019366277382
-0.4679447014889092
-0.4728580182741603
-0.4733395812174649
-0.4763931244534823
-0.4767997428055175
-0.4774773295731783
-0.4806194615621979
-0.48321135367812784
-0.48494737917700637
-0.4851953725246231
-0.48901422725793964
-0.4893859457806684
-0.4931197521710319
-0.4937510649615433
-0.5015049133718752
-0.5103082566172816
-0.5105436289062103
-0.5176861083018593
-0.517727863509208
-0.5194190091763934
-0.5209801169112325
-0.5229008156340569
-0.5303703380777733
-0.5338414913664261
-0.5397651066668914
-0.54030656687142
-0.5404790914080178
-0.5427724127075635
-0.5522958361574898
-0.5713482475839555
-0.5721702670962259
-0.5781125991525187
-0.5842420883476734
-0.5846937752018372
-0.5910184715370027
-0.593250146189418
-0.6150217905640603
-0.6253098520683125
-0.6286590460998317
-0.639754320710199
-0.656942315865308
-0.6717895738159617
-0.6859853236366891
-0.7005235027521849
-0.7141678801272064
-0.7285977150147248
-0.736103669507429
-0.7804691116325557
-0.7832460694015027
-0.8744113743305206
-0.8769409933260509
-0.8771857023239136
-0.8894397169351578
-0.9514969307929277
-1.0002282162507374
-1.108186807204038
-1.157342568039894
-1.1847962491214274
-1.2140282119313877
-1.2321530133485794
-1.2338693638642628
-1.242477670777589
-1.25785821871832
-1.2591713158413769
-1.296866923570633
-1.3206847429275512
-1.6231843853990238
-1.6317680378754933
-1.7231645286083221
-2.044051021337509
-2.0994789600372314
-2.4581519421190023
-3.1404383778572083
