-2.682172998902388e-05
-0.0063814529130468145
-0.01499723971937783
-0.01812650945794303
-0.024668289746235434
-0.02635757438838482
-0.03759259171783924
-0.08506140828831121
-0.08722790410683956
-0.09035609022248536
-0.09800892553484017
-0.10099317407487736
-0.10374330682680011
-0.10415091912000207
-0.10582516561553348
-0.10951466397738033
-0.12154842034435985
-0.1263000454337624
-0.12682027206756175
-0.13034054146055496
-0.1350163241066704
-0.13614616132840637
-0.1374062498452986
-0.14003704507597017
-0.1400942058093538
-0.14397036818627384
-0.14845557705676685
-0.14909806522919097
-0.15240183558004597
-0.1546222830656916
-0.15655761072836563
-0.15956848902230072
-0.1597467829381761
-0.1684869222032527
-0.16920549786300398
-0.16989682336570694
-0.17503891188952317
-0.1774909713615974
-0.1826335497898981
-0.18322686197643634
-0.1837624258478172
-0.1845384430140257
-0.18454330259313187
-0.18507549077012778
-0.18875018609428984
-0.19135516204987651
-0.19410928733746655
-0.19604165952614494
-0.19634906747119707
-0.19773938629077747
-0.20051433145999908
-0.2010706129792827
-0.20238920787396636
-0.20332170988977952
-0.20387453918228857
-0.2042412583038018
-0.2079088216026624
-0.20946723338965967
-0.2102681337606295
-0.21185482418513857
-0.21385744240833446
-0.215817309304839
-0.21704151983693817
-0.22317409934476018
-0.2240822992491303
-0.22473571919545066
-0.22632258993689902
-0.2264835368230706
-0.22789814377737408
-0.22816166778943625
-0.22949602925551257
-0.23161981001127666
-0.233900778752286
-0.23701579956532975
-0.2398321088004991
-0.24010142660699785
-0.2431200144366206
-0.245533110370161
-0.2477497547921043
-0.2496512529928273
-0.24993085509465476
-0.24995768604676413
-0.2526062413933687
-0.2540036526916083
-0.2543090429329216
-0.25451476879191304
-0.2558843795331086
-0.25643802449728054
-0.2564881170867011
-0.258309248892715
-0.25896485563134775
-0.2611830583434009
-0.261292042749119
-0.26131966562180814
-0.2617811110922048
-0.26182411201589273
-0.2620704781711538
-0.2624296537770923
-0.262610788224265
-0.2626219197254007
-0.26322292382828893
-0.2641498004302068
-0.26560157511162935
-0.26692753907809674
-0.26800779994907015
-0.2681019931709064
-0.268390457588248
-0.268580327758779
-0.2739890116608876
-0.27597231154019636
-0.27612424304243177
-0.2764360476155869
-0.2774544954299927
-0.28081168320786676
-0.28203143265855035
-0.2824575711347279
-0.2840516844851663
-0.284830228734063
-0.28774568987467464
-0.28802710538244963
-0.28901416159739407
-0.29182434765001136
-0.29188488407705265
-0.29351698079456884
-0.2952673360253792
-0.29552789923521533
-0.295936733687995
-0.29645719625114
-0.2973403053765651
-0.2976682197255286
-0.29929342893261823
-0.29939984477563747
-0.3001503988427047
-0.3002022234722972
-0.3007986481451163
-0.3012384451620973
-0.3016093820333481
-0.3029332145112373
-0.3029338739812374
-0.3030033481772989
-0.3030842733166537
-0.3032315369143362
-0.3039798426444967
-0.3044300652497138
-0.3060740993047754
-0.30655771982856095
-0.30703281541354954
-0.3074197207864087
-0.3085041320100572
-0.3088602499907817
-0.30996971892454894
-0.31057908356160624
-0.3115868206433434
-0.31342519176703515
-0.3147271597787039
-0.31543513626739794
-0.31847262028895784
-0.32069986385758964
-0.32151131877908484
-0.32176229184688054
-0.3226821795105934
-0.32347175975640613
-0.3242670572839085
-0.3269208266749047
-0.3283742268221431
-0.328953353385441
-0.3297095918824198
-0.3301606783384664
-0.3316657026076023
-0.332078663919674
-0.33340453058772257
-0.33368098389473744
-0.334211233485904
-0.3343101738155383
-0.33431511198577935
-0.33525348143894007
-0.3355990988202393
-0.33614965422182447
-0.3365096246590838
-0.336519302366974
-0.3385984686843585
-0.33893498026406055
-0.3404102888307534
-0.3420752077945508
-0.3421442005201243
-0.34553712942943093
-0.3481265725567937
-0.34971043025143445
-0.3504002719419077
-0.3509553265175782
-0.3517396953138814
-0.3520212179947911
-0.3525324043973039
-0.3526509010366031
-0.3529809653875418
-0.35307927070451633
-0.3534515397681389
-0.3575117137464986
-0.3608426406397484
-0.3623688646184746
-0.3665951236358119
-0.368427736738037
-0.36856388016603886
-0.36861510484013704
-0.3687252417718507
-0.3687763002002612
-0.368873094189136
-0.37035281237007844
-0.37070328660289914
-0.3707405188761186
-0.371685770824115
-0.37177402871505666
-0.3737758295610547
-0.374042765237391
-0.37464248273317935
-0.3764196438714862
-0.3771113862469065
-0.37733290028942673
-0.3773593131142358
-0.3802687413858621
-0.3805832568614278
-0.3808201911181511
-0.3808945319149643
-0.3809315544117453
-0.38120381896897015
-0.38190155083106625
-0.3843286977563467
-0.38462964989594184
-0.3850962941401771
-0.38681316014844924
-0.3873513134603854
-0.38764642442001784
-0.38881470056782874
-0.39139960816355596
-0.3914019155005614
-0.39237481604213825
-0.3927459528702976
-0.3943143831565976
-0.3944027745437779
-0.39441471676400397
-0.39786820960903746
-0.3984056244704074
-0.3994307617346446
-0.4004773342749104
-0.402661831540172
-0.40417856928148205
-0.405347143067047
-0.4055027421224319
-0.4065314291386
-0.40676852005223435
-0.40729021665174514
-0.40805447173770515
-0.4115094785293978
-0.4132405984072158
-0.4135139129619347
-0.41465516740249264
-0.4152160895884865
-0.41540890095950544
-0.41728326512707603
-0.42109958634578754
-0.42115936002664967
-0.4228772519418271
-0.4232541005808993
-0.42613503795291763
-0.4283262397595016
-0.428613200214588
-0.4288067075768626
-0.4297308127085368
-0.4303345575069923
-0.43105386463685136
-0.4315944562497015
-0.4316782803507522
-0.43187538292258976
-0.4346752641598869
-0.43494256876874715
-0.4358309329400072
-0.439647399845226
-0.44023048698103856
-0.4406141945057445
-0.4408373018668499
-0.4414144605398178
-0.44198438697235864
-0.4435272326692939
-0.44488097975651425
-0.4449317942693597
-0.44571257290663197
-0.44590214539286016
-0.4469065612414852
-0.4483014486846514
-0.45201415568590164
-0.4534317319713799
-0.45350034880851
-0.45381097748343435
-0.4543430810232394
-0.4545519496979458
-0.4546450252334277
-0.4549211284943989
-0.45531949391018617
-0.45724703962748336
-0.45870374732961255
-0.46036797718677136
-0.4609476544622642
-0.4623497084903647
-0.4635543868228394
-0.46454062405973673
-0.46561074773975025
-0.46595996827818453
-0.466299423829696
-0.46774425901821814
-0.4697028676455375
-0.4701882394438144
-0.47129409116046994
-0.47130205701250816
-0.4774667011879501
-0.48029468208551407
-0.48516755375021603
-0.4867760971343766
-0.4870939115168188
-0.48748219864709036
-0.4882083175083001
-0.48955327939308646
-0.489621506040374
-0.4897569993434964
-0.49193390865111725
-0.4926850491881071
-0.4929765611886978
-0.493728573123614
-0.49405895579047865
-0.49406395064143
-0.4973782077431679
-0.4977269728011119
-0.4977350793691989
-0.5053240951849722
-0.5053663189367702
-0.5053728079543236
-0.5080106628360227
-0.5088988810810926
-0.5108992202731315
-0.5119432203471661
-0.5122768737419392
-0.5146991834709687
-0.5159251851340135
-0.5165460151102808
-0.5166524134401698
-0.517454059649026
-0.5180263589863898
-0.5181005605700193
-0.5195125151648037
-0.5204504302874966
-0.5210800105414819
-0.5224153036251664
-0.5229878490624417
-0.5231944837474397
-0.523484013741836
-0.5239202650263906
-0.5299869033362483
-0.530350468819961
-0.5306419116844024
-0.5325082225858101
-0.5335819805040956
-0.5357757165479597
-0.5358888924318149
-0.5366654814819672
-0.5367713069216633
-0.5380266066651395
-0.5389658067970231
-0.5415601782035082
-0.5434950650152233
-0.5440869068370375
-0.5448688752716407
-0.5470775633534036
-0.5473718775436283
-0.5484484349700713
-0.5499646745447535
-0.550619693724343
-0.5506519442424178
-0.5508639753263976
-0.5512383220184742
-0.5517985525478831
-0.5527207958512008
-0.5530403147771722
-0.5561261191365442
-0.55678438321047
-0.5573851224035025
-0.5576463967584211
-0.559739837761299
-0.5604962007575003
-0.5609774217009544
-0.5622726492118091
-0.5628111916594207
-0.5630023486012052
-0.5630994215607643
-0.56336410161263
-0.5649227808023733
-0.5651775748733866
-0.565839373016032
-0.5692389109735814
-0.5693818547655004
-0.5738370774779469
-0.5752349337844862
-0.5767999999146696
-0.5770028617414937
-0.5778150706818062
-0.5796206126942707
-0.5814749347531082
-0.5843422991068413
-0.5845224484684877
-0.5846328145513932
-0.5848891436975237
-0.5886272843927145
-0.5888942541088908
-0.5905819713457277
-0.5962517184671015
-0.5986850291997793
-0.5987867022459391
-0.600545697612688
-0.6016720481729863
-0.6037096083085771
-0.6042204120088476
-0.6072936451993882
-0.6085089735221118
-0.6090996986555789
-0.6099506493350525
-0.6120540966279805
-0.6178156038280577
-0.6179115896423658
-0.6180997397932515
-0.6185065200552344
-0.6190363919983307
-0.6196487403164307
-0.6213870941604304
-0.6225109199760481
-0.6270372405822855
-0.6286103732651099
-0.6289160069078207
-0.6297570194941121
-0.6308015767484904
-0.6311061411532137
-0.6313049286806441
-0.6317169236717746
-0.6333408435392711
-0.6344626117724046
-0.636421849904582
-0.6403306123102084
-0.6410082868699517
-0.6424727528884197
-0.6442435422108806
-0.6450870850433906
-0.6462199217290617
-0.6485261358320713
-0.6494489037431777
-0.6497530808206647
-0.6497777469223365
-0.6503110099926673
-0.6503929363934298
-0.6505208980292082
-0.65233373362571
-0.654957948280753
-0.6603617535292869
-0.6626275836800536
-0.66269003325336
-0.663276812954185
-0.6671306620672113
-0.6681816551135853
-0.6682483179494738
-0.6712192380800843
-0.672285655872353
-0.6741856837512127
-0.6780248202516564
-0.681924811253945
-0.6845374030526727
-0.6876243750331923
-0.6900883968919516
-0.6929901421926843
-0.69321152579505
-0.6964848783973139
-0.698387163122081
-0.7011160546913743
-0.7013751371349726
-0.7076417570674999
-0.707717960816808
-0.7123837203893345
-0.7148334970147516
-0.7169596776366234
-0.718662797473371
-0.7186690032482147
-0.7194996439851821
-0.7198981326364446
-0.7202472804993805
-0.7206428150335947
-0.7226135413569864
-0.7232705769129097
-0.7260399114340543
-0.7265716451220214
-0.7275863525768121
-0.7439570896327495
-0.7456340014934539
-0.7486870624125004
-0.7489259637756428
-0.7496762424707413
-0.7500380231067538
-0.7527035734318714
-0.753516897559166
-0.7559269964694977
-0.7559757478084066
-0.7564051871498426
-0.7573837357049342
-0.7583942523226141
-0.7587417736649513
-0.7594440323624035
-0.7600806861494979
-0.7625275913063282
-0.763105665333569
-0.763139033690095
-0.7634539604187012
-0.7644458301132545
-0.7657118135144368
-0.7662594324356178
-0.7677219421379959
-0.7683016461785883
-0.7685430345365603
-0.7702249018475413
-0.7772171816655568
-0.7781337723135948
-0.7800549906678498
-0.784510492334357
-0.7877660861238838
-0.7884931514039636
-0.7895771688316018
-0.790794275701046
-0.7918975524533178
-0.7920175127366383
-0.7965160996342698
-0.7976660347776487
-0.7979277605190873
-0.8018034151367223
-0.8023512184387073
-0.808014664449729
-0.8097429090493824
-0.8100657003815286
-0.8136125399679359
-0.8171354582882486
-0.8195527717471123
-0.8240113211795688
-0.8259682181756943
-0.828533687768504
-0.8314569374895655
-0.83167147791634
-0.8320883553741234
-0.8325048253755085
-0.8363387548726879
-0.8505783868687493
-0.8525742640097936
-0.854002857208252
-0.8546668280226489
-0.857903242111206
-0.8619156908763398
-0.8622182935476304
-0.8640831536613405
-0.8654759186320007
-0.8675333927126808
-0.8679758318855116
-0.8699140168493613
-0.8709470838308334
-0.8716513151302934
-0.8722831787075848
-0.8745440095145669
-0.8747422471642494
-0.8752032071352005
-0.8770377058070153
-0.878217089897953
-0.8814335407223552
-0.8821773273870349
-0.8830960356032301
-0.886190086742863
-0.8875021568632552
-0.8881055356210305
-0.8904609693869739
-0.89169341546949
-0.8926516069720188
-0.8951366193141439
-0.8966184556484222
-0.8983552986755967
-0.900540427537635
-0.9006643518805504
-0.9018936157226562
-0.9114064861621175
-0.9148467493295256
-0.9159692644219225
-0.9202335953712464
-0.9231108240783215
-0.9291046524343377
-0.9323714608326554
-0.9354157522320747
-0.9407289554550516
-0.9427410264809927
-0.9489741125144064
-0.9499111911063665
-0.9508142452687025
-0.9510034956037998
-0.9514310598373413
-0.9515532874502242
-0.9539556484669447
-0.9565269873710349
-0.9579549455083907
-0.9590883134223986
-0.9597969841212034
-0.9605496923322789
-0.9607999944806579
-0.9623219013214112
-0.9647969362558797
-0.9655258314950126
-0.9717683583498001
-0.9769051196441675
-0.9775690473616123
-0.9788254871964455
-0.97909537217735
-0.9869686746969819
-0.9895821750164032
-0.9961746062326711
-0.9966333390679211
-0.9990149861744916
-0.9996330179274082
-1.0039038863033056
-1.0152740548364818
-1.0192568771344668
-1.0233709929244859
-1.0249466337263584
-1.0273262249926727
-1.030489131808281
-1.0322823494207114
-1.0325308301123894
-1.0377062519643612
-1.0498985548814137
-1.0565220018227894
-1.0641632241063885
-1.065042375586927
-1.0746957883238792
-1.0837731372565031
-1.0838451610345925
-1.087559293024242
-1.091009981930256
-1.092661578208208
-1.0963878855109215
-1.1016427247918077
-1.1048625003546477
-1.1113308481872082
-1.1169967073947191
-1.1200802673896153
-1.1247719193343073
-1.128682193160057
-1.1294893048703671
-1.1347374538891017
-1.1356687706762127
-1.14010888338089
-1.1403770869364962
-1.141868262418679
-1.1420882750923436
-1.1422034709248692
-1.1440605595707893
-1.1461165249347687
-1.1470726140930008
-1.1471320301789092
-1.1491849025090535
-1.1574024963968743
-1.1589604367812474
-1.1599864562352498
-1.1675649699755013
-1.1676398455165327
-1.1730695058192526
-1.182290494441986
-1.1859124700228374
-1.1907134568318725
-1.1988181568682195
-1.215486060135845
-1.2183814141899347
-1.233928504710396
-1.2354835905134678
-1.2373107075691223
-1.2403555459209852
-1.2455907142022624
-1.256255030632019
-1.2604216784238815
-1.2729421307643254
-1.27536719505276
-1.2775569756825764
-1.2872455918363161
-1.3169747591018677
-1.3171393871307373
-1.3362024277448654
-1.3364323774973552
-1.3388729294141133
-1.3462576102465391
-1.3505676239728928
-1.3548267260193825
-1.366074760754903
-1.3755984308023472
-1.376259632408619
-1.3853954176108043
-1.3932948124905427
-1.3947209119796753
-1.4064281433820724
-1.426779791712761
-1.4271641373634338
-1.4278758311799418
-1.4343635303278763
-1.435735285282135
-1.4570008714993794
-1.471709966659546
-1.47910172243913
-1.4860590895016987
-1.4923181980848312
-1.5059833899140358
-1.5091128139698413
-1.5279710171744227
-1.5320379957556725
-1.5385877415537834
-1.55164294069012
-1.554507275422414
-1.5600343942642212
-1.5602643690072
-1.5869700368493795
-1.607502857844035
-1.6220319258670013
-1.6262157335877419
-1.6304331719875336
-1.63300153426826
-1.6331590414047241
-1.649647280573845
-1.6690466403961182
-1.672716662287712
-1.6815922617097385
-1.6888587474822998
-1.7129052951931953
-1.7139979960435692
-1.7240542254100244
-1.7333311239878337
-1.7350742380076554
-1.7393253594636917
-1.7499925121665
-1.781589824706316
-1.7883885502815247
-1.8082499653100967
-1.8335357159376144
-1.834884320696195
-1.8446175853411357
-1.8694377336651087
-1.8747134692966938
-1.8833575695753098
-1.8852544116477172
-1.88593028485775
-1.9031275471303768
-1.9120231072107952
-1.9196047261357307
-1.9381973306590226
-1.9520009458065033
-1.9787443901101749
-1.9878157774607341
-2.0046331329892078
-2.008340756098429
-2.0477489084005356
-2.057010652293684
-2.070757746696472
-2.1168623518057927
-2.1271151304244995
-2.1277023047208785
-2.1352848981817565
-2.1903521567583084
-2.2036621967951455
-2.232019543647766
-2.2656903952360152
-2.2704869508743286
-2.2972344160079956
-2.3484804232915244
-2.380959979937567
-2.4035222730599344
-2.430023431777954
-2.4390195846557616
-2.450593662261963
-2.4811981916427612
-2.5013906478881838
-2.532057814532891
-2.554191470146179
-2.5617441177368163
-2.5733931604772806
-2.57676762342453
-2.586570453643799
-2.6113098859786987
-2.6166253680111424
-2.704135596265502
-2.776599884033203
-2.795989692211151
-2.800738813660587
-2.825881540775299
-2.828460216522217
-2.835235357284546
-2.8458539644877114
-2.864145815372467
-2.8741031289100647
-3.034101665019989
-3.0447025299072266
-3.0471229553222656
-3.048083782196045
-3.0824370831251144
-3.1021676063537598
-3.1256762742996216
-3.135846257209778
-3.158909559249878
-3.228020050562918
-3.228817582130432
-3.2374397292733192
-3.2950809001922607
-3.350395917892456
-3.3903607055544853
-3.402557946741581
-3.404094934463501
-3.4555694262186685
-3.550952911376953
-3.6370245720318053
-3.678442200024923
-3.703714869101532
-4.0347900390625
-4.076858140528202
-4.298398315906525
-4.82026880979538
-5.265158176422119
-6.305551528930664
-6.610468864440918
-7.0029802322387695
-13.131782531738281
-13.592386245727539
-16.40121841430664
