-0.00011252306649112143
-0.00020954797219019383
-0.07263164597097785
-0.07832086063885632
-0.08499054314233945
-0.0856061439262703
-0.09087461389572127
-0.0940848117461428
-0.10116674888801451
-0.10238219099119306
-0.10633733252891236
-0.10749522782619654
-0.10754110560689394
-0.11856424630704251
-0.1187382115800574
-0.11902850270889757
-0.11940780935239875
-0.12056931471233838
-0.1231228678887419
-0.12373640777712519
-0.12496579292033297
-0.1269526785860459
-0.13185774699585245
-0.14736739753945066
-0.15460443064304336
-0.154796022514347
-0.15634174909033996
-0.16466259844499923
-0.16525630946853198
-0.16695665783741528
-0.1671882823546184
-0.17983733596401694
-0.17992694408167154
-0.18203026057583177
-0.1851444422888259
-0.18780855661652124
-0.19060989572608378
-0.19061572668660018
-0.1931127513962565
-0.19362015804704746
-0.1941915359639097
-0.20041155797025567
-0.2012414184913117
-0.20148189341287231
-0.20288746505975724
-0.20364318170468323
-0.203964086715132
-0.20519467285537923
-0.20562931676977314
-0.20576136660786556
-0.20650922991320075
-0.20811712903026813
-0.20826097112833797
-0.21115649396087974
-0.2112359469756484
-0.21268069706598502
-0.21441256847982812
-0.21516855371010024
-0.21970511401175624
-0.2200465188594535
-0.2202765483610468
-0.22151013915427029
-0.22240201207494145
-0.2224211211578222
-0.22244642930400005
-0.22294059382485493
-0.22491463178933677
-0.22508165479812306
-0.22739024422771764
-0.22868294795043767
-0.22949275725449508
-0.23185362807406043
-0.23326594665786615
-0.23423518292939066
-0.23505199327094792
-0.23530679454820025
-0.23741664038971066
-0.23806678287736657
-0.24080113125091884
-0.2421028401133501
-0.24221611811762095
-0.24329372920910827
-0.24389257907335246
-0.24395637608310944
-0.2448135871026251
-0.2454989972175099
-0.24625395551750748
-0.24762457142545222
-0.24948004084165273
-0.2499646352009912
-0.25026061343669426
-0.2503085957653419
-0.251702977622497
-0.25581523907749215
-0.2560473466810831
-0.25612979349015014
-0.25627373863662795
-0.2577072143147234
-0.26058243555044536
-0.2607660800488454
-0.2615535603060077
-0.2617955304033655
-0.2651732623861689
-0.2657005351657387
-0.2664299543082182
-0.2664416921682211
-0.2668183077933333
-0.26716850884258747
-0.2682773520888683
-0.26958101421757114
-0.2695821594679728
-0.27261924743652344
-0.2745956036420206
-0.2750768897822127
-0.2759010173807231
-0.2763673655816092
-0.2767614262225834
-0.278797780474027
-0.2811378163751215
-0.2815545827602147
-0.28217487497992505
-0.2831652866055568
-0.2845521385487005
-0.29090172965079547
-0.29252588810546015
-0.29350596328246564
-0.29673324253963074
-0.29707924359063326
-0.2986602083368679
-0.30240397810121067
-0.304965121802891
-0.30912994143992284
-0.31290116426534953
-0.3144895506557077
-0.3152143411903775
-0.3157242869598452
-0.3163113705037783
-0.31881535654732335
-0.3213324260432273
-0.3216255259758327
-0.3229857234051451
-0.3243251364910975
-0.32582496498556185
-0.32704546008899343
-0.32896045412053354
-0.3301325132139027
-0.3333668021576699
-0.334743496155473
-0.3356922223465517
-0.3366510206743932
-0.340177130690184
-0.3428493266463712
-0.3432711998987846
-0.34484665903319184
-0.3455815140164065
-0.3457764614498816
-0.34808675882567724
-0.34878947580000386
-0.35098972252588
-0.3513839766354067
-0.3533956550464999
-0.35523214991068625
-0.3552709734399936
-0.35612416863674295
-0.35782673470675946
-0.3593816916524832
-0.35942946577311624
-0.36019313990254886
-0.36629007858896834
-0.3670317109063035
-0.36816766287665814
-0.3682678541621359
-0.3685640215466265
-0.3690405422045539
-0.37046912935690557
-0.3724741590121994
-0.37503797467797995
-0.3756459029391408
-0.37600777426268905
-0.3761497201355125
-0.37796242981858086
-0.37911378045324595
-0.3791203440009018
-0.3844018932431936
-0.38458458913697136
-0.3848930299282074
-0.3880045779515058
-0.388207407944598
-0.38880258647259325
-0.392398569202568
-0.39680225402116776
-0.398357209464949
-0.4018831898108395
-0.4021283760666847
-0.40223080611303885
-0.40378960058442315
-0.40722560056019574
-0.4094340863445653
-0.41070826118811965
-0.4136396149794261
-0.4144460043847971
-0.41452229206915947
-0.4156082494716559
-0.4164378298446536
-0.4171599631663412
-0.4172330027096905
-0.4175024092255626
-0.4189023802988231
-0.42114729698126513
-0.42140989823789055
-0.4215953527367674
-0.4218870116397738
-0.42254391520483686
-0.4240565939939448
-0.4283376043313183
-0.428619206470709
-0.42874497612938284
-0.4299931204877794
-0.43074838556640316
-0.4314161741640419
-0.43204089416940405
-0.4321590507617543
-0.43332919117528945
-0.4344302132192656
-0.43682320105532807
-0.4377857622002921
-0.4383276904845843
-0.43859354891174007
-0.4394495171468912
-0.4398837722740912
-0.440177130435283
-0.445999641175149
-0.446041291533038
-0.44756013923324645
-0.45364724602550266
-0.4560286503052339
-0.45681235815087956
-0.45819798047450605
-0.4606525765033439
-0.4608568742664324
-0.4609648410259979
-0.4609686762495484
-0.46103744208812714
-0.46595174979625475
-0.4659534651372168
-0.469018751978183
-0.47002383263316005
-0.4714598958962597
-0.47172250104550684
-0.47188975202152506
-0.47476241605666775
-0.47495157294906676
-0.4773117018242677
-0.48050863010575995
-0.4813417707725118
-0.48153290435272667
-0.48197216615080835
-0.48280987203179393
-0.4863813536503585
-0.49049299461783136
-0.49393541866447777
-0.49418652150416165
-0.49453871842706576
-0.49817693163640797
-0.49921659505301047
-0.5005756817758084
-0.5007998057873919
-0.5036073680894333
-0.505338518723147
-0.5059454518902514
-0.5062806988753437
-0.5067646966315806
-0.5079707698896527
-0.5080677974813929
-0.5085082044824958
-0.5093770028091967
-0.5129237672314048
-0.5141419066515353
-0.515311227820348
-0.5157136762572918
-0.5180093334289267
-0.5188635253580287
-0.5204012884736585
-0.5231137461627701
-0.5260586515069008
-0.5273036720658032
-0.5276382630466591
-0.531256914138794
-0.531612162788709
-0.5370480084633787
-0.5434396205070827
-0.5463782131361464
-0.5474329425487667
-0.5485634444048628
-0.5545878617773875
-0.5554146586218849
-0.5637452420778573
-0.5658848250063279
-0.5745537596521899
-0.5800981709908228
-0.580522781558102
-0.5871300556968587
-0.5878864115784381
-0.6069120856001973
-0.6070898536792291
-0.6088162843952887
-0.6144420073600486
-0.618382990709506
-0.6233800620927165
-0.6242267377577567
-0.6250150844765207
-0.6257100772733489
-0.630927019752562
-0.6343581438763067
-0.636445097280739
-0.6397518809988267
-0.6402735168313873
-0.6417815044056624
-0.6424572065006942
-0.646531889292722
-0.6466301128578683
-0.6505220252554864
-0.658712732916077
-0.6629377716841797
-0.6690641519768784
-0.6700727221883881
-0.6724225669798519
-0.6727506465103943
-0.6750638702797005
-0.677163746297083
-0.6845335861047109
-0.6881268130548831
-0.6909837304681007
-0.693384675697113
-0.693487191872139
-0.6971739681903273
-0.6973859270968076
-0.6990285802166909
-0.7000141374966395
-0.701572671521717
-0.7040970438780884
-0.7045181875582784
-0.705623244944339
-0.7100216378360832
-0.7105935886464749
-0.7106714916215944
-0.7116236454266982
-0.7205774362737429
-0.7219131514430046
-0.7318315897136927
-0.7340133011341095
-0.7508615726139396
-0.7530256879981607
-0.7530778709666005
-0.7642248593270778
-0.7648048633243889
-0.7653934918344021
-0.7690665163099766
-0.7726895213127136
-0.7765641503501683
-0.7771824148557585
-0.7881041139364242
-0.7944955640472472
-0.7956049414351583
-0.7995367293711751
-0.8057424992322921
-0.8196703885138655
-0.8216655729804188
-0.8237706020474433
-0.8336115456186235
-0.8420466081704945
-0.8468686480773613
-0.8492769353712598
-0.8510041723202448
-0.8540607145987451
-0.8548693893942982
-0.8549151301383973
-0.8576653327327222
-0.8583523547276855
-0.8626026704907417
-0.8702407230157405
-0.8703225861303509
-0.879137392854318
-0.8953431751579046
-0.9014043092727662
-0.9029125445988029
-0.904711571832498
-0.9047686181341609
-0.9089564047753811
-0.9165572970717525
-0.9199412183137611
-0.9231019642204046
-0.9352885487023741
-0.947972471282507
-0.9486282467842102
-0.9528273969888688
-0.9702847898006439
-0.9704439099878073
-0.980336494743824
-0.983115948115786
-0.9847645420336448
-0.9853271670639515
-0.9866779819130898
-0.9939258964732289
-0.9957973744720221
-1.0052146411556653
-1.0063914694926805
-1.0109791353344917
-1.0475510253648583
-1.0602750890830066
-1.0846257570997946
-1.0925222684939702
-1.0978379513631809
-1.1013981763098855
-1.1326674973824993
-1.1336799229288266
-1.1391344752337318
-1.1570707615464926
-1.1607542539843254
-1.1650675423443317
-1.1682910832266014
-1.1714705266058445
-1.2004962037783116
-1.200748020162185
-1.2017845617971035
-1.2213520038872958
-1.2236568207542102
-1.2391435243965436
-1.2398594319820404
-1.2437429521620895
-1.2771905362606049
-1.2775521092116833
-1.2839096188545227
-1.2866248736778896
-1.2909329384565353
-1.3025379399769008
-1.305658020079136
-1.3130047619342804
-1.3216852861223742
-1.3259045109152794
-1.3410717993974686
-1.362354881130159
-1.3693288851396315
-1.414893974084407
-1.4207695523509756
-1.4351948021600645
-1.4369069857057184
-1.4543110231558483
-1.5137976771412696
-1.5377702116966248
-1.5388878490307434
-1.5395764003042132
-1.583043709397316
-1.5964616189400356
-1.6056822538375854
-1.620190013665706
-1.6289263875999798
-1.6425487473607063
-1.6511703431606293
-1.6692237555980682
-1.672730416059494
-1.6934210062026978
-1.7129004895687103
-1.7629914246499538
-1.7857735082507133
-1.8063257932662964
-1.8238619565963745
-1.837166478158906
-1.8394127637147903
-1.8406341473261516
-1.8472312092781067
-1.864498794078827
-1.897745966911316
-1.9457682175561786
-1.9632407922763377
-1.9657573625445366
-1.9838378727436066
-1.9914053479830425
-2.0453042685985565
-2.088268857449293
-2.1163617968559265
-2.1278606057167053
-2.1497751077016196
-2.1631168127059937
-2.290959636370341
-2.2962059676647186
-2.3255424425005913
-2.3268886879086494
-2.3382673263549805
-2.33910616772755
-2.409790985286236
-2.4303354918956757
-2.455905395715187
-2.4707597345113754
-2.5374844127633573
-2.5517916679382324
-2.591327965259552
-2.64311691125234
-2.71209708849589
-2.7473041680641472
-2.7846689224243164
-2.78904365003109
-2.9672133326530457
-3.0515614449977875
-3.130587190389633
-3.3593868017196655
-3.4975825548171997
-3.682692527770996
-3.7177131175994873
-3.9320712611079216
-5.475716075088712
-5.499944557290291
-5.935091018676758
-13.384785652160645
-13.551858901977539
-14.526164054870605
