-0.0010879865440074354
-0.0012956788486917503
-0.057523570116609336
-0.10565038211643696
-0.10926496628671885
-0.14593989475785443
-0.15542517465473793
-0.16464047727640718
-0.1794695532501984
-0.21648429135927927
-0.2322881485387269
-0.24274519050959498
-0.251743725338851
-0.2521165370837366
-0.2822359280271257
-0.28926765075690736
-0.3004927996080369
-0.301347713397566
-0.301378009095788
-0.3039506524801254
-0.30977349187855907
-0.3116228251019493
-0.32030504714239216
-0.32884831462121966
-0.3288948533590883
-0.32978753590335447
-0.3298716106437496
-0.33122045947238804
-0.33441518027878675
-0.3446722039176772
-0.3541428526708235
-0.355760822665126
-0.3583569496570687
-0.36025991360656917
-0.36184800836290126
-0.36223102709045635
-0.3629175547895784
-0.36414863597272934
-0.3652026869356632
-0.36529451627575327
-0.36660518459589014
-0.36899043052690106
-0.36917866348085226
-0.36967359120414284
-0.37002299322410864
-0.3738233473841319
-0.37423719361549956
-0.37550541206907767
-0.37737585843673777
-0.3785944079863839
-0.3795353611683595
-0.3810155086600086
-0.3826622146441514
-0.386548808481368
-0.3870481670022855
-0.3873246582224965
-0.38981713151219993
-0.39130254856510355
-0.3926785928157457
-0.39303830582648513
-0.3953185363643229
-0.3967356651992304
-0.3973441995784252
-0.3978433320240583
-0.399131626564631
-0.40004109241999686
-0.4029587898403406
-0.40671721840044484
-0.4081347892836978
-0.40825741258534737
-0.40970215732231735
-0.4125815236700212
-0.412601911722561
-0.4134588959044777
-0.41420182197665173
-0.41475038836263894
-0.4157457155997063
-0.41718322335167185
-0.4172737202607095
-0.41907000195767197
-0.4194859236595221
-0.4234336181273428
-0.42487761697598864
-0.42606740694489936
-0.4278784843161702
-0.42989662035861764
-0.4325857195071876
-0.43785206077154726
-0.4410607106469979
-0.4412981088583668
-0.4414801418276814
-0.44224681171290287
-0.44318151951301843
-0.44674916500558276
-0.4475467661806836
-0.44809058005138586
-0.4497243660346284
-0.4534086016377842
-0.45363447465206264
-0.4573765763619463
-0.45742127439007163
-0.46100929317347844
-0.4612514629843645
-0.46258829667926876
-0.46351848433590453
-0.46420620652315847
-0.4646839176615079
-0.46507585727210554
-0.46871994507411885
-0.46929005440324545
-0.47120783829058593
-0.4714036102220864
-0.47638035588897765
-0.4774629467477401
-0.47756848615745184
-0.484480543328183
-0.4849862830713391
-0.48509132406777805
-0.4919426146749174
-0.49232135391503107
-0.49726716009899974
-0.49776262101510155
-0.5022491024186214
-0.5045059620903164
-0.5065148672059706
-0.5068835783749819
-0.5073549492986785
-0.5075221144195113
-0.5104024070315063
-0.5104362103156745
-0.5110429221676895
-0.513935215305537
-0.5140640098768359
-0.5145591550494757
-0.5145732555538416
-0.515040843494882
-0.5151826181098471
-0.5164482632600185
-0.5181277684511288
-0.5219198809936643
-0.5250413165967984
-0.5266493749675445
-0.5269179004244506
-0.5289872557457004
-0.5296704361814287
-0.5312905514812363
-0.5316185810370371
-0.531644554498295
-0.5322704701917246
-0.5323050422484185
-0.5323699376760767
-0.5337229172388712
-0.5353728790845101
-0.5374802838390073
-0.53752108104527
-0.537526898810433
-0.5394399575889111
-0.5405761844530288
-0.5445726931095123
-0.5463353241128581
-0.5471007180499977
-0.5482985731117272
-0.550070602923779
-0.5505042580718343
-0.550617079019139
-0.5509064294206577
-0.5518279613927006
-0.5556129486713972
-0.5561021248189112
-0.5591828233251969
-0.5596637256358008
-0.5643357070162892
-0.5655795427272097
-0.5657738104411691
-0.5665597947728302
-0.5707678168531857
-0.573244422286128
-0.576374455432718
-0.5805155802619992
-0.5829360756033566
-0.5849514512107513
-0.5868997005246845
-0.5870393162555653
-0.5889704728577175
-0.5932966407403001
-0.5948802801625183
-0.5984556241892278
-0.5999546087346971
-0.6019010754302144
-0.6021360506547353
-0.6045447011522881
-0.6047356260112591
-0.6051410444908671
-0.6054419177170429
-0.6062202145112678
-0.6095169002946932
-0.6096140758858787
-0.610606409427224
-0.6199685204008251
-0.6201192631075779
-0.6201357579723533
-0.6223863470440847
-0.6261784218251705
-0.627977404763351
-0.6287483335731344
-0.6298122704029083
-0.6312049837110357
-0.6337235189146466
-0.6348467377708099
-0.6382417704111764
-0.6409726885225003
-0.643599868286401
-0.6461342610418797
-0.6461622176326013
-0.6462845713511343
-0.646566269278992
-0.6471028880832819
-0.6477737576728139
-0.6478100736319903
-0.6478245183592662
-0.6509388298533546
-0.6520504288375377
-0.6530905883349922
-0.6535042330622673
-0.6613020932563813
-0.6630317427984932
-0.6637708891838169
-0.6650086081717745
-0.6659386157989502
-0.6677710404874233
-0.6761131731826546
-0.676429044245053
-0.6846067406237125
-0.6865015155635774
-0.687853769956028
-0.6895578298717737
-0.6919960025032716
-0.6950409368922313
-0.696775452233851
-0.697282878848325
-0.6978191050390402
-0.7026177440677298
-0.7055686028907076
-0.7111474440122644
-0.7166495380370179
-0.7208240923590936
-0.7226006111928395
-0.7298838791197341
-0.7419699310710366
-0.7448763974410083
-0.7547077571119493
-0.7613621128548402
-0.7649619065225124
-0.7682743967577282
-0.771946344695607
-0.7731163948774338
-0.7787763347317066
-0.7817409061826766
-0.7875035487231798
-0.7959910523146391
-0.7965515158915272
-0.8084610868245363
-0.8084786009442594
-0.8121258968487381
-0.813230441284499
-0.8141058313194662
-0.8186260103765461
-0.8249451462955525
-0.8279672796571893
-0.8293328218162059
-0.8312148004770279
-0.8334700163467517
-0.836566890279452
-0.8372363653033972
-0.8454184453934431
-0.8473106698705427
-0.8543790727853775
-0.8570348778739572
-0.869768749177456
-0.8729362876287529
-0.8835579507052899
-0.8843911960721016
-0.8923683201195672
-0.898489203924934
-0.9093310109650096
-0.9344639033079147
-0.9408581177704036
-0.9441600805148482
-0.9519410664506722
-0.9566643638536334
-0.9578993359787596
-0.9585577851782242
-0.9633887441207966
-0.9676296615119403
-0.9707534876652062
-0.9758226893522078
-0.9845689237117767
-0.9846868896468853
-0.9933437998930458
-0.9953284161165357
-1.0043238733444013
-1.0043324489767353
-1.0087975757713947
-1.0143431734953385
-1.0220907848794014
-1.0311907979194075
-1.0507095359110583
-1.0518547936819231
-1.0542041811491647
-1.0639504976570606
-1.0717841237783432
-1.07587156817317
-1.0803692162036895
-1.0845101103186607
-1.0876516923308372
-1.0947708263993263
-1.1060207200547059
-1.1189107969403267
-1.1276775514008477
-1.128895528614521
-1.1374515854986385
-1.1473809582336496
-1.1625458951192824
-1.167066752165556
-1.172945436090231
-1.1822907268493013
-1.2048218622803688
-1.2074313710133235
-1.2291089296340942
-1.2463050603866577
-1.2509524017572402
-1.262088194489479
-1.278476968407631
-1.278493159916252
-1.279334472119808
-1.2794263809919357
-1.2888952515088021
-1.3060154043138028
-1.3103967236044507
-1.314514658646658
-1.3582171201705933
-1.3787165313959122
-1.3841434763744473
-1.4048029873520136
-1.4120459674159065
-1.4244348754485447
-1.4756579995155334
-1.4800564332399517
-1.490169902636262
-1.5096058717681444
-1.538492038846016
-1.5453231185674667
-1.5460837185382843
-1.5751026946440105
-1.6149688139557838
-1.6207494735717773
-1.6369852051138878
-1.6877917982637882
-1.6965055465698242
-1.7046577483415604
-1.785143181681633
-1.796134538948536
-1.8036779165267944
-1.8154729306697845
-1.841556813257436
-1.8486260473218863
-1.8821735677774996
-1.8828867971897125
-1.9852399826049805
-2.0054359436035156
-2.0434378385543823
-2.08367580792401
-2.1482420365015664
-2.270200729370117
-2.36220009252429
-2.3687901496887207
-2.4656061117808954
-2.553267538547516
-2.8759382168451944
-2.925810209553068
-3.055529243002335
-3.0906004110972085
-3.1862453718980155
-3.2202013122538724
-3.553504705429077
-3.7401206493377686
-4.029887581399332
-4.350454836327117
-4.436086047440767
-4.4487412444650545
-4.557478263062269
-4.669335766074558
-4.765580058097839
-4.837293385513476
-4.840581038035452
-4.914234399795532
-5.02344822883606
-5.255561351776123
-5.3971489069854215
-5.591314563527703
-6.313101768493652
-6.453630685806274
-6.645292043685913
-6.972063064575195
-8.668198585510254
-8.863818168640137
-10.5667085647583
-10.729543685913086
