-0.0013221102999523282
-0.012185372140568992
-0.03275457909330726
-0.033265660516917706
-0.03366177870581547
-0.04011539900675416
-0.040901469657131075
-0.04219831470400095
-0.043593998633696174
-0.04598968669597525
-0.050888460546654336
-0.05115842215794449
-0.054484303458593786
-0.06018806388601661
-0.061866112907106675
-0.07357766386121511
-0.08184425253421068
-0.0867360083669025
-0.08917487428698223
-0.09955593323199234
-0.10207612067461014
-0.10252934651604544
-0.1037634545864421
-0.10659073169032733
-0.10711099337121206
-0.11484313569962978
-0.1162687286734581
-0.11707279364927672
-0.11827795021235943
-0.11897631045430898
-0.12141123972833157
-0.12260417295619845
-0.12381730448793281
-0.12601528130471706
-0.13349327072501183
-0.13711850510703194
-0.14118700101971626
-0.14241748625499895
-0.1430903504951857
-0.1545721656657406
-0.15562795645221034
-0.1618442889302969
-0.16480891779065132
-0.168163793579237
-0.1696393322199583
-0.1721658855676651
-0.1745748451600472
-0.1767016127705574
-0.17705071774045272
-0.17923943667362133
-0.1826189053012058
-0.18626769707771018
-0.18719566317740827
-0.18906847465162477
-0.18938390165567398
-0.19434768550563603
-0.19653777911194734
-0.19860148847146775
-0.20206701959250495
-0.20384452785623985
-0.20899544904629389
-0.21147902162047102
-0.2122860251693055
-0.2138413414048652
-0.2166530497396659
-0.22498414355019727
-0.22531579807400703
-0.22539768038716698
-0.2289262036967557
-0.23179552080546273
-0.23257112622793233
-0.2336466841056551
-0.2347138883235554
-0.23681744497402438
-0.23720379565202165
-0.24135427102737594
-0.24222583633049258
-0.24261222589120734
-0.243466973840259
-0.24573135708591767
-0.24737288974574767
-0.2482749684256435
-0.25038366605478685
-0.25622157752513885
-0.2571658047349451
-0.2593027508895223
-0.2614955957978964
-0.26171504706144333
-0.26215130903874523
-0.2642412863031495
-0.26508827685999375
-0.26533271530643104
-0.26580716246231034
-0.2668194126906908
-0.26692774456127416
-0.2678030332943308
-0.268618680536747
-0.2720621407032013
-0.2734430065112455
-0.276752352614754
-0.2771047806101186
-0.2830182053536798
-0.28303392752882484
-0.28377080665758025
-0.2846053088349955
-0.2859441415290348
-0.2865843839761308
-0.286891391523467
-0.2889137061844979
-0.28977115351993304
-0.29171017050329184
-0.29262035435531286
-0.2933385482756421
-0.2951160851433607
-0.2956519254948944
-0.29730501176608315
-0.29898665845394135
-0.3001479113736423
-0.30065389443188906
-0.30174719374626874
-0.30193092088787427
-0.30210988170001657
-0.30229708373448566
-0.30487303781722275
-0.30499268220072345
-0.30551690999709535
-0.30635379273444413
-0.3064334138429591
-0.3065883154183841
-0.30669061206572223
-0.30698675589967306
-0.3073198327794671
-0.30762973614037037
-0.30777198830208574
-0.30783816938492237
-0.30840653667433393
-0.31108442427163635
-0.31236990746110677
-0.312816443759948
-0.3130779014900327
-0.31367060790459317
-0.31426635169720446
-0.3144127785150583
-0.31553075163481903
-0.3165188383177987
-0.316974764275882
-0.31893699133599346
-0.3218434807139501
-0.3223584946244955
-0.32242573872208596
-0.3234979872747014
-0.3236374918045476
-0.3240482099354267
-0.3244035835377872
-0.3247544546611607
-0.3271954970744749
-0.3280996864972015
-0.3291047593182884
-0.3293485285830684
-0.3294096040772274
-0.32949580928672934
-0.3296620699693449
-0.33058452735228155
-0.3306106686627922
-0.33120053727179766
-0.3317968870513141
-0.3335001226514578
-0.33392662890255453
-0.3340896336361766
-0.33562393554408726
-0.33592303693294523
-0.33801125313621017
-0.3403693854343146
-0.34457970860791554
-0.34548032049788163
-0.34590142088127324
-0.34614665975677783
-0.3463847839670694
-0.3465749501936241
-0.3480752483010292
-0.3495527810106675
-0.34991036025436456
-0.35039434634724304
-0.3514284778696795
-0.3535453528165817
-0.3538930676644668
-0.35516419661614823
-0.35565078734250094
-0.3578241332434118
-0.35973077206872406
-0.35998697466857266
-0.3608429833418793
-0.36113752353897627
-0.36117476229555906
-0.3614601678331383
-0.36179407437642414
-0.3627684281178517
-0.36280721812195577
-0.36287147061507724
-0.36413124105893074
-0.3645454713065798
-0.3657640691574973
-0.36729598707752303
-0.3675405333051458
-0.3676966678883348
-0.3680795052670874
-0.3693515909661073
-0.3710727234267526
-0.3717757865389493
-0.3719016034970991
-0.3733115782728419
-0.37439237670124775
-0.3746810888208399
-0.375550326895721
-0.37648171447217466
-0.37706697310786697
-0.37824865673125413
-0.37832194939255714
-0.37864180973597933
-0.3804564652906265
-0.3808304848415511
-0.38303494216895406
-0.38354576770216225
-0.384947189129889
-0.385684579403864
-0.38724337034260053
-0.3875282874098048
-0.388910302064485
-0.388959189876914
-0.3890277778522836
-0.39232172632806134
-0.39364804374054074
-0.3956577499397099
-0.3957853462197818
-0.3965388603198032
-0.3975380334175295
-0.39895602019969373
-0.39965933561325073
-0.39999595382250847
-0.4001865824917331
-0.4019044201122597
-0.402522663501176
-0.4029812943190336
-0.4029830163344741
-0.4039469566196203
-0.40456830541370437
-0.4049173640087247
-0.40518209647852926
-0.4055017363280058
-0.4068900713907732
-0.4083064286775577
-0.40867578451122555
-0.4094860079698265
-0.40980673948716784
-0.41017984682694075
-0.4115365182951791
-0.4116244920167244
-0.41167364098415105
-0.4118574551306665
-0.4121204083552584
-0.41228786426492864
-0.4136518417648843
-0.4148297207430005
-0.41500943924932343
-0.4151221744935302
-0.41525086662861416
-0.41549525393003767
-0.41559964247668785
-0.4156522447675733
-0.41574431769549847
-0.4158539057502316
-0.4158717847894877
-0.41603832682594655
-0.416055042645894
-0.4165932392701507
-0.41679022195083754
-0.41729308007634247
-0.41759353305678815
-0.4178683690049432
-0.418109695705223
-0.4193617913406342
-0.4201117947490679
-0.4209247335481147
-0.42098895515031787
-0.42125054563512093
-0.4227379585150629
-0.4234258694001862
-0.42408242346718905
-0.42414113706521067
-0.42440517021330176
-0.42441830821335313
-0.4250981651823081
-0.42646122816950083
-0.4267621234757826
-0.42679151259362696
-0.4273619370535016
-0.42743600105099816
-0.4274808943271637
-0.4278535190304475
-0.42797324584615937
-0.4291196493431926
-0.429406644962728
-0.431471941806376
-0.4314863990460123
-0.43175789945962606
-0.4318212672447165
-0.4318785695747162
-0.43263700702472735
-0.43307047479902394
-0.4332162940991111
-0.4332866836921312
-0.4338823641753859
-0.43435843257854384
-0.4345420426223427
-0.4346690811216831
-0.4348550101422006
-0.43542497171662176
-0.43553313228767365
-0.4357327394900494
-0.43676252134609966
-0.4371235792787047
-0.4376443527173251
-0.43814930263518664
-0.4392200725269504
-0.4396798128085532
-0.43972886602083844
-0.4409637619392015
-0.44112672575283796
-0.44121023640036583
-0.44212176417931914
-0.44272192464106613
-0.4438988092157093
-0.4440171857843072
-0.4440540107898414
-0.44490861451777164
-0.445215896392862
-0.4471241418006165
-0.44753502482282265
-0.4479257894314027
-0.44793185327822965
-0.448558362129216
-0.4490962312556803
-0.44986240669968536
-0.4500919543206692
-0.4505327587636809
-0.45089055539574474
-0.4518448672548402
-0.4525442602046366
-0.45301616601645944
-0.45360077349469063
-0.45381041016015744
-0.45581470905906624
-0.45642946421035696
-0.4566826092777774
-0.45747083013079
-0.45770894356489106
-0.45818291691577306
-0.46106611557722016
-0.4611152080819011
-0.46135555107612164
-0.46155409545754084
-0.46213244369053946
-0.46222280533137644
-0.46233967144507915
-0.4624401949113235
-0.4643006697297096
-0.46440115745645016
-0.4645918474222223
-0.4661313456793626
-0.46647470239549876
-0.4667900281725451
-0.46705385237000885
-0.4674341998354066
-0.46774006073570085
-0.4681301660214861
-0.4681347047444433
-0.4681810395300595
-0.46989372589741835
-0.46989944390952587
-0.4700135359631127
-0.4708305150270462
-0.4712731273521058
-0.4712970084087415
-0.4738696046173573
-0.47396501296987903
-0.4740100724156946
-0.4744752465732745
-0.4747825295974811
-0.47491986221866683
-0.47601234912872314
-0.47625128611818784
-0.4765113060362637
-0.4770145240925356
-0.47882569523062557
-0.478928019257728
-0.4807788009186172
-0.48147199042141436
-0.4836679109887752
-0.48390696415056783
-0.48404920019189984
-0.4846633776711921
-0.48483089124783874
-0.485057409076641
-0.4854033645824529
-0.48566440712999215
-0.48580879904329777
-0.4859258143696934
-0.48593259071931244
-0.4864021704803842
-0.48664774107048286
-0.4868159272397558
-0.4870773603518804
-0.48757672734144664
-0.4889860517744507
-0.4897127914009616
-0.48971930383122525
-0.4922263167528926
-0.4937262393401137
-0.4938237783317163
-0.4950108540111354
-0.49575218074023725
-0.4962650679101768
-0.49672951536356574
-0.49735983815044166
-0.49829173972830176
-0.4994098097085953
-0.4998622551560402
-0.500038678466808
-0.5002898047678173
-0.5004511504419498
-0.5024647430859899
-0.5026187290437519
-0.5031612438874112
-0.5038036341106312
-0.5041499335525764
-0.5045208531830992
-0.5046616968233139
-0.504894734476693
-0.5050618737004697
-0.5054526228008659
-0.507931077586753
-0.5079329589174854
-0.5085808582870024
-0.5098176541505381
-0.5102827577114416
-0.5109292059870703
-0.5110852923244238
-0.511228741342692
-0.5122380917164264
-0.5129547678451571
-0.5131103029241786
-0.5137272020311732
-0.5158034463723501
-0.5163567690178752
-0.5169103422667831
-0.5179032488570859
-0.5190595331345684
-0.521778710745275
-0.5230286521837115
-0.5232202043860323
-0.5265156069108343
-0.5265174191445112
-0.5269786371383816
-0.5283563759177923
-0.5284072443842888
-0.5292167344263622
-0.5300917641226468
-0.5308649642392993
-0.5322455409477698
-0.5323755855594451
-0.534688720981089
-0.5354359061475407
-0.5356031776405871
-0.5369418784976006
-0.5381881009255137
-0.5391989047639072
-0.5410526758059859
-0.5411533588543535
-0.5414552539587021
-0.5421592650818639
-0.5435887433977769
-0.5457546269521117
-0.5458606428583153
-0.5461410440620966
-0.5461694718338549
-0.5479260645806789
-0.5481781507376582
-0.5500333671458065
-0.5501549683511258
-0.5503357518464327
-0.5506482714205049
-0.5521600442783287
-0.5524447421048535
-0.5531234939582645
-0.5540139163947768
-0.5551779381930828
-0.5561426930588722
-0.557128828857094
-0.5577223032712937
-0.5582265708896254
-0.5592269234359264
-0.5594114593695849
-0.5599119713297114
-0.5601184645202011
-0.5603122323751449
-0.5603622584603727
-0.5611419040709734
-0.5612855351396969
-0.5613105719909072
-0.5613523188978433
-0.5621602575294673
-0.5626470997619132
-0.562817825935781
-0.5636426042328821
-0.564875889569521
-0.565160591953567
-0.5659610563268264
-0.5660884782361487
-0.5670739925616155
-0.567436817457201
-0.5679974652205905
-0.5693808741246661
-0.569744420160229
-0.5700245206761692
-0.5704114287245002
-0.5710368595448219
-0.5714763875779075
-0.5721235008289417
-0.5767610823502765
-0.5771611174568534
-0.5776321423240006
-0.5795208849012852
-0.581258879176208
-0.5825300118885934
-0.5825438232798326
-0.5855641584086697
-0.5856475409430763
-0.586516255675815
-0.5872390381991863
-0.5875906020935092
-0.5885202842036961
-0.5903369759076408
-0.5905849603780856
-0.5909261850174516
-0.5928295038640499
-0.593025457020849
-0.5937505090065921
-0.5945068965645207
-0.5966878248145804
-0.5969614498317242
-0.5970589171296784
-0.5987731847371833
-0.6005065608769655
-0.6008409187197685
-0.602695582807064
-0.6031742449849844
-0.6050145942717791
-0.6063503149896861
-0.6070443689459353
-0.6072290902666282
-0.6075374531646958
-0.6080431192396925
-0.6089317080914043
-0.6094138490501791
-0.609583572751338
-0.6096234148368239
-0.6098326719366014
-0.6102766302314454
-0.6113656252208683
-0.6126815807074308
-0.6128243312705308
-0.6137130458839237
-0.6141615328378975
-0.6179368687793613
-0.618012925144285
-0.6181428612966556
-0.6184703920864396
-0.6196929167656761
-0.6207285988687848
-0.6227980701045858
-0.6236239590992531
-0.6258221231400967
-0.6258692213256533
-0.6271485794568434
-0.629199508781312
-0.6306521073565818
-0.631281473528361
-0.6314290528185665
-0.6336032840222793
-0.6338395980497201
-0.6344614520979425
-0.6345663418323966
-0.6345941433100961
-0.6352935374248773
-0.6367470103182963
-0.6391258009825833
-0.6397486038622446
-0.6402943357825279
-0.6425370366778225
-0.6425644157352508
-0.6435669246566249
-0.6459260795265436
-0.6462428784696386
-0.6471509405334169
-0.6475100273059474
-0.6478570831008256
-0.6481285487301648
-0.6508561379586657
-0.6518791870524486
-0.652248274746605
-0.6530188800146183
-0.6536817838787101
-0.6544303846442037
-0.6552604633267037
-0.6598034617491066
-0.6603644465406736
-0.6618096358142793
-0.6641984660527669
-0.6648676232434809
-0.6662993538659066
-0.6666979799047112
-0.667735605686903
-0.6678716838359833
-0.6687194867990911
-0.6693148888233635
-0.6698138069361448
-0.6715955886757001
-0.6722723476588726
-0.6722930036485195
-0.6731866627931595
-0.6763881020247936
-0.6768001787364483
-0.6770941103386576
-0.6782661378383636
-0.679467728206267
-0.679874524474144
-0.6799520515422854
-0.6820820371309916
-0.682580780548354
-0.6828547656536103
-0.685414196509454
-0.6896030716598034
-0.6905358731746674
-0.6930138340452686
-0.6932883728295565
-0.6935039983751873
-0.7030053958296776
-0.7039778747857781
-0.7045419747941196
-0.7069823087991348
-0.7086760742323739
-0.7091284143841929
-0.7095278081085
-0.709763603284955
-0.7098829993291905
-0.7109284205362201
-0.7119818056623141
-0.7121800715491796
-0.7163136992254294
-0.7204206883907318
-0.7209628369892016
-0.7217734023928642
-0.7255013726651669
-0.7262175362557173
-0.7268954107537866
-0.7360228851154845
-0.736570643261075
-0.738291879494985
-0.7386167490854859
-0.7428308442234993
-0.7433423726906767
-0.744283827021718
-0.7454875968396664
-0.7470787793397904
-0.7487869536613717
-0.7514242217210787
-0.7534206343814731
-0.7552023019109454
-0.756976608752406
-0.7591111175715923
-0.7603324831385786
-0.765523374080658
-0.7689312326256186
-0.7723682904615998
-0.7727164182579145
-0.7734591901302338
-0.7750003727560397
-0.7757869103261328
-0.778048523759935
-0.7804446804026762
-0.7808539140969515
-0.7826611737895292
-0.7832829337567091
-0.7839419984569153
-0.7842904273420572
-0.7844616752117872
-0.7859326153993607
-0.7896561099216342
-0.7924290324250857
-0.7952240068465471
-0.7975539415783715
-0.7975937402807176
-0.8011263719701673
-0.8013741854811087
-0.8015637390315533
-0.8017702288925648
-0.802908887900412
-0.8065446019172668
-0.8090671648581823
-0.8098420491442084
-0.8108819623788198
-0.8127026915550232
-0.8214129482706388
-0.8240291881375015
-0.8245968272288641
-0.8251899518789008
-0.8253391513135284
-0.829139769077301
-0.8338440358638763
-0.8347409516572952
-0.8348635792732239
-0.8353162692859769
-0.839220255613327
-0.8406234411522746
-0.8407380933058448
-0.8428256954066455
-0.8429063747947415
-0.8438295463201939
-0.8458819687366486
-0.8475768955831882
-0.8477029055356979
-0.8490327894687653
-0.8498916129271189
-0.8509326652856544
-0.8531996197998524
-0.854649148376969
-0.8554144114411125
-0.8633308550342917
-0.8642451663812002
-0.8774032723158598
-0.8822539448738098
-0.8843653621152043
-0.8875585496425629
-0.8906327338991105
-0.8911571192244688
-0.8947354910997092
-0.8985333703458309
-0.9074244886636734
-0.9124694526195526
-0.9158346115145832
-0.9193702284246683
-0.9194071380421519
-0.923282989859581
-0.9261144421373805
-0.9279558427099671
-0.928809279575944
-0.9312551158169905
-0.9318286672593482
-0.9368931241333485
-0.9373134473959605
-0.9440904473885894
-0.9500506718953451
-0.9514875831082463
-0.9555973311968652
-0.9652899829670787
-0.9654818872610728
-0.9686006158590317
-0.9728600879510244
-0.9764442845646825
-0.9772739596664906
-0.9841597080230713
-0.9882897784312566
-0.9895253127130369
-0.9955365210771561
-0.9955743197351694
-0.9964522824933132
-0.997212079167366
-1.0060080349445344
-1.0081490762531757
-1.0125284641981125
-1.0134546384215355
-1.0250867903232574
-1.0274212373187765
-1.0292917396873236
-1.0332132548093795
-1.0389492365842063
-1.04100568095843
-1.0453563562768977
-1.053158233128488
-1.0581318140029907
-1.0603967358668644
-1.0607644878327847
-1.0617464310489595
-1.0721968258065837
-1.0759480185806751
-1.0832881530125935
-1.0844581662677228
-1.0915507276852925
-1.096685528755188
-1.098588121123612
-1.0996232479810715
-1.1146023273468018
-1.1149309571289148
-1.1226882487535477
-1.1244290493428708
-1.127035979082575
-1.1325403302907944
-1.142250120639801
-1.14718609303236
-1.1548216183048983
-1.1624788045883179
-1.164464045315981
-1.1777159770329793
-1.1920859615008037
-1.198725978533427
-1.202282527461648
-1.207671871719261
-1.2102281724413235
-1.2134544253349304
-1.2149615287780762
-1.263672262430191
-1.2702838523934286
-1.2744918564955394
-1.307247132062912
-1.316644402775637
-1.333445519208908
-1.3346736629803975
-1.344189003109932
-1.347481608390808
-1.3634470452864964
-1.3742559254169464
-1.3850772380828857
-1.390006184577942
-1.4046295695006847
-1.437358319759369
-1.442135363817215
-1.4684180816014607
-1.4703878313302994
-1.4807647466659546
-1.491732935110728
-1.4922334055105846
-1.5097485780715942
-1.520813688635826
-1.5296351313591003
-1.5343841314315796
-1.54165917634964
-1.5678611995390384
-1.5682277977466583
-1.5784246921539307
-1.6008612246150733
-1.6060669720172882
-1.6679739952087402
-1.6681185190876324
-1.6723188608884811
-1.6774581372737885
-1.687681794326636
-1.700533118719856
-1.7106027379631996
-1.7221027538180351
-1.731235146682593
-1.7434504330158234
-1.7610638737678528
-1.767638331046328
-1.7698047757148743
-1.7926644807060559
-1.7995667060216267
-1.8371968269348145
-1.861616438254714
-1.887958702320854
-1.8975929040461779
-1.9045271376768749
-1.9334104657173157
-1.9362344406545162
-1.9657497704029083
-2.004724584519863
-2.0228302478790283
-2.0234662294387817
-2.059031844139099
-2.090118244290352
-2.1561316723624864
-2.1562207229435444
-2.172880530357361
-2.1899003982543945
-2.270085803233087
-2.4736907482147217
-2.540613502264023
-2.555999517440796
-2.573481798171997
-2.6042770594358444
-2.6328248977661133
-2.6981042120605707
-2.737614369019866
-2.815466523170471
-2.8348463773727417
-2.8482835590839386
-2.9543445352464914
-2.9788684149583182
-3.0038729161024094
-3.006639242172241
-3.0171918869018555
-3.0498263514600694
-3.176183342933655
-3.1941153681837022
-3.4132072925567627
-3.811359405517578
-3.8704633712768555
-3.908015012741089
-4.363778114318848
-4.511648979038
-4.678635597229004
-5.572467803955078
-5.682392597198486
-6.7420454025268555
-7.242354154586792
-7.38539457321167
-8.295860290527344
-8.562898635864258
-12.22041130065918
-14.09364128112793
