-0.21006358787417412
-0.29144747368991375
-0.35530676580291537
-0.3692596770956048
-0.42010728518168133
-0.4228590887010796
-0.4288217489822553
-0.4410946793854237
-0.44203557174366254
-0.4450758945196867
-0.44809240126913347
-0.4537450047926261
-0.45501569246074985
-0.4564928339364437
-0.46586935640273924
-0.47064988280582276
-0.47203367365520016
-0.47615811672921365
-0.47901327766616036
-0.4792555666224669
-0.4941170866202031
-0.4954353725123737
-0.5012177189013788
-0.5087937008658493
-0.5118457186553214
-0.5154050549705668
-0.5232445473472277
-0.523406294407323
-0.5256560470087506
-0.5266781334454814
-0.5291321655937569
-0.5293845094114157
-0.5308656096458435
-0.5309501137857422
-0.540005890098561
-0.5482631549239159
-0.548309804879707
-0.5495569978374988
-0.5528428932237957
-0.5543371122301324
-0.5568650644243462
-0.5666092864882487
-0.5759071761064909
-0.578153712747042
-0.5805443970655854
-0.5812552175657065
-0.5835567152427853
-0.5837388643045224
-0.5890450568660163
-0.5926422799626986
-0.5959204297725355
-0.6047159252422196
-0.6106330522306962
-0.6107397875325247
-0.6117018800228834
-0.6176657635304663
-0.6190138649816315
-0.6313710403628647
-0.6316368029053722
-0.6363158965340028
-0.6401901505887508
-0.6401927272478739
-0.6402425329200924
-0.643272191286087
-0.646981830901932
-0.6485301047260873
-0.6495580167838317
-0.6553682565689087
-0.6566239406665166
-0.6599937973924997
-0.6613794547016733
-0.6624801922249995
-0.6636410190410021
-0.6639600891794544
-0.6669259272515774
-0.6672200262546539
-0.6673035407712793
-0.672259932718589
-0.6729486839681426
-0.6743964124131404
-0.6775552845998284
-0.6788394756615161
-0.6818579563759672
-0.683759691164596
-0.6841175890217225
-0.6848166284284422
-0.6859205092557452
-0.6865463616947333
-0.6896296878985595
-0.6898235814180225
-0.6899474755461726
-0.6907424156088382
-0.6916574061282778
-0.6932632355536852
-0.6943607926368713
-0.6944485232699662
-0.6972101197906715
-0.698159989617441
-0.6990053188902411
-0.7026133639383656
-0.7050808469114903
-0.7052468048142535
-0.7072899436785115
-0.7078677555255126
-0.7092259493139055
-0.7096178336068988
-0.7102311526735624
-0.712305036559701
-0.7129609705880284
-0.7136662844780155
-0.7179191390052437
-0.7186732416351637
-0.7217590593629413
-0.7223346717655659
-0.7265539864699045
-0.7332154570945671
-0.7346427773092208
-0.7427897779271007
-0.7495292940965066
-0.74987274389714
-0.7619359940290451
-0.7642335531612238
-0.770130497253766
-0.7802089497447013
-0.7814754034791674
-0.7838567666709423
-0.7857949569821358
-0.7858272230951115
-0.7939921791354815
-0.8005494140088558
-0.8036647933934417
-0.8047451997796694
-0.8071565851569176
-0.814928240608424
-0.8149837037691703
-0.8189762300915189
-0.8224697512175355
-0.8243154376745224
-0.8334944049517313
-0.8355582979108606
-0.8367252900050237
-0.8443153562645117
-0.8527896371152666
-0.8548238347284496
-0.8580839101757322
-0.8672969341278076
-0.8758739724755287
-0.8837688093384107
-0.8866321245829264
-0.8951625717537743
-0.8994987267069519
-0.9018368241377175
-0.9057429863346947
-0.907838667742908
-0.9165611304342747
-0.9189763789375623
-0.9255066538850466
-0.9609977073139615
-0.9622608792657653
-0.9671320654451847
-0.9777153073386713
-0.9822577834129333
-0.984868329949677
-0.9872170176822692
-0.9995497564474741
-1.0066966578364371
-1.0068288752809167
-1.006876320578158
-1.008986546844244
-1.0248416364192963
-1.0405947342514992
-1.0426834598183632
-1.0620366156101226
-1.0710629552602768
-1.0852232972780864
-1.091929581016302
-1.0959847122430801
-1.0995032399892808
-1.1154912948608398
-1.1260816305875778
-1.1461752156416576
-1.1586014088243246
-1.176332201808691
-1.1961939247945945
-1.2131157629191875
-1.2447878241539
-1.2598715536296368
-1.2841385137289762
-1.2889520525932312
-1.2935881555080413
-1.305913969874382
-1.312696933746338
-1.3147985168865748
-1.3206778466701508
-1.327599275443289
-1.341955166310072
-1.3533795095152326
-1.3706160187721252
-1.4021168537437916
-1.4108807643254597
-1.4345157034695148
-1.4375489917066362
-1.4618720838001795
-1.4802586010524206
-1.5351872866352398
-1.549545442064603
-1.5515803893407185
-1.575400173664093
-1.6017440387180872
-1.6478910446166992
-1.6610545441508293
-1.6764158947127206
-1.6908250153064728
-1.6913303043693304
-1.7059236876666546
-1.766743004322052
-1.7668599347983087
-1.792501449584961
-1.806104951351881
-1.8121964111924171
-1.8123550500188554
-1.822763488938411
-1.8612343871167727
-1.8749038577079773
-1.9007337801158428
-1.91324418676751
-1.994739294052124
-2.013030629605055
-2.047389253973961
-2.153754749894142
-2.1743604242801666
-2.2494294246037803
-2.2549009025096893
-2.2839621931314467
-2.371260667219758
-2.5072881281375885
-2.53296693166097
-2.6228307088216147
-2.6648693482081094
-2.8763227462768555
-3.1369550228118896
-3.140421986579895
-3.15799343585968
-3.3980132341384888
-3.552180217579007
-3.611157258351644
-4.577810114870469
-4.900230870892604
-4.982086022694905
-5.453351974487305
-5.510111172993978
-5.7446794509887695
-6.462213516235352
-6.523004055023193
-7.068113327026367
-7.475799560546875
