-0.0001534766406621202
-0.11257554590598115
-0.15882874679300585
-0.17160089784634433
-0.19458663761615752
-0.23126513008028268
-0.23936098314879928
-0.253281767023509
-0.25998860981781036
-0.26783284882549196
-0.2719728372991085
-0.2746492136269808
-0.29929286024222773
-0.3079181084409356
-0.3121708185179159
-0.3136935791699216
-0.3285341076885483
-0.34433669460122474
-0.35389908216835203
-0.35994731102519756
-0.3627324294195407
-0.365603224968072
-0.3734475473756902
-0.37672552978619933
-0.3819284146651626
-0.39485801653936503
-0.3997283797749939
-0.4010693078278564
-0.4011454749076317
-0.401533885858953
-0.4028333885144093
-0.408018676462234
-0.4106280679947564
-0.41170057737035676
-0.4123604769951531
-0.41417919373634504
-0.4153484756825492
-0.41548691799915916
-0.41705399318774045
-0.4211227128330125
-0.42338963032567073
-0.42451505503744225
-0.42536954897167606
-0.4277171405626632
-0.4326059792448567
-0.4331090314226458
-0.4369598707675727
-0.43819602543953806
-0.4393226006999612
-0.44244886028172914
-0.4429972997284494
-0.44357212310023897
-0.4448904213134264
-0.4450025665056374
-0.4450960296469376
-0.44898651169867
-0.4509216628357535
-0.45177045857417397
-0.4529276993125677
-0.45312059818483563
-0.4554104394258254
-0.45621000972460024
-0.45818351699078147
-0.4590975396309255
-0.45940862502902746
-0.46077802720537875
-0.46239701643935405
-0.46245900735653855
-0.46671906001865865
-0.46691865019163054
-0.47057284154442114
-0.47085361963836475
-0.4713345361251413
-0.4733840748667717
-0.47425814913650455
-0.47474376927129924
-0.4750696421151274
-0.47559101233036927
-0.47615268681402084
-0.4767793686991354
-0.4773674925818341
-0.477606019590894
-0.47861266612890174
-0.4786365214488743
-0.4791200140475253
-0.4791753430478275
-0.48082895514865714
-0.48123591996045434
-0.48137766334305826
-0.4818085474544205
-0.4818782411981374
-0.48432777300088975
-0.4864579034347116
-0.4900588512682589
-0.4906725738463657
-0.4924637322546914
-0.49288702056616207
-0.4932723721722141
-0.49451112461974844
-0.49472413880284877
-0.49557143834681483
-0.49570025948169466
-0.49580589183218154
-0.4958823954220861
-0.4969712583794414
-0.4977040633592488
-0.4992191591998562
-0.49978790981204885
-0.5019469282512242
-0.5021659236129684
-0.5025754985916946
-0.5026653202483431
-0.5031218714313581
-0.5034173141288597
-0.5034365060313701
-0.5051041936530964
-0.5051956340670586
-0.5064144269563258
-0.5066124118792896
-0.5066759023013421
-0.5067893062951043
-0.5075537758103261
-0.5096284793980885
-0.5106236041792727
-0.5106984649416214
-0.5115883576567285
-0.5119043869354452
-0.5121767343371175
-0.512786056427285
-0.5130410691102346
-0.5130694067920558
-0.5139878252944485
-0.5146959547884762
-0.5154826913218896
-0.51573649913189
-0.5164101376198232
-0.5173094135160292
-0.5178186511388049
-0.5182324956182301
-0.5183550208544148
-0.5187124737098606
-0.519617888412904
-0.5198653203606227
-0.5201083062649039
-0.520297764271163
-0.5203855458724623
-0.5210418306756764
-0.5210644834164885
-0.5220562047740843
-0.5230325699667446
-0.5231137390248477
-0.5235403262715983
-0.5236221703593261
-0.5249025224637829
-0.5250769181363285
-0.5253031537329662
-0.5269043874256264
-0.5276606752886437
-0.5280092189786956
-0.5292388461322324
-0.5299318676775978
-0.5305369758103292
-0.5316282558720559
-0.532085142303806
-0.5325261122081428
-0.5335099263116717
-0.5337988644920794
-0.5338251946128106
-0.5338621219270863
-0.5340396913816221
-0.5349756265616937
-0.5365837776868526
-0.5371461807069584
-0.5392054136385783
-0.5408125179819763
-0.5408198869787156
-0.5423247362254188
-0.543478577847903
-0.5446591195701014
-0.5452451117203704
-0.5463091790970793
-0.5465108836360741
-0.5500285091111436
-0.5505383053428626
-0.552219538600184
-0.5524823986488627
-0.5525916100363247
-0.552893542063733
-0.5544914119333649
-0.5545972379757307
-0.556031178572448
-0.5561556049833598
-0.55745459049164
-0.560858763376018
-0.5610334156727832
-0.5613088410114869
-0.562104289493748
-0.5628685257397592
-0.563172529424684
-0.563250436418457
-0.564413309423253
-0.5648188329586346
-0.5651846099062823
-0.565789887245046
-0.5661747442417047
-0.5687062946251698
-0.5695088404357772
-0.5698541107745508
-0.5699155977345072
-0.5701793354978277
-0.5703966556407977
-0.5717527919274289
-0.5719837085343897
-0.572069246952846
-0.5721624378692703
-0.5723281569128934
-0.5726709649898112
-0.572828659629522
-0.5730614426013615
-0.5735693025053479
-0.5736649702427842
-0.5773835172178223
-0.5774408397381194
-0.578907068571425
-0.5791895252020497
-0.5802979623355592
-0.5813372436289986
-0.5813671832438558
-0.5819741312492018
-0.5828603833331727
-0.5870966770658818
-0.5873370582412463
-0.5878456007534018
-0.5902975827145079
-0.5907752463050807
-0.5910190026120593
-0.5925681540917139
-0.5945772995307509
-0.595629057683982
-0.5960682426294726
-0.5981442650534317
-0.5987821205053478
-0.6004885112467621
-0.6019234773363374
-0.6019539295850943
-0.6021942022023723
-0.602230578131639
-0.6029957137070596
-0.6031126367064038
-0.6038929181265302
-0.6059615256148391
-0.6075930304193337
-0.6084207285852504
-0.6092658383277012
-0.6098026343478034
-0.6103264823921362
-0.610985841252841
-0.6110088281954328
-0.6128423266927712
-0.6131395827590799
-0.6164106477129584
-0.6199469312899358
-0.6215550334826629
-0.6216116685885936
-0.6218391452915967
-0.6219015134099338
-0.6228607356842986
-0.6241964716464281
-0.624343084792296
-0.6248505247931462
-0.6259164436616831
-0.6265238617779687
-0.6269003163146812
-0.6276363339145772
-0.6281037217704579
-0.6298497701995075
-0.6314313897863031
-0.6354093609600872
-0.6398533410392702
-0.6421707196342241
-0.6437053588839868
-0.6447270668395504
-0.6449343367130496
-0.6452841237187386
-0.6459981811252268
-0.6474047751190872
-0.6481078248471022
-0.6490909980445091
-0.6492439567809924
-0.6552841629600152
-0.6567459104873705
-0.6599247901060152
-0.6608231171008406
-0.6610480070454426
-0.6632989222649485
-0.6639441305037158
-0.6642599297687412
-0.6649850639740988
-0.6652401739731431
-0.6679816046432409
-0.6692925286788522
-0.6693970654159784
-0.6710484931420069
-0.6725931697350461
-0.6732616329617385
-0.6752012619923334
-0.6756145760882646
-0.6761659735813736
-0.6768438637567064
-0.6774047508976461
-0.6775383735366631
-0.6812482667464792
-0.6829434929706621
-0.6838107359233416
-0.684106757476305
-0.684488818008343
-0.6880221443409229
-0.6888250013497392
-0.6905503151162217
-0.6906219164116515
-0.6908931373020297
-0.6929900769973756
-0.6940407287588136
-0.6972142794651778
-0.6987360782271329
-0.6996202114193389
-0.7039450510521419
-0.7043588416854618
-0.7045395225286484
-0.7072802020152772
-0.7073193117976189
-0.7115914478070207
-0.713553391979076
-0.7156825539035102
-0.7190871210768819
-0.7199650258291512
-0.7226423541756554
-0.7234298128969385
-0.7243551054387354
-0.7247746058371073
-0.7254303578520194
-0.729965915246534
-0.7302773118717596
-0.730922590893897
-0.7324318914491285
-0.7360904044471681
-0.7381856317631901
-0.7388761062094191
-0.7413730569678592
-0.7437396490325531
-0.743995287688449
-0.7463428518161751
-0.7513321232642435
-0.7519049713388085
-0.7545646872371435
-0.7549585588276386
-0.7590418690815568
-0.7709412778661188
-0.7719087498262525
-0.7745595331237253
-0.7819400557449886
-0.7860180111601949
-0.7983493525534868
-0.8032336126780137
-0.8050728847738355
-0.8078768653795123
-0.8103803055128083
-0.8138126842677593
-0.8178296185506042
-0.8247999399900436
-0.825663757440634
-0.8308660313487053
-0.8312707756049349
-0.8334370786324143
-0.838026165543124
-0.8403330432483926
-0.8445307440124452
-0.8465727754752151
-0.8574909745584591
-0.8575595600996166
-0.8633880137931556
-0.8648147434661431
-0.8695576651021838
-0.8790744308716967
-0.9004804246360436
-0.9027807535555136
-0.9090197331097443
-0.9098787344264565
-0.9142519906163216
-0.9144467040896416
-0.9162892997264862
-0.9210206217789424
-0.9270558605591456
-0.9299692055016445
-0.9366596968175145
-0.9368698633479653
-0.9458187719186147
-0.9507844567298889
-0.9551819414045895
-0.965148231596686
-0.97312714997679
-0.976013487825791
-1.0035141631960869
-1.0096217915415764
-1.016568511724472
-1.01907240471337
-1.0249578058719635
-1.0262550683692098
-1.0277518243528903
-1.035471216775477
-1.0547588035464286
-1.0675135822966695
-1.069202000896136
-1.0693468395620584
-1.080073595046997
-1.0814480811435108
-1.0867077838629484
-1.0930806895097096
-1.107423315756023
-1.1165038694938023
-1.1326622789104779
-1.1350120330850284
-1.1382213830947876
-1.1395587515085936
-1.1437596023082732
-1.1510873939841986
-1.1516842927783728
-1.1540165680150192
-1.1581094649930794
-1.1746647418476641
-1.1825418323278427
-1.2103589177131653
-1.2417192161083221
-1.2519804526120424
-1.2525339722633362
-1.2623489623268445
-1.2784210344155629
-1.2993411757051945
-1.3001898129781086
-1.3009865283966064
-1.324065315226714
-1.3511991705745459
-1.3577271459313731
-1.3819767236709595
-1.3896683653195698
-1.39906245470047
-1.4070383707682292
-1.491121140619119
-1.5146257355809212
-1.5182855973641078
-1.5389387514442205
-1.5397005915641784
-1.5535860247910023
-1.5760004504663812
-1.610130950808525
-1.655900627374649
-1.7067032257715862
-1.7153312265872955
-1.715390642484029
-1.7202223967760801
-1.775220412760973
-1.8098819851875305
-1.8112189173698425
-1.8669652314856648
-1.8718526164690654
-1.875344118103385
-1.8762941161791484
-1.8798132538795471
-1.8849173337221146
-1.8999275316794713
-1.9322401667013764
-1.9548349181811016
-2.0016962587833405
-2.1273133158683777
-2.135769543548425
-2.1988410279154778
-2.243057668209076
-2.3794129490852356
-2.472310483455658
-2.534039556980133
-2.5572779774665833
-2.7366669103503227
-2.906729498636802
-2.9770889282226562
-3.194534300980498
-3.3654054403305054
-3.435918927192688
-3.494839284173698
-3.564381957054138
-3.634132981300354
-3.761110484600067
-3.7674431800842285
-3.9304041862487793
-4.034321665763855
-4.414468169212341
-8.801610946655273
-9.873794555664062
-9.887996673583984
