-0.023472732233737286
-0.037087061628699305
-0.05506592302117497
-0.058119672210887076
-0.0644630548825565
-0.08058209917362547
-0.08848007675260305
-0.09160057535128933
-0.09423753308753173
-0.10735138806739997
-0.11605589682193777
-0.11679415479573602
-0.13747629655214647
-0.1430776768247597
-0.14560817534220405
-0.15234159959968216
-0.15596866823993463
-0.1601634508703643
-0.1606369067321066
-0.16239787584127044
-0.16427663352528943
-0.16969392225146293
-0.17650834645610303
-0.17831001878117345
-0.19136395518546037
-0.1934788941743318
-0.19550301884633622
-0.19680689183033315
-0.2000379779481311
-0.2006854665045726
-0.20192591344675748
-0.2029601529592093
-0.2050788086045558
-0.20702196196725708
-0.21000906036906167
-0.21322834192076698
-0.21358045994475106
-0.21402985475409272
-0.21588893066742457
-0.2161906505934894
-0.21626386374555295
-0.21814017812209419
-0.21929796086728207
-0.22156416252983036
-0.22177941452094313
-0.22207533621314304
-0.2225358642419451
-0.23039379223579695
-0.23096433505166455
-0.23510515735298604
-0.23532202012872652
-0.24167223028403154
-0.24323534156316712
-0.24342255341050784
-0.243762637028946
-0.24403704387259495
-0.24407946018851362
-0.24544803541625457
-0.2469265048996368
-0.25061820741393603
-0.25287382321227503
-0.25351886771215293
-0.254880728860735
-0.2566604245456057
-0.25955786325282354
-0.2599915070830571
-0.2608948586447
-0.26336885965429246
-0.2663343095983792
-0.2678994367131963
-0.2726049584525754
-0.27696919559170247
-0.2778496047180584
-0.2793202995574878
-0.2817212494751752
-0.2850529882496881
-0.28714373395002135
-0.2882764521491481
-0.29338907156634375
-0.29435721642068147
-0.2977354565000496
-0.30234991188626736
-0.3027367042151228
-0.3038144887587374
-0.3056030200482033
-0.3065981080206776
-0.3082112239732981
-0.3091591342490574
-0.31273848282634625
-0.31299869938650066
-0.31569966646784453
-0.31661144560914384
-0.33022519590934585
-0.33141782281584004
-0.336051938929207
-0.33661628669282295
-0.3412279218318872
-0.34313751274142607
-0.35188974171822857
-0.3547685130292343
-0.36219311933382414
-0.3623658018404967
-0.36415291545078315
-0.36425271319846314
-0.3673732278402895
-0.3707876334403409
-0.37422006727299756
-0.37579993533436207
-0.3787808247531454
-0.390424764301214
-0.3967375774906638
-0.402622675333987
-0.41277237820613666
-0.4128016894154081
-0.4144925826913095
-0.42428374613518827
-0.42575802211067637
-0.4303120248077903
-0.43632471378342336
-0.44376735486862756
-0.45114720715875073
-0.4521518479385931
-0.4531193062328384
-0.47881409359397364
-0.4881469453435524
-0.4959191994275898
-0.507647767663002
-0.5084687508569914
-0.5120027171869879
-0.5128671350313587
-0.5145835423318204
-0.515514413794418
-0.5195653973678418
-0.5227802403803382
-0.5251674138458579
-0.539516051998362
-0.5410392771504121
-0.5425780523995248
-0.5449183026968967
-0.554108222713694
-0.5587824736539915
-0.5617389796942007
-0.5782877136856163
-0.5968431136829572
-0.5973913666869825
-0.6005038224560849
-0.6334208168167
-0.6341152970812151
-0.6356682654392595
-0.6425278476542897
-0.6471740709883826
-0.6520565012760926
-0.6524136656153132
-0.6530190682258561
-0.6544930271920748
-0.6599141838378273
-0.6604369268054142
-0.6653876051035089
-0.6708536715683294
-0.6734837912692455
-0.6745104809844633
-0.6751566466409713
-0.6813478786498308
-0.6830685882398809
-0.6831624002385069
-0.6868961788713932
-0.6924510651733726
-0.6948205879889429
-0.6950716405699495
-0.6974330535158515
-0.7034762271602327
-0.7141304578011235
-0.7157520593803687
-0.721306489314884
-0.7291420437395573
-0.7316239203015963
-0.7326804181182525
-0.7366707365339001
-0.7370658440137049
-0.7496989040713137
-0.7527988494506904
-0.7540029998829899
-0.7629493388812989
-0.7737810355611145
-0.774997325334698
-0.8331523645669222
-0.8445496708930781
-0.8553222684422508
-0.8596650665857908
-0.8877548445016146
-0.8942080804069216
-0.8948949673213065
-0.895762677071616
-0.8998180995030063
-0.9151233173906803
-0.9187265824526548
-0.9208438638597727
-0.9217609432525933
-0.9536011681193486
-0.9554957859218121
-0.9583934812108055
-0.9599908785280099
-0.9790746228924642
-0.9831865774322068
-1.001511033438146
-1.006109121022746
-1.0097430641762912
-1.0153412662366463
-1.0200987553223968
-1.0219880159323413
-1.0306177830323577
-1.0350590229034424
-1.0381156098097564
-1.088103936985135
-1.0915833064354956
-1.0989946624419342
-1.1132015894399956
-1.127056295517832
-1.1742649838949244
-1.2284848367174466
-1.2403028126621696
-1.2427357488195412
-1.2524782232940197
-1.263204728020355
-1.2733729140988241
-1.274094360570113
-1.3024536457378417
-1.3128497775178403
-1.3381438951473683
-1.4490626597156127
-1.4976961947977543
-1.5372538299610217
-1.5791721194982529
-1.7567050158977509
-1.8874396138708107
-1.9163412836683165
-2.024684792093467
-2.0449062374730906
-2.068363924821218
-2.070241798957189
-2.113895747810602
-2.1217913031578064
-2.1435442566871643
-2.2243746572057717
-2.272783413529396
-2.3275657892227173
-2.3999706506729126
-2.5009862141450867
-3.4306089878082275
-4.209340572357178
-4.2488967180252075
-5.02908182144165
-6.04124641418457
-6.41733455657959
