-0.0032423564698547125
-0.028719711117446423
-0.035659395274706185
-0.06230277009308338
-0.0985635680735868
-0.10126517340540886
-0.12274548783898354
-0.12799184769392014
-0.1291159352986142
-0.13101123948581517
-0.1333530056872405
-0.133917998134469
-0.14085500404180493
-0.14879433438181877
-0.15321724384557456
-0.15450967848300934
-0.20020710089011118
-0.2138448656963495
-0.22343661387761435
-0.2239969658354918
-0.22636727592907846
-0.23095823442660426
-0.23415189003571868
-0.2355497135213227
-0.23653080190415493
-0.23795060612125477
-0.2397998239555616
-0.24818531069904565
-0.2491886417653101
-0.2499461571375529
-0.25124300210736694
-0.2539709802949801
-0.25521855182679637
-0.2566063621197827
-0.2600043369845177
-0.2659596651792526
-0.28290107899478506
-0.2905492804944515
-0.29202386140823366
-0.2960170361184282
-0.29607981878022355
-0.2989942866144702
-0.30455272148052853
-0.3072400133565275
-0.30795725035880295
-0.3091316483914852
-0.3206809420953505
-0.32165337800979615
-0.32627065177075565
-0.3266192227602005
-0.32696691052115057
-0.32728574857173953
-0.3298997575038811
-0.33115413557970896
-0.3323469887901511
-0.33306001328552765
-0.3336200466437731
-0.33386066804329556
-0.3392180855385959
-0.3424904645435163
-0.3427826190988223
-0.3472391296178102
-0.3479858530788786
-0.3533113193180826
-0.35594418618129564
-0.35625853344875696
-0.35798808061517773
-0.36120921820402146
-0.3621869877512966
-0.36510569555684924
-0.3654180538530151
-0.36605739280057603
-0.3674767283872435
-0.3681011298405273
-0.3697370074999829
-0.3705081281562646
-0.3732492197304964
-0.37439906994695776
-0.37501247017644346
-0.37597292588491527
-0.37838254030793905
-0.38052114493285233
-0.38089272379875183
-0.38177777067758145
-0.38673121978839237
-0.38841160852462053
-0.39207455376163125
-0.39765349408197737
-0.4002992811664525
-0.40066698503990966
-0.4013065132778138
-0.4033744934713468
-0.4038393604569137
-0.4055128186882939
-0.4058170627270426
-0.41021377965807915
-0.4103183373808861
-0.41047928922344
-0.41487790970131755
-0.4152667627669871
-0.41532080168835817
-0.4165995885022522
-0.4168967843754217
-0.4177677002735436
-0.4178882292289927
-0.41842782393214006
-0.4187729691288301
-0.41976722329854965
-0.4201236293744296
-0.4207438874000218
-0.4214840667322278
-0.421915349928895
-0.4220925427992673
-0.42332771193468943
-0.4257397771671094
-0.42867822546603357
-0.42942765858606435
-0.4296783064492047
-0.4304406277369708
-0.43076529291768867
-0.431032549465696
-0.43218486008699986
-0.4329506508307531
-0.4330422095954418
-0.4359289171174169
-0.43626337063809234
-0.4367741583423181
-0.4374250019027386
-0.43803156931729365
-0.4385236956046096
-0.44036652258655523
-0.44128380407831475
-0.44349960206143024
-0.4435621246084338
-0.4436290007498529
-0.44369397349655626
-0.4452624721452594
-0.44539805461652576
-0.4456197215865056
-0.4469983132763041
-0.4471728014094489
-0.44761876387347
-0.4498150016181171
-0.45109975335653874
-0.4517066485577208
-0.452134142909199
-0.4534437135527177
-0.4550369613183041
-0.45517272944562137
-0.4554292290486046
-0.45603934621904046
-0.45670095215551554
-0.4602524434135725
-0.4625831454992294
-0.46285264196598697
-0.4638670557178557
-0.46407376762945207
-0.46490671837945347
-0.4656110729233155
-0.46608202018906014
-0.46620656511125463
-0.46653980677947404
-0.4674275630552854
-0.4676361926685786
-0.46775805417241323
-0.4678053172926108
-0.4678158588707447
-0.4681476540863514
-0.46936342315748336
-0.46993547435849903
-0.4706980469636619
-0.470757289656571
-0.4724969681766298
-0.4732789335151513
-0.47418742671143266
-0.4748278838981475
-0.4749610118102282
-0.4757211250718683
-0.4760606661438942
-0.4766258005466726
-0.4779945216141641
-0.4784052782109939
-0.47917164880782365
-0.47923679898182553
-0.4794375748684009
-0.47984242159873247
-0.48101990307137993
-0.4812160633504391
-0.4822417688400795
-0.4828819708135465
-0.4833222987037152
-0.4834638610223515
-0.48360221289719146
-0.48423168402431266
-0.48557847678764826
-0.48592352946954115
-0.48597424270701595
-0.48689940143958665
-0.4870298926086564
-0.4877012647274468
-0.4878300561727623
-0.48783565119025296
-0.488462460367009
-0.4891534720857938
-0.4897828863468021
-0.4900808379586254
-0.4907027505227904
-0.4913878194987774
-0.4916266550309956
-0.491683752505196
-0.49371457076631486
-0.49448930554919773
-0.49454835113387424
-0.4949922799365595
-0.4953038091360427
-0.49568438954237437
-0.4957516096581362
-0.4968802716272573
-0.4970812300841014
-0.49758246215060353
-0.4982147009577602
-0.4996084599290043
-0.4999766322597861
-0.5011478786667188
-0.5012954195262864
-0.5019167970400303
-0.5020873189438134
-0.502342120744288
-0.5027428710251115
-0.504194381646812
-0.5052114992092053
-0.5052488510031253
-0.5055884008295835
-0.5056448946706951
-0.5066002697687508
-0.5075289309024811
-0.507668442358928
-0.5086890715407207
-0.5092486627981998
-0.510489521614675
-0.5123451480249059
-0.5128307477053669
-0.5133584126830101
-0.5144768674906931
-0.5147492404648801
-0.5149372458191854
-0.5155388342682272
-0.5159088559448719
-0.5167866102419794
-0.5168813481975935
-0.5172998226014898
-0.5174995362758636
-0.5176087259980184
-0.518919269554317
-0.5203134660773417
-0.5221656979992986
-0.5227535655278535
-0.5228884667158127
-0.5229531019693241
-0.5233161964453756
-0.5243748864158988
-0.5245401369673865
-0.5247931537839273
-0.5255619075149298
-0.5263800223357975
-0.5264212783658877
-0.5268067418324665
-0.5270741304848343
-0.5279807602055371
-0.5281058866064996
-0.5282053918178592
-0.5282688388704426
-0.5288204962562304
-0.5288236230611801
-0.5288865784183144
-0.5302140663843602
-0.5302433967590332
-0.530477945293699
-0.5313856301363558
-0.5313981488191833
-0.53195735742338
-0.5327552324160933
-0.5329721276260292
-0.5336281380698304
-0.5338687403617721
-0.5342302392236888
-0.5359145401380374
-0.5365396238298022
-0.5368073638933508
-0.5381232927320525
-0.5383620247658756
-0.5383854031562805
-0.5383927673101425
-0.5389070394681766
-0.5393213890492916
-0.5400288991792046
-0.5402006410062313
-0.5403852542862296
-0.5406211686320603
-0.5411485074087977
-0.541373860090971
-0.541403591632843
-0.5414339235052467
-0.5417136838788994
-0.541818941266414
-0.5423296996476975
-0.5424600404997667
-0.542513950180728
-0.5425497703254223
-0.5434383092048977
-0.5438829226020191
-0.5446336985565722
-0.5446411597076803
-0.544818672848543
-0.544867233093828
-0.5452929842285812
-0.545561737070481
-0.5458571973334377
-0.5459007701526085
-0.5460233886593154
-0.5462965855472967
-0.5463142612017691
-0.5464259117272579
-0.5464507501261929
-0.5467302021829205
-0.54682939996322
-0.5468553710728884
-0.54738267014424
-0.5478931336047026
-0.5485550996891106
-0.5487759226400938
-0.5489582115842495
-0.5490121729671955
-0.5496230876829941
-0.5500874055142049
-0.5501298774102265
-0.5512240529991687
-0.5513607442068557
-0.5526808424231907
-0.5531567892991006
-0.553396623271207
-0.5534803876739547
-0.5536761855085691
-0.5541990455110661
-0.5546434429577656
-0.5557006827676324
-0.5562096471723634
-0.5563396022813062
-0.5568857187671321
-0.5575806642882526
-0.5576045940785358
-0.5585714419078278
-0.5594245341295997
-0.5596669454971561
-0.5602440186776221
-0.5606622811068188
-0.561098514625337
-0.5611700746748183
-0.5613905100472039
-0.561851205304265
-0.5628314505828994
-0.5630039215029683
-0.564218052662909
-0.5644605285488069
-0.5646341978572309
-0.5650975780706082
-0.5652795806527138
-0.5656904368806863
-0.5669654506362147
-0.5681351753592025
-0.5691271463663063
-0.5697472502167026
-0.5702982845250517
-0.5708182837281909
-0.5717716988971612
-0.5718017282326602
-0.5722236362182431
-0.5722469636239111
-0.5729081276804209
-0.573072725574353
-0.5733380334451794
-0.5733454115265473
-0.5736812566007886
-0.5737770393490791
-0.574343408147494
-0.5744141595438123
-0.5746604991662834
-0.5763843487172077
-0.5764100443837898
-0.5770877335559238
-0.5770900336559862
-0.5772460428997874
-0.5775020008441061
-0.5779067014708467
-0.5785814574919641
-0.5786262856397245
-0.5789315451402217
-0.5796614000573754
-0.5796624165959656
-0.5798296023653272
-0.5802689019889969
-0.5810550246055105
-0.5811043148860335
-0.5813826801174361
-0.5817456821290156
-0.5819754272233695
-0.5832403888177525
-0.5834624796277947
-0.5835525514557958
-0.5839018758852035
-0.5843290866219571
-0.5845455895695422
-0.5846917934915317
-0.5851219924322019
-0.5852476610802114
-0.5859341874408225
-0.5860555403865874
-0.5879462076409254
-0.5884928251616657
-0.5885055559469038
-0.5888145778386388
-0.5908127354690805
-0.5910259718495783
-0.5910278109833598
-0.5910819404113378
-0.5914349683067378
-0.5927942415167179
-0.5937967884043852
-0.5942287286300034
-0.5947948300745338
-0.5950771315644184
-0.5957316949963569
-0.5976666542235762
-0.5977232288569212
-0.5977430179715156
-0.5980847391401767
-0.5980866186320781
-0.5982214849063894
-0.5985287506029837
-0.5987654000520706
-0.5998394913971424
-0.5999762242659926
-0.6005960690963548
-0.6010402566395127
-0.601251320540905
-0.6013463541836245
-0.6029030292087959
-0.6029869221150875
-0.6031929958197806
-0.6048522862079351
-0.6050102081563737
-0.6060363024007529
-0.6060684907289604
-0.6069071982055902
-0.609657364198938
-0.6115629580276816
-0.6126270227444669
-0.6135732595409665
-0.613887808099389
-0.6139613878783874
-0.6142462457986161
-0.614634352629461
-0.6152758341179125
-0.6157199832257526
-0.616821154486388
-0.6188289955258369
-0.6190290486609394
-0.6190605803858489
-0.6196634144056589
-0.6201168615706802
-0.6201189716479608
-0.6211392015218735
-0.6217912884959433
-0.622119222721085
-0.6222012242568391
-0.6237964142928831
-0.6261716379743555
-0.626712862479811
-0.6267292365535266
-0.6267413122113794
-0.6269481739029288
-0.6271183542493317
-0.627219220797997
-0.6279307380318642
-0.6284596957266331
-0.6289999565208115
-0.6294491663575172
-0.6303297126931804
-0.6303492088045459
-0.6306579335359856
-0.6310734034515917
-0.6312311925925315
-0.6314793077375119
-0.6317093178319434
-0.6317227219231427
-0.6327394925174303
-0.6331318049795098
-0.6332194316200912
-0.6338447600603103
-0.6341223439408673
-0.634491879226906
-0.6346360673080198
-0.6350751213197198
-0.6356565481983125
-0.6359896997921168
-0.6368132380561696
-0.6374653950998825
-0.637537851722704
-0.6377918269330015
-0.6383338009007276
-0.6391057725064456
-0.6396638974547386
-0.6399577437434345
-0.6405018827257057
-0.6412932244391414
-0.6422586076789432
-0.6423777817003106
-0.6429920291993767
-0.6430129537863346
-0.6430594237255198
-0.6431076606834092
-0.644785708614758
-0.6454118453431874
-0.6460278828938802
-0.6465202717559545
-0.6465547941625118
-0.6466582700610161
-0.6467343966166178
-0.6468923592474312
-0.646925114095211
-0.6475039042694413
-0.6479197183877907
-0.6486334472196177
-0.6486964722134871
-0.6500623531173915
-0.6508211091692958
-0.6512470881454646
-0.6521032573655248
-0.6530768662277195
-0.6539201410487294
-0.6539533404866233
-0.6540392855078809
-0.6547601769367853
-0.6550218477800843
-0.6554719219655873
-0.655543393636132
-0.6560255520577941
-0.6567756766860839
-0.6567810162905516
-0.6572729297110746
-0.6573881980963051
-0.6574412658810616
-0.6577888451516628
-0.6600129115977325
-0.6619582856073976
-0.6622714408569865
-0.6628438740153797
-0.663133353698413
-0.6634402880445123
-0.6645921717087427
-0.6648948192596436
-0.6651028886262793
-0.665985289029777
-0.6660057785255569
-0.6664450696359078
-0.6667732452042401
-0.6667850252997567
-0.6670085862278938
-0.6671172446674771
-0.6673115984590368
-0.6673206480013
-0.6673277976457029
-0.6673584706149995
-0.6675878938080536
-0.6679955098578441
-0.6682579988347632
-0.6687773515004665
-0.6703698094934225
-0.6704811851959676
-0.6705531948246062
-0.6712049023642521
-0.672321938443929
-0.6732484937645495
-0.673682319045636
-0.6738366302285742
-0.6740048442967236
-0.67413397361007
-0.675033297493226
-0.6763182341431578
-0.6764367550611496
-0.6778835683154674
-0.6780618416766325
-0.6808561182115227
-0.6811543945223093
-0.6827492201700807
-0.6829269027932443
-0.6829731583595275
-0.6829791460186243
-0.6843119966797531
-0.6845559584908187
-0.6851615049876273
-0.685648001730442
-0.6867081863539559
-0.6868108788505196
-0.686980307905469
-0.6878880031082579
-0.6888494780287147
-0.6892198758199811
-0.6894455552101135
-0.6914823297411203
-0.6917180567979813
-0.6920465995143685
-0.6923921443521976
-0.6929497085511684
-0.6929576012771577
-0.6940263468750345
-0.6946084285154939
-0.6962666242616251
-0.6966972269916109
-0.6973811364267022
-0.6982739731669426
-0.6995036433800124
-0.7005424035180893
-0.7007173039019108
-0.7020738633970419
-0.702311738710705
-0.7025282092924628
-0.7026987080462277
-0.7047205828130245
-0.7067421676591039
-0.707843744299478
-0.7091624674697717
-0.7093349071219563
-0.7096784226596355
-0.7099515718614889
-0.7102484736125916
-0.7112826094962656
-0.7123412291053682
-0.7131327141076327
-0.7138585319044068
-0.7139016407697151
-0.7166550588250781
-0.7182696193340234
-0.7199332515398661
-0.7200293479254469
-0.7215977828018367
-0.7219840834688511
-0.7222490336070122
-0.7232570732012391
-0.7234874068293721
-0.7238713293853734
-0.7242397593467363
-0.724257712562879
-0.7245169058442116
-0.7248824567844471
-0.725323036313057
-0.7268550427268363
-0.7276019635371215
-0.7283834062982351
-0.728545199544169
-0.7293055699556135
-0.7293368225255108
-0.7298572398722172
-0.7300876131048426
-0.730224881976028
-0.7311340633023065
-0.7311812090338208
-0.7324767927639186
-0.7326391518249044
-0.7327762928325683
-0.7341415596019942
-0.734233158607302
-0.7350874036550522
-0.7354354722425341
-0.7357635168092591
-0.7360201647194723
-0.7365460221190006
-0.7395575057182994
-0.7398103412900431
-0.740322588282288
-0.7412795965559781
-0.7415045572237836
-0.7426400443405977
-0.7457109495764598
-0.7459354649859051
-0.7465857360512018
-0.7466503612697124
-0.7467025617758433
-0.7467054173350334
-0.746735753757613
-0.747282898319619
-0.7473089744647344
-0.747761781513691
-0.7497340098156461
-0.7518578483602596
-0.7520131642619768
-0.7525052134878933
-0.752866224385798
-0.7532574554905296
-0.7534504563858112
-0.7535542584955692
-0.7538545317947865
-0.753932303626786
-0.7540223378288958
-0.7557329240255057
-0.7560279958157076
-0.7581162927672267
-0.758670086011989
-0.7595074978113795
-0.7595628584579875
-0.7608000330626965
-0.7612603306304664
-0.7613031832966953
-0.761382082104683
-0.7622663022743331
-0.7631251350045204
-0.7634450773605042
-0.7650955721735955
-0.7656278743275574
-0.7672352463834815
-0.7678678494179622
-0.7686478089599404
-0.7697127803361842
-0.7698323194469724
-0.7708290957186029
-0.7713904855772853
-0.7720240829512477
-0.7727165917555491
-0.7727849459689524
-0.7732953319459089
-0.7733249084817039
-0.7739587128162384
-0.7743831530213356
-0.7745453432202339
-0.7757134735085336
-0.7759099297225476
-0.7765265892570218
-0.7771376628428698
-0.7778300866484642
-0.7784658102318645
-0.7806748598814011
-0.780768096446991
-0.781458705663681
-0.7815612951914469
-0.783417234921621
-0.7835887502878904
-0.7845324096935136
-0.7846641866490245
-0.7847066502851833
-0.7849483639001846
-0.7887035762978485
-0.7890310294072455
-0.7897992506623268
-0.7904223323857877
-0.7907515503466129
-0.7919976534321904
-0.793117284309119
-0.7931319926234816
-0.7957106108466784
-0.7979256886109296
-0.7982606206205674
-0.7996185282245278
-0.7998059876263142
-0.8004372169574102
-0.8016753643751144
-0.8037795245181769
-0.8043510069449743
-0.804454768449068
-0.8051324221822951
-0.8065484367543831
-0.8076423736488323
-0.8080762054046823
-0.808893956510084
-0.8089440100593492
-0.8100471233742105
-0.8100633725523949
-0.8101674895733595
-0.8111439752392471
-0.8122800377508005
-0.8125963881611824
-0.8143425958231092
-0.8163544582203031
-0.8203760851174593
-0.8216396921488922
-0.823441993445158
-0.8246338789661726
-0.8271081620561225
-0.8271656572818756
-0.8276654022712526
-0.8289726816324724
-0.8304550690310342
-0.8309136430422465
-0.83126300573349
-0.8319908678531647
-0.8338682634959695
-0.8350027188924807
-0.835370778455399
-0.835374547621177
-0.8355861455202103
-0.8359404876828194
-0.8368345086928457
-0.8394024593755602
-0.8396188566195113
-0.8401618063449859
-0.8402699157595634
-0.840617467649281
-0.8412652575061657
-0.8417667405945914
-0.8442321572452783
-0.8455960038700141
-0.8460038718767464
-0.846030162440406
-0.8473279632627964
-0.8473868537694216
-0.8485719318390087
-0.8490205220878124
-0.8517082647110025
-0.8522201653104275
-0.8567974135668399
-0.8568129274580214
-0.8579137758351862
-0.8588520778076989
-0.8599732787930406
-0.8602525860071182
-0.8604667722746464
-0.8618039850677762
-0.863828525133431
-0.8652587442969283
-0.8659130707383156
-0.8675971503369511
-0.8712264597415924
-0.8714792591345031
-0.8746861698372024
-0.8755256867967546
-0.8759068045765162
-0.8768374100327492
-0.8772883502650075
-0.8788202382274903
-0.8792790770530701
-0.8798858459506717
-0.881876964122057
-0.88359016738832
-0.8836502194404602
-0.8842276560142637
-0.8850534401135519
-0.8858149704989046
-0.8867181236855686
-0.888014899359809
-0.8892418694682419
-0.8915841641525427
-0.8947178602218628
-0.8952194167632115
-0.8968551810830832
-0.8969417230359146
-0.8978508340993098
-0.898626542384071
-0.8989751802550422
-0.8998064696788788
-0.9012998700953696
-0.9046907782554626
-0.9060645053784052
-0.9061701563186944
-0.9094727177705083
-0.9109332307966219
-0.911390902267562
-0.9126429855823517
-0.9126805514097214
-0.9141627144334572
-0.9166292531622781
-0.9169817194342613
-0.9177498349121639
-0.9179435508946577
-0.9188361916070183
-0.9239276153035462
-0.9250519648194313
-0.9263707713689655
-0.9272914469242096
-0.9283293045258948
-0.9298191517591476
-0.9299678327515721
-0.9307050795250689
-0.931194226257503
-0.9337034784257412
-0.9351780414581299
-0.9359946983555952
-0.9369444034993648
-0.9394212098171314
-0.9413745005925497
-0.9421687858800093
-0.9450435808539623
-0.9456081233656732
-0.9458184506428162
-0.9465225003659725
-0.9493994899094105
-0.9530927538871765
-0.954075513407588
-0.9544709622859955
-0.9588671997189522
-0.9597175366343436
-0.9597974068383337
-0.9670325154438615
-0.9676181260496378
-0.970528949983418
-0.9708239738164204
-0.9728636333408455
-0.973533557204064
-0.9742713818947474
-0.975068960338831
-0.9789089744444937
-0.9791471371427178
-0.9838853335604654
-0.9841100536286831
-0.9849216106037298
-0.9873667418956756
-0.987546481192112
-0.9899625647813082
-0.9899870522785932
-0.9901155453241829
-0.9906641272827983
-0.9922769456170499
-0.9936614092439413
-0.9954231172800064
-0.9956100024282932
-0.9959436086937785
-0.9988809823989868
-0.9989028535783291
-0.9997405836669108
-1.0000898465514183
-1.0016729011869756
-1.0029653942522903
-1.003359468653798
-1.0047613522037864
-1.0057531986385584
-1.0057819224894047
-1.007992724577586
-1.008123236708343
-1.0106209016272
-1.011816382408142
-1.0137822737684474
-1.0144990508755047
-1.0148286173741023
-1.0160131439566613
-1.016027357843187
-1.0175461769104004
-1.0180908082984388
-1.0183408583203952
-1.0185959726305944
-1.020217401906848
-1.0220153381427128
-1.0220585265604314
-1.0226842736204464
-1.0228154193609953
-1.0243070960845215
-1.0249556604151924
-1.0277242792977228
-1.0288340989325662
-1.0292202811688185
-1.0331852696835995
-1.0335564445704222
-1.0379516231672217
-1.0392265323815602
-1.0413478434085846
-1.046385430265218
-1.047250415198505
-1.047836127690971
-1.0480265070994694
-1.051925778388977
-1.0520176935009657
-1.053292739391327
-1.0537437814443062
-1.0544393062591553
-1.0551892338165392
-1.0556612610816956
-1.0567469224333763
-1.0590691938996315
-1.0594757571816444
-1.0602642931044102
-1.0607596635818481
-1.0628732802967231
-1.0650722930913616
-1.0665053725242615
-1.0695286188274622
-1.07021484375
-1.070873921116193
-1.0739829397449892
-1.0743524879217148
-1.0822684566179912
-1.082466835776965
-1.0826327055692673
-1.0827736858278514
-1.0852755296800751
-1.0886279791593552
-1.0894078214963276
-1.0903654284775257
-1.0918442729860545
-1.0924918204545975
-1.0969332146147888
-1.0998414323781618
-1.1010674386634491
-1.1036209166049957
-1.113355686267217
-1.1139459107071161
-1.1152770171562831
-1.1157733170936506
-1.116514810671409
-1.1192431300878525
-1.1198344444856048
-1.122445238288492
-1.1246053343638778
-1.1288149759173394
-1.1304805477460225
-1.1321854691952467
-1.1400521904230119
-1.1502193150420983
-1.1520764082670212
-1.1536370813846588
-1.1546612437814474
-1.1568459868431091
-1.1568655429097514
-1.1646641436964273
-1.165756642818451
-1.1689007878303528
-1.1699918707211812
-1.1714832584063213
-1.1739871576428413
-1.1752669960260391
-1.1754864963392417
-1.1758320045967896
-1.1817424148321152
-1.1846508923918009
-1.194096753373742
-1.199813268147409
-1.2008806413837843
-1.2009146213531494
-1.202530111372471
-1.2062818266451358
-1.2085790584484737
-1.2146706879138947
-1.2166902162134647
-1.2207179218530655
-1.223573461174965
-1.2243970471899956
-1.224985159933567
-1.2296068668365479
-1.2318062869211037
-1.2359930626116693
-1.2384244065731764
-1.2409086724122365
-1.2443368881940842
-1.24599493543307
-1.2508889970680077
-1.2578953144450982
-1.2597108706831932
-1.2626349925994873
-1.2647612616419792
-1.2665787446312606
-1.2699982583522798
-1.271215084940195
-1.2716550972933571
-1.2725872695446014
-1.2737012305296957
-1.280217392742634
-1.2950350468357403
-1.2970607541501522
-1.2982059955596923
-1.3034381467316831
-1.3059122860431671
-1.3109459032615025
-1.316377994542563
-1.3170800354952614
-1.3238157033920288
-1.3282098770141602
-1.3302633240818977
-1.330919224023819
-1.3338653037014108
-1.3523538410663605
-1.3558663216729958
-1.3593701217323542
-1.365633562207222
-1.3691812697798014
-1.3742415491491555
-1.3746764063835144
-1.3761586844921112
-1.377533535162608
-1.3793878927826881
-1.3796256184577942
-1.3821832289298375
-1.3822985192139943
-1.38263039290905
-1.382791196461767
-1.3868749737739563
-1.3886337727308273
-1.3891559690237045
-1.3919928272565205
-1.3980490893125535
-1.4048757255077362
-1.4074834634860356
-1.4132538139820099
-1.4152977615594864
-1.421785185734431
-1.4240818594116718
-1.4334377994139988
-1.4339041709899902
-1.4436780313650768
-1.4459849298000336
-1.4499040693044662
-1.4502598494291306
-1.450414066016674
-1.4545231461524963
-1.465867781639099
-1.468473390986522
-1.4702825993299484
-1.477322667837143
-1.4824533959229786
-1.4874601517803967
-1.488664623349905
-1.4894356727600098
-1.4902254144350688
-1.5096987634897232
-1.512108400464058
-1.5153346061706543
-1.5286661386489868
-1.5364353470504284
-1.5371646881103516
-1.5400836190383416
-1.545796200633049
-1.5571021437644958
-1.5715220471223195
-1.6034995317459106
-1.6078853085637093
-1.6163001184662182
-1.6228973865509033
-1.6259208917617798
-1.626111775636673
-1.648768573999405
-1.6731084883213043
-1.6834766641259193
-1.6892493665218353
-1.730123611787955
-1.7440774962306023
-1.7453329600393772
-1.7542530712671578
-1.7548319101333618
-1.7692253142595291
-1.7696974214632064
-1.7864427328109742
-1.8145204782485962
-1.8193536698818207
-1.844426117837429
-1.8583755493164062
-1.8951946049928665
-1.9273697634538014
-1.930217060726136
-1.9386183395981789
-1.949661422520876
-1.9601324796676636
-1.9819635301828384
-1.9829073871175449
-1.9991816580295563
-2.0062450567881265
-2.0549092069268227
-2.05504339487743
-2.055488582700491
-2.0695514529943466
-2.1341925747692585
-2.151576953008771
-2.176624894142151
-2.2026650508244834
-2.2234346866607666
-2.32532662153244
-2.3288927475611367
-2.3340914249420166
-2.359759397804737
-2.4288511276245117
-2.4292387006183467
-2.447037398815155
-2.485920471449693
-2.497056245803833
-2.612137209624052
-2.6504470792909465
-2.6906344890594482
-2.767039343714714
-2.8321410417556763
-2.848252534866333
-2.8852574825286865
-2.9098632894456387
-2.9108370542526245
-2.989971730974503
-3.010075330734253
-3.013799548149109
-3.034079596400261
-3.0376489758491516
-3.0497536659240723
-3.0575379133224487
-3.233649354428053
-3.2781627227862677
-3.3310593962669373
-3.3343601576052606
-3.3972518481314182
-3.4079850018024445
-3.4508692026138306
-3.4650843888521194
-3.5877285674214363
-3.6217632642947137
-3.674399621784687
-3.7978695503552444
-3.869768410921097
-3.964822083711624
-4.278384879231453
-4.894062757492065
-5.607810974121094
-5.749876022338867
-5.919685363769531
-6.505460023880005
-6.888340950012207
-7.91832160949707
-8.60676383972168
-9.317695617675781
-9.506104469299316
-9.813298225402832
