-0.016581976786255836
-0.029724773624911903
-0.03462418005801737
-0.03648203704506159
-0.037167692431467
-0.05132081831106916
-0.058291965955868365
-0.07313500138116069
-0.07618293003179133
-0.08522019058000296
-0.09460702636796567
-0.09561693105691423
-0.1248618621903006
-0.12867628367384895
-0.14530819745268672
-0.15994473440306528
-0.1647454844787717
-0.16841415284822384
-0.17657575940756942
-0.18052537970444454
-0.18420342007616106
-0.1915599498897791
-0.19689334015129134
-0.1982332762951652
-0.20170823238523944
-0.20647723195053494
-0.20725712866988033
-0.21298083998262882
-0.21453008241951466
-0.22249743714928627
-0.2255288864020258
-0.22652112874829283
-0.22658374055754393
-0.2283636347274296
-0.2310244117009764
-0.23496165829710663
-0.2367385636187262
-0.2385021566102902
-0.23942335785977775
-0.23996431386331096
-0.24524590887012893
-0.24904156848788261
-0.25112868659198284
-0.25159227150288643
-0.2523465560749173
-0.2547512826276943
-0.25898096382863717
-0.26192458934965546
-0.26248116069473326
-0.2657408072222357
-0.2692573652876651
-0.26949661888065746
-0.27492055599577725
-0.27983451762702316
-0.28229003405819336
-0.2853265881538391
-0.2858210723847151
-0.28640473900789704
-0.28677199222147465
-0.2883403213958158
-0.2921679832506925
-0.2939535160723608
-0.295478339617451
-0.29685767777264116
-0.30017563116012347
-0.30181621201336384
-0.3056019527139142
-0.31205481830805254
-0.31231566914357245
-0.31524442410510445
-0.31577497759717515
-0.3162580401902752
-0.31643354209760827
-0.31672394526789766
-0.31878571293782443
-0.3200726586260966
-0.3203731224639341
-0.3219155090757542
-0.3229126294609159
-0.3235342990665231
-0.32814146706368774
-0.32870011470125365
-0.3309397978708148
-0.3347203520825133
-0.3362190813799812
-0.3406850675078617
-0.34139019990384223
-0.3433858724310994
-0.34356456991129863
-0.3444144033312209
-0.34450906282290816
-0.34619313387665895
-0.34806320013012737
-0.34820763600457993
-0.3483797702938318
-0.350750690116547
-0.35139620706322605
-0.3548205035040155
-0.35512000305752733
-0.36084369765594604
-0.362448578436957
-0.36270828227446017
-0.36359726954251526
-0.3638737045095897
-0.36490391969629044
-0.36588029507547615
-0.368186958367005
-0.36970782959226356
-0.3707190229082092
-0.37176000005565585
-0.37303632809521836
-0.3752051862314917
-0.3756013663485646
-0.3757925731255315
-0.3766648392710421
-0.3773705893661827
-0.37753231143061483
-0.3786683215940785
-0.3805180907207118
-0.38150961697101593
-0.3821818959226625
-0.3840501245188837
-0.38713344032517993
-0.3889875487075187
-0.38946265866979957
-0.38975062114851816
-0.38989085862357614
-0.3920970059569097
-0.3933604424607686
-0.39390711042506155
-0.39423173426819796
-0.39488979801535606
-0.39554881444200873
-0.39566497318446636
-0.3986887463834137
-0.39968453772717505
-0.4002778144553304
-0.4028358578681946
-0.4055071076462892
-0.4063981394800875
-0.4078310406101601
-0.40936309666576565
-0.41017847701732535
-0.41037810361012816
-0.4140216255826609
-0.4172817045915872
-0.41935736491480685
-0.4196865057562139
-0.4204940678965714
-0.42061928945726584
-0.42274932252864045
-0.4235567239811644
-0.42428843959127194
-0.425645232355843
-0.4265542152944753
-0.4294473738409579
-0.43087038238202996
-0.4310845782359441
-0.43202017961690825
-0.43362797386944296
-0.4341009009448398
-0.4374681262609859
-0.43783752214429633
-0.43943536896258595
-0.4404737427539658
-0.4412276592726509
-0.4434481543005229
-0.4437150540244248
-0.4460197669250192
-0.44658109938193646
-0.4472162663936615
-0.44876024313271046
-0.44956528035691007
-0.45130165690487184
-0.45144686746764284
-0.45282887435052543
-0.45332742497391465
-0.45365443090486224
-0.4540868369396776
-0.4548908810663436
-0.45545972473919394
-0.45920610179503757
-0.45952730178833007
-0.46029941109871425
-0.4607858071103692
-0.4615317972077589
-0.4616553162341006
-0.4620658054482192
-0.4635255533145167
-0.4645597569025612
-0.467554221705844
-0.4721047697489017
-0.4727152702821927
-0.4732622938334114
-0.4733367812586948
-0.47401034191031666
-0.47533882496257623
-0.4760341555811465
-0.4827805669240964
-0.48633811303547453
-0.48675584526998655
-0.4876518031066683
-0.48964526096824557
-0.4949983903672546
-0.4956004909130142
-0.495614349635111
-0.4988614035149415
-0.4992877659806982
-0.4996849149465561
-0.5009992567231946
-0.5012831320054829
-0.5030400417745113
-0.5033274322748185
-0.5036935665069476
-0.5056158123029904
-0.5057901569331685
-0.5088001933347966
-0.5102884393418208
-0.5104194534554457
-0.5119195545225271
-0.5125396397950894
-0.5127752223401331
-0.5138278724625707
-0.514413365512155
-0.5147929086482951
-0.5165093421736466
-0.5179965764284133
-0.5181710434456667
-0.5206461682145556
-0.5209012521164758
-0.5220314950371782
-0.5233643591403961
-0.5287132894762022
-0.5303716689555181
-0.5305032557080267
-0.5390372220426798
-0.5422368287432214
-0.5431553234479257
-0.54613156337291
-0.54939845021363
-0.5494207220229631
-0.5497605389294525
-0.5500983513891697
-0.5504676761726538
-0.5514109859708697
-0.5576208829879761
-0.5584428338602615
-0.5614853829611093
-0.5617146701906282
-0.5641854330897331
-0.5643138009389597
-0.5645068652395692
-0.5648839711211622
-0.5667329458519816
-0.5672620117475162
-0.5689838400867302
-0.5690264709604284
-0.5693487167358399
-0.5749600878916681
-0.5772068992815912
-0.581326711177826
-0.5818165183067322
-0.5863888373908898
-0.5866715808931205
-0.5912832468748093
-0.5922421738505363
-0.5938149282398323
-0.5952356487512589
-0.5954626575112343
-0.5967058125555653
-0.6002060539488282
-0.600343259361883
-0.6025694586957494
-0.6073242612183094
-0.6084496945142746
-0.6091715653680942
-0.6114130262285471
-0.6127351693188151
-0.6153705596923829
-0.6187685448676348
-0.6191206546500325
-0.6298253355780616
-0.6425642907124711
-0.6471501136111328
-0.6489863971780453
-0.649377164291218
-0.6583439198854778
-0.6590252039954066
-0.6759138383592168
-0.6803716751746833
-0.6829786611100038
-0.6839489340782166
-0.6859922762960196
-0.7140870543995074
-0.7235277843040725
-0.7260592933744192
-0.7408792741064515
-0.7415368992835283
-0.7636277781333775
-0.7703381955313185
-0.822532708135744
-0.826790832914412
-0.8281116336584091
-0.837225200375542
-0.8443950327734152
-0.8691833140794187
-0.9045128563302569
-0.9214684702455997
-0.9221895241644233
-0.9298920568544418
-0.9299370224277178
-0.9419974335469306
-0.9525714069604874
-0.9668928926810623
-0.9698818773031235
-0.9790435805916786
-0.9823728017508984
-1.0108776696026325
-1.0648938929662108
-1.0841596238315105
-1.109181127200524
-1.1239149800191324
-1.1299022994935513
-1.1429993622004986
-1.1561376610770822
-1.181061439216137
-1.1823432991902034
-1.1954938285052776
-1.198026559005181
-1.205162439844571
-1.2088215477764606
-1.2658258192241192
-1.3073692650068551
-1.3521153430143993
-1.4073446036006014
-1.4203050759388134
-1.4548488040454686
-1.4603535734737914
-1.4984051237503688
-1.4998633513847988
-1.7431067824363708
-1.9074612110853195
-2.1024841014295816
-2.241137252189219
-2.339501473121345
-2.3658514618873596
-2.5838890997692943
-2.648388691304717
-2.658853623084724
-2.6631827354431152
-2.7508378357160836
-2.760991606162861
-2.836584359407425
-2.9717930034385063
-3.206190414784942
-3.28290799446404
-3.461650535464287
-3.717586738988757
-3.9428441524505615
-4.021892070770264
-4.3160412311553955
-4.924738645553589
