-0.00019071667338721454
-0.0018632572027854621
-0.002864657319150865
-0.019163956865668297
-0.04737144475802779
-0.048998908372595906
-0.05204193255243202
-0.06535948620876297
-0.07884835360372174
-0.10419389830591778
-0.10717301029944792
-0.1483449077932164
-0.15037537267853623
-0.1707079395936388
-0.1717553408103413
-0.1849674431094692
-0.19313128299832272
-0.19745914188544184
-0.2040030170400213
-0.21094802578671887
-0.2148527093231678
-0.22074863004187742
-0.23594860889716074
-0.23765105567872524
-0.2378793341728548
-0.25595220872201024
-0.2578011553850956
-0.2607138056522672
-0.26221439175014893
-0.2685961371753365
-0.2798070330754854
-0.27993081498425454
-0.2814313807990402
-0.28422651204268085
-0.28849973320029676
-0.29125924753025173
-0.29562727652137255
-0.29856830498902126
-0.3075181506574154
-0.31208064864282886
-0.3136989214457572
-0.3148181153461337
-0.3187603337573819
-0.32787009549792856
-0.3282971961113314
-0.33161791786551476
-0.33636205485090614
-0.3388607115901488
-0.3398578058928251
-0.3429203924861213
-0.3482668985717383
-0.348394479136914
-0.35070800344692543
-0.35270276959830277
-0.35398299593362026
-0.35430091734681474
-0.355554454516193
-0.3585142422525678
-0.359136235796743
-0.3648000191804905
-0.3679247398191364
-0.36867982253897935
-0.3691104344843552
-0.3709234907873906
-0.3716536686163939
-0.374738102639094
-0.3767822601366788
-0.3802784892143245
-0.3813496208370322
-0.3831341852506739
-0.38421078254136126
-0.3848346777376719
-0.38518138442720684
-0.3861041275848367
-0.386407060304191
-0.38748689342755827
-0.3893619207665324
-0.3901005294989194
-0.3938434829178732
-0.39441051833026
-0.39616714445097995
-0.3962264543248845
-0.39629925546796585
-0.3978298094919063
-0.4009513018689985
-0.40152662456966937
-0.4017402638855856
-0.405932916121226
-0.4064193595135853
-0.4081602948717773
-0.4091429650099599
-0.4101740749727469
-0.4110102509282744
-0.4123544749134453
-0.41334631324967963
-0.41352128054803383
-0.4154536530957557
-0.4157290285931797
-0.4181911942682096
-0.42003082670271397
-0.42174916769727133
-0.42198064111951017
-0.42267528449052144
-0.4240747625174533
-0.4255538815011581
-0.42594833273324184
-0.42678405184714
-0.4281452500228105
-0.43028763017251287
-0.4310069527432643
-0.4315867075110873
-0.4316727035412831
-0.4325124286697246
-0.43253612564876676
-0.43323721819355604
-0.4334481107503052
-0.4338481742493059
-0.43562417078283033
-0.43714465480782866
-0.4373243801528588
-0.4392746972949489
-0.44105530000524595
-0.4430898868424051
-0.44512975588440895
-0.44544642995687256
-0.4466111178160645
-0.44825120041859917
-0.4505489699400237
-0.4539889978644039
-0.457399678726991
-0.4596533294767141
-0.4608450200365041
-0.4623816119791526
-0.46293898995174293
-0.463248249051573
-0.46346492123686606
-0.4636528509048124
-0.46455852570943534
-0.4647624825265666
-0.465054954505629
-0.46582220145501196
-0.46631667188194115
-0.46655344444152436
-0.4668818755017128
-0.46721019968390465
-0.46942187669029567
-0.4735814238611056
-0.4740532168532354
-0.474651315016672
-0.47572426843908033
-0.4761815033465003
-0.4771145282106267
-0.4783047137752874
-0.47937410078011455
-0.4827613084082259
-0.48319180538168266
-0.484075349615523
-0.4841583197396378
-0.48619018282209125
-0.4862165459780954
-0.48900727182626724
-0.4906392734737892
-0.4937498306057283
-0.49465080711524934
-0.49591018845278184
-0.49747446849360133
-0.49791631499829236
-0.5004539007437415
-0.5012948757170567
-0.5014514441136271
-0.502038094148572
-0.5057998727425002
-0.5086565766671103
-0.5096187721122988
-0.509926583012566
-0.510068521357607
-0.5125005718145749
-0.5136271548948975
-0.5140200746213345
-0.5143955947132781
-0.5165432204521494
-0.5185634107794612
-0.5193782407861565
-0.519997516546088
-0.5215694324142532
-0.5224429781665094
-0.5230429619550705
-0.5233859978961846
-0.5243145640976893
-0.5250794664542708
-0.5252768351343547
-0.5260103072541824
-0.5264486671852259
-0.5265412665479207
-0.5281394799818372
-0.5282017761439254
-0.5286197279347107
-0.5291133737402309
-0.5327101945877075
-0.5331158043991309
-0.5349704633200807
-0.5402556136444522
-0.5413067662040703
-0.5413661671118462
-0.5448337925598026
-0.5449369962766973
-0.5452562038387571
-0.5459607124794275
-0.5464630160713568
-0.5464749076714118
-0.5466545664588921
-0.5491803452911738
-0.5503469917130133
-0.5513787785811084
-0.5518395509570837
-0.5532990085543134
-0.5543504185043275
-0.5582403555512429
-0.5617564494854638
-0.5624862860089966
-0.5645092526350969
-0.5660092279314994
-0.5716265776815513
-0.5732398207765073
-0.5735427588224411
-0.574197425332386
-0.5755331516783271
-0.5776627104431908
-0.5800155804359487
-0.5826912154625461
-0.5831064164771566
-0.5835737189427164
-0.5849063812962009
-0.5886397542840727
-0.5922462065290246
-0.5933627122347909
-0.5955764092172363
-0.5978133644093759
-0.5984486203637466
-0.5988561543636024
-0.5989828836172819
-0.6003923589538599
-0.6011456326618827
-0.6047304614136616
-0.6051077563601471
-0.6076990268710587
-0.6081197308136325
-0.611768800765276
-0.6118425981193367
-0.6119255935939562
-0.6174829363590106
-0.6199884674596515
-0.6203702134745461
-0.6227037437201943
-0.6253333965416321
-0.6265268861348482
-0.626628286682535
-0.6275197602808475
-0.6306474035331381
-0.6334442526567727
-0.6354967261377169
-0.6366055431019049
-0.638310451241624
-0.6383788785703169
-0.6383900853494803
-0.640573913231492
-0.6439390700499643
-0.6457203965077901
-0.6461452473886311
-0.6472639947905622
-0.6498930495421519
-0.6537371562897332
-0.655265451214793
-0.6580514291736602
-0.6583021668073863
-0.6595596197741822
-0.6655438890059789
-0.6711075109620155
-0.6748445183038712
-0.6757305549108423
-0.675844654573926
-0.6764366712692814
-0.6792361085147908
-0.6799096387022963
-0.6802650983949067
-0.6831793189048767
-0.6847572510596365
-0.6847906108945608
-0.6868831789567054
-0.687739935517311
-0.688242923313131
-0.688720094712658
-0.6892042649288972
-0.6964408601343166
-0.6977604584147533
-0.7014078901614994
-0.7022910150449856
-0.70381786278449
-0.7044325725638979
-0.7108094613533467
-0.7113570742741493
-0.7116544100572355
-0.718032658249805
-0.7197420511428001
-0.7250919616115945
-0.7277508215712649
-0.7302883439697325
-0.7334015390494771
-0.7386836277631422
-0.740058510156814
-0.7421804420236084
-0.7546577991452068
-0.7569460994563997
-0.7622150762472302
-0.765342614339555
-0.7718246580528406
-0.7745719836675562
-0.7813566753536887
-0.7889739322391424
-0.7895740300416947
-0.7897810415327233
-0.7958142489660531
-0.7971933949738741
-0.7974390350670243
-0.7985624228138477
-0.8014182213693857
-0.8162968630592028
-0.8177553340792656
-0.8201908528804779
-0.8261598276236327
-0.8263922841288149
-0.8288763567805291
-0.8315032576728199
-0.8376032802334521
-0.8445497837715915
-0.8464132303372025
-0.8467590749263764
-0.8474050767641094
-0.8480652631260455
-0.8488343541782039
-0.8539950996637344
-0.860715676099062
-0.8608931987188183
-0.8680890381336213
-0.868973910032461
-0.8742275230586529
-0.8787065817398668
-0.8789831013418734
-0.8847848623991013
-0.8851249955284098
-0.8872509747743607
-0.8891518058565756
-0.8937102467752993
-0.9026424593936938
-0.9041767120361328
-0.9054546866100281
-0.9087045520544053
-0.9088380341935489
-0.9135276190936565
-0.9204222447782134
-0.9214236937463284
-0.922728300612006
-0.9227596744894981
-0.9283823184669018
-0.9285836413502693
-0.9295535149091544
-0.9358300492167473
-0.9426369578577578
-0.9464927442022599
-0.9551574784951905
-0.9562379461713135
-0.9562388555204961
-0.9689119321798595
-0.9709650047065225
-0.9711045896013578
-0.9724914580583572
-0.9725785579066724
-0.9783090255223215
-0.9796188858648142
-0.9911768419357637
-0.991518436325714
-0.9931657627224922
-0.9956776003042856
-1.0020046475110576
-1.0034321378916502
-1.0083877753466368
-1.0109220653772355
-1.0109252573922276
-1.0142573230259586
-1.0151072007603943
-1.0187856171073184
-1.0201543511997442
-1.0241440638899804
-1.0251575057161972
-1.0310228314250707
-1.0371204606199171
-1.039044350385666
-1.0528708465397358
-1.0582538428716362
-1.0616833046078682
-1.0648108327295631
-1.067320215702057
-1.0689368229359388
-1.06990601370732
-1.0925405187299475
-1.1018999395892024
-1.1028719904910151
-1.11885761858357
-1.1238654851913452
-1.1275972723960876
-1.1299654319882393
-1.1327808623512585
-1.137690109014511
-1.1408579219132662
-1.1442009305891487
-1.1490127444267273
-1.1492195748300715
-1.1577093286785385
-1.1607690751552582
-1.1629744991660118
-1.1630489259958268
-1.1647133852044742
-1.167984738945961
-1.173593054835995
-1.1883293593062263
-1.1891617811820652
-1.2126641310355808
-1.2174712643027306
-1.2174749802798033
-1.2279454935342073
-1.2303325459361076
-1.2313099404176076
-1.248735214273135
-1.2614198227723439
-1.290580299993356
-1.2934787285048515
-1.2971627355291275
-1.2972856909036636
-1.3081776816397905
-1.32617028336972
-1.3290073866955936
-1.3441266162941854
-1.3685867108870298
-1.3800150465220213
-1.4070949356537312
-1.4238640076170366
-1.4319729208946228
-1.4387232670851517
-1.4558756346814334
-1.457441886072047
-1.4971974566578865
-1.5515220762657311
-1.5527176260948181
-1.5884366974787554
-1.6148093913992245
-1.6409976026043296
-1.6510357409715652
-1.674532691637675
-1.7172245962234836
-1.7222904401520889
-1.7326454520225525
-1.7530621886253357
-1.7826704205945134
-1.815936231156229
-1.8472821079194546
-1.8849397897720337
-1.8969742059707642
-1.942254662513733
-1.9485512971878052
-2.0083115760159367
-2.0089937895536423
-2.024066925048828
-2.0638770014047623
-2.0932754278182983
-2.0968704223632812
-2.1705279797315598
-2.319025993347168
-2.389638125896454
-2.424884557723999
-2.480127259157598
-2.624260019743815
-2.6290238790291673
-2.630554735660553
-2.776455241798734
-2.8747682478278875
-2.9432659596204758
-3.0808423906564713
-3.1230277689173818
-3.2754965680651367
-3.421713702380657
-3.479994535446167
-3.5706471105028563
-3.6252522342838347
-3.738633155822754
-3.749502002450754
-3.8141524112434126
-3.8720320258289576
-4.068817715354574
-4.2722374713630415
-4.294670462608337
-4.726658841333119
-4.822965145111084
-4.879173494875431
-5.102086031809449
-5.198889804873033
-5.266334891319275
-5.400514841079712
-6.565464735031128
-8.879188537597656
-9.546433448791504
-11.26725959777832
-12.997634887695312
