-0.023777807131409645
-0.04989780765026808
-0.06450371071696281
-0.1126111007295549
-0.16052650577330496
-0.3434511199593544
-0.34459365156956967
-0.3579998959513822
-0.3948689618933713
-0.4043308150520998
-0.41074143041027883
-0.4107885288673248
-0.42101973022062306
-0.4234842900651919
-0.4319805346668646
-0.43633917160332203
-0.44530845305416733
-0.44748764037450944
-0.4506935215710352
-0.45412806917738635
-0.4551153972203826
-0.4562284843996167
-0.4576639893881899
-0.45974482267218475
-0.45995207091506857
-0.4613126451283908
-0.4623015170933026
-0.46408525307644877
-0.46616368168506594
-0.4673607067161356
-0.46876062897973936
-0.46931804278736106
-0.4708301212341757
-0.47148888232186437
-0.47508298213842165
-0.4769039477838669
-0.47709479501160484
-0.47727752508190285
-0.4799753367163551
-0.4811132869372765
-0.4839445118877021
-0.48968745293400606
-0.49033286327955594
-0.4904403308789958
-0.4921555630862713
-0.49446706008166075
-0.4964170251041651
-0.4977029258671277
-0.4991116860208941
-0.5023977290082258
-0.5029689206153547
-0.5035690575838089
-0.5042074806247414
-0.509705984745995
-0.5113790935199807
-0.516691067866934
-0.5235138790885685
-0.5284695918154385
-0.529219939450622
-0.5360969332650711
-0.5400295356337569
-0.5444641488549464
-0.5458154622823573
-0.5477910384927925
-0.5478081312187266
-0.5495291408199895
-0.5516802144839483
-0.5524037726782263
-0.5526814460754395
-0.5538489821677407
-0.5540063359658234
-0.5556734678645928
-0.5589637252269313
-0.5592392561458317
-0.562566102915298
-0.5641644633375108
-0.5671589303957788
-0.5699144800455542
-0.5772877511464887
-0.5791574812641269
-0.5801684996299445
-0.5843384454139076
-0.5907341381496972
-0.5923468606546521
-0.5949584111571312
-0.5974477996615778
-0.5989570201821731
-0.5999669771081244
-0.6051276225596667
-0.6075463033048436
-0.6153634192548149
-0.6238410146556619
-0.6509559134021401
-0.6516087997006252
-0.6534547047989551
-0.6556688855505652
-0.6767886778001081
-0.677828876386312
-0.6846464754392704
-0.6984677836298943
-0.7043722450733185
-0.7364740600543362
-0.7546988393772732
-0.7579917311668396
-0.7674212204292417
-0.7843761291354895
-0.7974267170066014
-0.8066567576357296
-0.8254441044160298
-0.8312296526772636
-0.8500654399394989
-0.8733289474621415
-0.8767194378500184
-0.9028788205236197
-0.9106912629678845
-0.9140281726916631
-0.9397159808625778
-0.9520518705248833
-0.9584735423326493
-0.9719972622891268
-0.9851414549888836
-1.0433570336550475
-1.050935909152031
-1.1822778947651387
-1.222557046993946
-1.2297623977065086
-1.2397601228207349
-1.3317547142505646
-1.3903510182572063
-1.4384095824789256
-1.480853907763958
-1.5751732662320137
-1.6782642528414726
-1.896996318595484
-1.9487197150786717
-2.0875861110786595
-2.2301075470944247
-4.59152889251709
-5.875826358795166
-7.237895965576172
