-0.00033849707688204944
-0.00723301264224574
-0.015142730786465108
-0.023898952268064023
-0.02842143583111465
-0.03144430726145705
-0.04574535723077133
-0.07187973163672723
-0.08870259936416655
-0.090542401051304
-0.09830085490830243
-0.099363873898983
-0.10198824976881345
-0.10491415478625438
-0.10504658358149754
-0.12789397461650273
-0.138271634777387
-0.14155709223705343
-0.1571087395044742
-0.1675760184880346
-0.17018460788364922
-0.17119240632018773
-0.1856459321820044
-0.20743894062325124
-0.21510127310951552
-0.21879048753503916
-0.22007301962003112
-0.22076595900580287
-0.22321689253052077
-0.23561183717101813
-0.2420629661064595
-0.24362090134527534
-0.2467694597726222
-0.2485320895211771
-0.2491729644680163
-0.25982635661202946
-0.2626029353622081
-0.26977942656958476
-0.2699794663931243
-0.278977022645995
-0.27909050246429007
-0.279166660271585
-0.2837686631581164
-0.2849674611352384
-0.28720036149024963
-0.2897250963607803
-0.2937620297113123
-0.2959879142857972
-0.2968654551950749
-0.3002878169572796
-0.30333334574243054
-0.3050710798590444
-0.31023609516463085
-0.3106037092220504
-0.3226208285894245
-0.32972862059250474
-0.335542126895032
-0.3388198443507362
-0.3396923786294792
-0.34048183761270984
-0.3436554006433913
-0.34545352328859735
-0.3458399027585983
-0.34953102964923516
-0.352731182705611
-0.35426841508888174
-0.3550509585766122
-0.3596212766133249
-0.36324711955519606
-0.36392239456917097
-0.36517755844828637
-0.3666168628066468
-0.3670148976962082
-0.36857868283987044
-0.3721009003231302
-0.37343745466999034
-0.3738841312006116
-0.37590376718144397
-0.37617646184581743
-0.37797695118933916
-0.379183766443748
-0.3794166918045708
-0.3811314988415688
-0.38195942940656097
-0.3843688377570028
-0.38467204084736295
-0.38545280571431956
-0.38608664664789105
-0.3875817324731708
-0.3879608709830791
-0.38924886321037777
-0.3902205008052988
-0.3916425826589994
-0.3927898264664691
-0.394609163899986
-0.395175487242846
-0.3962903622741578
-0.3980682247067587
-0.40003393590450287
-0.4012330310671522
-0.401703666895628
-0.4018273293634896
-0.4028634541401906
-0.40286516734900385
-0.40446865822498995
-0.4065768775806107
-0.40726390231373866
-0.40763370697386564
-0.409323218679573
-0.4103371079545468
-0.410383934275318
-0.41389534015130874
-0.41413283720612526
-0.4143709984142333
-0.4151799487415701
-0.41637242146368536
-0.4167489334475249
-0.41980267366185825
-0.42005364391952754
-0.4212360261473805
-0.42344000612501986
-0.4242919474854716
-0.42463610821869224
-0.4259664853147115
-0.42670430141273147
-0.4268259733915329
-0.42776982942596076
-0.42895115186693145
-0.4294149795314297
-0.4318053718843179
-0.4324991456357696
-0.43345660381055495
-0.43388481366647674
-0.4359859955083165
-0.4365117584831231
-0.43736772593628204
-0.4377985631034244
-0.4392726925600852
-0.4400173871156137
-0.4404532228425069
-0.44074726211173193
-0.4409775466525129
-0.44177178932087763
-0.44226301517919636
-0.44234723020864214
-0.442672562727239
-0.4430761821568012
-0.4433431187127199
-0.443393431409883
-0.44425862101424074
-0.44518867367878556
-0.4465873943926353
-0.44723520705883857
-0.4473605673494084
-0.44782819895772263
-0.4489366537309252
-0.44910079506891115
-0.45003047201316804
-0.450239762902799
-0.4535953523591161
-0.45361207695289824
-0.45515424634019536
-0.45522664885114256
-0.4554416274518839
-0.45554796755313876
-0.4559825038537383
-0.45945696018090276
-0.4605339007975999
-0.46257676343278337
-0.4639891142275398
-0.4649873341433704
-0.4661118576510085
-0.46639888650679495
-0.4668345649907779
-0.4685264122555964
-0.46905363716359716
-0.47023062632652
-0.47073603169992567
-0.47349293536835296
-0.47446392851124986
-0.4752739127725363
-0.4765823036432266
-0.476912155165337
-0.47820947194636304
-0.4784209083765745
-0.47884512729942796
-0.47916376031935215
-0.4797585192718543
-0.4809893853463499
-0.4825301569653675
-0.48380300123244524
-0.4840371417418422
-0.4844713723913838
-0.4847402399871498
-0.4850837408739608
-0.48540962382087727
-0.4854501193250534
-0.4855969964060932
-0.48606626089248395
-0.48609041916643037
-0.48811660236679016
-0.48944827039918765
-0.4898008250358024
-0.49113285133692747
-0.4913188316859305
-0.4924228830301824
-0.4931570642317335
-0.49336220463737845
-0.49392320361657766
-0.4967109721619636
-0.49701028638519346
-0.4971500948110285
-0.5005169095737594
-0.5011248142109253
-0.5018743319281688
-0.5021327029514525
-0.5024330239770386
-0.5030323216647048
-0.5075467621375408
-0.5078639359517882
-0.5079462827582445
-0.5081162659716938
-0.5087426666099678
-0.5093571714824066
-0.5102174871281022
-0.5104117339942604
-0.510676758184084
-0.5111368786937629
-0.5117695142907905
-0.5120400838754399
-0.5120449367177966
-0.512204896658659
-0.5123400011946485
-0.5149969918420538
-0.5155415669682303
-0.5157038429988461
-0.515753785979801
-0.516893118750304
-0.516949219245968
-0.5171745890535627
-0.519536021957174
-0.5199259447545046
-0.5214161698535008
-0.5216827537515201
-0.522132748996632
-0.522859002980921
-0.5231518567805844
-0.5243979409569874
-0.5246896929202194
-0.5259726974181831
-0.5264883302152157
-0.5265946060419082
-0.5288767264490681
-0.5312849514902337
-0.5323861641227268
-0.5330522812902927
-0.5340423293369398
-0.5340693946927786
-0.5363109269593325
-0.5366926709183544
-0.5378400140131513
-0.5387783015302072
-0.5407682341290638
-0.541954932978519
-0.5423011680356397
-0.5430132289265102
-0.5432455950520105
-0.5440433666110038
-0.5452944705196258
-0.546820199173265
-0.5473423270242554
-0.5475366674881015
-0.549706075526774
-0.5498512131161988
-0.550059787138404
-0.5527146106585861
-0.5528634645743296
-0.5535131869721226
-0.553873079828918
-0.5540903466055169
-0.5543665482837241
-0.5566476416206569
-0.5572565578705897
-0.5590996156845774
-0.5591775547596626
-0.5608754175898086
-0.5610916260629892
-0.5613559701194477
-0.561909655323129
-0.566390136256814
-0.5679370444500819
-0.5692586963996291
-0.569267940448804
-0.5697090407833457
-0.5699960850179195
-0.5710193078964949
-0.5711355668803056
-0.5715061329770833
-0.5719142784364522
-0.5719846238692602
-0.5721894136037339
-0.5728400128227804
-0.5750904406110445
-0.5763775962034494
-0.5765017211087979
-0.5776739675745678
-0.5780358165502548
-0.5801526092521023
-0.5806441888213157
-0.5810728550422937
-0.582576202461496
-0.5839188141748309
-0.5846674972999608
-0.586455928782622
-0.586999476039117
-0.5875055733846412
-0.5876831361965742
-0.5898006587688412
-0.5901836459007528
-0.5914488258377577
-0.5919933858482788
-0.5928056198870764
-0.5929507991240826
-0.594305089608367
-0.594628469273448
-0.5946701721753925
-0.5961941807011802
-0.5980126615096297
-0.5987509183404554
-0.5991196620772825
-0.601238281460246
-0.6041859338680903
-0.6046522216622381
-0.6048158698482439
-0.6048390554885069
-0.6059168688952923
-0.6062991154133616
-0.6070672323306402
-0.6071052757712702
-0.6072169209364802
-0.6073836088180542
-0.6074587649006086
-0.608029668002564
-0.6080318659223849
-0.6086002634068504
-0.6106730996302518
-0.61262789927423
-0.6135418230357269
-0.614910177095832
-0.614923490366588
-0.6154376861586175
-0.6163768357597291
-0.6181986257433891
-0.6187684723169214
-0.6191039592958987
-0.6195382930648824
-0.6202026225593207
-0.6203049011528492
-0.6210315917722053
-0.6211808785796166
-0.6214459302020259
-0.6236282183090225
-0.6241524461074732
-0.6290355899836868
-0.6313132524490357
-0.6345633576032318
-0.6350498219419803
-0.6363381871099895
-0.6377330149771296
-0.6414464635774493
-0.6421702777734026
-0.6427755232102105
-0.6430063612060621
-0.6431468833988119
-0.6459573445276224
-0.6463757658377289
-0.6483324902753035
-0.6505544539541006
-0.6555330849045681
-0.6562802953024706
-0.6577707501128316
-0.6594243310391903
-0.6602178526421388
-0.6609588042968729
-0.6613951864031454
-0.6627370770972144
-0.6630975871812552
-0.6666143042224245
-0.6677861915280422
-0.6682108107631323
-0.6694278490160488
-0.6699706241488457
-0.6711621937316118
-0.6715590966399759
-0.6737094692706216
-0.6749043314266601
-0.6750618402018316
-0.677413449913729
-0.6797787418056812
-0.6824090500362218
-0.682959720492363
-0.6838167710229754
-0.6858426313381643
-0.6873056832700968
-0.6881694577634334
-0.6884844894520938
-0.6891037779013541
-0.6904891282320023
-0.6944433047901839
-0.6945471019070182
-0.6945610951806884
-0.6948698163032532
-0.6954375811749034
-0.6957836473981539
-0.6961842791901695
-0.6964575815945864
-0.69653972228989
-0.701468912884593
-0.7016283638949972
-0.7038143220706843
-0.7046281671417611
-0.7052772816192979
-0.7061682689090958
-0.7071285686164629
-0.7074471966532822
-0.7076422534300946
-0.7082529860849985
-0.7087151408777572
-0.7088797054602765
-0.7100537859701684
-0.71557492390275
-0.7166600249668894
-0.7169632238801569
-0.717821737471968
-0.7203841430268118
-0.7215468123156045
-0.7222793035325594
-0.7227215819647941
-0.7228551100124605
-0.7234739016275853
-0.7246288054933151
-0.7257910650126481
-0.7259196043014526
-0.7306973710656166
-0.7309877738090498
-0.7338191348438462
-0.7344992632279173
-0.735232508945046
-0.7364557166994714
-0.7439882290782407
-0.7536031592870132
-0.7545854626223445
-0.7568496000021696
-0.7581148831070297
-0.759771192073822
-0.7598117014923547
-0.7604246975854039
-0.7605263674631715
-0.7617670972831547
-0.762422586373842
-0.7629470285028219
-0.7631073504686355
-0.7631480043753982
-0.7644899308681488
-0.7659988518717
-0.7671245315252557
-0.7682699122233316
-0.7704024771228433
-0.7760593015700579
-0.7773980329337065
-0.7820295835845172
-0.7839797526597977
-0.7846363151911646
-0.7852217182517052
-0.7887618471480285
-0.7899032545586427
-0.7934034783393145
-0.7985465909961411
-0.7990982404444367
-0.7996265795081854
-0.8005528761340039
-0.8038654929026962
-0.8053068800104989
-0.807816655933857
-0.8087603551232152
-0.8089725971221924
-0.8099909909069538
-0.8137175493821915
-0.8142195014903942
-0.8144882704364136
-0.8150689081133654
-0.8171554766595364
-0.8180684193761812
-0.8186087205388255
-0.8212721263989806
-0.8239783820962268
-0.8292286425828934
-0.8328275899402797
-0.8379394244402647
-0.8384943343698978
-0.8420908216387033
-0.8427816351565222
-0.8445686805993319
-0.8459301131078973
-0.8473252492128975
-0.8541359357477631
-0.8550379388034344
-0.8559908650815486
-0.8572737466427498
-0.8580857981772473
-0.8583577390672872
-0.8609776932797912
-0.8638458571105729
-0.8687460844715437
-0.8693225011811592
-0.8698074296116829
-0.8712757602334023
-0.8731313768774271
-0.8752335091121495
-0.8800016370175096
-0.8849772624205798
-0.8875561413588002
-0.8878988521820348
-0.8927615699358284
-0.8946822505677119
-0.8960705228149891
-0.8960782868541881
-0.8985994678223506
-0.9002069339621812
-0.9052326083183289
-0.9063643873863233
-0.9086617392798265
-0.9091782458708622
-0.9091934628784657
-0.9095190241932869
-0.9145496552810073
-0.9167103692889214
-0.9205586016178131
-0.92535421784435
-0.9308584543565909
-0.9349517703056336
-0.9374758899211884
-0.938671637326479
-0.9559234504122287
-0.9559793628803972
-0.957661471911706
-0.9634440533351153
-0.9672780806819598
-0.9705476744898728
-0.9719947236590087
-0.9763264790750467
-0.9763287222012877
-0.9787702413043007
-0.9791088253259659
-0.9804126949359974
-0.9837386314757168
-0.9850890996167436
-0.9853851884603501
-0.9888041835511103
-0.9905685287667438
-0.9928018625359982
-0.9959691920317709
-0.9985389144470295
-0.999494884267915
-1.0008762364408799
-1.0035301155100267
-1.0118471197783947
-1.0121629148721696
-1.013640746474266
-1.0175776303124924
-1.0257664639502764
-1.0328221688313144
-1.0337777361273766
-1.04399577776591
-1.0462050286254712
-1.0544364008949034
-1.0546634495258331
-1.0553072122856975
-1.0602317820419558
-1.0602951928973199
-1.063226793994545
-1.0693348802014953
-1.0775272641330957
-1.084773416320483
-1.0869481538732846
-1.0874173964063327
-1.0981886461377144
-1.1015891395509243
-1.1018980592489243
-1.1038771495223045
-1.1079366405804951
-1.1205559819936752
-1.1249829476388793
-1.1316113284685545
-1.1346927644917741
-1.1423552334308624
-1.1450749059440568
-1.150569340835015
-1.1524322167038918
-1.157536056265235
-1.158663494605571
-1.163419667010506
-1.1819795342162251
-1.1952471733093262
-1.1957122286160786
-1.1968261146297057
-1.204640917479992
-1.2053038206649944
-1.2142660468816757
-1.2151968479156494
-1.2181539748329668
-1.2235910025192425
-1.2241277193857565
-1.2254733312875032
-1.2278147488832474
-1.230624035000801
-1.230824930034578
-1.2348390822065993
-1.2506153870257548
-1.2586237043142319
-1.2730415562788646
-1.2887542419290792
-1.2947867118443053
-1.2981917305539052
-1.3011215726534526
-1.3070423169992864
-1.3076173358907301
-1.3142322360654362
-1.315803088247776
-1.3201646283268929
-1.3229628875851631
-1.3307556410630543
-1.3382587045052787
-1.347326871007681
-1.3535823787678964
-1.3617773267130058
-1.3691637168327968
-1.3694934477098286
-1.3712055032374337
-1.3712747709618673
-1.3802998065948486
-1.3839029180817306
-1.3883043634705245
-1.3999880701303482
-1.4386421237140894
-1.4439523937180638
-1.4442966673523188
-1.4566567540168762
-1.4573810014574389
-1.4630593359470367
-1.474779617972672
-1.4772571039696534
-1.4862605333328247
-1.487063705921173
-1.4904539215688903
-1.5083372729520004
-1.5127004521200433
-1.518495572420458
-1.5291556814918295
-1.5297273295000196
-1.5344326496124268
-1.5390456467866898
-1.5436624139547348
-1.549527684847514
-1.5669684645254165
-1.5732701420783997
-1.5763259331385295
-1.5876897471025586
-1.6195595264434814
-1.6361441910266876
-1.637035258114338
-1.6485540693004925
-1.6517575184504192
-1.6680266267309587
-1.6741681545972824
-1.685587301850319
-1.6944570541381836
-1.6993820149606715
-1.699389477726072
-1.6994167298078537
-1.714834600687027
-1.746815413236618
-1.771154772862792
-1.77143132686615
-1.7761226197471842
-1.788014966249466
-1.7952533662319183
-1.796289066473643
-1.802639365196228
-1.8033116633693378
-1.8135037813335657
-1.8405336141586304
-1.8451422452926636
-1.8490861803293228
-1.8730062742251903
-1.874583828340595
-1.9060907445847988
-1.9139278531074524
-1.9163064112265904
-1.922486376017332
-1.9238409472163767
-1.9330809651388943
-1.9377349019050598
-1.943575033918023
-1.9466519582550972
-1.9478541910648346
-1.9526144191622734
-1.9569719828665257
-1.9592020511627197
-1.980639398097992
-1.9989937770490844
-2.000751087985312
-2.012335127592087
-2.016175150871277
-2.0166038274765015
-2.017202615737915
-2.058879405260086
-2.1020167792836824
-2.1384753794409335
-2.242192217800766
-2.271789401769638
-2.2779597491025925
-2.3248550668358803
-2.3608896136283875
-2.380548800341785
-2.449927866458893
-2.5149322350819907
-2.5238709300756454
-2.6647788286209106
-2.726111888885498
-2.746783073991537
-2.7736188769340515
-2.806336848065257
-2.8443959951400757
-2.8960460424423218
-2.9336254596710205
-2.9775500297546387
-3.0864206552505493
-3.1178733855485916
-3.1403908133506775
-3.1813734462484717
-3.25368070602417
-3.2625358967731395
-3.2890961077064276
-3.3232165227333703
-3.4541256427764893
-3.513521541530887
-3.6310425996780396
-3.6586333364248276
-3.6612863540649414
-3.7609400749206543
-3.8164298981428146
-4.650547027587891
-6.128555059432983
-9.667338371276855
-11.866300582885742
-12.813612937927246
