-0.0028254521675989963
-0.030315881168159347
-0.04812468277911345
-0.053116207321484886
-0.1099642881017644
-0.1608013549266616
-0.1787796951830387
-0.20708720882733664
-0.21841231380988443
-0.22523892947356217
-0.27450030218876365
-0.29353500951692696
-0.3043828058289364
-0.30535808886997984
-0.330279826601668
-0.3308610959444195
-0.33198443811852485
-0.353080568597458
-0.35355164202501327
-0.3636397199948624
-0.3661782542102238
-0.37357599288225174
-0.37407016170401103
-0.3764165298314765
-0.3765779575397674
-0.37907486998786527
-0.37995324211148246
-0.3816063263426986
-0.3840613497274603
-0.38834627310385256
-0.3895067906996701
-0.39192406736713437
-0.39288644685875623
-0.39473771759574966
-0.40047739235418706
-0.4014450866462929
-0.40448544765240513
-0.4063303611706942
-0.4066867917398786
-0.4154271259903908
-0.41729048633987986
-0.4243945126305334
-0.42567754195382196
-0.43035571390969884
-0.43126930500147864
-0.43410344506264664
-0.43666159361600876
-0.4368912958850463
-0.43805487774726415
-0.4390810360200703
-0.4414697384345345
-0.443187978079273
-0.4438911807236663
-0.44547633833717554
-0.4561935239556988
-0.45776283980567795
-0.46205154742710874
-0.4622985308588896
-0.4628100603374399
-0.46692141208437865
-0.4690353319165297
-0.469161992368754
-0.4692664695386257
-0.46957463338185335
-0.4723723484668881
-0.4726339536181723
-0.4727862678680443
-0.475857076403271
-0.4781352182534257
-0.48021397658643156
-0.48211677627510985
-0.48547568649228195
-0.48680505040101707
-0.49038146358216184
-0.4908692172235426
-0.4909189777242773
-0.49263808560863254
-0.49285144251662133
-0.4937365043025655
-0.4942237345355238
-0.49541575109053937
-0.49736719112843275
-0.4982877200236544
-0.49886811597065794
-0.5017453215186833
-0.5029697520658374
-0.5037273465190083
-0.5040879445150495
-0.5049444196843788
-0.5083935422414166
-0.5085610295588724
-0.508641667974492
-0.5093275219058762
-0.5102448325072017
-0.5135491265854067
-0.5157060580968391
-0.5180609090667632
-0.5182473302332506
-0.5187653423501895
-0.519437417284482
-0.5203872345951631
-0.5206003273371607
-0.5210299197437369
-0.5211175262682244
-0.5212002007144179
-0.5222657503817525
-0.523726443760097
-0.5260905143575436
-0.5293940011277537
-0.5294810085112907
-0.5333193923346699
-0.5360341004472704
-0.5368503252791829
-0.5370770143677613
-0.5381651146415
-0.540110643254593
-0.5402621342916973
-0.5402809683408123
-0.5422554437119705
-0.5428748340863321
-0.544519662274979
-0.544764366828733
-0.5450524957628832
-0.5452774426156605
-0.5461207740745522
-0.5471816914796364
-0.5482760643094985
-0.5492168806990126
-0.5494322416361683
-0.5496989577875866
-0.5533782768373688
-0.5548557236441412
-0.5558834353827738
-0.55641369657083
-0.5576911162269036
-0.5583321953724537
-0.5599528969667683
-0.5622233341724495
-0.562430327033831
-0.563005907544201
-0.5633953872767469
-0.5636686327768985
-0.5641358789677421
-0.5647919916858276
-0.5648222677019393
-0.5660945847281255
-0.5669385506422259
-0.5676350318597323
-0.5731599296365554
-0.573169980303662
-0.5738116513530258
-0.5810044925989738
-0.5817115036770701
-0.5818085855311698
-0.5818964415520895
-0.5823021765536396
-0.5878002382867801
-0.5895035188030988
-0.5906230750260875
-0.5918193210614845
-0.5934210610575974
-0.5947267253484044
-0.597003664624127
-0.5984689214266836
-0.5987093960866332
-0.6007095096296822
-0.6013079549690398
-0.6038476589135826
-0.6044405873578328
-0.6052661701881638
-0.6054348628968
-0.6067504663951695
-0.6074952458665293
-0.6081235961173661
-0.608863050552706
-0.6117063389159739
-0.6155317801982164
-0.6165656029645886
-0.6166533877452215
-0.6313947582883495
-0.6324220373591577
-0.6331032620859333
-0.633876589031636
-0.6375849930569529
-0.6383718594972213
-0.6388326089363545
-0.6429712602985092
-0.6443982865635512
-0.6471186161174306
-0.6486752477008849
-0.6487770368345082
-0.6504832713864743
-0.6509030370507389
-0.6536274483554404
-0.6542509091751916
-0.6557040082407184
-0.6600268757436425
-0.6604177925203528
-0.6621868820220698
-0.6629773280583322
-0.6644069960290965
-0.6669989795889706
-0.6670120039747821
-0.6684220336998502
-0.6702622771263123
-0.6723017970642104
-0.6735213648187255
-0.6738948477981871
-0.674255290948817
-0.6765869469160125
-0.6768390632001683
-0.6775537271983921
-0.6783146996915873
-0.678363048657775
-0.6801091760862619
-0.6851416129618884
-0.6920312848876535
-0.6928969193748864
-0.6929174376418814
-0.6950912974124852
-0.696199259232907
-0.6968425288796425
-0.6977701880969107
-0.7003890702908393
-0.701380041660741
-0.7020516166352396
-0.7027074235491455
-0.7030043008367102
-0.7039131016418751
-0.704783013247652
-0.7049973464536379
-0.7059013122178401
-0.7067590094475935
-0.7076150773881147
-0.7078656386974427
-0.7083744722904494
-0.709227704061454
-0.7112756803282536
-0.7117116004228592
-0.7140224532534679
-0.7140841628173472
-0.7155534013174474
-0.7159330018948822
-0.7163175124675035
-0.7189482245984646
-0.7207701545363913
-0.7212330182082951
-0.7212371845671441
-0.7213469594717026
-0.7226270982381493
-0.7280730028811376
-0.7284193399957277
-0.7301873828816626
-0.7320279485623663
-0.7341589783565723
-0.7346147759817541
-0.7368594722024032
-0.737198441897312
-0.73802130097862
-0.7430568582378327
-0.7447064618899512
-0.7460948542769378
-0.7462528345553437
-0.74663872786914
-0.748386638736406
-0.7497416667058132
-0.7532318864233714
-0.7538251461461186
-0.7579904852367084
-0.7603090784978122
-0.7617808739771135
-0.7623325337966284
-0.7635553475469351
-0.7644055233104154
-0.7653337345458567
-0.7671464799592892
-0.767813295754604
-0.7679201973203037
-0.7682960736448876
-0.7706091467601558
-0.770699737360701
-0.7715236660093069
-0.7716577084735036
-0.771675674143434
-0.7743321789625602
-0.7746409689600113
-0.7775636593729262
-0.7824867812450975
-0.7867301212889808
-0.7879717937256727
-0.7884110377577599
-0.7907364211610651
-0.7913727500475943
-0.7920213183388114
-0.7931450406710306
-0.795314597710967
-0.7991973098833114
-0.800389539450407
-0.8066705899414955
-0.8086366871139035
-0.8099054859873528
-0.8105632338879837
-0.8130548473447561
-0.8130728821939556
-0.8144991078491634
-0.8146191456665596
-0.8178058660590372
-0.8201520670423633
-0.8204880035482347
-0.8239150071361413
-0.8249115107028047
-0.8286658225813881
-0.8336193760236105
-0.8349006662943533
-0.8353098519146442
-0.8396835273131729
-0.8406678214669228
-0.8429928320692852
-0.8447077753022313
-0.8455512957880273
-0.8465552010706493
-0.8515392908047943
-0.8529758320190013
-0.8552233236712508
-0.8559923350811005
-0.8580163090179364
-0.8609478352073994
-0.8614086785353721
-0.8618780869990588
-0.8685679812915623
-0.8685739197768271
-0.8741490775893908
-0.8763733973726631
-0.8787181676986316
-0.879162403914961
-0.8792132631772094
-0.8797777694250856
-0.8833628008142114
-0.898943844755801
-0.899094539824091
-0.8996127697391785
-0.9017413426045096
-0.9069581215347474
-0.9079057188428123
-0.908056244981708
-0.9081804817542434
-0.9088713655041324
-0.90969561599195
-0.9117308418887357
-0.9164888990962936
-0.9169455319643021
-0.9194993693381548
-0.921720365085639
-0.9301726466995509
-0.9303007705230912
-0.935922679801782
-0.9396631018801903
-0.9417289152209248
-0.9446270324082838
-0.9446365855168551
-0.9449125081674927
-0.9468059816281311
-0.9540702321433595
-0.9568434773633877
-0.9592978187969753
-0.9617626131075667
-0.9719489142298698
-0.9790080115199089
-0.9847932414151728
-0.989200193163318
-0.9904740298432964
-0.994788741809316
-0.9977030265921106
-0.9983501641286744
-1.0032945406928775
-1.005816440201468
-1.0165109613444656
-1.0244983918964863
-1.0260784389037225
-1.0316138552851044
-1.0338283211458474
-1.0394271472468972
-1.040585908992216
-1.0409422838835911
-1.0417902554909233
-1.044213384299332
-1.0482616344809987
-1.0519747858246167
-1.0559757947921753
-1.0597906186788653
-1.0651264423213433
-1.0666790866267144
-1.0679823131197028
-1.0705157964756447
-1.0743948170252575
-1.0754089218874772
-1.076924997182297
-1.078042056448924
-1.080633277938302
-1.0860460793133826
-1.0875438606211294
-1.097187487807657
-1.098439318808512
-1.1190678545390256
-1.127511405851692
-1.1285372866077523
-1.1306256590687553
-1.1322125737400104
-1.1401950120925903
-1.1408591095823795
-1.1428259313106537
-1.1495385234011337
-1.1508749127388
-1.1526174809162815
-1.1561571564525366
-1.1613484223004586
-1.1637073603910721
-1.1653550856281072
-1.1714853712473996
-1.1909493920393288
-1.19305174172041
-1.194331288492928
-1.1992331519722939
-1.2104239283750455
-1.213718178711133
-1.2192135927228567
-1.2202944159507751
-1.225333901308477
-1.226900729040305
-1.230089493910782
-1.2384587190657232
-1.2407583640888333
-1.2412449909218897
-1.2461700928397477
-1.2593564642593265
-1.2676117261580657
-1.2993705458939075
-1.3063117572455667
-1.3364318043791823
-1.3399941250681877
-1.3417928814888
-1.350682658686613
-1.3616737114886444
-1.3691055576200597
-1.3753233280565058
-1.379987828899175
-1.3870082417270169
-1.388126144860871
-1.393128046610703
-1.3999391545774416
-1.4098378457129002
-1.4420967907644808
-1.480729942023754
-1.5129221575334668
-1.518865913859502
-1.5254363782703877
-1.5476770301659901
-1.556225299835205
-1.5655207440257073
-1.5738713145256042
-1.5773412864655256
-1.5814274726823594
-1.5878757477912586
-1.6084049731492995
-1.6122173070907593
-1.62311434536241
-1.6274841837584972
-1.6350335495080799
-1.6400666017085315
-1.647178664803505
-1.6562382280826569
-1.6842864263647546
-1.6959328657485457
-1.7120726108551025
-1.7430081721395254
-1.7608418446034193
-1.7976402789354324
-1.80086993368847
-1.817475274134722
-1.8231717472275097
-1.8602898120880127
-1.8871939132610958
-1.9007194489240646
-1.9638828585545223
-1.9897760152816772
-2.0289460010826588
-2.031389427060882
-2.0354666709899902
-2.041298359632492
-2.0457732938230038
-2.047765081127485
-2.0486026629678236
-2.054791952172915
-2.073037189858345
-2.081908881664276
-2.1925353296101093
-2.349492738644282
-2.3652310541365296
-2.4006807624051967
-2.4114713271458945
-2.4300580602139235
-2.56879856189092
-2.5918158852564375
-2.604006344305162
-2.6365702152252197
-2.721199318766594
-2.7441601753234863
-2.994247645139694
-3.047563314437866
-3.0961513078157927
-4.116014938103035
-4.499796390533447
-4.783299684524536
-4.916286945343018
-5.153711795806885
-5.171451091766357
-5.220635414123535
-5.357868194580078
-5.549724817276001
-5.842217206954956
-6.129608631134033
-6.535249471664429
-6.591284275054932
-6.71561604551971
-7.070573329925537
