-0.00012885693286079913
-0.00042655906872823834
-0.0016176230143173597
-0.0046807032895230805
-0.006768076676280543
-0.014720211554390517
-0.01881645208535095
-0.022221856013250847
-0.02261781856577727
-0.03683430161774797
-0.038515498221386224
-0.044225369890530906
-0.05336153154494241
-0.05558443293765387
-0.06416820953600108
-0.07119529694318771
-0.07465150183998048
-0.07518156840815209
-0.07630849396809936
-0.08172703604213893
-0.08651437796652317
-0.0879373355419375
-0.09371946437334243
-0.09665929943503215
-0.09851624426664785
-0.10137515887618065
-0.10181025238853181
-0.10653862357139587
-0.11184428306296468
-0.12170457343260448
-0.13555438013281673
-0.14332121026427558
-0.14582429549177
-0.14753305448684842
-0.1482080691196188
-0.15001764334738255
-0.15320525906281546
-0.15722348175384265
-0.15763519902247936
-0.16095978005008268
-0.1620943863138867
-0.16334567966017252
-0.16470299393404275
-0.16638158467737543
-0.16826532850973308
-0.1780071285838858
-0.17893153268667245
-0.17962432180593169
-0.1818650480421411
-0.186843398363294
-0.18718493878259324
-0.18785731804867586
-0.18966654232845032
-0.18971761559239692
-0.198995854653832
-0.20778211296692461
-0.20899142418056726
-0.21003590268498687
-0.2126622743283709
-0.21935472132172434
-0.22394202440045774
-0.2298941526449198
-0.23009860030955073
-0.23353201389545575
-0.23523091276486716
-0.23645617657651505
-0.24305720063340333
-0.24406089062298028
-0.2443247183913627
-0.24534044341908157
-0.2528944216416373
-0.25420099872280844
-0.2578407140536001
-0.2588025160948746
-0.26134210464078933
-0.26456799616183463
-0.2680468484759331
-0.26900897445739247
-0.2707441450191774
-0.2785678046445052
-0.27925094590364097
-0.2821193691343069
-0.2830236265435815
-0.2861934677154447
-0.288382150271597
-0.2897539507445496
-0.29095842107972203
-0.2913376771030016
-0.29216497552306464
-0.29444180576441187
-0.29511406024297077
-0.2955218426812078
-0.2974328786884952
-0.3003641755572062
-0.3043119055884225
-0.3050524469390439
-0.30700718144726125
-0.3080986921529984
-0.30874093219689613
-0.31135700493780405
-0.31252256362807074
-0.3181883423323078
-0.3183456984503816
-0.32170381582977825
-0.3218737619586486
-0.32423863129536457
-0.3273021054587194
-0.32805251400759516
-0.3288667981819799
-0.33411918487399817
-0.33947024590569136
-0.33948014429679463
-0.3395043043419719
-0.3402529784361832
-0.34049644469632767
-0.341356846058261
-0.3417073052779805
-0.34265740576279313
-0.3435470801260736
-0.34424130365045535
-0.34659912425267975
-0.3475596930864932
-0.3489839169714186
-0.3490042900899425
-0.3506449962899621
-0.3540811131365794
-0.3545270883678313
-0.35507322245070505
-0.35534984711557627
-0.3579991123905139
-0.3600605299659285
-0.36054053342862363
-0.36259077409631574
-0.3650920713168186
-0.3669207142610013
-0.36722898334264753
-0.36769545209517673
-0.3683646598642337
-0.36901592556387186
-0.37009672506246716
-0.3755223626191894
-0.3759169085803608
-0.3763355636555288
-0.37747002860280393
-0.3779847735862859
-0.37895799784140155
-0.37988608951369923
-0.38043680489063264
-0.3807938424652093
-0.3815100164438263
-0.38197265314166934
-0.3845623264028488
-0.3851950205746107
-0.38591257643611243
-0.3868848283826891
-0.38779481801611837
-0.38781613772735
-0.3891713936361157
-0.38953546310464543
-0.3898004555251516
-0.3900961700699274
-0.3901039063692224
-0.39102518403281766
-0.39185028783977033
-0.3925675541398353
-0.392982052317772
-0.39407554431818426
-0.3951925079842719
-0.397767613464061
-0.397940163500607
-0.3986320134717971
-0.3989439122378826
-0.40071846939390526
-0.4013320773244939
-0.40203427616506815
-0.40235218640555104
-0.403590097030974
-0.4041318366769701
-0.4042326048909672
-0.40442846504447516
-0.406109276227653
-0.40654720191378146
-0.4068571717730265
-0.40769615466706455
-0.40909799486398696
-0.40964238557062344
-0.4120655977367278
-0.4132490660136682
-0.4136567821493372
-0.414214341411207
-0.41563519224707435
-0.4159384604252409
-0.4160902776041583
-0.41609610550221987
-0.41635331527989666
-0.4167129269524594
-0.4182454188678252
-0.41883365791447713
-0.4192150832124753
-0.41926398529257214
-0.4199036374144877
-0.421934509271523
-0.4238874211947879
-0.42438056468381546
-0.42445242162648356
-0.4244800046086311
-0.42460385663434863
-0.42471193916410105
-0.4279168969020247
-0.4288477778862216
-0.42927698930725455
-0.4313054204814964
-0.43190084106650567
-0.4326711033100865
-0.4333492055535316
-0.4344140589426388
-0.4356593614298617
-0.43612618069862946
-0.43712112636213923
-0.43724385388971615
-0.4377388838734583
-0.4401206021429971
-0.4405451887450181
-0.44055278644485113
-0.44099846670171244
-0.442628409594181
-0.44270483213282813
-0.445677234174218
-0.44643496873322874
-0.4469418577375109
-0.4473699179626419
-0.4478721561632119
-0.4494813421042636
-0.45029747728258374
-0.4515376686639502
-0.4521225929202046
-0.45220783110707996
-0.4523614327562037
-0.4529271112754941
-0.4530593578496741
-0.45716391913592813
-0.45776136207769014
-0.4580826511606574
-0.45866087317052817
-0.45965577755123377
-0.45971702054763836
-0.4607020915634348
-0.4608539991701643
-0.46105421680714126
-0.4613909424515441
-0.46264359971974045
-0.46342511544935405
-0.4645199647184927
-0.46454264956544367
-0.46599284246830003
-0.46644405899698743
-0.46752791103208435
-0.4679001825861633
-0.4680345974978991
-0.4682908510175626
-0.4698074779340199
-0.4713592152944557
-0.47251583244651557
-0.47303408694569954
-0.47478204104108956
-0.47570924566175293
-0.47611758675027105
-0.47646621242165565
-0.47693304892163724
-0.4770470404893988
-0.4775795211101518
-0.47887037321488607
-0.4797970952427325
-0.4801355153642362
-0.48137367136496323
-0.48183117795269936
-0.4819279948216198
-0.48219477385282516
-0.4827445755994025
-0.4852432203144417
-0.4864272531704046
-0.4871172920215031
-0.48727849206503987
-0.4873867101015766
-0.4879760682815686
-0.48832733755989466
-0.4907325318324313
-0.4914806298329495
-0.49250683876339785
-0.4930708184838295
-0.49318169391710853
-0.4933523958548903
-0.4934045188147138
-0.4936389392332785
-0.4949473422878471
-0.4952078273519874
-0.49679041934177803
-0.49815022366819905
-0.49899372429354116
-0.49936926004011184
-0.5014372020110126
-0.5023642564774491
-0.5029714617148784
-0.5058458761464303
-0.5064203996832172
-0.5065504947471289
-0.5067597801486651
-0.5069832408002445
-0.5069977956107323
-0.508840670902282
-0.509146754751176
-0.5094251439419395
-0.5103813635601
-0.5115342394759258
-0.5117986401623617
-0.5132581825649444
-0.5150055065266012
-0.5150924731045962
-0.5159743991133291
-0.5164169600741987
-0.5167987211801423
-0.5179928340999297
-0.518622973933816
-0.5202770327617016
-0.5207481284163199
-0.5211783516114457
-0.5220016222447157
-0.5221257673576474
-0.5234615243971348
-0.524346830137074
-0.52468485198915
-0.5251503151458954
-0.5258822613131997
-0.5266148670990434
-0.5279644614085555
-0.5289323203556705
-0.5313646212841073
-0.5321244190306649
-0.5323702814890162
-0.5336195712909102
-0.5339477260095009
-0.5347931815810555
-0.5349285508506
-0.5356515205154816
-0.5360240385952321
-0.5376435784623027
-0.5411877032602206
-0.5414381367938403
-0.5421233546195171
-0.5422144820913672
-0.5424000752391294
-0.5440583905205131
-0.5445945492835512
-0.544599283255593
-0.5454317795353875
-0.54589967289697
-0.546340137720108
-0.5466900551606052
-0.5467065942606756
-0.5475710416794755
-0.5490161163033918
-0.5492283288471738
-0.5496651975437998
-0.5504625262692571
-0.5504988816566765
-0.5516374858096242
-0.5529042411653791
-0.5535766656510532
-0.5551476267199698
-0.5554840676611222
-0.5556530653266236
-0.5570043296154056
-0.5597692989133065
-0.5605330613441766
-0.5640881470753811
-0.5648259823125272
-0.5653937393487597
-0.5655591072639006
-0.5667258489411324
-0.5668715911917388
-0.5679097307658594
-0.5679542579898789
-0.568300954628891
-0.5688006941134769
-0.5700619238428771
-0.57019776776433
-0.5706236003731776
-0.5714878258960587
-0.5720160392207887
-0.5736660701222718
-0.5742019037716091
-0.5747804143757094
-0.5754887471256521
-0.5756173498100705
-0.5760953843363539
-0.5761423176154494
-0.5763203633121319
-0.5763356201350689
-0.5770171262071623
-0.5770763552614621
-0.5772362426378095
-0.5784665935207158
-0.5848359341603513
-0.5851930920508932
-0.585204268572852
-0.5858251732632718
-0.5859500540206103
-0.5861999009336744
-0.5868808717145081
-0.5871422880329191
-0.5875142033522328
-0.5877734000096098
-0.5885166148107279
-0.5885379555402324
-0.5886033763876185
-0.5889787288812537
-0.5894449663658937
-0.5912387261965445
-0.5913361813873053
-0.59167637820873
-0.5917322300374508
-0.5919209643425347
-0.5935715863015503
-0.5935864990030456
-0.5943978372327846
-0.5949473087590604
-0.5961061007110402
-0.5977761916195353
-0.5985333057760727
-0.5985624011605978
-0.59954012199305
-0.6007688274374232
-0.6007934392130535
-0.6013945801183581
-0.6022451742153082
-0.6026999920606613
-0.6027713457664908
-0.6041763349203393
-0.6050746134585805
-0.6061411024886183
-0.6062651739145318
-0.6080269211609113
-0.6080404963965217
-0.6085920258583428
-0.6106270228823026
-0.6116317620395594
-0.6129603385925293
-0.6131314703488897
-0.6135292439023032
-0.6136167039803695
-0.6138654804672115
-0.6140770271013025
-0.6149214344331995
-0.615335032180883
-0.6155873314710334
-0.6180303735275041
-0.619226248934865
-0.6204407314459482
-0.6207157686236314
-0.6213642765401995
-0.621773861697875
-0.6229245974391233
-0.6243782616899504
-0.6251710616052151
-0.6263760251022177
-0.6266007257625461
-0.62695271014481
-0.627439053542912
-0.6278482933661768
-0.627960782306036
-0.628275531516208
-0.6291702438813999
-0.6296697296202183
-0.6302738597883878
-0.6305564288049936
-0.6313891514092339
-0.6322767319700991
-0.6344503420197205
-0.6345835495740175
-0.6345869389673074
-0.6379194987937808
-0.6384267922723665
-0.6388836324214935
-0.6433319825975761
-0.6437343696809628
-0.645181305706501
-0.646062046289444
-0.6477032053905228
-0.6480320266772261
-0.648749053152278
-0.6492292017901491
-0.6531998968916014
-0.6535222820006311
-0.6535412734374404
-0.6542821318532029
-0.6543457992374897
-0.6544770566746593
-0.6545213967170866
-0.6570944509779414
-0.658688613306731
-0.6591155393398367
-0.6592287378651756
-0.6607781474678112
-0.6610834875942341
-0.6611511520909104
-0.6614712035128226
-0.6620310751022771
-0.6623052683814118
-0.662315062712878
-0.6626327838748693
-0.6633833940140903
-0.6644633053136724
-0.6650824625045061
-0.6659551128331158
-0.6659962199046277
-0.6680456176788235
-0.6690009648757821
-0.6696871078573168
-0.6705930401571095
-0.6712237075902522
-0.6714695940415064
-0.6716226181946695
-0.6722444714978337
-0.6723822198808194
-0.6744846327023374
-0.6751207609971365
-0.6784079428762197
-0.6802651660885507
-0.6803274713456631
-0.6803399130325201
-0.6805825420389218
-0.681373096415579
-0.6818317514844239
-0.6829356986563653
-0.6835032575763762
-0.6841300874948502
-0.6844034272113017
-0.6845201141097479
-0.6849060480793318
-0.6884556213857044
-0.6885930587252965
-0.690049238811298
-0.6904843832016923
-0.6906852055134632
-0.6918301413641433
-0.6922107013582718
-0.6922422898739266
-0.6925299379815572
-0.6930376602602857
-0.6938536426168866
-0.6947028736273447
-0.6991728154942394
-0.6992192391306162
-0.7003321655094623
-0.7031803789548576
-0.7036736084458729
-0.7057709437075047
-0.706292217843892
-0.7070067958440631
-0.7089937696499484
-0.7104338561960807
-0.7131643635886056
-0.713190401386075
-0.7141361352056265
-0.715733513502138
-0.7160884882323444
-0.7165128290653229
-0.7196772688068449
-0.721097664286693
-0.7213438041923966
-0.7216243015395271
-0.7220385318621994
-0.7221781810124716
-0.7233577603881713
-0.7235232192324474
-0.7247089226064938
-0.7263268334791064
-0.7267280237542258
-0.7274720668792725
-0.7284808469004929
-0.7289792623681327
-0.7291423830070666
-0.7313120400843521
-0.7335497448628303
-0.7346875621005893
-0.734769785660319
-0.7370277035418743
-0.7388437701510308
-0.7389596614003595
-0.7392493449151516
-0.741198330768384
-0.7424073696136475
-0.7433367207529955
-0.7476554911894103
-0.7485329357692131
-0.7510156392098806
-0.7518364280889122
-0.7539753179428064
-0.754864877043292
-0.7571223861537874
-0.7577213513664901
-0.7597568222180209
-0.7598532086703926
-0.7630969090387225
-0.764942183624953
-0.7650435255574328
-0.7659978738985955
-0.7666104098898359
-0.7682109431829304
-0.7682260180978725
-0.7684451556764543
-0.768585633020848
-0.7688715929805767
-0.7715967293828726
-0.7758930695708841
-0.7771751710679382
-0.7776297237724066
-0.7782645038969349
-0.7792189963567782
-0.7796689525246621
-0.7808997232466937
-0.7820985197846312
-0.7821449335780926
-0.7845732992677118
-0.7847746049187013
-0.7863857470452785
-0.7873768437032899
-0.7884992488543503
-0.7897280241013505
-0.7902928790659871
-0.7916390058687992
-0.7917923409491777
-0.7935186798373858
-0.797657864401117
-0.8003229275345802
-0.8011171354779175
-0.8049795876722783
-0.8064073733985424
-0.8091059850994498
-0.8108080606907606
-0.8117493274621665
-0.8141185226496808
-0.8147415327839553
-0.8152457535939498
-0.8225152242928744
-0.8225223393112954
-0.8260121466533746
-0.8270426261666356
-0.8277588905621087
-0.8313074202409813
-0.8322787831226984
-0.8359928442579176
-0.837494553377231
-0.8380758788968835
-0.8383756667996446
-0.8386008005020105
-0.8398503155137101
-0.8420989833772182
-0.842134868648524
-0.8429678117058107
-0.8445719303902782
-0.8462074306097258
-0.8465670783707537
-0.8467992868806634
-0.8470823089592159
-0.8500930828259488
-0.8536417517138438
-0.8548269574013021
-0.856776800006628
-0.8614184932317585
-0.866280579334125
-0.8667745272687171
-0.8705159047884601
-0.8707647040486336
-0.8732047873781994
-0.8739576447489006
-0.8785695121623576
-0.8789169645557801
-0.8828115422278643
-0.884715048293583
-0.8853675100486725
-0.8856181538663804
-0.8877415666356683
-0.8903940008021891
-0.8923718232661486
-0.8925820362288505
-0.8931203382089734
-0.8939680764917284
-0.8940341068897396
-0.8948449047747999
-0.894875274784863
-0.8950968820601701
-0.8952665500342846
-0.8984483816780084
-0.9010485686994798
-0.9044709145867577
-0.9049907326698303
-0.9061553737265058
-0.9084883347847305
-0.9093915680257071
-0.9104904544656165
-0.9119175447151064
-0.9135490916669369
-0.9140671668574214
-0.9144312270800583
-0.9184184015728534
-0.9196914567922553
-0.9228029375274976
-0.9229216625293096
-0.9247157176335653
-0.9258144720224664
-0.9258427356059352
-0.9263779315166175
-0.9294282586003343
-0.9328190376982093
-0.9418427050042434
-0.942629124794621
-0.9428522900367776
-0.94437555365148
-0.9451649584807456
-0.950078159570694
-0.9525949712842703
-0.9572882034505407
-0.9576764491697153
-0.9597544698044658
-0.9630251452326775
-0.9640912655740976
-0.9685784777005514
-0.9705683135427534
-0.9711306118794406
-0.9713931272530721
-0.9739999286830425
-0.9812192562967539
-0.9824546882567423
-0.9825991592369974
-0.9834427675232291
-0.9848904691636562
-0.9877791083935235
-0.9886244431060428
-0.9908129585091956
-0.9935438921176163
-0.9955599830485881
-1.0087327137589455
-1.0132825846473377
-1.0145311448723078
-1.014566323409478
-1.029712445801124
-1.030039487639442
-1.0306246678034465
-1.035216729156673
-1.0380857673784096
-1.0383924869820476
-1.0403392376378178
-1.04489053806497
-1.0501851070439443
-1.0512362718582153
-1.0526769856611888
-1.054077297449112
-1.0548401745501905
-1.0563368598620098
-1.0573300402611494
-1.0612246037150423
-1.0615704686081568
-1.0661801249720155
-1.0676250985513132
-1.070505030453205
-1.0708442851901054
-1.0722080518802006
-1.0780248022638261
-1.0815380633409535
-1.090710485354066
-1.0924296456256084
-1.0925570195540786
-1.0985593562945724
-1.1025610448171694
-1.1028736441706617
-1.1037113356869668
-1.1059530326165259
-1.1064398100133985
-1.1129595171660185
-1.1233356197675068
-1.126957135895888
-1.1307674545328155
-1.134619163547177
-1.1359152148167293
-1.1372433205445607
-1.1397627765933673
-1.1499544156715273
-1.1503715282306075
-1.1520870899160702
-1.1642910436106224
-1.1687939364263522
-1.170108372811228
-1.1711169878641765
-1.1747924064596493
-1.1774703000322915
-1.1814039950189907
-1.1845821526949294
-1.1911187103705743
-1.2068166499957442
-1.2082353204944714
-1.2097058203071356
-1.2121450106302898
-1.2138722444263597
-1.2293588668107986
-1.2365891616791487
-1.2444032523781061
-1.2506593627855183
-1.253168299794197
-1.25440292886924
-1.2582626109942794
-1.2595963813364506
-1.2596653616055846
-1.2647112607955933
-1.271809621641296
-1.2738651558756828
-1.2745252900602584
-1.2764498418934334
-1.2767755892127752
-1.2800802122073947
-1.2836788098017375
-1.2846783008426428
-1.2866653303305309
-1.289425284601748
-1.2931861281394958
-1.2971383859128764
-1.311677717736789
-1.3123390674591064
-1.3191773414611816
-1.3265485525131226
-1.3369005303829908
-1.3399191368371248
-1.3425103593617678
-1.3736477820202708
-1.3878560281979542
-1.3940036240965128
-1.3945212960243225
-1.4004680309444666
-1.400496310244004
-1.4033092915390928
-1.410669784527272
-1.4200109276920556
-1.422052691380183
-1.425397331515948
-1.426125309895724
-1.4371468467637896
-1.4437267248383705
-1.444566786289215
-1.4501235413646707
-1.4639057964086533
-1.4650217920541764
-1.4805936968549152
-1.4888906180858612
-1.4964917474374488
-1.5043720404307048
-1.5072784245508957
-1.5407554475124925
-1.5476056188344955
-1.5905429110086213
-1.5944361239671707
-1.594912552833557
-1.5974685549736023
-1.601680725812912
-1.6107847204795689
-1.6138778030872345
-1.6239107549190521
-1.62876695394516
-1.6298516809940338
-1.644938819964106
-1.6500934921205044
-1.676404356956482
-1.680232812340061
-1.6809155344963074
-1.6854029297828674
-1.6895960780481498
-1.6969582922756672
-1.7408066127294053
-1.7540253261104226
-1.7554838359355927
-1.7608988285064697
-1.7661765813827515
-1.7669612527824938
-1.7672069830199082
-1.7688524158438668
-1.7778544127941132
-1.7800928552945454
-1.8011402487754822
-1.8141971413278952
-1.818707710504532
-1.8219507694244386
-1.8393759429454803
-1.8415928773654286
-1.8447836497798562
-1.8453953795172993
-1.8570665121078491
-1.8682890825045888
-1.877350939623284
-1.8804894834756851
-1.889152539273103
-1.8929008479074885
-1.9054775834083557
-1.9288120735436678
-1.9406072894732158
-2.003043472766876
-2.0128233432769775
-2.0205011069774628
-2.0510671912149214
-2.053136795759201
-2.058954083727258
-2.0775978366533914
-2.085938535630703
-2.094088249657375
-2.116060972213745
-2.149301290512085
-2.164997076188835
-2.1666936421145997
-2.1880206815355145
-2.2085686922073364
-2.2360195219516754
-2.239071152638644
-2.2494487166404724
-2.2674782276153564
-2.271535497934868
-2.273524895310402
-2.2943987250328064
-2.3463565334677696
-2.374743014574051
-2.375484824180603
-2.380540505051613
-2.401126503944397
-2.404004793614149
-2.404826521873474
-2.415372610092163
-2.4219815954566
-2.454221596349574
-2.4587870679970365
-2.468703031539917
-2.485206723213196
-2.491592764854431
-2.491988182067871
-2.4978325963020325
-2.5014133155345917
-2.5793827772140503
-2.6004371643066406
-2.602635383605957
-2.6046024560928345
-2.618294596672058
-2.6422984823584557
-2.644141912460327
-2.6494867503643036
-2.6581019973382354
-2.6890755891799927
-2.692642092704773
-2.702619194984436
-2.715132236480713
-2.7223055362701416
-2.786057172343135
-2.790849894285202
-2.844477951526642
-2.858705242474874
-2.8822197315239464
-2.926799774169922
-2.9739316649890193
-2.9878146648406982
-3.0298333168029785
-3.0343982487296066
-3.0450318654378257
-3.116935133934021
-3.1811629931131997
-3.2179174423217773
-3.2794699668884277
-3.383591413497925
-3.6957489241649455
-3.7447325388590493
-3.892043997278961
-3.9820026755332947
-4.021824955940247
-4.177186965942383
-4.404608408610026
-4.499857584635417
-4.986666791839525
-5.076103337400127
-5.226834774017334
-5.886889457702637
-6.055861949920654
-6.10722541809082
-7.159546852111816
-7.2749714851379395
-7.312186241149902
-7.678351879119873
-7.931326866149902
-8.550086975097656
-8.62702465057373
-9.679434776306152
-10.643601417541504
-11.06181812286377
-12.489762306213379
