-0.00629336410202086
-0.0264253705390729
-0.03554729837924242
-0.10521103263211747
-0.11527538672089577
-0.16246709302067758
-0.2097640880383551
-0.22351700284828743
-0.26954780826345087
-0.2843951520210664
-0.29676035046577454
-0.31283367425203323
-0.31820486003319576
-0.34980829645480427
-0.36200467572780326
-0.3643095490729643
-0.3722095316115883
-0.3730833240551874
-0.3860106234825284
-0.38717634061140416
-0.38737422227859497
-0.38815810197539735
-0.3922009663656354
-0.3956415414658194
-0.395794555176811
-0.3963421353115943
-0.39693560145355555
-0.398702759657883
-0.40801844841133483
-0.4080248467785952
-0.4081819808466557
-0.4082956575309384
-0.41006844626099337
-0.41096439230411
-0.4115698476649683
-0.4124765724482131
-0.41258342094442924
-0.41736642226016174
-0.42104226064735223
-0.4213392643078291
-0.4224489177944159
-0.4224601989291841
-0.42339562519977336
-0.4241779295439771
-0.42432743974027937
-0.42717894262168554
-0.4272988020329649
-0.4278062525619235
-0.42927942499518396
-0.43016883013590884
-0.4308572815571097
-0.4318519680112201
-0.43892471709579695
-0.4392261387159427
-0.4409210239333333
-0.44367170848781823
-0.44603535815718043
-0.44742568559013307
-0.4485001068387646
-0.4493866352907692
-0.4496295467154899
-0.4501755120062236
-0.4505922077027208
-0.45719482751827367
-0.4590620090344196
-0.46118841058705584
-0.4615007389699766
-0.46180535215364005
-0.46187090974632633
-0.462218710457539
-0.4637422085917719
-0.4643822959397221
-0.4672401222154197
-0.46828416870751727
-0.47249969085678456
-0.47250936178222347
-0.4773666246275587
-0.47813470717519524
-0.4788524956102871
-0.4791275723599194
-0.4795038756648345
-0.479970446312412
-0.48258809478203246
-0.4830909040068615
-0.4842745342757553
-0.4848291940094593
-0.48616212669211173
-0.4882077774337421
-0.4897976268095792
-0.49027494448711406
-0.4913866997230798
-0.49378139113763436
-0.4957153938421807
-0.49672382223300365
-0.5013191148146606
-0.5030657828707868
-0.5062884672661312
-0.5071480969587961
-0.5083956819667946
-0.5108079387626442
-0.51128785549663
-0.5142215506306717
-0.5158567106617349
-0.5213155220780108
-0.522323058992957
-0.522934414097108
-0.5235541637324787
-0.5256477132439613
-0.5263619952934927
-0.5265639595638373
-0.5265953508787788
-0.5281082717701793
-0.5287729985165325
-0.5304406862705946
-0.5305658973132571
-0.5311114832266784
-0.5328404835890979
-0.5350500577187631
-0.5367445834716292
-0.5392728399795791
-0.5393382193360594
-0.5400494454532034
-0.5443194230437733
-0.5447434923378751
-0.5477169003958503
-0.5478590195222447
-0.5515351598187408
-0.5523210439298835
-0.5525486430745911
-0.5542441355064511
-0.5554752945207292
-0.5642874382266944
-0.5697923856787384
-0.5713971100747586
-0.5723824556916952
-0.5771367131412262
-0.5786050867237564
-0.5812855252297595
-0.5827381819020957
-0.5830347551964223
-0.5831289753238836
-0.5839829328987334
-0.5880447132512927
-0.5951117463409901
-0.596269396547642
-0.5974618067363432
-0.6003739848732949
-0.6017123078351384
-0.6042837728746235
-0.608702324402447
-0.6128078948240727
-0.6228279378265142
-0.6229274378623814
-0.6253617364499304
-0.6262721842171491
-0.6277848574488113
-0.6329132643974541
-0.6353089184267446
-0.6354547590017319
-0.6376175936311483
-0.638270307408395
-0.6383875335256258
-0.6416400911079513
-0.6472840479982551
-0.64910379499197
-0.6505387253127992
-0.6535041630268097
-0.6537959452718496
-0.657824775881388
-0.6587583720684052
-0.6611594099418393
-0.6612595722221563
-0.6613977536559105
-0.6648088559508324
-0.6705170932358929
-0.6787153254780505
-0.6900118067860603
-0.6947436630725861
-0.6950654642922538
-0.6963089850162052
-0.696802981942892
-0.6971293147653341
-0.697789679798815
-0.699482873827219
-0.6995187539917728
-0.7011685856850818
-0.7045823995023965
-0.7076351709663868
-0.7084875311185088
-0.7100944848997253
-0.712325674171249
-0.7145011550281197
-0.7160889168269933
-0.7167064292090279
-0.7175179001797611
-0.7196688319090754
-0.721867452794686
-0.7233530651777983
-0.7248709733331842
-0.7253757433441933
-0.7253890402862453
-0.7262578682857566
-0.7279521169968777
-0.7288998302072287
-0.7317598880501464
-0.7375078331679106
-0.7386225221932612
-0.7410269119621565
-0.7431816234563787
-0.7463212566716331
-0.7469007444701025
-0.7472210193285719
-0.7501178723242548
-0.7511625880641597
-0.7556287176907063
-0.7567658378393389
-0.76152306395982
-0.7696843969170004
-0.7745649721473455
-0.7780088557450654
-0.787035720422864
-0.7910824393853545
-0.7930807084111231
-0.7941985107026994
-0.7981179624795913
-0.7981338019793233
-0.7981358338147402
-0.7990375622693036
-0.7994171585160075
-0.8005085755139589
-0.8011069744825363
-0.8030402272706851
-0.8038721084594727
-0.8078771755099297
-0.8087769761681557
-0.8127897466932025
-0.8141739686123199
-0.815086253815227
-0.8202852471731603
-0.8221261020128926
-0.8224380239844322
-0.8268160432344303
-0.8289166142465547
-0.8339566128949324
-0.835808428877499
-0.8363844641833567
-0.8386510349810123
-0.8395678954465049
-0.8480149353388697
-0.8488650627434253
-0.8503807423015436
-0.8538734165485948
-0.8542263859766536
-0.8564872361187424
-0.85912301382632
-0.8598459965238968
-0.8647146327421069
-0.8675815943214629
-0.871058439835906
-0.8716101355850696
-0.8724717064178549
-0.8733360829840725
-0.8747585974633694
-0.8767204407070365
-0.8794846067670733
-0.8827762965578586
-0.8846510630100965
-0.8850586215655009
-0.8867358639836311
-0.8868081886321306
-0.8891448475420475
-0.8924573665484786
-0.893857249058783
-0.8989612787134118
-0.8992443381692283
-0.9133698761463165
-0.9139656061306596
-0.9235307787145887
-0.9240909568034112
-0.9250689446926117
-0.9267291247844696
-0.9295157886702906
-0.9379352336749435
-0.9395723947323859
-0.9401753552258014
-0.947052082628943
-0.9541391556461652
-0.95537886954844
-0.9619348964188248
-0.9673795574862096
-0.9684426138798395
-0.9746758942492306
-0.9855747769276301
-0.9871600362472236
-0.9880315065383911
-0.988906626123935
-0.9942851371597499
-0.9967961637303233
-1.0029060623862527
-1.0060822700721805
-1.0070873928954824
-1.0152792094482317
-1.0176981016993523
-1.017994001507759
-1.0180161823518574
-1.0257502496242523
-1.0369150522682402
-1.045089407513539
-1.0540391840040684
-1.0553254380822181
-1.0559678077988792
-1.0653341293334961
-1.0715629488229752
-1.0783831782561417
-1.081800330768932
-1.0960340723395348
-1.099946711744581
-1.1051726122619585
-1.1077707260847092
-1.1171297878026962
-1.1376744161049526
-1.143858890980482
-1.1502501014620066
-1.1509175011638686
-1.1647479124367237
-1.168664244003594
-1.1699546966701746
-1.181245627147811
-1.191176488995552
-1.1959670468543966
-1.201863944530487
-1.2346811998383298
-1.238009327382315
-1.2519110441207886
-1.2745900191366673
-1.306677089072764
-1.314031680425008
-1.3224970251321793
-1.3292588500771672
-1.3297626376152039
-1.3430563285946846
-1.346380040049553
-1.347015850013122
-1.3595499130121123
-1.392045001188914
-1.4252800607355312
-1.4545889855362475
-1.493974244594574
-1.5219489677498739
-1.5406341367634013
-1.547310563425223
-1.633819970690335
-1.6446859737237294
-1.6469958681846038
-1.6495939254760743
-1.700482456595637
-1.7015159862736862
-1.7142294650354113
-1.7190066290204413
-1.8335739367951949
-1.858693040907383
-1.9011530050386984
-2.0033096075057983
-2.00998189051946
-2.0739099383354187
-2.098827620347341
-2.117663323879242
-2.2409514784812927
-2.3278607085812837
-2.393012225627899
-2.441354602575302
-2.496259927749634
-2.5210940055549145
-2.67055238224566
-2.8494403809309006
-2.8618995174765587
-3.2167904376983643
-3.3414359092712402
-3.948437213897705
-4.041162014007568
-4.729987382888794
-6.0547285079956055
-6.490021705627441
-6.696471214294434
-9.062518119812012
