-0.2808075752109289
-0.31732341703173006
-0.3721373409082714
-0.4203982623011042
-0.42826330970274284
-0.4529330575217803
-0.4533664135124127
-0.45941676859894703
-0.46688548646003863
-0.4673507439632279
-0.4727511212850004
-0.4868149436055989
-0.48833553485960224
-0.4892601301544346
-0.4938489963671217
-0.4942503371283237
-0.49948005883488805
-0.5044779134901686
-0.504889487458154
-0.5049322601407766
-0.5053045115750542
-0.506373191272966
-0.5086517218393661
-0.5092507299523277
-0.5093841849902674
-0.5170134933820615
-0.5171880282500751
-0.5181619855204469
-0.5225440094069805
-0.5318882867900862
-0.5329625994557358
-0.5337169680744409
-0.5339688937452401
-0.5349987847730517
-0.5353120853089623
-0.5368189666187391
-0.5387624874711037
-0.541400499337922
-0.5424162436335721
-0.5430999888634213
-0.5464659240800617
-0.5476617831736803
-0.5482418553082324
-0.5497133119064933
-0.5497138344993194
-0.549837610371469
-0.551605890255208
-0.5648849942824907
-0.5659317835525144
-0.5677877537913446
-0.5686460547149181
-0.5692057797761663
-0.5784548877507203
-0.5806723013841163
-0.5814273671343538
-0.5877952650305815
-0.5921184544858988
-0.5938825363084796
-0.5952297777791197
-0.596854583961734
-0.6006769728846848
-0.601038191941916
-0.602198908422401
-0.6024725437164307
-0.60637006846567
-0.6068774114459369
-0.6074486959248263
-0.6120324326952686
-0.6126271526387427
-0.6138060250502478
-0.6142937980087785
-0.6164863181423883
-0.6180039211716836
-0.6202632499858737
-0.621088907122612
-0.6228760317098931
-0.6245678967330605
-0.6246982092644819
-0.6293359511227419
-0.6299690151742349
-0.6302649437732596
-0.6334095746278763
-0.6379354967114826
-0.6389425514320725
-0.6389885321580421
-0.6403038413681598
-0.6406538821657887
-0.6438334293052321
-0.6458113376989786
-0.6459756952411096
-0.6479015708318911
-0.6519565516436059
-0.6529482223947222
-0.6534759283065796
-0.6552084591239691
-0.6555512220147648
-0.6561839783740155
-0.6562078372475558
-0.6573798390001886
-0.657527634793391
-0.6611389471491566
-0.6619065258651972
-0.6628278235099666
-0.6642811356112361
-0.6649407603460866
-0.6673592050580192
-0.668020550860092
-0.6693283112290374
-0.6727050302239755
-0.6746139416308407
-0.6749597542544102
-0.6767615337004018
-0.6773419293458574
-0.6775593794882298
-0.6775840924431881
-0.677742826131483
-0.6803560614935122
-0.6809126719417691
-0.6812436712934868
-0.6870848820890387
-0.6912813840433956
-0.6920910653716419
-0.694652333855629
-0.6959581237548264
-0.6962111321174436
-0.6965207629837096
-0.6986937715361515
-0.7014581277537217
-0.7049217492822208
-0.7125181989977136
-0.7157625167341832
-0.7165444074198604
-0.7170348817304936
-0.7172248387182157
-0.7186889233727621
-0.7190292312233992
-0.7194503193918186
-0.7206788851569096
-0.7222266134340316
-0.7290717584029254
-0.7328485408215784
-0.7342743668705225
-0.7358302850043401
-0.7436957154422998
-0.7469686913769692
-0.7490730687277392
-0.7514398586418893
-0.7568780950787186
-0.7569126901034906
-0.7583391653107745
-0.7584155479428143
-0.7611946316901594
-0.7618492011513028
-0.7629229237880701
-0.7654663841240108
-0.7654798198491335
-0.7662455585280744
-0.7669622857410223
-0.7672816045168374
-0.7681942436339947
-0.7693303006429536
-0.7694716233527288
-0.7753659128105607
-0.7775261885803452
-0.7792349267595758
-0.7798743280748438
-0.7814036693423987
-0.7820737234821232
-0.7881032927252818
-0.789349593843023
-0.7896549688386065
-0.7898891594377346
-0.7924395913723856
-0.7932039313018322
-0.7975955618574517
-0.8015153408050537
-0.8015377043380535
-0.8019378401359598
-0.8053903101577556
-0.8088079864110941
-0.8119957118178718
-0.81355441188983
-0.8172791302204132
-0.818006092662551
-0.8187390481535759
-0.8199650583555922
-0.8211734456874963
-0.8219104578878614
-0.8221890558806163
-0.8233260109089947
-0.8248085042694584
-0.8280662056058645
-0.8295892514113803
-0.8313711457885802
-0.8322450125765912
-0.8363374229520559
-0.8365871943387901
-0.8379968479275703
-0.8399643823504448
-0.8414002789391412
-0.8483452424407005
-0.8559780184129652
-0.8563072308897972
-0.8563914988189936
-0.8573247818043456
-0.8591648978181183
-0.8623953014929694
-0.8645565073404994
-0.8649381250143051
-0.8681665179086849
-0.8712373367577259
-0.872107007278828
-0.8738376591354609
-0.8743648204642037
-0.8764183431863785
-0.8786846313625574
-0.8832572105207613
-0.8853774090646767
-0.8891385105380323
-0.8912315943411419
-0.8926498390734195
-0.8949830231389829
-0.8982382752001286
-0.8996770617319271
-0.9017875497462228
-0.9024573713541031
-0.9031637211337511
-0.9081768790880839
-0.9117037497089768
-0.9151110574920577
-0.9162887960672379
-0.9195667354700466
-0.9254393625305966
-0.9255014037092527
-0.9269815865797378
-0.9309499211463844
-0.9309934636810795
-0.9336215145885944
-0.9349598083645105
-0.9413004282687325
-0.9447956085205078
-0.9466832727193832
-0.947326714793841
-0.9481501925296875
-0.9497353111704191
-0.9555144906044006
-0.9591375817370136
-0.9611391136755368
-0.9622379104839638
-0.9641446739228235
-0.9646970961226283
-0.9667550201494512
-0.9701004102826118
-0.9722757056355477
-0.9768799078374286
-0.9796624877490103
-0.9804717730730772
-0.9818515732352223
-0.9833349484463476
-0.9861048211168963
-0.9872251325286925
-0.9877479057759047
-0.9942540283198469
-0.9957486805506051
-0.99904365837574
-1.0017181185772643
-1.003811077127466
-1.0039328071953995
-1.0041351641217868
-1.010673463344574
-1.011059248716467
-1.0124908444316436
-1.0147046949714422
-1.0205752410984132
-1.021052101254463
-1.0211431740058794
-1.024652823805809
-1.0250678617093298
-1.0267618289217353
-1.028743240904684
-1.0310000032186508
-1.0312844139989465
-1.0326096445322037
-1.0341754576656967
-1.0353474087867653
-1.0415717499175419
-1.0446027016732842
-1.045426869764924
-1.0520463913679123
-1.0548358231782913
-1.0558449496340472
-1.0592901764644518
-1.0599893835606053
-1.06216587916133
-1.0633383989334106
-1.0634980767965316
-1.0650216817623004
-1.0664382427930832
-1.0665200958028436
-1.0714734501991188
-1.0718667513380449
-1.077214385359548
-1.0792749015880483
-1.0828969180583954
-1.0850540838603462
-1.0894527845084667
-1.0907065570354462
-1.0971534644486383
-1.1001439334026404
-1.104705474588887
-1.1049410539853852
-1.1134245867530506
-1.1170142302289605
-1.1170535944402218
-1.1188898216933012
-1.1192481524000566
-1.1242986633701042
-1.1305188983678818
-1.1328803427999705
-1.147405049065128
-1.1478067249991
-1.1522067318340607
-1.1675705512364705
-1.1729973024084757
-1.1737506501376629
-1.1752434770266216
-1.1813323921523988
-1.1829178143137444
-1.186663806438446
-1.1902234877149265
-1.1947742640368233
-1.1960584751278576
-1.2042915498216946
-1.2054192451760173
-1.2068217098130845
-1.2078311746673924
-1.2238885574042797
-1.230088633262891
-1.2302422242549558
-1.2305856198290712
-1.2354159448295832
-1.2383660425742467
-1.2447211345036824
-1.2455795217538252
-1.2508226888254286
-1.2526736855506897
-1.2543953657150269
-1.256338397661845
-1.2625663888951142
-1.2649146778064526
-1.272648306408276
-1.276226629884655
-1.2785884141921997
-1.284860682984193
-1.2866960215162382
-1.28873229958117
-1.2898140679113568
-1.2934589833894279
-1.2937131822109222
-1.294065058043149
-1.300330324767856
-1.3060825847621476
-1.3108776818029582
-1.3222245847185452
-1.327896624803543
-1.34125155210495
-1.3433308452367783
-1.3488836288452148
-1.3620275923537768
-1.3673860505223274
-1.371790885925293
-1.37221519947052
-1.3789206915535033
-1.3809945821762084
-1.4064505423108737
-1.4077528566122055
-1.4178832292556762
-1.4197493009269238
-1.424118382235368
-1.4346884203453858
-1.4403880077588838
-1.4450148344039917
-1.4455664892758553
-1.4524427277967333
-1.4557156569790095
-1.459843595822652
-1.4645034670829773
-1.4735916637416397
-1.477343287318945
-1.4787257760763168
-1.4917567216066852
-1.49216228723526
-1.49524488269041
-1.501550566405058
-1.5393438413739204
-1.5395352810621261
-1.6091222637915052
-1.6151327703098235
-1.6538513749837875
-1.6578898876905441
-1.6651716083288193
-1.6879482008516788
-1.699618637561798
-1.7054679602384568
-1.7241165161132812
-1.7297372119501233
-1.734167840597885
-1.7354298830032349
-1.7398609293159097
-1.7581289073762794
-1.7891901284456253
-1.79501821892336
-1.835675299167633
-1.8541831374168396
-1.859733576187864
-1.8686822205781937
-1.9495710492134095
-1.9502888792194426
-1.9652157425880432
-1.9771337832013767
-1.9980905055999756
-1.9991127252578735
-2.0201646983623505
-2.0237541464822635
-2.0362505316734314
-2.0624830238055436
-2.14145290851593
-2.15216064453125
-2.2061444520950317
-2.208117976784706
-2.2438832982443273
-2.2606114191668376
-2.281783719857534
-2.30112361907959
-2.324096441268921
-2.389044463634491
-2.4210020303726196
-2.466340720653534
-2.4942195415496826
-2.5622602701187134
-2.606889456510544
-2.607610070699593
-2.6805766423543296
-2.777751922607422
-2.8500767215155065
-2.916528364022573
-2.992448329925537
-3.0473400553067527
-3.449828863143921
-3.531141519546509
