-7.223821739898995e-05
-0.0001899417766253464
-0.00039132936217356473
-0.0006941926258150488
-0.0008742220670683309
-0.0009611179896940788
-0.001213151786942035
-0.001996427556150593
-0.003189360024407506
-0.003749476163648069
-0.003931413404643536
-0.004395769676193595
-0.013699454564630287
-0.022061742725782096
-0.022472027223557234
-0.0313281430862844
-0.03457287370692939
-0.0362666929140687
-0.05130347455916409
-0.05319601535302354
-0.07188765495084226
-0.08793232434739669
-0.09286812750506215
-0.0971180435270071
-0.09865988671247448
-0.10512122739455662
-0.10622226633131504
-0.10748859872378838
-0.11273936597197982
-0.1336567280943402
-0.137193861288122
-0.14160590433311881
-0.144323151982722
-0.14964433377608657
-0.1551295816898346
-0.15532754921150627
-0.15851044654846191
-0.15868304059323338
-0.1596902529709041
-0.1633779783733189
-0.16418757830979303
-0.16491629847307473
-0.1665916532947449
-0.18071129234423014
-0.18162476120050997
-0.1820860014607509
-0.18238487467169762
-0.1834599041379988
-0.18355342800662452
-0.1860895477111626
-0.18812023980232576
-0.1882569522713311
-0.19221042478457093
-0.1944538695650408
-0.1946326293665069
-0.1982760285187898
-0.1993284021631222
-0.19946633686777204
-0.19981204679137782
-0.19988434789702297
-0.21255857643619594
-0.2143062320122096
-0.2151509401716154
-0.2158416419988498
-0.22000914777163416
-0.22034530946984887
-0.22071575871668755
-0.2221386559182205
-0.22340245747232232
-0.2250931824615691
-0.22770512686111033
-0.22880974202416837
-0.2342907055746764
-0.23460486041689624
-0.23716400996984346
-0.24072694739152212
-0.24251012092766663
-0.2494423519819975
-0.2500248526885116
-0.25247026830911634
-0.2525093868567512
-0.25294084576889875
-0.25644058046715434
-0.25757783534105066
-0.2581705847088332
-0.2585490479832515
-0.2605629756581038
-0.2608495093882084
-0.26086260001722944
-0.2634301050566137
-0.26709986315108836
-0.2690090844494989
-0.2690160185943737
-0.2697686920873821
-0.27117491443641484
-0.2745721697683621
-0.274582665025567
-0.27504271675072806
-0.2758357954610671
-0.27713606029283255
-0.2782931983994786
-0.27836150396615267
-0.2784119569696486
-0.2820259511063341
-0.2862371788494504
-0.28643525219522414
-0.28804412679011493
-0.2885099588375952
-0.2892940220888704
-0.28969769739342155
-0.2913293659221381
-0.29587607645225944
-0.2961776000946494
-0.2987144300248474
-0.29933344939797135
-0.30125884462476654
-0.30375848513924414
-0.30490517026919406
-0.3049866948065094
-0.30550330738948944
-0.3071183857197563
-0.30825053798907903
-0.30918656289577484
-0.3112981850022657
-0.31152255888030467
-0.31289860802806085
-0.3138434317162527
-0.3139601504430175
-0.31402566634804113
-0.31427116702252533
-0.3144220199416547
-0.31482339174726803
-0.31507091217843647
-0.3153622461783622
-0.31571892067170537
-0.31601633336395024
-0.31632141675703074
-0.31677082474925555
-0.3185794062446803
-0.3187679083704198
-0.31923193894326685
-0.3201143502956256
-0.32199586807982994
-0.32227834122871474
-0.3227239679089204
-0.32301438275608235
-0.32449094199442435
-0.3265017486454991
-0.33054682141325126
-0.3305820294825191
-0.33084736461751163
-0.3342126151789368
-0.334856167382289
-0.3366413720151676
-0.3368050458666403
-0.33687465769859654
-0.3401649951701984
-0.3438481789344223
-0.3444147929549217
-0.34459940767847
-0.3454848193667001
-0.34688071614558186
-0.34959738729521633
-0.35043835140661234
-0.3518627699704666
-0.35263963648187063
-0.35277752662077544
-0.3535825148849797
-0.3544698310084641
-0.3546373906685039
-0.35469184167838347
-0.35529519501142204
-0.3561900561823374
-0.35641246985178443
-0.3573660250985995
-0.3599714169278741
-0.36063174492058653
-0.3659962137333221
-0.3692168118643828
-0.3713365314062685
-0.37423544106007156
-0.3747560019401135
-0.3753520722190539
-0.37581436211864155
-0.37587924748659135
-0.37645264751174384
-0.3768908053636551
-0.3771943014675344
-0.3794566720316652
-0.37956878836266694
-0.3800899321831821
-0.3805662720988039
-0.3812498446786776
-0.3818095975012208
-0.3819009842351079
-0.3835966130718589
-0.38363062746066134
-0.38518205285072327
-0.38524242568845773
-0.3862538335379213
-0.3872375620574328
-0.3873422086908249
-0.3877806075848639
-0.3894668882712722
-0.3906396568490891
-0.3910260238578
-0.39112821593880653
-0.39127436574199237
-0.3916381130962131
-0.3922517389059067
-0.3942739109599801
-0.3952369932770072
-0.39528223425149916
-0.39536145587529364
-0.3954458090646023
-0.39587796989103985
-0.39667875024024396
-0.39767741192526257
-0.3977991611463949
-0.3995546101941727
-0.4012237927213741
-0.4023576002173985
-0.403665840276517
-0.40425688753436717
-0.4042591868589322
-0.40474477196112274
-0.40510192259214817
-0.40634079047179383
-0.4084211563225836
-0.4120318688292173
-0.4141670568432245
-0.4142629079753533
-0.4147034265100956
-0.41587078021839263
-0.4170718430024054
-0.4186808006634237
-0.4191552836240994
-0.4200634386623278
-0.42225010092370213
-0.4227220749016851
-0.42296266635983354
-0.4232191111477732
-0.42395663224160673
-0.4240348235180136
-0.4251735623526786
-0.425299554807134
-0.43006802959134804
-0.43203569841127665
-0.4327062919354913
-0.43329566800966857
-0.433752114106901
-0.4344224658284691
-0.4350085682235658
-0.4353330417458589
-0.4364761331817135
-0.4370428275316954
-0.4387175964324602
-0.438775035317771
-0.43923352581138414
-0.439594620311982
-0.4406037328299135
-0.4411501996219158
-0.4436798397348159
-0.44448129708568257
-0.4447339251637459
-0.44549959008581935
-0.44694931129924953
-0.4474564765999094
-0.4482923997566104
-0.4504156866678386
-0.45142389053049
-0.4516240423803942
-0.45205737587530165
-0.4524778723458035
-0.45251629350241274
-0.4529767822474241
-0.4558847934007645
-0.45769725437276065
-0.4579821587595645
-0.4580849194233971
-0.46050926340588677
-0.4634473582425724
-0.4644443321973085
-0.465088531070958
-0.4672558059834916
-0.46885398133657874
-0.4695513710612431
-0.4712992541268856
-0.4713048133999109
-0.47176415133955224
-0.4718060274375603
-0.4719093271664211
-0.4730470799840987
-0.47318209252116505
-0.47550245269667357
-0.4763422530144453
-0.4779554343678885
-0.47858942115999525
-0.4808409672230482
-0.48096268776571377
-0.48188408588369686
-0.48238049085355467
-0.48241303507238625
-0.4830082812695764
-0.48396541071789606
-0.4844674410091506
-0.4868593607097864
-0.487038903326417
-0.48736294683185405
-0.4902346204949676
-0.4902441455970371
-0.4902603918065627
-0.49393532767426224
-0.49628349528130555
-0.496299684047699
-0.496522427018499
-0.5005358354582523
-0.5007214477608124
-0.5008757564937696
-0.5028218392282724
-0.5028738387860358
-0.5042289930085341
-0.5056406364569234
-0.5072921384791178
-0.5096704351664003
-0.5102203052956611
-0.5142577693797648
-0.5145577179112782
-0.5151393587390581
-0.5154988594268534
-0.5162987262010574
-0.5163882511357466
-0.5164442303486996
-0.5174966882914305
-0.5184494916611584
-0.5194628200260922
-0.5198855593771441
-0.5201231447729067
-0.522365881750981
-0.5237063740612939
-0.5248871034855256
-0.5265715010131576
-0.526657950390862
-0.5274964964815548
-0.5275737615302205
-0.5288795376462596
-0.5306336235255003
-0.5330503024160862
-0.5383224795971598
-0.5418835814110935
-0.5422360778320581
-0.5448479485639837
-0.5471262235482249
-0.5482470010303788
-0.5494272217287549
-0.5509750859152215
-0.5513546007374922
-0.5515457857723555
-0.5521905139787122
-0.5537803306477145
-0.5539152823787715
-0.5553346302622231
-0.5556796359596774
-0.5557840077672154
-0.5572386912303046
-0.5574296972015873
-0.5577077434398234
-0.5588984533460462
-0.5605871939100325
-0.5609159185551107
-0.5614043691505989
-0.563358573243022
-0.5654935774703821
-0.5664663157852677
-0.5677817716227415
-0.5704281122556755
-0.5724513970813455
-0.5727036733180284
-0.5759012803435326
-0.5772891252767295
-0.579196780299147
-0.5792659328319132
-0.5801865852304867
-0.5811014289036394
-0.5836529162091514
-0.5839421269483864
-0.5867014032191946
-0.5883512252143451
-0.5888159482909198
-0.5892241143272259
-0.59264566370153
-0.5939205586910248
-0.5943433482732091
-0.5956332379893865
-0.5962712795007974
-0.5964040373452008
-0.5971331583069903
-0.6009413504041732
-0.6013470165198669
-0.6030951198190451
-0.6045801936027905
-0.6047224129317328
-0.6068060652236454
-0.606811860576272
-0.6068743913900108
-0.6069541724573355
-0.6098001689650119
-0.6103043630719185
-0.6110806558281183
-0.6138215607165226
-0.6139918092521839
-0.6152369284071029
-0.6153167615541153
-0.6163874146425061
-0.6169002457390889
-0.6175321787595749
-0.618993291631341
-0.6190832473337651
-0.6194052394479513
-0.6195553911384195
-0.6198985265301806
-0.6199464856513909
-0.6206743959337473
-0.6210919199810532
-0.6220575167487065
-0.6231883860060147
-0.6235933545976877
-0.6243979345474925
-0.6284629367291927
-0.6285758398266302
-0.6286177296812335
-0.6308805914595723
-0.6311900277796667
-0.6315620594134088
-0.6316757079746042
-0.631921056531913
-0.6342987295772348
-0.6348400249605349
-0.6355386422100392
-0.6365595199167728
-0.640406801054875
-0.6412841140603026
-0.641959342174232
-0.6448742832661891
-0.646969695109874
-0.6501805076312105
-0.652588989585638
-0.6549658081494272
-0.6559823280200362
-0.6602971981364217
-0.6603950891294517
-0.662386393041483
-0.6644938066601753
-0.6646883331239224
-0.6651782401992629
-0.6665705163031816
-0.6742909665335901
-0.6743595295896133
-0.676596199569758
-0.677711585270507
-0.6781519073992968
-0.6809600043509688
-0.6834924927014592
-0.6858099931851029
-0.6864559073001146
-0.688876299187541
-0.6900302417634521
-0.690766878426075
-0.6925245936959982
-0.6965084443134921
-0.6965233586795095
-0.6973257675766945
-0.6976736404001713
-0.6999344941228628
-0.7005301400398215
-0.7013104257639498
-0.701490535359231
-0.7028217441402376
-0.7039472803473472
-0.7085486655123532
-0.7087257881648839
-0.7092613489367068
-0.7104589069883028
-0.7139140417178472
-0.7154911781350771
-0.7169056148268282
-0.7225285580692192
-0.7244497453793883
-0.724607887522628
-0.7264420469728066
-0.7266148519935086
-0.7267448234682282
-0.7275970668531955
-0.729478288453538
-0.7316743958508596
-0.7322513005541017
-0.7335425522178411
-0.735482269898057
-0.7365359772617618
-0.7369121611118317
-0.7382826930843294
-0.7388277389109135
-0.7393929807262288
-0.7397544320750361
-0.7494802945958716
-0.7544862297363579
-0.7559378216974437
-0.756030882243067
-0.7596040914456049
-0.7618450921339294
-0.7621152466163039
-0.7630231978061298
-0.7692697910792453
-0.7714667445980012
-0.773874401114881
-0.7746600920334459
-0.7750152120263212
-0.7764051829775175
-0.7771000560373068
-0.7772055698558689
-0.7774077343444029
-0.7785279685864225
-0.7842379090272718
-0.7847137806626657
-0.7886417409754358
-0.7904198403994087
-0.7907363036647439
-0.7922085475708757
-0.7926915581338108
-0.8003921881318092
-0.8009194619953632
-0.8015105210555097
-0.8082342421015104
-0.8112776329120001
-0.8129485895236334
-0.8175522723468021
-0.8195850133895874
-0.8204082190059125
-0.8234085839552184
-0.8235602471977472
-0.824252181686461
-0.8245169394649565
-0.826867508663175
-0.8299851268529892
-0.8317021081553927
-0.8380454778671265
-0.8392687729201498
-0.8418519562110305
-0.8444521722849458
-0.8475811630487442
-0.8513756447604724
-0.8570972714573145
-0.8619828162093958
-0.864695378858596
-0.867326142732054
-0.8698778709263674
-0.8720891177654266
-0.8750391331268474
-0.8750454848632216
-0.8777150371008449
-0.8864067743221918
-0.8891682235524059
-0.8913967174788316
-0.8942112416028977
-0.8963982970453799
-0.9039456322539731
-0.9048350155353546
-0.906170204281807
-0.9062252170406282
-0.9143760213628411
-0.917756699025631
-0.9198293955996633
-0.9206419944763183
-0.9271857976913452
-0.9300004003120453
-0.9326682994142175
-0.9370686975307763
-0.9379213750362396
-0.949574202299118
-0.9522566043771803
-0.9572198867797852
-0.9798833727836609
-0.9808718964457512
-0.9906264512489239
-0.9992114724764178
-1.0015085893017905
-1.0022407571474712
-1.0086675088852644
-1.0095470123400445
-1.0149190306663514
-1.0159758627414703
-1.0166728049516678
-1.0254101157188416
-1.027458390155516
-1.032921333021174
-1.0361315469878416
-1.036699288835128
-1.0396437287330627
-1.04092083904834
-1.0418048277497292
-1.042579472064972
-1.0445940867066383
-1.0459831241314532
-1.0470444448292255
-1.0561635479331017
-1.0606008343398572
-1.060601967573166
-1.0613682468732197
-1.0643208225568135
-1.0734060175193008
-1.0800644645059947
-1.0819010794162751
-1.1007632153108715
-1.1031789183616638
-1.1071227351669222
-1.122683808808991
-1.1232782907260117
-1.1324969331423442
-1.1466562976129353
-1.1503473674990043
-1.1539504900574684
-1.1626475130518277
-1.1667833836749195
-1.1675817382056266
-1.169616634346312
-1.170726353302598
-1.1757500860840082
-1.1913748105871491
-1.202453063800931
-1.2101296484470367
-1.2138530579395592
-1.2138746473938227
-1.2157682441174984
-1.216923246299848
-1.2206249729497358
-1.2436520932242274
-1.2438623905181885
-1.2527042503158252
-1.252724701378611
-1.276857148623094
-1.2972389335433643
-1.3032948337495327
-1.3202353864908218
-1.3269071181615193
-1.3314953446388245
-1.3369946515886113
-1.3423090344294906
-1.3451578219731648
-1.3556168554350734
-1.359805531334132
-1.361474295457204
-1.3657722771167755
-1.367378026402245
-1.3726216801442206
-1.3755256161093712
-1.3834604360163212
-1.3943518338104088
-1.4069842398166656
-1.410792201757431
-1.4230476273223758
-1.4383895595868428
-1.4411022998392582
-1.4416166692972183
-1.458929682771365
-1.4627010513941059
-1.4633822570322081
-1.4642795952192198
-1.4674267768859863
-1.5183418356900802
-1.5197551211663267
-1.5244268849492073
-1.531507248679797
-1.540561102796346
-1.5422624482307583
-1.5425645783543587
-1.5508111098315567
-1.5714174229263638
-1.5874808033307393
-1.594679594039917
-1.599049188196659
-1.640655693539884
-1.647849977016449
-1.6532987728714943
-1.6720994489296572
-1.6849884589513142
-1.6884580136587222
-1.7122635354899103
-1.7125561833381653
-1.7153839399979915
-1.7169663215754554
-1.7202221006155014
-1.7413848986228306
-1.746164528769441
-1.7601623336474101
-1.7712518870830536
-1.7753578424453735
-1.7980908527194213
-1.825224757194519
-1.8487264886498451
-1.8598344673713048
-1.865249127149582
-1.9020597152411938
-1.9054813385009766
-1.9074883342836984
-1.9148097932338715
-1.916745275259018
-1.92563346773386
-1.927365392446518
-1.9378601816715673
-1.970048762857914
-1.9830758187017636
-2.0293411761522293
-2.0457550287246704
-2.053134173154831
-2.0539470445364714
-2.0567831030736365
-2.0993359088897705
-2.1192813515663147
-2.1278262734413147
-2.134477830880011
-2.1428040862083435
-2.1463803031947464
-2.152166858315468
-2.1540546491742134
-2.1946177276064796
-2.195490874350071
-2.206830558134243
-2.2102710207303367
-2.226296544075012
-2.256896515376866
-2.2856077033793554
-2.2897880474726358
-2.3133171051740646
-2.3215861320495605
-2.357649087905884
-2.377962615340948
-2.42093226313591
-2.4276247024536133
-2.4559554112299034
-2.493375221888224
-2.516346951636175
-2.556145083003988
-2.566128969192505
-2.5734140500426292
-2.5989500558644067
-2.665508933767948
-2.7414602890300253
-2.743343085050583
-2.7567615509033203
-2.776376817491837
-2.787744402885437
-2.8171262741088867
-2.830715207164758
-2.85861163623728
-2.863323380239308
-2.959480223013088
-3.0075087643538914
-3.0588480638786373
-3.073092127412868
-3.1785528659820557
-3.1795685291290283
-3.2260782718658447
-3.369418724672869
-3.5226882905699313
-3.561879261629656
-3.5846970081329346
-3.6140378923155367
-3.6715918963600416
-3.746902108192444
-3.912980929715559
-4.016741164959967
-4.10601697023958
-4.129806376062334
-4.163276413863059
-4.1755495762918144
-4.223797917366028
-4.314875185140409
-4.451748609542847
-4.527836850495078
-4.623824098292971
-4.639328455319628
-4.711761708793347
-4.815907411451917
-4.872286295285448
-4.941108184924815
-4.954226478934288
-5.0061103766201995
-5.0682041602703976
-5.093430904613342
-5.099665622110479
-5.126071891907486
-5.195153542794287
-5.267429877596442
-5.271435838076286
-5.410793242044747
-7.642908573150635
-8.099788665771484
-8.512418746948242
-8.771228790283203
-9.263526916503906
-9.669866561889648
-10.687557220458984
-12.419598579406738
