-0.0033806853520218284
-0.004027358838357031
-0.006642711620467405
-0.00924236886203289
-0.010592023065934578
-0.013678744435310364
-0.028877277858555317
-0.030415305169299245
-0.030497137922793627
-0.031057996558956802
-0.03176155447727069
-0.031859486896012514
-0.03643661827368305
-0.039922493820389114
-0.048965046531520784
-0.06902034766972065
-0.06993187040401001
-0.08267591294134036
-0.09580152062699199
-0.10878884932026267
-0.10974346596291677
-0.110316994599998
-0.11499409005045891
-0.11644252727273852
-0.1346858996964459
-0.15199538709670637
-0.1561154997907579
-0.1670171464793384
-0.17124095986946486
-0.17206686649781963
-0.19264272414147854
-0.19414176218075832
-0.19815480115357786
-0.20081727409269662
-0.2091839545652571
-0.2136298380792141
-0.2142604227676202
-0.21457726060398272
-0.21494306727763615
-0.22483089953473406
-0.225213917444853
-0.2264528292257132
-0.22699224762618542
-0.22863971952392603
-0.2324878965737298
-0.24025427605956792
-0.24188012427960834
-0.24234865706828368
-0.24355093198973918
-0.24792455302068608
-0.24833275595058998
-0.2503561690306621
-0.252123433778858
-0.25245094712382915
-0.25418042194080326
-0.2548512447152461
-0.2554479166865349
-0.2557627364165253
-0.2592103139355054
-0.26000069081783295
-0.26763758381518227
-0.2689350022003055
-0.27004730319647396
-0.271078890396489
-0.2718896412200896
-0.2725007527945403
-0.27261797347058414
-0.27579954992979766
-0.2810511460057959
-0.2813617875457883
-0.28267446410940134
-0.2837491163960658
-0.28505424987524747
-0.2851300639326487
-0.286080049991142
-0.28717066650278866
-0.2871739258262096
-0.2880486597798728
-0.2895397096500447
-0.29329350700676776
-0.29460077736824614
-0.29474638675401366
-0.29792873867861797
-0.29824562010140526
-0.2989840393520667
-0.3011659918149235
-0.3026899991025196
-0.30348668780944926
-0.3041068448520188
-0.3083302538952921
-0.31221436970634386
-0.3133632336226023
-0.31341622231993826
-0.31593832126210536
-0.3168261903677679
-0.31719461492393747
-0.31787078526758705
-0.3180677675242935
-0.31848107747500765
-0.3189499780791165
-0.3219058747323288
-0.3225502885485184
-0.32261753347702327
-0.3250433465297895
-0.32742219556384955
-0.32831823204954463
-0.32834624348591507
-0.329993546328946
-0.33036610934222055
-0.3310826600645669
-0.3321439848582183
-0.33284649346605877
-0.3330464168393519
-0.333992856743169
-0.3343009890607694
-0.33483966793864967
-0.3350438429042697
-0.3353932210244238
-0.3372042678030474
-0.3380919383722357
-0.33845238810005995
-0.33858409019449026
-0.33952697821951006
-0.34116672637451084
-0.34155975123576354
-0.3446174731140706
-0.34530035983771085
-0.34647065340541305
-0.34744211417958415
-0.34754453767091037
-0.34926823791848666
-0.34951963258898006
-0.34993464860726026
-0.3506046461989172
-0.35222280733287337
-0.35273604702670125
-0.3532187823827068
-0.35346125531305006
-0.3540094528730993
-0.3542201293998265
-0.35551013867370784
-0.35578602735352305
-0.35685195881524123
-0.3573507451073965
-0.3576369106594939
-0.3586733864634378
-0.3591516302632434
-0.35957160975002417
-0.35980431782081723
-0.36031486673857127
-0.3604201903686367
-0.36106618121266365
-0.36263158433139325
-0.364139829865147
-0.3644167263060808
-0.36456195389231044
-0.36464458750790646
-0.36527443455997854
-0.3671212277811719
-0.3673412187668469
-0.3673757729478754
-0.36925058577916764
-0.36950439229258336
-0.37017639597009594
-0.3701999320016642
-0.3750006570591636
-0.37621696050544934
-0.37662349755151403
-0.37742306892115657
-0.37783280612694353
-0.37809160932859714
-0.37843684235122055
-0.3789042513817549
-0.3796941525118503
-0.37984475772827864
-0.3800338658577487
-0.38046593994173844
-0.38320091290474273
-0.38469425039228455
-0.38574535194493365
-0.38585187525152126
-0.3866590269817607
-0.38710232921876014
-0.3879041728921168
-0.3883366433045694
-0.3896147265498127
-0.3910590833485393
-0.39109785854816437
-0.39122422427780373
-0.3913009458731668
-0.39135145983230113
-0.39158495532885557
-0.3916102152791361
-0.39170984489222366
-0.39330977415998597
-0.39373567220249434
-0.39407256511428085
-0.3950439885070193
-0.3958608041284606
-0.3967387835894312
-0.39706120482542945
-0.39758940832689404
-0.3978674092019598
-0.3978848416649271
-0.3992891495407093
-0.4001250386419997
-0.40252046960767984
-0.40298829150075716
-0.4031926597845519
-0.40336298905313017
-0.4046739882629481
-0.40531554695480737
-0.40552072118152865
-0.40558113493025305
-0.4058800896940132
-0.4069488154990332
-0.40769662023133907
-0.4087251625023782
-0.4087848386960104
-0.40882860496640205
-0.40963103929025235
-0.4109933230603296
-0.4111724995300392
-0.41171530168503523
-0.41336050163954496
-0.41368920069172693
-0.4155593512579799
-0.41697505124708795
-0.4185847756743897
-0.42023308060724957
-0.42032939571799943
-0.4213495247240644
-0.4220651479679873
-0.42262432106266107
-0.4229561592090047
-0.42367394858350355
-0.424235269613564
-0.4245846386766061
-0.4255660447480085
-0.42602933378657326
-0.4279075380828645
-0.4291663843905553
-0.42973715614957303
-0.42993205902075715
-0.4304652964033027
-0.43048545712517805
-0.43054640722564524
-0.4307491213083267
-0.4316727728463858
-0.4318126582301749
-0.4325022598761734
-0.4337754068430513
-0.4344703678798396
-0.43503787026729696
-0.43680182275258833
-0.43703725521585773
-0.4374463166750502
-0.4375926490756683
-0.43800060136397534
-0.4382669063551085
-0.4391088195843622
-0.43937998534076744
-0.4396728138821905
-0.4401584879444272
-0.4403752939655937
-0.44199558157261515
-0.44229993550106883
-0.44247037623499635
-0.4442407553271753
-0.4451024239882827
-0.44581080973148346
-0.44630004221873704
-0.44631799089165725
-0.44703384799261886
-0.4472928413160844
-0.44977860152721405
-0.4501971859484911
-0.4502263218164444
-0.4507088241080055
-0.45127147788298316
-0.4514015563254361
-0.4519833438389469
-0.4520147060196477
-0.4531122501939535
-0.45319278676631963
-0.45410199814404434
-0.45419707811541027
-0.4542364301014459
-0.4542642132328183
-0.4556968560325913
-0.45602305303480917
-0.45712841975524926
-0.46017442792516605
-0.460490423347801
-0.4614128301618621
-0.4618742956453288
-0.463189690393587
-0.4635803474957356
-0.4648108370602131
-0.46512414755933507
-0.4652502005285189
-0.465890183158788
-0.4661871738887082
-0.46650484626491867
-0.4665274596773088
-0.4672005718259445
-0.4683872513473034
-0.46844806601958616
-0.46915087771291536
-0.4702918313523696
-0.47089828574098647
-0.4716182767697319
-0.475218330944497
-0.4755042247474194
-0.47618985548615456
-0.47725693238899114
-0.4773377451217837
-0.47794946250949233
-0.4788541965452688
-0.4790899321799063
-0.48069485001421225
-0.4811537295031135
-0.4823688883334398
-0.4824694690372174
-0.4829905716663537
-0.4838077165186405
-0.4855730453079256
-0.48569247955456374
-0.4860132052563131
-0.48677613846957685
-0.4875556674863522
-0.4882733641813199
-0.4885082512886988
-0.4895557451618515
-0.4901431060085694
-0.490919521311298
-0.49157869834452866
-0.49214368988759816
-0.49230985899115554
-0.4926123245619237
-0.49355235215702314
-0.4961166192467014
-0.49901446029707586
-0.5016369006286064
-0.5029929787463819
-0.5031625595875084
-0.5047054037758143
-0.5051062543025182
-0.5056174360215664
-0.5102163659674781
-0.5106049505993724
-0.5112401764839888
-0.5120599980333022
-0.5123999727889895
-0.5124957449035719
-0.5129968915682506
-0.5146680785401259
-0.5153176128467749
-0.5160519903991372
-0.5161169596482068
-0.5175957480321813
-0.5201451703200292
-0.5208879854326369
-0.5209081864782742
-0.5211956118574663
-0.5222250408707902
-0.5229698403438507
-0.5232752876763698
-0.5249611868736489
-0.5273999502190306
-0.5277062696513894
-0.5282650301232934
-0.5287846261635423
-0.5295296361243041
-0.5323108497541398
-0.5336573256229583
-0.5363767817616463
-0.536713951348146
-0.5374989937990904
-0.5375848595077304
-0.5380552266142331
-0.5388658003676028
-0.5398464136696103
-0.5400646200308984
-0.5401379702379927
-0.5405445437587332
-0.541758782504985
-0.5419545182337363
-0.541977780032903
-0.542838153615594
-0.5429556801973376
-0.5431131129851565
-0.545015188283287
-0.545897354837507
-0.5461817437317222
-0.54714734852314
-0.5480868051656418
-0.548328747972846
-0.5500477717258037
-0.5501080211917204
-0.5519927598070353
-0.5527237696547268
-0.5531042717862874
-0.5538547879938657
-0.5541409588019762
-0.5553757759431998
-0.556296119854475
-0.5579593954462325
-0.5581797882914543
-0.5585249289870262
-0.5594204818674674
-0.5598017348841365
-0.5606491851309935
-0.5607117734849453
-0.5608635821845382
-0.5611456133425236
-0.5611573205225997
-0.5613542382663581
-0.5616067811587038
-0.5621259593005691
-0.5633719906889548
-0.5647498183952848
-0.5650908807197993
-0.5656338269356638
-0.5656586473050993
-0.5668848514556885
-0.567867356662949
-0.5686800698240404
-0.5694282349598195
-0.5702935801818967
-0.5704067761078477
-0.5705864112824202
-0.5712096747426282
-0.5726373091340065
-0.5730060825590044
-0.5732664430106524
-0.5734175877878442
-0.5771243923033277
-0.5777838239322591
-0.5782942835241556
-0.578300554305315
-0.5795801318664517
-0.5796070009140143
-0.5799286843587955
-0.5803922456798318
-0.5809219856746495
-0.5809907008078881
-0.5811529936867633
-0.5814056054999431
-0.5819289665669203
-0.5828466601669788
-0.583120129071176
-0.5832605663842211
-0.5837851402611705
-0.5857978506579197
-0.5861454692914978
-0.5862666975706816
-0.586301985308707
-0.5890279922227819
-0.5900522439587803
-0.590303726095174
-0.5915170442728291
-0.5923320110887289
-0.5939681515363711
-0.5949415339156985
-0.5951639700797386
-0.5952590454253368
-0.597090761738299
-0.5972238437998385
-0.5972250352497213
-0.6013399322400801
-0.6013827180057498
-0.6023522943258286
-0.6036064602833774
-0.6036401514041548
-0.6038060524345686
-0.6047163231414743
-0.6050761168129005
-0.605498869670555
-0.6087501863283771
-0.6106759111280553
-0.6139573166146874
-0.6146306772716343
-0.6148324550853835
-0.6156051674857735
-0.617483367677778
-0.6220618831381822
-0.6225110246284332
-0.6235820066982082
-0.6245447684195824
-0.6246003269334324
-0.6263067709902922
-0.6268888214884404
-0.6276996286120266
-0.6294420889268318
-0.6299376540118828
-0.6320815102662891
-0.6358698911499232
-0.6375323354732245
-0.6382252852365907
-0.6398556623607874
-0.6407691292863872
-0.6446223761886358
-0.645740057186534
-0.6459878092427971
-0.6466067051514983
-0.6484169760595251
-0.651153138052905
-0.6531173413619399
-0.6533794115763157
-0.6541914064437151
-0.6557292230427265
-0.6558296801522374
-0.6562497334865233
-0.6571727927242007
-0.6577689476311207
-0.6582865475211293
-0.6598608861168032
-0.6613989880840693
-0.6664247711499532
-0.6688553869724274
-0.6688872415572404
-0.6689000651240349
-0.6693576263884703
-0.6707205771569782
-0.6707682547469934
-0.6709541836629797
-0.6716716521602523
-0.6732152977280996
-0.6734095097183146
-0.6735097363384234
-0.6752379114429156
-0.6770762804274758
-0.6803297758102417
-0.6848934978246689
-0.6863732705047975
-0.6865107795844475
-0.6887303031980991
-0.6890343585982919
-0.6897940175840631
-0.6905425772070884
-0.6935844998806715
-0.6940427472415779
-0.6951360795646906
-0.6956403236836195
-0.6963020697502154
-0.697494269348681
-0.6980353032413404
-0.6994789159856737
-0.7016441278159619
-0.7022989738200393
-0.7057395617788037
-0.7062224249045054
-0.70636041808757
-0.7065973201824818
-0.708675749716349
-0.7116669423412532
-0.7119704276323319
-0.7124532227005277
-0.7125286612194032
-0.7152908153033682
-0.7156477619760803
-0.716255034506321
-0.7206803783774376
-0.7225794643163681
-0.7231386058653394
-0.7270286897463458
-0.7281415848327535
-0.7303877481725067
-0.7308445347705856
-0.7361526019230951
-0.7385010756552219
-0.7388334353454411
-0.7412730499834197
-0.7416167721152306
-0.7454919952899217
-0.7476703080659112
-0.7504029845197996
-0.7553333770483732
-0.7620411038398742
-0.7633723232895135
-0.7646161916665732
-0.7657363631296903
-0.7716506712604314
-0.7730953486636281
-0.776687711593695
-0.7776248385877503
-0.7780556976795197
-0.7825390749881493
-0.7871063350801044
-0.7913311322530111
-0.7918757639825345
-0.7923561458786329
-0.7924568887489537
-0.7936172213937555
-0.7961478222860023
-0.7980149739887565
-0.79813886868457
-0.8032045536674559
-0.8096187207847834
-0.8135856933658943
-0.8145229804019133
-0.8152714222669601
-0.8168922315041224
-0.8182546054944396
-0.8185783002525568
-0.8191641622356006
-0.8224410203595957
-0.8312527567148209
-0.8369651310301075
-0.8382073305547237
-0.8405451506841928
-0.8491264792624861
-0.850352244079113
-0.851267317426391
-0.8538267952487028
-0.8544672727584839
-0.8546669003553689
-0.8563077475992031
-0.8625060021877289
-0.8629626951180398
-0.86507707554847
-0.8670264316412309
-0.8704095128923655
-0.8726151987910271
-0.8728614810388535
-0.8815993902486904
-0.8835956994444132
-0.8901351368209968
-0.8941467750817538
-0.8943831674162842
-0.895886891728474
-0.8999463360911856
-0.905096726771444
-0.9064920976758003
-0.9076983399689198
-0.9093547649681568
-0.9163817157968879
-0.9203075312078
-0.9212872187296549
-0.9230395659978967
-0.9280888829380274
-0.9326620370149612
-0.935711570084095
-0.9369134816030661
-0.9409568272531033
-0.9545014369068667
-0.9582606490908397
-0.95925237548848
-0.963616389160355
-0.9760961963795125
-0.9764249138534069
-0.9817543618381024
-0.993728973592321
-0.9974045660346746
-1.0048221595585347
-1.005873522721231
-1.0070789925754071
-1.0090267956256866
-1.0199910357869157
-1.0204463601112366
-1.0211285600671545
-1.0221076771777007
-1.026846039807424
-1.0348458861311276
-1.0407635550945997
-1.0443790316581727
-1.0459714636672288
-1.047922282712534
-1.0491032235324382
-1.053736254759133
-1.0541301183402538
-1.0564937710762023
-1.065337963285856
-1.0744576826691628
-1.076514975947551
-1.0781838670372963
-1.0789584632962943
-1.0917720645666122
-1.0941255576908588
-1.0964626733766636
-1.0968960517396529
-1.1047830451279879
-1.1061774930916726
-1.119174272287637
-1.1605661710103352
-1.1634333121279876
-1.1722279459645506
-1.1784617180625598
-1.1846612021327019
-1.194028302282095
-1.1974778147414327
-1.2015189317365487
-1.2054836133805413
-1.2122813165187836
-1.216095515837272
-1.216618336737156
-1.2325628772377968
-1.2374448608607054
-1.2451614623423666
-1.2518722390135129
-1.2539222950581461
-1.2555627226829529
-1.2580817823763937
-1.2820013538002968
-1.2853671709696453
-1.285409189760685
-1.286259859567508
-1.2865830091759562
-1.2901230454444885
-1.2983853382989765
-1.3011648093815893
-1.311262386540572
-1.3162885778583586
-1.3205637903884053
-1.3252271855599247
-1.328421858449777
-1.3619455599691719
-1.3716548313386738
-1.3754120841622353
-1.4001241436926648
-1.4034372079186141
-1.4251126447692513
-1.4379683971249808
-1.4542957432568073
-1.4600342710812886
-1.4613716093202431
-1.5161572508513927
-1.5219483772913616
-1.5426841275766492
-1.5497913360595703
-1.5503890858963132
-1.5710053644143045
-1.5715607330203056
-1.587092638015747
-1.597504124045372
-1.5993480831384659
-1.6033801292069256
-1.6368469441658817
-1.642994359601289
-1.6560441749170423
-1.6655451143160462
-1.6717153638601303
-1.7437651604413986
-1.7467325429121654
-1.7484711408615112
-1.8335643857717514
-1.8810263279204567
-1.8948903977870941
-1.957355558872223
-1.9578550457954407
-1.971701241331175
-1.9754310188194115
-1.9932675659656525
-1.9983426232356578
-2.009674009711792
-2.0242702960968018
-2.044798009097576
-2.0508042573928833
-2.0562242195010185
-2.0704836705699563
-2.1048928550444543
-2.1071921288967133
-2.1583091020584106
-2.2126429235407463
-2.228876412846148
-2.2917656103769937
-2.3004688024520874
-2.3010596185922623
-2.3071676194667816
-2.3526422772556543
-2.367568850517273
-2.445986360311508
-2.5039212703704834
-2.5500863268971443
-2.5794231952168047
-2.6294970512390137
-2.7043262843508273
-2.712934508919716
-2.7560156598337926
-2.820260062813759
-2.838804006576538
-2.85762262577191
-2.867487668991089
-2.870491007963816
-2.9097549319267273
-2.916289809625596
-2.9644334681797773
-3.032107235456351
-3.1940031945705414
-3.4210461378097534
-3.4332685470581055
-3.5765818475338165
-3.6164594888687134
-3.7303002774715424
-3.9141529258340597
-3.930933848838322
-4.782400131225586
-5.867861747741699
-5.999341011047363
-6.5857014656066895
-6.661980152130127
-6.7239813804626465
-6.92630672454834
-6.9280314445495605
-7.006609916687012
-7.1347784996032715
-7.2861104011535645
-7.558751106262207
-7.658133029937744
-10.170461654663086
