-0.011826991103589535
-0.12064482431742363
-0.2796780951321125
-0.4136502118781209
-0.42094055698180455
-0.4576157936438297
-0.4621516069358525
-0.48785246510912356
-0.49582070265023503
-0.5051213229075074
-0.5118409229390737
-0.5153784500434995
-0.5261655724917849
-0.5331539648032049
-0.5337932725872278
-0.5375011612237098
-0.5424483241139652
-0.5463162231672969
-0.5465247929096222
-0.5602672145412891
-0.564040847621592
-0.5641166896709953
-0.5641169293085113
-0.5645882226526737
-0.5673056402140193
-0.5674295198793212
-0.5733379174474976
-0.5739508662372828
-0.5806446447850682
-0.5825431586708874
-0.5843632480100496
-0.5904426557381692
-0.5940123044420034
-0.5953648837516085
-0.5973472187829697
-0.5993676433863584
-0.6013442724943161
-0.6051584861071949
-0.6067521771383954
-0.6114980289479718
-0.612559177694493
-0.6140777056672327
-0.6179999806716716
-0.6222123632647304
-0.6303839159198106
-0.63395152365653
-0.6350195639851418
-0.6368340161998811
-0.637813341088726
-0.6380403884169128
-0.6401897343610855
-0.6402409249843147
-0.6411872232083937
-0.6457403985841665
-0.6470602547439436
-0.650014556412186
-0.650765918941761
-0.653514482988976
-0.6578693614772055
-0.6608469864867371
-0.6613024170054933
-0.6626102700829506
-0.664780440274626
-0.6661005503597802
-0.667551569939267
-0.670137341072979
-0.6703329433261513
-0.6709348484485721
-0.6714781508781016
-0.6720594487019947
-0.6767150753229443
-0.6784785762535069
-0.6808117164316803
-0.6830220539566307
-0.6834859548668776
-0.685640971702841
-0.6918229595092791
-0.6949072814850996
-0.6980399788250603
-0.7098203929624736
-0.7143951163906604
-0.7175723248246041
-0.7181668529907862
-0.7188556067024668
-0.7225490760640241
-0.7226929451072854
-0.724556434369543
-0.736212562976612
-0.7389333668164909
-0.7435364741026066
-0.7490695763830445
-0.7497448627837002
-0.7793047670619907
-0.7802383815142093
-0.7819094573733983
-0.7819689781608758
-0.7871408427341117
-0.7876267401734367
-0.7952434070035815
-0.7955548289231956
-0.8144609892677347
-0.8149273752890251
-0.8293978605863892
-0.8383155108984703
-0.85484778881073
-0.8683945694938302
-0.8760805032733414
-0.9190859090304002
-0.9837818642457327
-1.0664592299610376
-1.1436843428760768
-1.2072329547809204
-1.227511689736275
-1.3987343115732074
-1.4552998850122094
-1.6023946069180965
-1.6849459197372199
-1.6922071049222722
-1.756480785086751
-1.9009143030270934
-1.931704989867285
-2.0700791776180267
-2.1013077199459076
-2.4021586695065102
-2.6818300684293113
-2.896391659975052
-3.035817176103592
-3.0495197772979736
-3.4433244187384844
-3.4605675538380942
-3.4801347255706787
-3.5817079544067383
-6.013732433319092
-6.014094710350037
-7.504769325256348
