-0.0026311983965570107
-0.01864985399879515
-0.019484987979012658
-0.08520363200417098
-0.09168025109829614
-0.09438741136691534
-0.09586741216480732
-0.10158991136787725
-0.10497361111192731
-0.10955142104325609
-0.11783372032368788
-0.14139760197334303
-0.15276506543159485
-0.1638656734347543
-0.16547104722953268
-0.16697182815146838
-0.1776813754113391
-0.18915362138068303
-0.1973293408518657
-0.19817625234524408
-0.19881997600896284
-0.20163078978657722
-0.20753658012108644
-0.2088384261264259
-0.2112647376156279
-0.2183392111910507
-0.21868339070351794
-0.22037808974273504
-0.22760139204910956
-0.23888251842193617
-0.23930992605164647
-0.2437918569194153
-0.2460807044343609
-0.24667028794065118
-0.25573221856861245
-0.25855278960661965
-0.25892023140396403
-0.2638038120099476
-0.26747020698385315
-0.2733126069593709
-0.27405801420617437
-0.27517002541571856
-0.277832643315196
-0.28894738730741665
-0.28940811854512766
-0.2922334584407508
-0.29489484675577843
-0.29724801289072883
-0.3020962778881023
-0.30516918005305343
-0.31463167525362223
-0.31550269266590475
-0.31715648516546935
-0.3189384283439722
-0.3211111020704266
-0.3224673306103796
-0.323351439088583
-0.32428555997709435
-0.326001453131903
-0.32630249414942225
-0.32651715778774815
-0.3273649659111268
-0.32809047727278084
-0.3282598205260001
-0.3307992786692921
-0.33243590753237884
-0.3330742391408421
-0.33494733201223426
-0.3352673784954407
-0.3361303089186549
-0.3363240254093398
-0.34201193205080926
-0.3421163906226866
-0.34393218384939245
-0.34684633840224705
-0.3481946848332882
-0.34900546157732604
-0.3509875215997454
-0.35392600834020416
-0.35443435297159287
-0.3551150893734302
-0.3590617846283648
-0.3607390586597224
-0.36119975595335874
-0.36439712152221343
-0.3645451458869502
-0.3667005052731838
-0.36793204840710936
-0.3679362991048644
-0.36842842068975135
-0.370974498129605
-0.3711176762590185
-0.37133710272839954
-0.3718253792263567
-0.3721244850079529
-0.37274490918360625
-0.3737436823347317
-0.37426215527229945
-0.37488627443090083
-0.3764713723794557
-0.37795774315376407
-0.37912873382883844
-0.37996590695216914
-0.3805777938105166
-0.38210367965803016
-0.3826682008282085
-0.38451414108276366
-0.38661282226464455
-0.3870276149569286
-0.38765291387292866
-0.38769295619567856
-0.39090814590454104
-0.39094172555875656
-0.39147083232722557
-0.3931214762014861
-0.3946341805567499
-0.3950237855515454
-0.3952072800075257
-0.3959852655068971
-0.3964812527410686
-0.39743446274143124
-0.3979166307176153
-0.398036384511632
-0.3980783719151955
-0.3987451149150729
-0.39925893368199467
-0.39926662653306266
-0.4032103516510688
-0.403457648307085
-0.40413179605820915
-0.4050141488512357
-0.40576635946386624
-0.4058622494339943
-0.4070468383166371
-0.4074900871142745
-0.40761751908576116
-0.40942366079980275
-0.4096410019216516
-0.4119266687601339
-0.4124653672721858
-0.412688082549721
-0.41492288399280775
-0.4160240983357653
-0.4166330054241161
-0.4167372238916869
-0.4175894142652396
-0.4189247426638758
-0.4194105566479266
-0.421719567803666
-0.4236932169749505
-0.4253186532961471
-0.4262544448487461
-0.42654403342166913
-0.4272779226594139
-0.42871207456611204
-0.4291345203761011
-0.4314937257634786
-0.43204774856567385
-0.4412402462447062
-0.4412483031861484
-0.44245587915389073
-0.4435671765822917
-0.4443107417668216
-0.44543098984701956
-0.4457027708579387
-0.4480499287834391
-0.4492189360287739
-0.4500753656547103
-0.4519346278911043
-0.45234516337222885
-0.45432658207885523
-0.4546621084535016
-0.45513631588983117
-0.4554105872909228
-0.455464577760722
-0.4571452084928751
-0.45797855041122865
-0.4580434717229634
-0.4589616760519372
-0.4602154442774398
-0.4611934809639934
-0.4622686356306076
-0.46278712146782447
-0.4628744833022059
-0.46312962006777525
-0.463208387081977
-0.46338155780686063
-0.4635072903474793
-0.46383546707220374
-0.4641095295548439
-0.46434048054895055
-0.4658889320733202
-0.46590589250748354
-0.4663127242587507
-0.46663132609906965
-0.4700027372688055
-0.4708093649009243
-0.4708532713528257
-0.4718160075960138
-0.4732819810537708
-0.47360723529709503
-0.47465272097744876
-0.47654003931408323
-0.4782371717239065
-0.4799953598329531
-0.48114113441922446
-0.48248952701687814
-0.4829925792485786
-0.48351468248292806
-0.48374435905134305
-0.48586826821174955
-0.4863765226263139
-0.4871570055268724
-0.48758620070293546
-0.4883294165419001
-0.4893280118703842
-0.48934515033615755
-0.49098531233030374
-0.4934727123949819
-0.49366409014182866
-0.49450550600886345
-0.4948570244945586
-0.49489317752886564
-0.4968986956664594
-0.49888292962818276
-0.49970814991320367
-0.5004042167216539
-0.5004536336553949
-0.5005718027664856
-0.5011671059764922
-0.5016169554807923
-0.5042537427507341
-0.5049957158975303
-0.5055588008503297
-0.505923672451172
-0.5066023952713294
-0.5066379978476713
-0.506763931713067
-0.5105692538199946
-0.5116227110847831
-0.5120106572541772
-0.5120695065706968
-0.5136022787599359
-0.518428098410368
-0.5189412367698323
-0.5197833617421566
-0.5204875998509427
-0.5210149521008134
-0.5221212788019329
-0.5223599243420176
-0.5249586350895697
-0.5256907871392157
-0.5264312703447003
-0.5290564224085993
-0.5340015390887857
-0.5343942946951407
-0.5351664943620562
-0.5363286760236535
-0.5371359215156796
-0.5378526128229818
-0.5387537081001533
-0.5441690722407657
-0.5447635097429157
-0.5466027500806376
-0.5505634577712044
-0.5512101933903372
-0.5522114652674646
-0.5550327481635448
-0.5560392587154638
-0.5560516110536727
-0.5563926415310966
-0.5577232368756085
-0.5578328426927328
-0.5578362180502154
-0.557961023826566
-0.558148044826729
-0.5589812744874507
-0.560163996508345
-0.5655563833424821
-0.5676148002967238
-0.567726709957545
-0.5694358911229452
-0.5696667196628239
-0.570492673251364
-0.5710505001115962
-0.5711278084975978
-0.5718167945742607
-0.5721263190951302
-0.5722387955562832
-0.575267901023229
-0.5771229537203908
-0.5774342213524506
-0.5803824565132938
-0.5843484602868557
-0.5852244678470824
-0.5867527222909741
-0.5873503459617495
-0.5888136064833296
-0.5903763172941076
-0.5904354099533521
-0.5962590388022363
-0.5977362059056759
-0.5984775265235879
-0.5994586460254377
-0.6000770404417481
-0.6003750430952225
-0.6047637711744756
-0.6090633128104466
-0.6093703670323722
-0.6154038418406764
-0.6157381520089176
-0.617140164412558
-0.6175147320027463
-0.6199466395191848
-0.6254782227799296
-0.6271873308093442
-0.6277245745528489
-0.629043940661682
-0.6298503299310271
-0.6312132506486874
-0.6323087385131253
-0.6324446504683389
-0.6329152889472122
-0.6334021634743463
-0.6336326049640775
-0.633665375378095
-0.6371474510058761
-0.6374913353550559
-0.6377167395561549
-0.6388395215229442
-0.6395162631654077
-0.6423094845376909
-0.6428494045045227
-0.6443195126019419
-0.6463739336468279
-0.6490909335099988
-0.6504072678896288
-0.6506706844083965
-0.6529645893800383
-0.6543931567834483
-0.6552538247779012
-0.6561778806149959
-0.6595862720525474
-0.6626671120092007
-0.6627456790942233
-0.6627463722543325
-0.6641621328890324
-0.6678112908266485
-0.6678876818623394
-0.6680425614532497
-0.6686596660525538
-0.6693908188899513
-0.6699281200271798
-0.6705166778662136
-0.6707778509451254
-0.6731212973594666
-0.6743380895091428
-0.674483552258203
-0.6755040290632418
-0.6774129718542099
-0.6793513946856061
-0.679494539834559
-0.6798929680759708
-0.6818899062595197
-0.6826292855665088
-0.6839917674660683
-0.6850390678271652
-0.6852525522588708
-0.6858723241214951
-0.6870593883925014
-0.6895566965298107
-0.6938555602516446
-0.6986672796338098
-0.6994239123305306
-0.6998619311489165
-0.7010305077128578
-0.7022639756733869
-0.7025517150759697
-0.7066619023680687
-0.7068159785121679
-0.7102428260776732
-0.7117270684934088
-0.7128800185164437
-0.7176007167491618
-0.7182716215029359
-0.7201961096309658
-0.7202678891771939
-0.7246195412706584
-0.7305912837386132
-0.7332452748669311
-0.7337129472030534
-0.7346712697374945
-0.7349555753171444
-0.7353164820626261
-0.7353732155428993
-0.7358243806908528
-0.7362651185443004
-0.7365839874083494
-0.7399357682482911
-0.7413157843467262
-0.7448365536651441
-0.7452432059993347
-0.7458210120027864
-0.7471354456618429
-0.7535093044529536
-0.7564312716325124
-0.7649788641267352
-0.7678533432384332
-0.768989631687873
-0.7735342006781138
-0.7747979160398245
-0.7754440490777293
-0.7760407194495201
-0.7806825941273322
-0.7872719179916506
-0.7874322086572647
-0.7891432472194234
-0.7948841842201849
-0.7959814593195915
-0.7971623469558027
-0.797280834056437
-0.7998662559936444
-0.8017158191796625
-0.8134047032023469
-0.8141227078934511
-0.8142341405618936
-0.8173822188764461
-0.8178915778795878
-0.8219941080897115
-0.8324751889200083
-0.8362908646464348
-0.8366659570747288
-0.8375593282689806
-0.8377111134777806
-0.838831721242362
-0.8429485745728016
-0.8478068193154675
-0.8495838927105069
-0.8509927122722729
-0.8519428998697549
-0.8524561224505305
-0.8555615618824959
-0.8604631954804063
-0.8607713175671441
-0.8645968195050955
-0.8648698262870311
-0.8650961866369471
-0.8653290003421716
-0.8679155017792558
-0.8731690454296768
-0.8738917216126408
-0.8796743494458497
-0.8808384304866195
-0.888054761569947
-0.8884241531292597
-0.8891407101570318
-0.8906080506742
-0.8920689849182963
-0.8937047266711792
-0.8999719555358752
-0.9019368032791785
-0.9071119830477983
-0.9079574038171105
-0.908716213152123
-0.9096246237999627
-0.9164064566471747
-0.9234433403859535
-0.9264701634529047
-0.9286424573510885
-0.9310979308294398
-0.937173878907093
-0.9389844253659249
-0.943928767926991
-0.9497239887714386
-0.950201072730124
-0.9571239357658973
-0.9623467302215951
-0.9647364531410858
-0.966157914346291
-0.9673125062836334
-0.9682578848054012
-0.9708277177996933
-0.9807650337793997
-0.9859655126929283
-0.9884204241243424
-0.9930123950665196
-0.9935161922393101
-1.012013913442691
-1.0160381203362097
-1.0168577339500189
-1.0183296492406433
-1.0229648056750495
-1.0374282645061612
-1.0416477378457785
-1.0494484039954841
-1.0503618866205215
-1.0594002331296604
-1.060463790781796
-1.064155638217926
-1.065324293449521
-1.0670186593585338
-1.0751610055449419
-1.0786315307874854
-1.080572275178773
-1.0849886374548077
-1.12364401249215
-1.1298979682226975
-1.1373860631138086
-1.1393246445804834
-1.1425807183841243
-1.149212469657262
-1.1602046978005092
-1.1688841238617897
-1.1809535752981901
-1.2071257034937541
-1.2145983880618587
-1.2162147151927154
-1.2461536725362141
-1.252147763967514
-1.2590058716014028
-1.2647882997989655
-1.2657949794083834
-1.2668924654523532
-1.276209200728772
-1.2849522928396861
-1.3273212984204292
-1.355629172442215
-1.3618383947759867
-1.3635553419589996
-1.392197052637736
-1.3978344922264416
-1.4086470603215275
-1.4154076846316457
-1.4490445526316762
-1.4499224126338959
-1.4981959983706474
-1.5007109170158703
-1.5007452945380162
-1.5053575010970235
-1.5244303941726685
-1.535933367908001
-1.5360065370817513
-1.5456993579864502
-1.5541408928111196
-1.5622603297233582
-1.5829633268294856
-1.585333267847697
-1.636951183900237
-1.64755208324641
-1.6535875871777534
-1.6616405323147774
-1.6631177340944607
-1.7430462390184402
-1.7440238893032074
-1.7498164027929306
-1.7666002018377185
-1.7693819801012676
-1.8026614430236805
-1.8191869221627712
-1.832559694846471
-1.8333423659205437
-1.9109280109405518
-1.9350168574601412
-1.9446885585784912
-1.9528926404891536
-1.9530990421772003
-1.9853083621710539
-1.9890917167067528
-2.000555783510208
-2.091228478277723
-2.1514198780059814
-2.3447631783783436
-2.6101088115246966
-2.6122841426404193
-2.696934182313271
-2.8835396468639374
-2.8868911266326904
-2.9542486667633057
-2.955352868884802
-3.065908670425415
-3.2519567608833313
-3.346266031265259
-3.418652355670929
-3.5386953353881836
-3.7742407135665417
-3.841222736547934
-4.484026901656762
-4.506310343742371
-4.5149216579739
-4.898505210876465
