-0.0016256974340649322
-0.009086072488571517
-0.01837420742958784
-0.07844116953007567
-0.08415521215647459
-0.0969571504741907
-0.10243331997965772
-0.10973723434532683
-0.16135513844589391
-0.17320664586233242
-0.18876563690719195
-0.19258641121476622
-0.1969707019323121
-0.21313653399314111
-0.21338598796210134
-0.2377330818004945
-0.2537209013935353
-0.25733623955928686
-0.2593351742613996
-0.2683881501434371
-0.2900837361412414
-0.2926761930187543
-0.29382299445569515
-0.29432312136694755
-0.2957765189007503
-0.29739559068929383
-0.29882566872925054
-0.30040151253654457
-0.300414669822203
-0.30150248657446355
-0.30389550758829703
-0.3053158485428347
-0.308943733290237
-0.31094845381044756
-0.31152167381969775
-0.31327375514148215
-0.3144554421024654
-0.3155976779574606
-0.31804880530989976
-0.3187750029809601
-0.32181017519906163
-0.32350110670449794
-0.32784109178880627
-0.32894920725375415
-0.3298868504934944
-0.33241567274341255
-0.3326265017581136
-0.33370448015630244
-0.33542129926562275
-0.336033313164463
-0.33847911587347174
-0.34334969622917316
-0.343743135608843
-0.34408077761518624
-0.3444143856759183
-0.34501440790910765
-0.3470822348880271
-0.34870061744316316
-0.3494086126040202
-0.3496096150454832
-0.35063415486365557
-0.3523522893548943
-0.3531708622351289
-0.3545592223914961
-0.35471018139694077
-0.35591077442014857
-0.35610272881292204
-0.3570090631312471
-0.3571958844404435
-0.35883559625654016
-0.3597629526713198
-0.36071667389221734
-0.3609003806486726
-0.36226169595320246
-0.36425311616621914
-0.364488421491628
-0.36782206594944
-0.3681409105595473
-0.3687291757087223
-0.3759621010472377
-0.37662290409207344
-0.37755789544666185
-0.37815598157525526
-0.37982119360175504
-0.3809934354721918
-0.3822641062528419
-0.38813248003134504
-0.38938272882175323
-0.3896134701456133
-0.39039844564467785
-0.3916756729794778
-0.3923738631652668
-0.3939781319932081
-0.39771041220713715
-0.40062423445488093
-0.40505949911536077
-0.4051023834784116
-0.4090977868533325
-0.40924617386038636
-0.4100790029505906
-0.41192544826642713
-0.4124088236130774
-0.4127019842033571
-0.41373510432458716
-0.41464534103870393
-0.41473634537480675
-0.42126662029810785
-0.42168623212439177
-0.42377748743941385
-0.4245808808029526
-0.4251940061829587
-0.42765873951197136
-0.4292987509338259
-0.43428203855408354
-0.43644168873762956
-0.43711044955013606
-0.44177108496660367
-0.44186628311872483
-0.44377911972114814
-0.44460733408729236
-0.44655962587733355
-0.4506940780847799
-0.450990626485481
-0.45325397167887005
-0.45401116292406285
-0.4546801240051839
-0.4560589394532144
-0.4577386042635356
-0.4584283280690635
-0.4614005535840988
-0.4643520551268011
-0.46925913710147144
-0.4721037083763804
-0.4727428710866661
-0.47374448399724706
-0.4756169302522072
-0.47568582583011854
-0.47613104364635156
-0.4768411840001742
-0.4857081376637022
-0.4928780612826813
-0.5049554260654582
-0.514769579868395
-0.5185489911586046
-0.5196439068262967
-0.5231164717115462
-0.5270673975420113
-0.5279891337268054
-0.5346872006775811
-0.5380076165976269
-0.5429612008026905
-0.5440824925899506
-0.5453015932813287
-0.547742115954558
-0.5534091083791282
-0.5566690899431705
-0.5572936848870346
-0.5578209811307412
-0.5612005830312577
-0.5680823361733929
-0.5685722284018994
-0.5708248327937326
-0.5722198078615798
-0.5790593628106373
-0.5791981950227637
-0.5808269167485248
-0.5832914646249264
-0.5915967440232635
-0.5956979931409782
-0.5960650296183303
-0.5997293567052111
-0.6005579210274542
-0.6055695786897559
-0.6116327584854194
-0.61179019510746
-0.618083676090464
-0.619748253794387
-0.6277013445893923
-0.6296624189232137
-0.6308429976925254
-0.6365431687898107
-0.6379560227971524
-0.6404225484933704
-0.6413208662221829
-0.6413659390258545
-0.6481250796674026
-0.6492620913486462
-0.6517268366047314
-0.6554181631654501
-0.6580395164589087
-0.6630979344980525
-0.6646002262830735
-0.668196943278114
-0.6694615200782815
-0.6711470037698746
-0.6723128385841847
-0.6729740933515131
-0.6751651933623685
-0.6778536885976791
-0.6782481200527399
-0.6815918334759772
-0.6816100927147394
-0.6841670628637075
-0.6842682917679971
-0.685541321678708
-0.6868170968123845
-0.6870707586407662
-0.6880049754732421
-0.6882909648120403
-0.6920989895505565
-0.6969795354331533
-0.6981518075335771
-0.6991017165710218
-0.6993191242218018
-0.7001693905331194
-0.7001733679324389
-0.7024655565619469
-0.7089690953027457
-0.7109038051373014
-0.7150773143706223
-0.7156030849686691
-0.7170153176586609
-0.7222246117889881
-0.7239581535686739
-0.724003200000152
-0.7334653060883284
-0.7348609997636892
-0.7383665386587381
-0.7401213273406029
-0.7412787451493469
-0.7437458299682476
-0.7459192425012589
-0.7532579358667135
-0.756516829598695
-0.7571010307098428
-0.757173553109169
-0.7576726807488335
-0.7600768161937594
-0.7641307264566422
-0.7676969165913761
-0.7734222330989062
-0.77600476029329
-0.7775104207297167
-0.7792282105830963
-0.7798282621162278
-0.7837524222476142
-0.7865990490186959
-0.7941858110328516
-0.7989924243185669
-0.800779382387797
-0.8086602836847305
-0.8111458010971546
-0.8175499672070146
-0.8182204590799907
-0.8201634312669436
-0.8211520429234952
-0.822050131081293
-0.825206195237115
-0.8290807828307152
-0.8342623770236969
-0.837034629450904
-0.8432272643316537
-0.843448382616043
-0.8440300052364668
-0.8478921736694045
-0.8485598236322403
-0.851469536870718
-0.8520656254142522
-0.8524443457523981
-0.854287201538682
-0.8549231807875912
-0.8564987554971595
-0.8605479616671801
-0.866555742919445
-0.8706518203020096
-0.8713313933694735
-0.8731974586844444
-0.8795393057710802
-0.8810122381546535
-0.8835363358550239
-0.8863672095350921
-0.8869806602597237
-0.8889361098408699
-0.8894024310367448
-0.8972307401044028
-0.9013835473784378
-0.9024628788232804
-0.9103269651532173
-0.9110015130468777
-0.9133497648639605
-0.9160453726071864
-0.9178454521710852
-0.9347356572747231
-0.9367430444806815
-0.9376849981490523
-0.9412936922162771
-0.9462171874216033
-0.9467386253178119
-0.9511670552194118
-0.954110836610198
-0.9558388088933296
-0.959843241609633
-0.9631592475343496
-0.9657880779289242
-0.9696071854094044
-0.9710426984321592
-0.9736439053279659
-0.9736566472274717
-0.9737659844935739
-0.9818084656726569
-0.983569138062497
-0.9861984097282402
-0.9863486209263405
-0.9869735536475976
-0.9872392452089116
-0.9938615296305215
-1.008935085264966
-1.010305441915989
-1.0113679867237806
-1.0145498542115092
-1.0146905779838562
-1.0358928884845227
-1.0399684456513367
-1.0450810752809048
-1.0503046475350857
-1.0553106727078556
-1.0575911700725555
-1.060258486392823
-1.060304424132813
-1.0622537352822043
-1.0624671598727053
-1.0648717243224382
-1.065909337929704
-1.0669668771442957
-1.0703901946544647
-1.0736269127577542
-1.075031328201294
-1.0754266302766544
-1.078071504831314
-1.0786522596608847
-1.0796448333421722
-1.0801438144766367
-1.0805159994245817
-1.0843352975595433
-1.0877349662284057
-1.0947969246655702
-1.095784966647625
-1.0988224459191163
-1.1102692381013184
-1.1220277746518452
-1.1259372510015964
-1.1267769306898117
-1.1288329361414071
-1.129022869747132
-1.1293622971395962
-1.1312841020602111
-1.1333554399510224
-1.1375089958310127
-1.1388778537511826
-1.1394123774953187
-1.1418850600719452
-1.1436423777292173
-1.1466247498989106
-1.1469495356082917
-1.147096610069275
-1.147567430511117
-1.1525979208397783
-1.1578528601676226
-1.1605219774776034
-1.1615417072187282
-1.1641410399533925
-1.1641831596692402
-1.16594185953727
-1.1660422384738922
-1.1674441893895466
-1.168333523803287
-1.1700626585100378
-1.1701233858863513
-1.1747385173221119
-1.174848246574402
-1.1748636186122894
-1.175753369395222
-1.18349729180336
-1.1848604446422542
-1.1854150108993053
-1.1889099478721619
-1.1922339648008347
-1.1937784499896225
-1.2060988268931396
-1.211606995978703
-1.2165208881100018
-1.2188835557964113
-1.2211759388446808
-1.2228217422962189
-1.223679940112763
-1.2255741858056612
-1.2369795037167413
-1.2404546191294987
-1.243893638253212
-1.247852666510476
-1.2488664073439746
-1.2701017582375143
-1.2717879315217335
-1.2755385747179389
-1.2756110636087565
-1.2774326980113984
-1.2831821391979854
-1.2836079522967339
-1.284248853859026
-1.285510825259345
-1.2868943214416504
-1.2934134472161531
-1.2936643196476831
-1.2954029440879822
-1.3000225954585605
-1.3000887470989255
-1.3028295636177063
-1.307357557117939
-1.3168799877166748
-1.3181131363089662
-1.319885998906102
-1.3200373575091362
-1.3245154917240143
-1.3306810855865479
-1.333063610962459
-1.3334229409694671
-1.3342903298991067
-1.3347885110156819
-1.3393916860222816
-1.3526639706558652
-1.3534136191010475
-1.3554799556732178
-1.3568229803017207
-1.3576214008498937
-1.3590116441482678
-1.3616644160023756
-1.3622925225645304
-1.3636927051203591
-1.3699120432138443
-1.370548814535141
-1.3716251850128174
-1.3745656460523605
-1.3748394538027544
-1.3767322599887848
-1.3776751259962718
-1.3839949326855796
-1.3868419458823544
-1.3882775264126914
-1.3904741406440735
-1.3907954479966844
-1.395639181137085
-1.4013162617172514
-1.4065182294164384
-1.4094519019126892
-1.4133771061897278
-1.4133779294788837
-1.4225521485010784
-1.4227443635463715
-1.4268427193164825
-1.4274915089830755
-1.43152632847341
-1.4420836170514424
-1.4423459370930989
-1.4577932804822922
-1.4895823399225872
-1.5047551993629895
-1.5048599541187286
-1.5057071248690288
-1.510281006495158
-1.5220451354980469
-1.544296712614596
-1.5519876461476088
-1.552846262852351
-1.553789621393662
-1.5584844648838043
-1.5647676615044475
-1.5663550694783528
-1.5731389394029975
-1.5773196648806334
-1.5846633712450664
-1.5965515077114105
-1.6045552492141724
-1.6081085205078125
-1.6203648578375578
-1.6271866261959076
-1.6287897611036897
-1.6565382182598114
-1.6705938279628754
-1.681364422198385
-1.6946141719818115
-1.695259615778923
-1.705634464820226
-1.7585429004393518
-1.7843563985079527
-1.7984692603349686
-1.8011105358600616
-1.8203106373548508
-1.8468685845534007
-1.866155669093132
-1.904208085567613
-1.912678636610508
-1.9522265791893005
-1.9642466008663177
-1.9901628820225596
-2.0170059204101562
-2.0334827452898026
-2.0645461082458496
-2.0891504883766174
-2.1031586134146587
-2.1122791320085526
-2.136339485645294
-2.184396743774414
-2.216239035129547
-2.2407838106155396
-2.3678844664245844
-2.39515792473685
-2.439787805080414
-2.482671561650932
-2.5114649607567117
-2.5578389167785645
-2.557984232902527
-2.565292206592858
-2.6491732597351074
-2.7020173420508704
-2.7399630894263587
-2.804309368133545
-2.809009075164795
-2.8797441571950912
-2.8841614206321537
-2.9859201908111572
-3.0965765388682485
-3.22045636177063
-3.3651974201202393
-3.547297443379648
-3.5614240169525146
-3.573413610458374
-3.57683570869267
-3.6518244649632834
-3.8080155849456787
-4.61128830909729
-4.669281237875111
-5.191293716430664
-7.277602195739746
-11.418840408325195
-11.529178619384766
