-0.00021923741303453426
-0.013733589233500728
-0.03063511208165437
-0.03395904207282001
-0.03450926160439849
-0.047095859297163166
-0.054147314418110506
-0.09939080113872478
-0.10137828931547119
-0.10183336904956378
-0.11878573895592126
-0.122002495219931
-0.12280023981085313
-0.1366862124164722
-0.13764197322598193
-0.13823675649764483
-0.14562462037429214
-0.14669025599557375
-0.15871712499028945
-0.16164260429795832
-0.16775512928143144
-0.17756593599915504
-0.1840789917291009
-0.18801996111869812
-0.19494923930947802
-0.20707923360168934
-0.21329125847357014
-0.215295100788353
-0.21985538194712717
-0.22561073675751686
-0.23650946095585823
-0.2367110908642644
-0.24447578167989073
-0.24954629763184735
-0.25265196338295937
-0.2543771071185701
-0.25460876896977425
-0.2574928526446456
-0.26178563948196826
-0.2696775751421228
-0.2795180642278865
-0.28133087512105703
-0.28697013572382274
-0.2903226415316264
-0.2951505886513041
-0.30131585381459447
-0.30482542702156934
-0.3071542557590874
-0.30946684489026666
-0.31410275849339087
-0.32093048756942155
-0.32318037252156906
-0.3278479985856393
-0.33170677781079294
-0.3320932670487439
-0.3343904413438092
-0.33516312528526115
-0.3389495954585212
-0.33999248502004775
-0.34217339475981134
-0.3425118181243306
-0.343420800205422
-0.35098994828003927
-0.35187041183526163
-0.3569519320757536
-0.36087480503920233
-0.3637437681603478
-0.3654948815789024
-0.3676740941438766
-0.3699497452005744
-0.3702291324843827
-0.3771012090255681
-0.3779159393161535
-0.38083401695184876
-0.3831620881319395
-0.3862185849808156
-0.38884408222461037
-0.3906937961699441
-0.39348194102058187
-0.3942665937356651
-0.3946081925423641
-0.3957109481561929
-0.3966120374677233
-0.3969597341492772
-0.3972525211574326
-0.39818838983774185
-0.39931793990399456
-0.40009140719193964
-0.40028493824354006
-0.4019985885922021
-0.40202960889372563
-0.40403944930188695
-0.4075435660983203
-0.4085064675977371
-0.4107223335401094
-0.4109663785284283
-0.41357228327542545
-0.4144606048336235
-0.4177210062852828
-0.41829700366906764
-0.4191032287864281
-0.41936025518427616
-0.41961280943036805
-0.420874811044996
-0.4249409205436273
-0.42599787696824587
-0.42662384594441394
-0.4268766834548759
-0.42886013480165275
-0.4294839319452876
-0.43083610296498925
-0.43112385597487446
-0.43150474459350463
-0.43337875995784997
-0.4338425701716915
-0.43394214640867523
-0.43400192666558723
-0.4340776211838602
-0.43583196811378
-0.43873674940429436
-0.43915160968899725
-0.4407258327701129
-0.44164680105295073
-0.44176602366345225
-0.44269053637981415
-0.44343409180227256
-0.44387044995091857
-0.44467004351317885
-0.44577171038351177
-0.4470715292609384
-0.44769587732541066
-0.450169638110674
-0.45086075086146593
-0.4526842989781961
-0.45337551832199097
-0.45432704985141753
-0.4553562208078802
-0.4567541918659117
-0.45752785139588276
-0.459882455257078
-0.4640999546712313
-0.46414005901250577
-0.46540624866611324
-0.4667411107511725
-0.4671511110694458
-0.46724333592574113
-0.46898835929044125
-0.4700126491487026
-0.47063688837224615
-0.47122173722579774
-0.47425465105334297
-0.47542907999349365
-0.4759212814221558
-0.47860070877570915
-0.48060806143783136
-0.48177150538685964
-0.4832364976406097
-0.4861655593267642
-0.4877949417568743
-0.4893170279933007
-0.4900219899219727
-0.4911394997135207
-0.49835429433733225
-0.49851818730239755
-0.49938527546170086
-0.5004335467994678
-0.5006532318268202
-0.5028815779117973
-0.5029967781156301
-0.5031145595647912
-0.5047497757426326
-0.5050211674242746
-0.5086662307530787
-0.5100796958140563
-0.5101254706620238
-0.510316171249724
-0.511045105905699
-0.5117506639571334
-0.5128117538057267
-0.5147348904917154
-0.5162769162969199
-0.516513354278868
-0.5166033833447727
-0.5202496079694426
-0.5207441368450721
-0.5216876012913417
-0.5231250326873528
-0.5236176939069992
-0.5242597832984757
-0.5262214973804981
-0.5273728549480439
-0.5278522213411634
-0.5292748084923785
-0.5295520292388068
-0.5302652485188446
-0.5319126221395837
-0.5337462965159959
-0.5368791489978321
-0.5382223667867947
-0.5386480197563427
-0.5392552323506347
-0.5404273422318511
-0.5406213352408182
-0.540962049116691
-0.5419843472126458
-0.5436541209808852
-0.5442449161734354
-0.5456481887441542
-0.5457009813916456
-0.545940530175964
-0.5461009962777358
-0.5473417222282201
-0.5485742838225431
-0.5495168790221214
-0.5501903962376673
-0.5504072541241638
-0.552102353045484
-0.55483864858425
-0.5553752373380121
-0.5567770559373457
-0.5584630211305921
-0.5590823632651986
-0.5598005611915141
-0.5607225482817739
-0.5610189995884867
-0.5637179656235579
-0.5647408207369153
-0.5648038716365894
-0.5654499666684737
-0.56804075287655
-0.5682371250053014
-0.5696237956484159
-0.5705749546104926
-0.5708524292955796
-0.5713164589833468
-0.5721535242744722
-0.5732686409998374
-0.5758030950673856
-0.5769803814357146
-0.5771219814108918
-0.5771520977621549
-0.5774003317230381
-0.5775385672459379
-0.5781753777409904
-0.5783507069063489
-0.5786349798103662
-0.5843837295348445
-0.5854508089167731
-0.585784512082517
-0.5860386469534465
-0.5879441308163222
-0.5886174624735888
-0.5889205877142756
-0.5894147725164658
-0.5898799766760526
-0.5923909439906393
-0.5924944259326863
-0.5929212234506849
-0.5939102664589881
-0.5962847769260406
-0.5965952639875468
-0.5970696072553336
-0.598118606954813
-0.5995190676767379
-0.6018866444637438
-0.6019142885301595
-0.6023664783940397
-0.6031574455555528
-0.6049165446311235
-0.6072939347475768
-0.6085577019756394
-0.6138755268669532
-0.6147198000819318
-0.6152055547572672
-0.6240903167054057
-0.6248509979157981
-0.6269000008663473
-0.6274928770551924
-0.6298252288252115
-0.6301173386332679
-0.6301626224927271
-0.630639295659161
-0.6319820899516344
-0.6359834698281096
-0.6361671085003764
-0.636181239412205
-0.6381566121288214
-0.6388089745305479
-0.6400127430055623
-0.640425401890146
-0.6406776501486698
-0.6441026462448968
-0.6459727274874846
-0.6468909376967026
-0.6488534342497587
-0.649820601195097
-0.6499225877225399
-0.65025066335996
-0.6517825952148997
-0.6521843903938134
-0.6538526803255081
-0.6553566306829453
-0.6553927328851488
-0.6566989190050663
-0.6631906322902068
-0.6633401251307077
-0.6663323596585542
-0.6667037457227707
-0.6676124026610827
-0.6679461814670099
-0.6688860387851795
-0.6711851508356631
-0.6715406231349335
-0.6719478964805603
-0.6726561201387085
-0.6787089208761851
-0.6802433679501215
-0.6802506690284341
-0.6804923773327444
-0.6811269099513689
-0.683144292794168
-0.6835159176262096
-0.6841129243215879
-0.6866248516099793
-0.6879800674068974
-0.6886114827874634
-0.6905030026105629
-0.6933039706200361
-0.6945386454463005
-0.695719494347577
-0.6990752175657285
-0.7024530546165936
-0.7104049598448909
-0.7108433277656635
-0.7184356693178415
-0.719665276300576
-0.7202738989144564
-0.7245994133874774
-0.7249917332082987
-0.7265721550793387
-0.7316147222736618
-0.7355603165924549
-0.7368476553279574
-0.7387234692455662
-0.7428060530551842
-0.7429095164843602
-0.7434316128492355
-0.745305112504866
-0.7481075945413775
-0.7489461093704449
-0.7530275513418019
-0.753861798921467
-0.7575690315829383
-0.7598920352756977
-0.7622901127208024
-0.7630008767387658
-0.7655170957247416
-0.7673478648066521
-0.7677364596068704
-0.7689186632633209
-0.770893494784832
-0.7780625684452909
-0.7786603160202503
-0.7810601469957166
-0.785507126588224
-0.7882987434665362
-0.7948175888907697
-0.7949397701886483
-0.7951789821194585
-0.7958660140633583
-0.7966576973641557
-0.7968278714522187
-0.801352184843706
-0.8015639945848047
-0.8079914631121533
-0.8128956742584705
-0.8146968086560568
-0.819400692358613
-0.821410786222259
-0.8263549180002883
-0.8268291869208042
-0.8289190235051425
-0.8331568902891983
-0.8340202222267786
-0.8360781222193813
-0.8379280662237971
-0.840388538142801
-0.8458449026123466
-0.8459178251097228
-0.8483510918915271
-0.8593963084325272
-0.8617247414076701
-0.8642462663556216
-0.8645145375569547
-0.8667845986783504
-0.8668603036693592
-0.8688541628590818
-0.8733997691888362
-0.8766266512019294
-0.880656949524564
-0.8811478317851046
-0.8816145911405329
-0.8893900280818343
-0.8907504087963692
-0.8908168897032738
-0.9044284505459169
-0.9095828626304865
-0.9102934323904525
-0.9183669132180512
-0.9204608350992203
-0.922840488937652
-0.9273238140706326
-0.9298336133360863
-0.9309445319280106
-0.9340421663863319
-0.9345673327334225
-0.9363871194156153
-0.9423200257122517
-0.9489402544440964
-0.9652549871314022
-0.9706267565488815
-0.9753434856732687
-0.9849783390382072
-0.9856288507580757
-0.9877101381619772
-0.9878396562583346
-0.9893492888659239
-0.9912693083286286
-0.9996503570250103
-1.0083091528421002
-1.0096796678456788
-1.0114489082043292
-1.0114976362538073
-1.012226073226581
-1.0166696508725483
-1.0201686622809316
-1.0266176097128275
-1.0283483924067696
-1.0298883404320804
-1.0414336671903064
-1.0479706011980983
-1.0567575842142105
-1.0669961422681808
-1.0675028333706515
-1.073325122390391
-1.079611450433731
-1.0796904149787483
-1.0811507990583777
-1.0817743261271364
-1.082586508244276
-1.0923283000787098
-1.0983140226727302
-1.100738337635994
-1.1077728147308032
-1.1126311629389722
-1.1295658453949726
-1.1305712026854355
-1.1307202604075428
-1.132249366492033
-1.1358399018645287
-1.1480844235047698
-1.1684484422827761
-1.1810511231422425
-1.187559040884177
-1.1882942964633305
-1.2133147791028023
-1.2376459216699005
-1.241981792729348
-1.248916992917657
-1.2591425451973919
-1.2615615725517273
-1.272915494958094
-1.2853445130516774
-1.2906802386045455
-1.3002728901803493
-1.3041031081229448
-1.3177539855241776
-1.3333373467127483
-1.3459061111013095
-1.3652121308958158
-1.3730546475074203
-1.398915226998118
-1.4109004214406013
-1.4314306872849036
-1.453075324743986
-1.4543037444353104
-1.4545734822750092
-1.4558522840961814
-1.4849124785047025
-1.5055608451366425
-1.5415768325328827
-1.558173617720604
-1.5655955761671065
-1.577905163479348
-1.582587388344109
-1.5938390970230103
-1.605091616511345
-1.6098516061902046
-1.6367751938756556
-1.662424051761627
-1.697274163365364
-1.6978365182876587
-1.7074298560619354
-1.720802903175354
-1.7434094548225403
-1.746991777792573
-1.752575121819973
-1.7583333998918533
-1.766454229907443
-1.7679421723781463
-1.8151083132252097
-1.844571366906166
-1.8574838787317276
-1.8836966305971146
-1.957520917057991
-1.9621287224193413
-1.9871458685956895
-2.09692919254303
-2.164534047786219
-2.1693014204502106
-2.2024822793900967
-2.2175871028448455
-2.3711210167966783
-2.4492727663528058
-2.4832594662193515
-2.4896798133850098
-2.540244811990609
-2.572679857412974
-2.6442031003534794
-2.6955151557922363
-2.725338578224182
-2.7636941373348236
-2.940746746957302
-2.9575791358947754
-3.1140834192434945
-3.129540281021036
-3.156411136209499
-3.263323750346899
-3.3418421745300293
-3.3569620102643967
-3.439696814864874
-3.505380153656006
-3.5103398129576817
-3.61260449886322
-3.8042235374450684
-4.076266825199127
-4.215799272060394
-4.490187159739435
-4.889425436655681
-5.091022968292236
-6.453693866729736
