-0.0001212284987559542
-0.09466303892789558
-0.0950388964265585
-0.1090157158423608
-0.12116298605299865
-0.12690647073516934
-0.16639878554269671
-0.17673043999820948
-0.18111564222324109
-0.19442793230215707
-0.19500724100507796
-0.19571533178289732
-0.21021868867101148
-0.21114458050578833
-0.2166962065268308
-0.21968935502809472
-0.2254633358288629
-0.2281257089683398
-0.2377875546614329
-0.24124346060561946
-0.2526124567957595
-0.25517677643802017
-0.258364197332412
-0.2641645986586809
-0.26737229646632843
-0.2675297657535541
-0.2709102898443234
-0.277325627361683
-0.27867750401076463
-0.282073659242347
-0.28316525541293913
-0.28325221566566533
-0.28703392380183296
-0.29254817032051506
-0.2969572194325944
-0.3012433977200999
-0.30720464787009405
-0.30986205736796063
-0.3105976431452291
-0.3251709290776944
-0.33121911792550235
-0.3355484772564523
-0.34402714965690395
-0.34436347482187557
-0.3466527336386207
-0.35183123453420456
-0.3522193556993898
-0.357827388565056
-0.36023124121129513
-0.3655707177022123
-0.3702814685779491
-0.37289011366056
-0.3753110047296754
-0.38050087144185657
-0.3810481726799885
-0.3810824353963004
-0.38777443396975286
-0.39013431955208944
-0.391544930714493
-0.3946796764896135
-0.3952718970381284
-0.39845004286326
-0.4034231801342685
-0.4040867590170819
-0.40455078552477064
-0.40464860859174223
-0.4056531003039304
-0.40664574492802785
-0.4085719584800245
-0.4101874688421958
-0.4111045541067142
-0.4122942578160746
-0.41249424547422675
-0.41642675791970557
-0.4168615690490697
-0.41758610116731787
-0.4177443127504935
-0.42013899914854846
-0.422770282615804
-0.42670914519658254
-0.4272845165493588
-0.4284278231013256
-0.4293835491313075
-0.43048327788710594
-0.4306583105408208
-0.4370928844473383
-0.4391987160188819
-0.4392808720502736
-0.44085565979346736
-0.4412718237662274
-0.4421735153555346
-0.4428202746182381
-0.44433561712503433
-0.4449263717979193
-0.4475652478369219
-0.4475859255116019
-0.4486526528373361
-0.44877601630958874
-0.4490717084377366
-0.4519456029029243
-0.4519803460687399
-0.45368363361558295
-0.4549186653083173
-0.4549649962760408
-0.45575029538896933
-0.45641759138218024
-0.45839512024758733
-0.459209249662568
-0.45931516912080245
-0.4593940812192159
-0.46017116829752924
-0.46051079718745314
-0.46147114832128866
-0.4618410099472385
-0.4621565146244393
-0.4633613496480393
-0.46408418491482734
-0.4655566283216668
-0.46901801973581314
-0.4697384687767933
-0.47067452408373356
-0.47433634402113967
-0.4745992239681073
-0.47493768459909397
-0.4752524596406147
-0.4759548986524654
-0.4766491215143885
-0.47729772314330776
-0.47745799820283236
-0.47897319832242957
-0.4794626500865636
-0.47967389000890154
-0.4802280670890468
-0.480348448373843
-0.4804298059238742
-0.4809940969251329
-0.4812730865022685
-0.4841292637574952
-0.484419485166048
-0.48550249521874567
-0.48562175813195707
-0.4867858798106146
-0.48718702024780214
-0.48746109430212525
-0.4890510869154241
-0.4891136171827384
-0.489196219452424
-0.491452289578904
-0.49249798052699134
-0.4938955456018448
-0.4941369610169204
-0.4949914289281878
-0.4951746878796257
-0.4960460883642857
-0.4960697904607514
-0.4986196420271881
-0.49896283999363994
-0.49948523597876454
-0.500330121787556
-0.5004213733482175
-0.5008686492374788
-0.5009630910237319
-0.5011832124146167
-0.5013569166702736
-0.5027142704997319
-0.5032987835713558
-0.5039668281733611
-0.5049099594923772
-0.5060615079159366
-0.5079505414924705
-0.5080490707419812
-0.5080876282532699
-0.5096851085763774
-0.5103794222930447
-0.510386660936222
-0.5110245505347848
-0.5123635406283332
-0.5129028151942683
-0.5150227408041246
-0.5155040604877286
-0.5170671355444938
-0.5170993743425546
-0.5178441677604236
-0.517941048159264
-0.5188666319840455
-0.5190971325297141
-0.5197666620550645
-0.5203883179670407
-0.5204687573843532
-0.52360739225858
-0.5242474583443254
-0.5245535967187607
-0.5245802814722993
-0.5260686507163983
-0.5264840453921351
-0.5265357743483037
-0.5269251839656915
-0.5281231964931067
-0.5287498695575373
-0.5290664591981719
-0.5318031580665976
-0.53255343970377
-0.5327474166535668
-0.5329145409373773
-0.5334231391025241
-0.5354082956095226
-0.5354647206323635
-0.5358122028919752
-0.5360274925478734
-0.5377292410725764
-0.5388922465918585
-0.5389563778007869
-0.5392669677996309
-0.5400239026872441
-0.5412833749443442
-0.5417956264617925
-0.545541564184532
-0.545936626796342
-0.5461248621344567
-0.5466093145805644
-0.5484952007661507
-0.5486225747372373
-0.5496405467986025
-0.5498071650369093
-0.5502168464142111
-0.5502839744885397
-0.5510627982333641
-0.5514158150181174
-0.5516231433139183
-0.5522290971202892
-0.552454278600635
-0.5540029098599917
-0.5550656406907365
-0.5555788822111936
-0.5557067477005019
-0.5558736618824898
-0.5564237382335705
-0.5568514512851834
-0.5571728382233737
-0.5577900017378852
-0.5588109964795877
-0.5589729780331254
-0.5604156308399979
-0.5605531678912008
-0.5609642355037587
-0.5611262899894629
-0.5613536038591216
-0.5621422374887126
-0.5626097516921748
-0.5648334159308838
-0.5653835035967253
-0.5661861429340206
-0.5668129447084438
-0.5675058853921655
-0.5710116823014687
-0.5718353446573019
-0.5726949624076951
-0.5732485705188343
-0.5732651714934036
-0.573423542334543
-0.5734764279006049
-0.5766802912055735
-0.577190604119096
-0.5781599847061443
-0.5786528764292598
-0.5796947905756193
-0.5813540854098391
-0.5826208673242945
-0.5835149459035165
-0.5840077564120293
-0.5841421493329108
-0.5844971155415156
-0.5851343418582386
-0.5855365013936534
-0.5871696699109367
-0.5876797243952752
-0.5877854374470189
-0.5883252133207861
-0.589242582640145
-0.5898749551415676
-0.5904445283238602
-0.5906361156376079
-0.590981828414702
-0.5915689491434023
-0.59206214081496
-0.5925619350171474
-0.594125941209495
-0.5978067255845028
-0.5980965803923027
-0.5991004953781763
-0.5994484057257068
-0.59953589030608
-0.5997815891834242
-0.5999349723902664
-0.6011935670045204
-0.6032930830759662
-0.6033358678221703
-0.6034827342894125
-0.6037796603050083
-0.6040725465652279
-0.6045459342033913
-0.6087011435925628
-0.6093108369303601
-0.6105465630451883
-0.6114557058266972
-0.6118821443621224
-0.613568479847163
-0.6139364910874671
-0.6153065249824
-0.6155074406049152
-0.6175382892744472
-0.6191664910176768
-0.6203212771681137
-0.6216162659305459
-0.6221797069301829
-0.6224012630991638
-0.6242414069461769
-0.6243248351849615
-0.6247803500543038
-0.6248986062904199
-0.6254498491595898
-0.6259730735328048
-0.6274707860884519
-0.6350463773065712
-0.6378406818956137
-0.6379779156540399
-0.6380222295216905
-0.6382427715829441
-0.642292266455479
-0.6430876953760162
-0.6434596409514294
-0.6442777728661895
-0.6452984232788107
-0.6482926508134159
-0.6487856417079456
-0.6492450404912233
-0.6512052602483891
-0.6527585046316841
-0.6534644594181113
-0.6550865974277258
-0.6556183733046055
-0.6593791681341827
-0.6602097806656578
-0.6606350764632225
-0.6628685918237481
-0.6651306145041335
-0.6653227952032467
-0.6664848339278251
-0.6691645913524553
-0.6693370739141336
-0.6700487364497449
-0.6709169286696124
-0.6712595608332776
-0.6719525012498101
-0.6724746066938678
-0.6726333922169243
-0.6751277372573635
-0.6756645767849737
-0.679649575454691
-0.6816272242043245
-0.6816672801389358
-0.6834403734828811
-0.6880279836380699
-0.6881177567743829
-0.6883094124163368
-0.6913061405825829
-0.693212550948374
-0.6942910223035141
-0.6943161267166337
-0.6969940979849655
-0.6978206087020226
-0.7017485312212052
-0.7043842615094036
-0.7066187642514705
-0.7068164497613907
-0.7091977208619937
-0.7136729569821101
-0.7137187559492304
-0.7149691123360147
-0.7192238652173223
-0.719799881534917
-0.7207520673724098
-0.7219991851727374
-0.7237776405527256
-0.7254262731032213
-0.7287920064230163
-0.7288324220280629
-0.7297083780169487
-0.7315967515654241
-0.7332101300902044
-0.7348787685235342
-0.7399990166692684
-0.7413338887272403
-0.7417991988360881
-0.7433581825345754
-0.7440967137485536
-0.7453769869947185
-0.7459972605109215
-0.749881151804584
-0.7577722159815797
-0.7598646571272444
-0.766659320157487
-0.7671375288822068
-0.7684930703835562
-0.7685105322937792
-0.7690860193222762
-0.7726056048413739
-0.7740938675900301
-0.7770544739634412
-0.778291002730839
-0.7787193918775301
-0.7804008354820932
-0.7850028633164536
-0.7875578467695353
-0.7884328812360764
-0.789623614505399
-0.790863098364207
-0.791763124987483
-0.7920980938069988
-0.7961091951777538
-0.7971522599458695
-0.7992519903928041
-0.8011384718120098
-0.8056968988385051
-0.8099453911185265
-0.8127093987024733
-0.8131975633118095
-0.8225026026678582
-0.8242357872141939
-0.8309406813059468
-0.8466932557057589
-0.8557302193366922
-0.8589213937520981
-0.8589515422354452
-0.8612116081640124
-0.86333529377589
-0.8666101301593395
-0.8705107902060263
-0.8737550588945547
-0.8813336013699882
-0.8956476286344696
-0.8959500150910268
-0.8984043334494345
-0.9033555567264557
-0.9088268131017685
-0.9090925595683075
-0.9192607604782097
-0.9194859567408761
-0.9252826608717442
-0.9277212207962293
-0.9334760283430418
-0.93783104326576
-0.9508597223088145
-0.9538461854826892
-0.9613698642293457
-0.9651097965009588
-0.966711644639468
-0.9696356073421027
-0.9712545894086361
-0.9791005068192524
-0.9818113557994366
-0.9818209111690521
-0.9845545385032892
-0.9924237206578255
-0.9990227341651916
-1.0084892109346886
-1.0089191291481256
-1.0149954954079778
-1.0170785518000938
-1.0176664549857377
-1.0268495144943397
-1.047059640288353
-1.0500152942258865
-1.0624250072985888
-1.0681365964313347
-1.0697380416095257
-1.0721761574968696
-1.0738131292164326
-1.0810678899288177
-1.0836682310327888
-1.087880031189083
-1.0991326118033613
-1.1009549300710204
-1.1041779463888484
-1.1069930692513783
-1.1137399971485138
-1.1197294432669878
-1.1349464897066355
-1.1420262281317264
-1.1427165085449815
-1.1450942583808985
-1.1532195568084718
-1.1617767117485138
-1.1807993352413177
-1.1970828423897426
-1.1985888760362287
-1.20248415878159
-1.2036094578603904
-1.2181120997760444
-1.2229631543159485
-1.2265885323286057
-1.2269933720429738
-1.2309779922943562
-1.248636953649111
-1.25215473882854
-1.2899932563304901
-1.2923205345869064
-1.3040237724781036
-1.3074704390019178
-1.337218314409256
-1.3392105598002673
-1.3737140417098999
-1.3753198647173122
-1.3781771659851074
-1.3880402594804764
-1.3890564680099486
-1.407763407876094
-1.4127340950071812
-1.418956220149994
-1.4269833350554109
-1.4298208062537014
-1.4306710246950387
-1.4373336117714643
-1.4489646603663762
-1.4499547369778156
-1.4606282311724499
-1.4993675543228164
-1.5185934901237488
-1.5232524052262306
-1.536193398758769
-1.5469325681527455
-1.5510203090525465
-1.583916500210762
-1.5954398587346077
-1.5990056693553925
-1.5990149721037596
-1.6195079708560505
-1.6308496307049478
-1.639897495508194
-1.6410176500212401
-1.660314530134201
-1.6618728339672089
-1.6654776483774185
-1.7051573629432824
-1.7348272129893303
-1.738002683967352
-1.7600508034229279
-1.7797059696167707
-1.799134149371336
-1.822838632389903
-1.826599508523941
-1.8456427175551653
-1.859807163476944
-1.892888531088829
-1.9606901407241821
-2.108014814555645
-2.1147860887460412
-2.1532129645347595
-2.2432512044906616
-2.2586356479053697
-2.2643856682504215
-2.2727448707446456
-2.381605843702952
-2.390032331304004
-2.50790935754776
-2.5306447291125855
-2.5835444206992784
-2.6497198939323425
-2.6801264882087708
-2.7171026142314076
-2.720558226108551
-2.749575138092041
-2.759681761264801
-2.888677805662155
-2.894241730372111
-2.9289758801460266
-3.087392419576645
-3.132775992155075
-3.1713383678967753
-3.184592115227133
-3.218338031321764
-3.3631298542022705
-3.4523223203917346
-4.064441204071045
-5.303386211395264
-5.46962571144104
-5.7088799476623535
-5.870294570922852
-6.315943717956543
-6.700511932373047
-7.07170295715332
-7.198352813720703
-8.247174263000488
-8.444371223449707
-8.598671913146973
-9.912903785705566
-10.326674461364746
-10.825438499450684
-11.74646282196045
