-0.0005906388532821438
-0.002475752800819464
-0.0064404059570127474
-0.017141327980425558
-0.024807182071526768
-0.03740180982276797
-0.04173518670722842
-0.05649559653829783
-0.09179434598627267
-0.09871609136462212
-0.10510608899806227
-0.11420319695025682
-0.12317364662885666
-0.12783174340923628
-0.1305272514673561
-0.15241147572087357
-0.15950821603958806
-0.16918247256964808
-0.17450341728454077
-0.17476413398981094
-0.17509768779079118
-0.1858415614487967
-0.19483241736888884
-0.1956395014840382
-0.19832582933122467
-0.20308310804587867
-0.20696336465011378
-0.2140156450914219
-0.21612570006400347
-0.21958149104223898
-0.2358246110379696
-0.24182415434292384
-0.2523086816072464
-0.2564222326502204
-0.25732770264148713
-0.2584698125720024
-0.263291125032265
-0.26371657656272873
-0.26459104870446026
-0.27205760254173583
-0.2722294939449057
-0.27247190444419783
-0.28360171914100646
-0.2840890632185619
-0.2866005712425653
-0.2889786647167057
-0.30153761421226793
-0.30582048669457434
-0.3074741192162037
-0.3082707494290339
-0.30857622642070054
-0.31525662341155114
-0.31911710985004904
-0.3272694011218846
-0.3299747474491596
-0.33058963874022346
-0.33581228447811945
-0.33603955432772636
-0.3382075431623629
-0.33855832441844946
-0.33986196187730194
-0.34008714500814674
-0.3403477507332961
-0.3405457473825663
-0.34163801913382486
-0.3462819593648116
-0.34786202339455485
-0.3478681230917573
-0.34857764695253635
-0.34941763477399945
-0.35708144928018254
-0.3602306011598557
-0.36871012286428595
-0.3720340311527252
-0.3727387785766041
-0.37894279851267737
-0.3790862591833704
-0.38265898460522296
-0.38356543754828937
-0.38454793840646745
-0.3908253654039332
-0.39142336789518595
-0.39285783076451886
-0.3937504515051842
-0.3940375081729144
-0.3958237643297252
-0.3966812367370949
-0.39674071462026667
-0.3974431313496704
-0.3996185244759545
-0.4003325834870338
-0.4014122237761815
-0.40150093034244494
-0.40262298937886953
-0.4051473466097377
-0.40654057015975315
-0.4098651454680496
-0.41169841723240097
-0.41202450804412366
-0.4122274525774022
-0.41286106968226916
-0.41292542470964017
-0.41415747574397493
-0.41450964054092765
-0.41499286799808033
-0.41521916749479715
-0.41571729043498634
-0.41612152978774475
-0.41641169985422705
-0.4203272054178847
-0.42167818103916943
-0.42170445310572785
-0.4249412318768009
-0.4251149027342243
-0.4256973283365369
-0.4264319913694635
-0.4271343656712108
-0.4273936618119478
-0.427880418797334
-0.4288935899468405
-0.42939507340391475
-0.43073582594361676
-0.43084414259773557
-0.4309016827683081
-0.4309133116833188
-0.43348591439425943
-0.43486361888547737
-0.4353307127538655
-0.4358638050533565
-0.4359682565089315
-0.4360889320572217
-0.4369149793856195
-0.4374345459842256
-0.4389300766542874
-0.43903476658451834
-0.44146612017575537
-0.4428934110328555
-0.443136852958964
-0.4443505154257374
-0.4448534612144743
-0.44540858402817524
-0.4459216726943396
-0.44815676524303855
-0.4482383376194371
-0.44857645308184146
-0.4490669556793624
-0.4491283807583386
-0.45103275699710305
-0.4526542713865638
-0.4536660702293739
-0.45380920594228275
-0.4546176251460565
-0.4546550481682061
-0.45650497477026875
-0.4566650390625
-0.45866169987453353
-0.4605996503960341
-0.46146302334964273
-0.4623064056504518
-0.46397610033350895
-0.4644672521809788
-0.46523672846310277
-0.46632619370491457
-0.4676507549272079
-0.46871666610240936
-0.4690355397760868
-0.4697999323179829
-0.47077336984461754
-0.4710915274788729
-0.4714767150580883
-0.4717280009229268
-0.47175563336350024
-0.4718640572989696
-0.47307464536553356
-0.4742616026529244
-0.4758361120522022
-0.4771009124815464
-0.4778429437428713
-0.4784045659180265
-0.47845803014934063
-0.47946948534226974
-0.4806599127394812
-0.4808397113145994
-0.4812581162610701
-0.4825823642978711
-0.48350539803504944
-0.48412878563006717
-0.48464824432241066
-0.48472808287478986
-0.4850467655225657
-0.4882691726088524
-0.4884663025538127
-0.48862300952896476
-0.4889559650457361
-0.4894434572391522
-0.49025561387783717
-0.49038014979305444
-0.4911958299955586
-0.49282467322579276
-0.4935918590053916
-0.4936376896694128
-0.4942607532203611
-0.49474859128822574
-0.4953239437000936
-0.49595075352462353
-0.4979368036874803
-0.4982999575324243
-0.49925748025998473
-0.5003553183819999
-0.5009461892574715
-0.5014865152123902
-0.503281311209624
-0.5034294615106774
-0.5042862854181573
-0.5042932250403932
-0.5073897347730749
-0.5077202434721403
-0.5086549401721641
-0.5098732588812709
-0.5107666219773819
-0.510797585050265
-0.5126596203675339
-0.5136421058947841
-0.5140371834859252
-0.5149026066574152
-0.5164364551504453
-0.5192682385444641
-0.519799779580139
-0.520707863693436
-0.5214518684078939
-0.5232253159396351
-0.5232740355851618
-0.5259717462532636
-0.5265563520602882
-0.5271458095974393
-0.5283683009393927
-0.5293475426733494
-0.5298592406325042
-0.5299128777613598
-0.5314614666858688
-0.5315121934205914
-0.5319320262513227
-0.5321967909777803
-0.5335532222774678
-0.5337266559154765
-0.533975706086494
-0.5350964902900159
-0.5354447362478822
-0.5362040683801752
-0.5372622360785803
-0.5387947708368301
-0.5389803105965256
-0.5407865205779672
-0.5408022785868525
-0.5412602070719004
-0.5413573622936383
-0.5427449044933461
-0.5473668533377349
-0.5473773545689053
-0.5497083153575659
-0.5503593794070184
-0.5512898524210565
-0.5513124935902082
-0.5517641142225609
-0.5540356126148254
-0.5541484777349979
-0.5569831263273954
-0.5583779765293002
-0.5590343329980291
-0.5603527341736481
-0.5610757519886344
-0.5614699516445398
-0.5620806589722633
-0.5630693280429113
-0.5640525796450675
-0.5651966370642185
-0.565913107119162
-0.5662300189225269
-0.5669539312699011
-0.5669872586655876
-0.5674368103287027
-0.5684158665438493
-0.5687580363204082
-0.5697452280714753
-0.5715730476217216
-0.5717567650911709
-0.5736401152971666
-0.576133013702929
-0.5768158802141746
-0.5788343418389559
-0.5793679985825134
-0.5800555602719004
-0.580650970665738
-0.5821943457038807
-0.5831025168299675
-0.5853362894413294
-0.5861218255179536
-0.5872013163752854
-0.5874810465951062
-0.5888761180220172
-0.5891525333747267
-0.590129580659171
-0.5905134566419292
-0.5933556109666824
-0.5936494617970312
-0.5948533787806001
-0.5954076329246163
-0.5960509896453005
-0.5962091291855488
-0.5962135241633015
-0.5970301058509254
-0.5978821158641949
-0.5982151128351688
-0.5984471671661595
-0.598878606900518
-0.6003112061880529
-0.6013304032385349
-0.6026214195548424
-0.6042376102879643
-0.6050061906377474
-0.6054825004604127
-0.6058895911722045
-0.6063532344996929
-0.6065265811339486
-0.6066702159919909
-0.6082273842766881
-0.6086830452904906
-0.6113776507285925
-0.6123398207128048
-0.6136835045181215
-0.6140106428813722
-0.6145608213476159
-0.6147438756500682
-0.6148946412916606
-0.6152589691337198
-0.6154372033751792
-0.6185499231020609
-0.6189483102976477
-0.619427810626803
-0.6203697621822357
-0.6207007518304246
-0.6215063395599524
-0.6224303828286273
-0.6244011915488434
-0.6250358535076624
-0.6253031849861145
-0.62642055680044
-0.6294281929731369
-0.6304767231253209
-0.6309203795157373
-0.630934837507084
-0.6313748670431475
-0.6329228275688366
-0.6337174516486224
-0.6349292474721248
-0.6350398405920714
-0.6361028086466831
-0.6373077522963285
-0.6384060788485739
-0.6385069412644953
-0.6414557834924481
-0.6464151239820889
-0.6469922255103787
-0.6477373772358987
-0.6485098728111812
-0.648584226767222
-0.6494553928350797
-0.6495430245995522
-0.6507283594459295
-0.6558370341857275
-0.6563571443160375
-0.6569080149961842
-0.6577278524637222
-0.658411821257323
-0.6587856560945511
-0.6603335895176444
-0.6604920767247677
-0.6605061532929539
-0.6617734099738299
-0.6642211784389528
-0.6691557157202623
-0.6704629143433911
-0.6711803625027338
-0.6716162396801842
-0.6748319113304695
-0.6754787266254425
-0.6770267055623911
-0.6782353408634663
-0.6782880439248402
-0.6784613292547874
-0.6787424640962854
-0.6795311040348477
-0.6810938679205719
-0.681516050050656
-0.68152207183266
-0.682823710917728
-0.683169249918501
-0.6854740232229233
-0.6865881316742162
-0.6873604037391488
-0.688421419575914
-0.6884584612213075
-0.6892786026000977
-0.6902872544661578
-0.6903554471209645
-0.6904902351837207
-0.6919414492493327
-0.6919638561121246
-0.6925982180866412
-0.6927960912386576
-0.6935312692075968
-0.6952993115701247
-0.6954297399614007
-0.696370204910636
-0.6977243039485378
-0.6992884123298738
-0.7009196579456329
-0.7015431030756898
-0.708206830679306
-0.7094791541592433
-0.7114053726196289
-0.713662781752646
-0.7147849737666547
-0.7155608932177225
-0.7166549437873376
-0.7176508524542442
-0.7188968466107326
-0.7211905100470176
-0.7226456792022173
-0.7242581917671487
-0.7246785613242537
-0.725139687666615
-0.7264554710644815
-0.7277602418665386
-0.7278044403064996
-0.72843402386643
-0.7314228434115648
-0.7317086604074575
-0.7339402824097002
-0.7340567277537452
-0.7360747186467052
-0.736094359915504
-0.7410184641679128
-0.7420962574459347
-0.7421610698636089
-0.7425597477704287
-0.7430617467944103
-0.7432303939325114
-0.7440169575191768
-0.7449769930293163
-0.7456347536811206
-0.7467575059854425
-0.7468262303620576
-0.7502859975959707
-0.7513357326388359
-0.7521687934175134
-0.7539339657872915
-0.7541639829675356
-0.7554931737482548
-0.7555873340357948
-0.7571355596650392
-0.7599648192990571
-0.7613264231809548
-0.7615313702456964
-0.7616254056803882
-0.7619307339191437
-0.7619969099760056
-0.7620723026089503
-0.7628688860218972
-0.7645478754420765
-0.7699780085211387
-0.7705688573420048
-0.7728691091760993
-0.774301923904568
-0.7768671117606573
-0.7793238088488579
-0.7802406606962904
-0.7818119203050932
-0.7842684925462191
-0.7844837928229632
-0.7854069718159735
-0.7860334366559982
-0.7869104087352753
-0.7870497409137898
-0.7874570775893517
-0.7874826664803549
-0.7877455830574036
-0.7881673723459244
-0.7893954118092855
-0.7907564137130976
-0.7960141723354658
-0.796961781653491
-0.7985913929167308
-0.7986289995256811
-0.8020116463303566
-0.8020729025204977
-0.8025852640469869
-0.8029705569414156
-0.8042968549869127
-0.8047466890679466
-0.8047553300857544
-0.805213227547938
-0.806063996894019
-0.807276014238596
-0.8091870831946532
-0.8105504380708392
-0.8135585429146885
-0.8154033720493317
-0.8156847102301461
-0.8168010443449021
-0.8197581976918238
-0.8217696149561865
-0.823692475770306
-0.8250860353000462
-0.8262482841188709
-0.8273256182670593
-0.8275659494898527
-0.828186052540938
-0.8299542739405297
-0.8302424920192506
-0.8351221200492647
-0.8377929404377937
-0.839143306016922
-0.8415280160131968
-0.8419710445450619
-0.8420673264827201
-0.8424648543198904
-0.8425760964552561
-0.8460246964412363
-0.8461688282467159
-0.8464894778153393
-0.8483758628368377
-0.8487255200743675
-0.8490132093429565
-0.850741419242695
-0.8511247988790274
-0.8512051124125719
-0.851516264676684
-0.8589950584703021
-0.8621592929121107
-0.8628250809217041
-0.8648101336380932
-0.8672914852698644
-0.8698829625334058
-0.8705513317137956
-0.8727215056618055
-0.8733276826678775
-0.8734249824827368
-0.8739365800623394
-0.8767913381258646
-0.8785284403711557
-0.8790517669694964
-0.8799591118004173
-0.8807655659814676
-0.882192284381017
-0.8826391719281673
-0.8832333808143934
-0.8865349730767775
-0.887150757112795
-0.8889975696802139
-0.8900447102884451
-0.8909844946156227
-0.8912094043833869
-0.8922697044909
-0.9001317364828927
-0.9005055322001377
-0.9008323392190505
-0.9028254961594939
-0.9035649001598358
-0.9037980553176668
-0.9047148376703262
-0.9047567447026571
-0.9049272313714027
-0.9080420583486557
-0.9085919337646503
-0.9102532672695816
-0.9115175485610962
-0.9118668890247742
-0.9122306633507833
-0.9128632107749581
-0.913252851379285
-0.9140484053641558
-0.919637065839197
-0.920978885764877
-0.9213363826274872
-0.9231695868074894
-0.9253548688720912
-0.9258825154975057
-0.9270695686340332
-0.9293113897244135
-0.9297774583101273
-0.9320026859641075
-0.9322216756409034
-0.9324723929166794
-0.9347301768139005
-0.9354165552014654
-0.936873196810484
-0.9379204162562799
-0.9412584157660604
-0.9443417072296143
-0.9458753118912379
-0.9462747896020248
-0.9488518312969063
-0.9488762617111206
-0.9502491955645382
-0.9532603561878205
-0.9552981778979301
-0.9569573306362145
-0.9574478964010874
-0.9577787944248745
-0.9580342541125396
-0.9587192146314515
-0.9600639007985592
-0.9611483351327479
-0.9644980766344815
-0.9649630884329478
-0.9659397253126372
-0.968684325615565
-0.9688311426767281
-0.9729513947066961
-0.9734721064567566
-0.9746088114859757
-0.9759947545826435
-0.9770497172656987
-0.9776686018400748
-0.978754386305809
-0.9795325781003787
-0.9796961395186372
-0.9810830652713776
-0.9815773665904999
-0.9822426533016065
-0.9822764284908772
-0.9831511055429777
-0.9843935252477726
-0.9853990003466606
-0.9858589470386505
-0.9870674777776003
-0.9885253435498141
-0.9889382943802048
-0.9892863500514067
-0.9893870949745178
-0.9900757998361119
-0.9901663176133297
-0.9911805428564548
-0.9925281093455851
-0.9947876244938622
-0.9962220537579722
-0.9972683805972338
-0.9984085063139597
-0.9997898444740309
-1.0002286329632626
-1.001886704750359
-1.0021147914230824
-1.0040892820834415
-1.0045106711719807
-1.0067294966429472
-1.0067826330661773
-1.0108362560470898
-1.0172180533409119
-1.017239486798644
-1.0201394371023136
-1.0208014603704214
-1.0258882641792297
-1.03055735429128
-1.0319948423653842
-1.032576084136963
-1.032808470306918
-1.036895865574479
-1.0421618041509646
-1.0438346522195
-1.0440538908754076
-1.0446510463953018
-1.0485578954219819
-1.0496636033058167
-1.050476277867953
-1.0571708291702504
-1.0572148238619168
-1.0590330362319946
-1.0595603823661803
-1.063536465575453
-1.06781342998147
-1.0735593140125275
-1.0738235274329782
-1.077355820685625
-1.0832682525118191
-1.0854684345424175
-1.0879386835731566
-1.0902370512485504
-1.0929596424102783
-1.0941501962287086
-1.0955858677625656
-1.0988754764199258
-1.099539428949356
-1.1008821725845337
-1.107018416126569
-1.1097845863550901
-1.1227021221226703
-1.1227567575406283
-1.1323435703913372
-1.1373564950190485
-1.1423507862655242
-1.1513639261732653
-1.1527159962803126
-1.1534003634005785
-1.1561248272657394
-1.1584357559680938
-1.1591663360595703
-1.163101814687252
-1.1632300566270715
-1.169072961434722
-1.171577693096229
-1.1737082100257143
-1.1758171319961548
-1.1814983058526802
-1.1916778280981817
-1.198196455836296
-1.2065575380111113
-1.206904571363945
-1.2093100647131603
-1.2095619663596153
-1.2095836669323035
-1.211161719969823
-1.2140102535486221
-1.2155810817681154
-1.217735727628072
-1.2197850478629941
-1.2271085158770023
-1.2301002189458814
-1.233221431573232
-1.2363482937216759
-1.2378296256065369
-1.2387385703623295
-1.2430414333939552
-1.2437402233481407
-1.2450512585540612
-1.2464297860860825
-1.2474163733422756
-1.2495287707230698
-1.252536552818492
-1.2574806610743205
-1.266973769525066
-1.2766194740931194
-1.2767002166714518
-1.2797626852989197
-1.2822206417719524
-1.282229187587897
-1.2928799092769623
-1.2947097830474377
-1.2995621994137765
-1.3001776253804564
-1.303921985113296
-1.3061610162258148
-1.3093530954793096
-1.3147885898749034
-1.321663610637188
-1.3250943815025191
-1.3364086860092357
-1.33828304708004
-1.3418724589864723
-1.3596559762954712
-1.3694085049908609
-1.3705976027995348
-1.3907097081343334
-1.4042851068079472
-1.414092529565096
-1.4208265542984009
-1.4389734190626768
-1.4626912474632263
-1.4654721543192863
-1.4740339508280158
-1.4810405319440179
-1.4826763831079006
-1.508401526333182
-1.5248048156499863
-1.5294973896816373
-1.566737025976181
-1.5727157294750214
-1.5846641138195992
-1.6361773908138275
-1.645722210407257
-1.6598526686429977
-1.6611125965913136
-1.6917694509029388
-1.7207717299461365
-1.7246228944665443
-1.7275623610864084
-1.7322294314702351
-1.7500439286231995
-1.760647953177492
-1.7650512177497149
-1.7862272709608078
-1.8055119196799296
-1.837075650691986
-1.8695499822497368
-1.8892824151262175
-1.892245007911697
-1.8983388841152191
-1.9177753876429051
-1.927940615452826
-1.9285949170589447
-1.9295711517333984
-1.9328368306159973
-1.9453229904174805
-1.9503238797187805
-1.955705686355941
-1.9617127767996863
-1.9760609194636345
-2.0727150440216064
-2.080161154270172
-2.0902537695365027
-2.1101688742637634
-2.166143760085106
-2.189228855073452
-2.2025190591812134
-2.233974273006121
-2.2453428506851196
-2.2545793503522873
-2.267230212674349
-2.2750556614482775
-2.3227771520614624
-2.327476643025875
-2.34182853375872
-2.363446965813637
-2.365038514137268
-2.383354445298513
-2.394820050802082
-2.3981610536575317
-2.421279091387987
-2.4233957193791866
-2.457050518132746
-2.491767923037211
-2.541783892394354
-2.658279980843266
-2.7008445262908936
-2.7395673990249634
-2.813448449916905
-2.83879017829895
-2.848711528349668
-2.859611738473177
-2.921389070494721
-3.1154003739356995
-3.1468876600265503
-3.171137809753418
-3.180861694224101
-3.2925225873089707
-3.333856761455536
-3.455388035177748
-3.8226780891418457
-3.9453811645507812
-3.976572036743164
-4.200927734375
-4.44707330034483
-5.473857504533953
-5.5744123458862305
-5.5958051681518555
-5.661363110237289
-5.712201654212549
-5.745129108428955
-7.351080894470215
-7.498996734619141
-7.936339378356934
-8.64722728729248
-8.673325538635254
-9.183616638183594
