-0.0005206886271480471
-0.02173621323890984
-0.06861374263341229
-0.07729452651498529
-0.0860737997572869
-0.12300338860950433
-0.15701972998476776
-0.18638692181557417
-0.18931178491604644
-0.1997470583239192
-0.20579519185204326
-0.21240626842500204
-0.22347852846516097
-0.2256413887641559
-0.23039861365396064
-0.23169676988305177
-0.2473886599764228
-0.24977428962786993
-0.2534561105005975
-0.26342820273712275
-0.26352529732442537
-0.27225191901152357
-0.2729754323715015
-0.2747266480004328
-0.27511163271430467
-0.2789811023015188
-0.28442679931148357
-0.2856642954619575
-0.29160670250557813
-0.2941653795496677
-0.3048559628530509
-0.3111097243419391
-0.3183063673243631
-0.32397718514403095
-0.3244722424395958
-0.32612871440194013
-0.32821382288202583
-0.340689795071133
-0.34508107295860774
-0.34522416695612124
-0.3547597339958884
-0.35492395364185036
-0.35610696213299653
-0.3591534794697789
-0.3602757121907079
-0.3603172090973073
-0.36559997875010597
-0.37110093493214436
-0.3737986678388552
-0.37383482632610726
-0.3743934601267168
-0.3749286285488219
-0.376171023286588
-0.3772558889658495
-0.3783446255238232
-0.3797379280211836
-0.3823854882632279
-0.382883084631574
-0.3886721704318636
-0.39143910136703025
-0.3962005612750848
-0.39700575167574115
-0.40096991540631277
-0.40138555218857763
-0.4025602831725815
-0.404107586916507
-0.40676708065439016
-0.4088558899626757
-0.41216827029504405
-0.41464904323220253
-0.41587395258021487
-0.4169303428153116
-0.41789291563756187
-0.4224579905988321
-0.4243775239613439
-0.42525579750564735
-0.4305698198149912
-0.43314697350278947
-0.43378692037341743
-0.4354045975099628
-0.43727229084818947
-0.43968228867130454
-0.44095380486299596
-0.4458234109217301
-0.4482858708195801
-0.4510370761919538
-0.45214172679698095
-0.4522780150226835
-0.45377551766190055
-0.4550400567241013
-0.45540951065486296
-0.4560653699916743
-0.4566332838753624
-0.45840126818802673
-0.4598315884638093
-0.460271231061779
-0.4606949411325331
-0.4638162855440492
-0.46398049713934597
-0.4639852893964417
-0.4660511770733865
-0.4666410319176066
-0.46719380319853754
-0.46984583349590786
-0.471230871102307
-0.4730451852083206
-0.473531209600171
-0.4748245199909434
-0.47494599464932563
-0.4779102942803547
-0.4785375960454985
-0.4807820097782951
-0.4814723960822448
-0.4815676785772666
-0.482659582834458
-0.48361525295926683
-0.48458476179150073
-0.489093461651161
-0.4893070335412631
-0.4906670788961492
-0.49362485235277825
-0.4959353665694077
-0.4988622797730689
-0.49954145419443113
-0.5037649826811573
-0.5042030996022125
-0.504646125543483
-0.5055837226488317
-0.5093236478587642
-0.511153189473341
-0.5115937905253044
-0.5123890122425413
-0.514803082391154
-0.5171488312877376
-0.5229953527450562
-0.5257640783594171
-0.5287019575759283
-0.5342041931115091
-0.5383264954201877
-0.5416014067595825
-0.543569640218203
-0.544543533339906
-0.5459397886224906
-0.5466115928055453
-0.5476968104252592
-0.5480039983522147
-0.5480745446857327
-0.5506550421006977
-0.5512779924057871
-0.5524368049027544
-0.555409072834829
-0.5557984193540452
-0.5572407174206871
-0.5577531828145895
-0.5601669672929953
-0.5666016401024535
-0.5675235153641551
-0.5691184657280246
-0.5707762576255644
-0.5717410873027499
-0.5722621791064739
-0.5723041455057682
-0.5726475198541514
-0.5738929324991963
-0.5780461929505691
-0.5784132845783461
-0.5789033403270878
-0.5828047459166555
-0.5833170331083238
-0.5840467913440079
-0.587155591940973
-0.5879004479988402
-0.5881579268971109
-0.5956566183344371
-0.5957612883422472
-0.5990841615065519
-0.6022026672620665
-0.6033206593710929
-0.6038414755353005
-0.6061190876527689
-0.6075261010943601
-0.6087608399206407
-0.6123908597047765
-0.6144898488377554
-0.6149513736978406
-0.6229120974894613
-0.6243060138222063
-0.6255604021251202
-0.6324005837119936
-0.6340595714747905
-0.6356697647701367
-0.6361108022396366
-0.637625047676813
-0.6390878969104961
-0.6397527249840399
-0.6404313376082832
-0.6413623669262355
-0.6442165158689022
-0.6448834794347122
-0.6469544463907368
-0.650170614826493
-0.6520931513216055
-0.6566438496291085
-0.6568297342164442
-0.6583731036617892
-0.6595225271303207
-0.6602977022859378
-0.6608910578236517
-0.661976557988156
-0.6651526310937091
-0.6662898952729599
-0.6721920023701387
-0.6743953125551343
-0.6768469518671433
-0.681682137795292
-0.6828171594534069
-0.6835606840322725
-0.6854801862600652
-0.686959527013505
-0.687101510593493
-0.6897308893585432
-0.6914411941543221
-0.6927012424008959
-0.6979247762821614
-0.6991420805635344
-0.6995084464550019
-0.7070211308697859
-0.7083573523035739
-0.7088669787190156
-0.7108149743244911
-0.7122100689697878
-0.7135663151741027
-0.7136580831981215
-0.7223637515967993
-0.7230511278446231
-0.7256340348394588
-0.7264758505755
-0.7350297526354552
-0.73712564969901
-0.7445391301007476
-0.7454525067005306
-0.7520124734534571
-0.7567297968780622
-0.7598793483017895
-0.7605668618707568
-0.7641397183761001
-0.7649982877857837
-0.7678919803413464
-0.7698914448616051
-0.7702677060418258
-0.7714395006599943
-0.7738788088680849
-0.7755604810081422
-0.7864804562120428
-0.7871461897739209
-0.7889658177271486
-0.7926850132322821
-0.7930113451833071
-0.7950793116222485
-0.8015654706636673
-0.8083127103220451
-0.8110671705819966
-0.8120991352637551
-0.8200324077107426
-0.8219634899316588
-0.8227104685668435
-0.8235276557970792
-0.825865873756508
-0.8274536358990839
-0.8349731060268824
-0.840164922333012
-0.8412100179120898
-0.8458772195606596
-0.8460464136785179
-0.8470963561622625
-0.8494198728762318
-0.8506582163281564
-0.851146162263467
-0.8550443602580344
-0.8602257148724877
-0.8661681469529867
-0.8672702166397812
-0.8713214281888213
-0.872441780132552
-0.8728032799554057
-0.8740566809254233
-0.8797970740124583
-0.8802951809018851
-0.8850395535642747
-0.8902072753990069
-0.8921133310701407
-0.8960013364121551
-0.8975625939492602
-0.8996435606386513
-0.9142010447207473
-0.9174277936338816
-0.9176629599959938
-0.9194954435806721
-0.919716687228304
-0.9220166140844412
-0.9262346365888204
-0.9275869986660836
-0.9312648810446262
-0.9369385126919951
-0.9407848906703293
-0.9411683052778244
-0.9432878986001014
-0.9447223794704769
-0.9531571249743946
-0.9535072364281708
-0.9568067345680902
-0.9581315126270056
-0.9610306124115595
-0.9702779351791833
-0.9718738583281569
-0.9780061100092199
-0.9800664085681395
-0.9844178017131829
-0.988823409777459
-0.9903669068589807
-0.99352356633608
-1.000393898798696
-1.0008552638171069
-1.0118006643528739
-1.0165792539715768
-1.0189329639875464
-1.0280654340197088
-1.032911035232246
-1.0373993593326305
-1.0405664595891722
-1.0407541509630391
-1.042911515571177
-1.0470864534378053
-1.0472227106802166
-1.0483268676325679
-1.0556686595082283
-1.0598590662702918
-1.077014774394532
-1.084304581122394
-1.0889428222267157
-1.0953559912741184
-1.098958418413531
-1.1043424366840295
-1.1120698004961014
-1.122176006436348
-1.1226380757271044
-1.1447179913520813
-1.147190922498703
-1.1492459098808467
-1.1506364132559004
-1.1510769963264464
-1.158620142727159
-1.1615776056423783
-1.1649393898745377
-1.175245348053674
-1.1819212800907866
-1.1929706443325814
-1.1968439407646656
-1.209453925355683
-1.2159451078623533
-1.225334107875824
-1.2286106343381107
-1.228693112703013
-1.2461595921777189
-1.2521712519228458
-1.2718368617759552
-1.2754928502919418
-1.2979831479024142
-1.3012682954955381
-1.3078755538513178
-1.3332662977929886
-1.3371004983782768
-1.3390683950856328
-1.356784075498581
-1.357229548273608
-1.3759291806297067
-1.3759558322490193
-1.38629921968095
-1.3988729359116405
-1.404874537140131
-1.4050580284558236
-1.4061592345436413
-1.4115399301052094
-1.421079022809863
-1.4381689736619592
-1.4410253415505092
-1.4432549057248707
-1.4490633954604466
-1.4508447358105059
-1.4549047658219934
-1.4577131311409175
-1.47305029630661
-1.4780669196043164
-1.4823198148515075
-1.493947816178358
-1.5561485327780247
-1.558471418917179
-1.5815229453146458
-1.60067817568779
-1.6214461509953253
-1.664310117052602
-1.669365005538566
-1.6986828244481071
-1.699219143949449
-1.7369357364746976
-1.7510752845555544
-1.790572981039683
-1.8013681434094906
-1.8181146840409685
-1.820696024224162
-1.8466177227091976
-1.8505088549884476
-1.873550904885633
-1.8794320503075141
-1.8797315457292523
-1.8851563152857125
-1.892134811449796
-1.8938608627940994
-1.8986178003251553
-1.9097931385040283
-1.9229279135664303
-1.9376784408232197
-1.9463010430335999
-1.947817087173462
-2.000142835520819
-2.0234050383937565
-2.054003601272901
-2.2015544772148132
-2.2766244411468506
-2.3109453320503235
-2.329578777154287
-2.3363656997680664
-2.360725164413452
-2.3766710311174393
-2.3819708824157715
-2.401682129013352
-2.4469850063323975
-2.4703891475995383
-2.5214895804723105
-2.5431549549102783
-2.5711832648764053
-2.574439545472463
-2.7716692090034485
-2.7749208509922028
-2.8759690523147583
-2.8875086903572083
-2.9618446077850726
-3.0301388998826346
-3.0420807848374047
-3.044839749733607
-3.12513111370572
-3.2025915617123246
-3.803637772798538
-3.8045670986175537
-3.865859255194664
-4.0086510181427
-4.406930088996887
-4.6534893429488875
-5.353986740112305
-5.85272741317749
-6.586792707443237
-9.536701202392578
-9.658384323120117
