-0.00018523407925385982
-0.038439243799075484
-0.04543893737718463
-0.04566570254974067
-0.07176497202599422
-0.07364242622861639
-0.09225795045495033
-0.12737724663955824
-0.13436317332088948
-0.13862515737613043
-0.13934322291364273
-0.1439929089101497
-0.18572355342829333
-0.19392082863487303
-0.1956804512689511
-0.20717723076231778
-0.2094052684493363
-0.21560553461313248
-0.21919005922973156
-0.22779363127691404
-0.22824948281049728
-0.2291860170662403
-0.23164540936704725
-0.25395189060105217
-0.261087638946871
-0.2631418713368475
-0.2672411873936653
-0.2679388198303059
-0.27159221179317683
-0.27906798917268005
-0.2799367579864338
-0.28184790816158056
-0.2831969330087304
-0.2916096179505985
-0.29317046360423166
-0.29688120875895646
-0.2986330760526471
-0.30018127171788367
-0.30100078798002666
-0.3057408668100834
-0.30645468361617534
-0.3086253247456625
-0.31038024155423044
-0.31197223493031095
-0.3131930083502084
-0.3166773458781083
-0.31843111166381277
-0.3209826884170373
-0.32588915867895324
-0.3264359652789103
-0.32734173108987946
-0.32826459671681124
-0.3310116023446123
-0.3320781466240684
-0.33277667881920936
-0.3329585610423237
-0.3347446758998558
-0.3423296667635441
-0.3451017551124096
-0.3484396795128388
-0.35122496560668676
-0.3559531070899943
-0.3585982993245125
-0.3613912922446616
-0.3623726427555084
-0.36809988167849095
-0.37224992201663554
-0.37315653534606097
-0.3762523835110996
-0.37715034163556993
-0.3793504592962563
-0.38001406588591635
-0.3827038241757287
-0.3924962798133492
-0.3954340426522928
-0.39929065541794745
-0.40039850191937554
-0.40048132681598264
-0.40793714619108606
-0.41403683344833553
-0.41469085296349867
-0.41598132433968465
-0.4163195981221482
-0.4187282130920461
-0.419973794903074
-0.42078482104989234
-0.4228635746985674
-0.4247955789323896
-0.4251503619598225
-0.4300206524009506
-0.4310066539794207
-0.4310668499674648
-0.4339050397809063
-0.43481786630582064
-0.43517409254693323
-0.43786802142858505
-0.43943618979149807
-0.4428861839696765
-0.44604095838232233
-0.4488433916121721
-0.451074710348621
-0.45150122472218107
-0.4534373056806583
-0.45615932159125805
-0.4562934473182799
-0.4566963644336081
-0.45717045583296567
-0.45742995850741863
-0.45811453118221834
-0.45836073852011133
-0.4593376617671715
-0.45958694169530645
-0.46797066999715753
-0.47152311654968393
-0.4716771754125754
-0.4721633166249376
-0.47256209675429595
-0.4731609033804168
-0.473230487977465
-0.4732965840026736
-0.4746710769832134
-0.4765725063625723
-0.47896506109585363
-0.4823475574958138
-0.48321285016006893
-0.48760570418089627
-0.48812912005398956
-0.4893919463114192
-0.48950015380978584
-0.4902986952414115
-0.4912724667893989
-0.49193432749598287
-0.4926113613182679
-0.49308921170553993
-0.49503734168441343
-0.4995993241094626
-0.5014689241846403
-0.5014900162791962
-0.5015126115819118
-0.5024326208978891
-0.5035993289202452
-0.5037431153826989
-0.5040589857671876
-0.5045337334275246
-0.5062099534552544
-0.5079996187239886
-0.5098008827306331
-0.5101323849832018
-0.5113440851370493
-0.5133128673459093
-0.5160804862389341
-0.5162447513008875
-0.5162473422606126
-0.5180819026109847
-0.5182356026489288
-0.5205073726491537
-0.5210135481320322
-0.5242043045748558
-0.5260428602082862
-0.5275211955627633
-0.527659757703077
-0.5278661730661279
-0.5295603632926941
-0.5301314584691735
-0.530690717836842
-0.532150640967302
-0.533120465092361
-0.5333354914872198
-0.5343485401943326
-0.5346993260318413
-0.5354670454851456
-0.5354801430366933
-0.538153029885143
-0.5389680346207959
-0.5392089954887828
-0.5399039827287198
-0.540010171886736
-0.5400779601186514
-0.5409571110270918
-0.5414830712019466
-0.5417490688290585
-0.5422153736957732
-0.5426783665797899
-0.5433403178025037
-0.5434414723189548
-0.5438977095431515
-0.545118050960203
-0.5457913348717349
-0.5462846558541059
-0.5463404729962349
-0.5472473030760219
-0.5480612573446706
-0.5489386908233255
-0.5502856722334399
-0.551019250229001
-0.5513080526475928
-0.55165196829226
-0.5527635796793869
-0.5558541796635836
-0.556472766357474
-0.5570681095123291
-0.5583862898250421
-0.5614384083568843
-0.5634034052491188
-0.5637402333086357
-0.5647598973785838
-0.5711097693336862
-0.5721098673862538
-0.5730998010279749
-0.5736284708190296
-0.5737144210531065
-0.5743998299243257
-0.575539419737955
-0.5756208713476857
-0.5766135862352149
-0.5785570033929415
-0.5786493752151728
-0.5789578676223754
-0.5800446191220544
-0.5811847557003299
-0.5824250916484743
-0.5825837654882067
-0.58330805938957
-0.5899892072193325
-0.5911355800926685
-0.5928485883891376
-0.5966691528964374
-0.5976025850046426
-0.5996620035212901
-0.6043776435156664
-0.6045507246622277
-0.6048374498854033
-0.6060480293817818
-0.6073783902185304
-0.6094156065955758
-0.6102611273527145
-0.6105156537766258
-0.6120857144705951
-0.6139787218999118
-0.6142353049479425
-0.6176381542657813
-0.6188518249895424
-0.6195384280925448
-0.6207665560974015
-0.624933376442641
-0.6249994464839498
-0.6255327588455244
-0.627327142842114
-0.6276484598804798
-0.6316249963173715
-0.6321908056270331
-0.6334541876567528
-0.6360996060073376
-0.6369539331644773
-0.6370190074667335
-0.6403711321763694
-0.6428633930959872
-0.644066818590675
-0.6483701693101062
-0.6487987596880306
-0.6507317793377871
-0.6535620008828118
-0.6543740034103394
-0.6657522715395316
-0.6671149488538504
-0.6671306161209941
-0.6689457148313522
-0.6715266494346517
-0.6738205367388824
-0.6749952930424895
-0.6788507912840162
-0.6808872207999229
-0.6834014963358641
-0.6854298785328865
-0.6873466656543314
-0.6874602447367377
-0.6879723329097033
-0.6883872725069523
-0.6887891084421426
-0.6890520307102374
-0.6901269163936377
-0.6903198653211197
-0.6915676326357892
-0.6931238582150804
-0.6933812860865146
-0.6946233200530211
-0.6952421792915889
-0.69753502542153
-0.6990372823043303
-0.6993393270298839
-0.6999766591936349
-0.7006247689326605
-0.7009337544441223
-0.7018326717828002
-0.7041803145160278
-0.7056200928572152
-0.7086840356932953
-0.7092728114997348
-0.7095026485621929
-0.7167664580047131
-0.717961374980708
-0.718635032677816
-0.7191703014075757
-0.7206610724097118
-0.7218953650444746
-0.7220247285042302
-0.7228891359021267
-0.7240259923661748
-0.724864570889622
-0.7252689441666007
-0.7310182327138526
-0.7335908769164234
-0.7370820188273987
-0.7386307581327856
-0.7431526954751462
-0.743526147479363
-0.7470789341023192
-0.7480430193245411
-0.7486920380456881
-0.7502305887173861
-0.7524504251778126
-0.7527997520353112
-0.7570103006437421
-0.7595475198743914
-0.7607172220945358
-0.7615365454029026
-0.763424544284741
-0.7665703027847816
-0.7699658162891865
-0.7800344464679559
-0.7812048291787506
-0.7821455955505371
-0.7823598229636749
-0.7837536962968963
-0.785269558429718
-0.7860951917245984
-0.7862661179775993
-0.7873515485060545
-0.7880250054877251
-0.7890254532297453
-0.790376229309722
-0.7927819268876001
-0.7941817857325078
-0.7942484874278307
-0.7956079736008848
-0.7992179150417171
-0.802094770178787
-0.8023235100554302
-0.8034015149223032
-0.8037662621538498
-0.8045498044230044
-0.80552140900572
-0.8066194935236126
-0.8114500697702169
-0.8140533734112978
-0.818261950975284
-0.8187578278593719
-0.8188775861635804
-0.8189043401015135
-0.8195484201423824
-0.8235870857412616
-0.8242639124393463
-0.828546907287091
-0.8338951306650415
-0.8397623111959547
-0.8398607124108821
-0.8412987478077412
-0.8416285463608801
-0.8423484311904759
-0.8431058960850351
-0.844694836375614
-0.8495526488072106
-0.8509188005700707
-0.8524011220782995
-0.8527287928653615
-0.8561350771225988
-0.8584759266426166
-0.8676468051970005
-0.8710517704486846
-0.8721618037670851
-0.8751282086595893
-0.8829404262539285
-0.8837183521439632
-0.8865213232347742
-0.8877440199255944
-0.8914666663622484
-0.9098293334245682
-0.9113863392267376
-0.9124126516282558
-0.9155742417400082
-0.9189018716828691
-0.918958705663681
-0.9275783509016037
-0.9279770526336506
-0.9296536903828383
-0.9342454161494971
-0.9368427395820618
-0.9371653208509088
-0.9373611062765121
-0.9430238716304302
-0.9505482949316502
-0.9507732498459518
-0.9551288535197576
-0.9555684753826686
-0.9596058497360597
-0.9649503628412882
-0.9664518705436161
-0.9697950246433417
-0.9726253468543291
-0.9759601822921208
-0.9771771265659481
-0.9785262167453765
-0.9786125183105469
-0.979144903481938
-0.9877892285585403
-0.9916199048360189
-0.9940777480602264
-1.0016497075557709
-1.0025469493120909
-1.0133784917684703
-1.01618612408638
-1.0170590750550708
-1.023665543842631
-1.0368214795986812
-1.0377275593578816
-1.0573274325579405
-1.0694077817024663
-1.07146022717158
-1.0778149999678135
-1.0876432195771486
-1.0928596533834933
-1.1072750942781568
-1.1211604078610737
-1.122008020679156
-1.1392045292304829
-1.1457737999036908
-1.1634889300912619
-1.1720901057124138
-1.1753956507891417
-1.1963533911233146
-1.1972333510406314
-1.1982148025805752
-1.2110726300161332
-1.2134778606705368
-1.2168426525313407
-1.2187009826302528
-1.2410330513957888
-1.2489886085192363
-1.255268524090449
-1.2743188485037535
-1.2961135022342205
-1.299014276592061
-1.3201312273740768
-1.3203889268139999
-1.3275629708659835
-1.3364955335855484
-1.3580574337393045
-1.3969419449567795
-1.408786315470934
-1.4838863846380264
-1.5135136045515538
-1.574309527873993
-1.592895516504844
-1.6002813316881657
-1.601625718176365
-1.62051035836339
-1.6688742923239868
-1.670919507741928
-1.6868327278643847
-1.720845232407252
-1.7302724675585825
-1.7361336285248399
-1.7901422902941704
-1.8093642890453339
-1.80954110622406
-1.8208027650252916
-1.822938097640872
-1.8794519323855639
-1.9156298912130296
-1.91694217796127
-1.9280198034830391
-1.932629802574714
-1.946730762720108
-1.9926596482594807
-2.0252729251049457
-2.026164459530264
-2.0483492901548743
-2.0560733675956726
-2.0623008563183247
-2.107023149728775
-2.1144665817458494
-2.144529147694508
-2.164718414346377
-2.2172867879271507
-2.297253727912903
-2.321190039316813
-2.362027953068415
-2.390191312879324
-2.445155594497919
-2.472438022494316
-2.484906037648519
-2.5044665299355984
-2.509212017059326
-2.541838301345706
-2.5569839974244437
-2.6760895550251007
-2.7125351056456566
-2.839007770642638
-2.864814255386591
-2.9259949277620763
-2.985608346760273
-3.0761245945468545
-3.088246483821422
-3.2245154082775116
-3.235663201659918
-3.322223424911499
-3.4073847234249115
-3.4741413332521915
-3.6606972217559814
-3.666510909795761
-3.9377691131085157
-4.210406003519893
-5.044103145599365
-5.844397783279419
-7.7328033447265625
-7.74202823638916
-9.198193550109863
-10.523808479309082
-10.777002334594727
-11.045692443847656
