-0.0003565097626960778
-0.00068443226943297
-0.011589231131236173
-0.012237225251737982
-0.018211459915619344
-0.01921543766608617
-0.02411106288006219
-0.03304611290929772
-0.03434134367853403
-0.03448145063885022
-0.042122508015017955
-0.04650668318693837
-0.046801185235381126
-0.047023772999333836
-0.052490416914224625
-0.053336078650318086
-0.062256513512693346
-0.0651310567304285
-0.06927278393413872
-0.08594094283762388
-0.08881750827034314
-0.08920011360065214
-0.09052681711182231
-0.09243096214486286
-0.092644814401865
-0.09525428848740246
-0.09783304249867797
-0.10283455159515142
-0.10607829857667639
-0.11044695009089385
-0.11147725962412854
-0.11218753007851774
-0.12156187001055514
-0.12997923790826463
-0.13155881080690182
-0.13195699214702472
-0.13278310572994606
-0.14052779642806854
-0.14302340594731505
-0.146507512833341
-0.1468551534053404
-0.15393493630524194
-0.1644611740426626
-0.16537551037035883
-0.1698511976748705
-0.1719804854132235
-0.17254645377397537
-0.17264401073771296
-0.18073833119124175
-0.1821710136719048
-0.18951692804694176
-0.1899140914902091
-0.18998278456892875
-0.19031603261828423
-0.19147964171133935
-0.19179728161543608
-0.1973109632745036
-0.19794138883844425
-0.19860948515997734
-0.20198696327861398
-0.2024366046767682
-0.20313071708612065
-0.20494479010812938
-0.2071847195426623
-0.2075739103768553
-0.20860857516527176
-0.2100125881843269
-0.21125980905344477
-0.21324346731934282
-0.22087036619944098
-0.2246216199542687
-0.2255642549134791
-0.22624940682885608
-0.22729084191378207
-0.23102303687483072
-0.23167031588454848
-0.23217153146397324
-0.2330345153590315
-0.2383388960675802
-0.23855658583488548
-0.24047699996403285
-0.24164273503702133
-0.2430316496640444
-0.24471824197098613
-0.24975412485322782
-0.2507456708827931
-0.25912375492043793
-0.25923190425549236
-0.2602605480868887
-0.26263973434753196
-0.26297520152293147
-0.264502680200773
-0.26465697156471735
-0.26833051024676835
-0.26840412616729736
-0.2696501049471812
-0.2723355759200266
-0.27374233065971304
-0.2745151919276496
-0.2762272825697437
-0.2770426098140888
-0.27752412628979073
-0.27901410282356665
-0.2792051446934541
-0.281075988226803
-0.2813349131999227
-0.28629367684738505
-0.2868032141122967
-0.2871602453025324
-0.29273235363264877
-0.29312045502269435
-0.2943784499482717
-0.2988958648824741
-0.2990347609622404
-0.2992950375857098
-0.30129810047801586
-0.30201586730046465
-0.3072051584502333
-0.30909316210697096
-0.3102671907065087
-0.31173347966546316
-0.31222466826438905
-0.3126267069834284
-0.3128174069122626
-0.3147934742846701
-0.31566892471164465
-0.316210516000865
-0.31789448019117117
-0.31821554612057906
-0.31931706494651735
-0.3194000244580416
-0.3209357765124878
-0.3209837791131577
-0.32118661575676766
-0.3227826390586112
-0.3233472239226103
-0.32490496032405647
-0.3255032884057073
-0.3266988782212138
-0.33040021148190135
-0.33228425306879217
-0.3339650088122913
-0.3343634502115575
-0.33498674465550315
-0.33582873884006403
-0.33829518332277075
-0.33839751208627905
-0.3393768323585391
-0.33940386751459706
-0.340662375254447
-0.34143679092327756
-0.34181746328249574
-0.3422105498320889
-0.34265907775414617
-0.34357638098299503
-0.343889160566808
-0.34397705079754815
-0.34456283450608366
-0.3447201860189024
-0.3449549191734857
-0.3451466805068776
-0.3458332845257246
-0.3465573962777853
-0.3476357401425328
-0.3486298378673382
-0.34904169756919146
-0.3492059993471324
-0.35127538861706853
-0.3530463889474049
-0.3534494756083739
-0.3553708321736034
-0.35651911790288676
-0.35688884905539453
-0.3573953434359282
-0.35747459693811834
-0.35756405506452377
-0.3585487469099462
-0.3595176147727115
-0.35983328840562273
-0.3600009910529479
-0.3603558585640382
-0.3603735944583177
-0.360377398888684
-0.3616451814870945
-0.36174985516647046
-0.3619469360994117
-0.36414419355569405
-0.3645606188103557
-0.3649419279853729
-0.36523748142644763
-0.3658538416493684
-0.3659789434501103
-0.36664183884859086
-0.36705870353616776
-0.36708928561872906
-0.36724185826175887
-0.3698007826992423
-0.37032766729438055
-0.3729278073361557
-0.37301054946146905
-0.3733007827495385
-0.37353088743984697
-0.37357097150137025
-0.3740508552485456
-0.3740871301428838
-0.3745174280439046
-0.37573680085026556
-0.3768780008993215
-0.3770449087722227
-0.3773966244480107
-0.3775518781815966
-0.37926984968362376
-0.380015968112275
-0.3820724204182625
-0.38228926088453996
-0.38387035485357046
-0.3855868503999184
-0.3867607799015547
-0.3870036576076278
-0.38710710495000794
-0.38721608482301234
-0.38841054581903983
-0.38863893335219474
-0.3886414183413281
-0.38896505759014244
-0.3895532889841383
-0.39044724619533455
-0.3905378161256926
-0.3907849495816562
-0.3922832524791981
-0.39252064130518455
-0.3926269506337121
-0.39308845849882346
-0.39325629362258496
-0.39347742685470166
-0.39397613182663915
-0.394060997851193
-0.3945869121996041
-0.39473792353066983
-0.3950495036804806
-0.39746632793248865
-0.3975836403210619
-0.3983961338798205
-0.3993134503511505
-0.39946433758506406
-0.39954281619284304
-0.40026961974799635
-0.4004211983576949
-0.4007744655304123
-0.4010953569991721
-0.4012962609529495
-0.40299181785667315
-0.40314157254276023
-0.4034390334716244
-0.40388003808974254
-0.4042237848043442
-0.40469990721480414
-0.40478895507043317
-0.40483770705759525
-0.40522165879762423
-0.4057529184680719
-0.40587382175726816
-0.4072731114691123
-0.4073468789093844
-0.40794576900277335
-0.4079629051266238
-0.4093964432075154
-0.4102909036795609
-0.41112582133177966
-0.41170644528756384
-0.41201850440767074
-0.4136464135103429
-0.4136783653780185
-0.41416413709521294
-0.41470185009529814
-0.4152044107854042
-0.4158390486612916
-0.4170834293705411
-0.41807247781091267
-0.41854206237353775
-0.41903583396709077
-0.4191959097981453
-0.41928545549103546
-0.42018391169199276
-0.4206967144226447
-0.4208400547504425
-0.4216107187482218
-0.4216337343212217
-0.42181911118901694
-0.4218691928253975
-0.42190185473121417
-0.4224073857238347
-0.42257704254653716
-0.4245728552341461
-0.42562191943741506
-0.42630861260529074
-0.4264727282570675
-0.42663942216693057
-0.4283840335920104
-0.42941804753111984
-0.4305560651894969
-0.4308769773691893
-0.43128755026393467
-0.43130236328579485
-0.4316242569941096
-0.43180497717112304
-0.4330216717423388
-0.4334024604409933
-0.43413933436386287
-0.43473622107740084
-0.43635814908730725
-0.43652043831793386
-0.4367711282257342
-0.437860325910151
-0.43811418596655133
-0.43837036976280314
-0.4390035450148086
-0.4402061009646526
-0.44061651319498196
-0.4407870149524469
-0.4413948303554207
-0.44167957587965895
-0.4425664270296693
-0.442800296589121
-0.44503487886860965
-0.44517233851365745
-0.44733009181916716
-0.4477221541040178
-0.44922065008855
-0.451723855745513
-0.4526650025130948
-0.4539220377057791
-0.4564557808251785
-0.4570760632283054
-0.45713744751992635
-0.45738337722286815
-0.4579056592192501
-0.4580762780457735
-0.4639360878084387
-0.46419262566158304
-0.46467312187370324
-0.4658218840403216
-0.46615755232051015
-0.46638959908280714
-0.4687628398782441
-0.46896154865283857
-0.470283479988575
-0.47029006201046286
-0.47088539273166435
-0.4718702279108887
-0.4720769261941314
-0.4724461417645216
-0.4730917187334853
-0.4748560040607117
-0.47501035444438455
-0.4750429150234494
-0.4761936444708187
-0.4767506043310277
-0.47890184607967967
-0.47893490482652673
-0.48071195075119083
-0.4827775064040907
-0.48286550326479805
-0.4834487286861986
-0.48441862993474516
-0.48445361526682973
-0.4854328468406623
-0.48543291836977004
-0.48719712141901256
-0.4872344029136002
-0.489074023484136
-0.48993030097335577
-0.4899594304151833
-0.49071024815835385
-0.49079188611358404
-0.49206342986629653
-0.4922542083309963
-0.4950696807529312
-0.49574032722092753
-0.49584588161669674
-0.49590166003326885
-0.4962957039475441
-0.49711611400812217
-0.4987568743914987
-0.49925459471895645
-0.4993596594780684
-0.49978596145021065
-0.5001689040412506
-0.5001733296417764
-0.5017082678386942
-0.5017273339960866
-0.5020480144303292
-0.5029504962265492
-0.5033581589814276
-0.5038398851174861
-0.5040967233013361
-0.5061898001295049
-0.5065771680626009
-0.5067085580584205
-0.5068716113746632
-0.5069275996866054
-0.5075455396436155
-0.5087477965280414
-0.5089788106270134
-0.5093373638519552
-0.510783999847869
-0.5109537660318892
-0.5114847392990038
-0.512319480037232
-0.5125107326145683
-0.5128077487461269
-0.5137863000272773
-0.514166530687362
-0.5155115382745862
-0.5157888880154738
-0.5159762865265033
-0.5163372224196792
-0.5172284441068769
-0.5177514241742236
-0.5183104503400197
-0.5184199836637292
-0.5184907095041126
-0.5189887499566086
-0.5195226762443781
-0.5201470994390547
-0.520186759904027
-0.5205312158912421
-0.5220374292823635
-0.5223043340457869
-0.5223508025741294
-0.5234667146578431
-0.5249378944022788
-0.5254020728170872
-0.5255319996831531
-0.5271097114309669
-0.5308221187442541
-0.531984527487225
-0.5330050994331638
-0.533841305722793
-0.5344461529914822
-0.5354414858262417
-0.5366852822931428
-0.5370111171156168
-0.5374026867328212
-0.5410917556312468
-0.541787698997983
-0.5422502468739238
-0.5438233755528927
-0.5438391175121069
-0.5451903604747107
-0.54615729523357
-0.5479198105219893
-0.5501756362617016
-0.5501793384402325
-0.5502186625464154
-0.5511043659256151
-0.5527302001913389
-0.5530441594827507
-0.5533656457206234
-0.5535258108284324
-0.5550442404579371
-0.5553198340866301
-0.5553373620845378
-0.555945583890813
-0.5564869308902416
-0.5571491151317282
-0.5574591523802951
-0.5607344952295534
-0.5612730545302232
-0.5613143719360232
-0.5616487648221664
-0.5620831873267889
-0.5621320111677051
-0.5641947227995843
-0.5643165536224842
-0.5644166437622127
-0.5649474170058966
-0.5678344182451838
-0.5696839403361083
-0.5697968900203705
-0.5704585609491915
-0.5712600700557232
-0.5725991719269327
-0.5754882136789092
-0.576955430675298
-0.5769845332251862
-0.5770328721147961
-0.5773322907875159
-0.5791272181268141
-0.5801150321261958
-0.58011842854321
-0.581361461430788
-0.5829784676122168
-0.5837352188924948
-0.5868956504725955
-0.5872179030673579
-0.5893438930571493
-0.5896231770515442
-0.591448784864042
-0.5919799826070731
-0.5932806263611253
-0.5945129827078846
-0.5948628470941912
-0.5956242996866682
-0.5965699951888787
-0.5966524099931121
-0.5974575782394302
-0.5988744167843834
-0.599994412176311
-0.6020630703715142
-0.6027301764115691
-0.6028136142783296
-0.6042624754831195
-0.6050356924533844
-0.6067680664360523
-0.6067870398983359
-0.6080912668632144
-0.6093355703633279
-0.6099045548471622
-0.6120602978393436
-0.6129673742883218
-0.6164618897717447
-0.6178350820671767
-0.6207940605624268
-0.6228646562501255
-0.6234704501926899
-0.6274988769204356
-0.6320533258840442
-0.6335324103452472
-0.6349239160772413
-0.6350298777222634
-0.637157251291986
-0.6381035315789632
-0.6385988041292876
-0.6387210192707633
-0.6393718646839261
-0.6395784959197044
-0.6407170106191188
-0.6421553073450923
-0.6423183574806899
-0.6444275978913842
-0.6446176449147364
-0.6459095805184916
-0.647167533427689
-0.647207034266709
-0.6476996477722423
-0.6478508280590176
-0.6481842249631882
-0.6488329652282927
-0.6511990289602961
-0.6513314679265022
-0.6517664507264271
-0.651803586099829
-0.6530526569578796
-0.6533542901922503
-0.6543329137992779
-0.654555371341606
-0.6562300614823471
-0.6564542382451085
-0.6605754887219518
-0.662314216295878
-0.6634820149702136
-0.6638201385087866
-0.6649720706045628
-0.6662697321735322
-0.6677736106129097
-0.6678375112358481
-0.6684852307662368
-0.6693894274131809
-0.6696694679558277
-0.6707663425089171
-0.6708609122317284
-0.6714657608536072
-0.6725052487260351
-0.6752002463251756
-0.6755332524577776
-0.6818390289942423
-0.6819580113049597
-0.6824014600075315
-0.6825196917634457
-0.6844503621687181
-0.6855195959603103
-0.6902786665013991
-0.6920525935129263
-0.6959371224977076
-0.6988395832013339
-0.6990051328515013
-0.7014279186426263
-0.7017515301704407
-0.7048277770767787
-0.7053658423475367
-0.7060828980058431
-0.7063316165780028
-0.7082338612526655
-0.7115856222808361
-0.7154909420448045
-0.7156097360162271
-0.7157913948176429
-0.7272926617103318
-0.7276867683976889
-0.7285653750101725
-0.7289362982555758
-0.7292120982892811
-0.7299672264357974
-0.7341509450227022
-0.7353585546370596
-0.7360903117805719
-0.7379420910961926
-0.7382316044531763
-0.7401981874988022
-0.747188326716423
-0.7492403663964069
-0.7518461365252733
-0.7582928449862973
-0.7587287419910017
-0.7600756995379925
-0.7608331680297852
-0.7651212171185762
-0.7652819901704788
-0.7656616624910384
-0.765998562797904
-0.7686408664099872
-0.7705956186982803
-0.7716116254567169
-0.7728393003344536
-0.7775178776468642
-0.7778468991746195
-0.7801596438512206
-0.7900598138337955
-0.791691972699482
-0.7917489652754739
-0.7958544548600912
-0.7978872064501047
-0.7994957827031612
-0.8003443218767643
-0.8022082508541644
-0.8023046927216152
-0.8032029625028372
-0.8056010543491299
-0.8080784281526037
-0.8084831004962325
-0.8121479582041502
-0.8137419696676692
-0.8137707324432475
-0.8142744324461091
-0.8143652532948181
-0.8183860897552222
-0.8198320202667404
-0.823704008711502
-0.8249256443232298
-0.8287646790434208
-0.8293029181659222
-0.8298860487217704
-0.8304078560322523
-0.8309429499010245
-0.8365656919777393
-0.8443801667308435
-0.844652158790268
-0.8513559317548892
-0.8587930798530579
-0.8601438738895875
-0.8612099844031036
-0.8663396362680942
-0.8679811636917293
-0.8706710606015154
-0.8726335912942886
-0.8750486547748247
-0.8751913189888001
-0.8786739385686815
-0.8830335200764239
-0.8857016281690449
-0.8865821945481003
-0.8887638568878173
-0.8918992170947604
-0.89264808408916
-0.8944834905210882
-0.9024608405306935
-0.905571561306715
-0.9075045427960049
-0.9134315265109763
-0.9258865645197147
-0.9272480805714926
-0.9321596899535507
-0.9323689810931682
-0.9336857795715332
-0.934486868432335
-0.935823202948086
-0.9421819746494293
-0.9436866044998169
-0.9448694517877811
-0.9465937465429306
-0.9495665605878457
-0.9501144886016846
-0.9558803867548704
-0.9561986754299141
-0.9575188733906543
-0.9610995491966605
-0.9654081552755087
-0.9659355371724814
-0.9741770204661103
-0.9779113456606865
-0.9805612091440707
-0.9823242237833256
-0.9824260792617375
-0.9835825506597757
-0.9872618268011137
-0.9930586072732694
-0.9932126303513845
-1.0099294297397137
-1.0165906956461186
-1.0181597873102874
-1.020702241609494
-1.0244619632139802
-1.0252815478403743
-1.025740469165612
-1.0328541122958996
-1.0412463461980224
-1.041283433092758
-1.0485092093935235
-1.0555634279217985
-1.0595784185570665
-1.0601967386901379
-1.061393243726343
-1.063075330753539
-1.073660387347142
-1.0887408144772053
-1.0891932509839535
-1.0895556681789458
-1.0923142582954217
-1.0943822376430035
-1.1014949617286522
-1.1027640104293823
-1.1031832337845118
-1.105209381855093
-1.1071603298187256
-1.1086964718997478
-1.1197132654488087
-1.126876071767765
-1.1275020266883076
-1.130200821440667
-1.1566185777657665
-1.1665833559537417
-1.168692735179017
-1.1699311331380158
-1.1751042033235233
-1.1790510933432314
-1.183913241769187
-1.1869359533819888
-1.189005514839664
-1.1925498500932008
-1.1970303729176521
-1.1973083913326263
-1.19767524455674
-1.2006126341409982
-1.2064099476207049
-1.209748336393386
-1.2100273072719574
-1.2148044344969093
-1.2160853669047356
-1.216749668121338
-1.2244984929760296
-1.2247402779757977
-1.2284766443655826
-1.2309279063095648
-1.232468316797167
-1.2388116559013724
-1.2476248741149902
-1.254772037267685
-1.2570390802963327
-1.259342829696834
-1.274936815102895
-1.2754312672962744
-1.27980053529609
-1.2867823551641777
-1.3063174436489742
-1.3068098823229473
-1.3085042039553325
-1.3107840716838837
-1.3132391882439454
-1.3196359450618427
-1.330686981479327
-1.3409767217623692
-1.3480641449180741
-1.356784664094448
-1.3862634656019508
-1.393434579173724
-1.3943634984083473
-1.3954015451793869
-1.4203927554190159
-1.4381854633490245
-1.4383748074372609
-1.4645712150571246
-1.4652619063854218
-1.4700750211874645
-1.4824616727823012
-1.4941089834319428
-1.4949469682016114
-1.4960906306902568
-1.500039053382352
-1.5250070864955585
-1.5259636259870604
-1.5289166569709778
-1.5314023941755295
-1.533880676092979
-1.6098133775376482
-1.6143929547896343
-1.641297698020935
-1.6453284621238708
-1.6906613111495972
-1.6946867518126965
-1.6995245032012463
-1.7092102766036987
-1.718352637370117
-1.7443039826660727
-1.7677375376224518
-1.7867847398544352
-1.8036572000543987
-1.80892596890529
-1.8334197040115083
-1.83611299097538
-1.8497715145349503
-1.8573221657425165
-1.8617129903286695
-1.867705762386322
-1.9112772941589355
-1.9211628154541056
-1.942406952381134
-1.9654728323221207
-2.0648069381713867
-2.0678581022657454
-2.0831370525993407
-2.1152097582817078
-2.12824189895764
-2.139091372489929
-2.1439061055231527
-2.181787524403944
-2.1881089210510254
-2.1996908634901047
-2.2075259670730247
-2.211972367716953
-2.213461089025562
-2.219926845282316
-2.25746750831604
-2.258142352104187
-2.2582014822401106
-2.264005873352289
-2.275344267487526
-2.2821421548724174
-2.2830561762675643
-2.289190117295675
-2.302786528877914
-2.321471482515335
-2.350165367126465
-2.3505800008773803
-2.35750980822498
-2.3682759143412113
-2.37559387460351
-2.405235171318054
-2.415876341285184
-2.4304545260965824
-2.483771324157715
-2.4918615631759167
-2.494266305118799
-2.5182011563447304
-2.5285505801439285
-2.591767119243741
-2.6181833129376173
-2.6807665824890137
-2.691687355438868
-2.694178866222501
-2.786890755097071
-2.795191526412964
-2.8684714012779295
-2.9598219161853194
-3.0593151366338134
-3.072171017760411
-3.1002568101976067
-3.2360402744088788
-3.306804808031302
-3.347360849380493
-3.4691061973571777
-3.719004199374467
-4.102130504325032
-4.2245190143585205
-4.379072679206729
-4.409222456937035
-4.608071572845802
-5.301070213317871
-5.838822364807129
-7.454641819000244
-7.521697521209717
-7.850379943847656
-8.168825149536133
-8.7987642288208
-8.879663467407227
-9.816028594970703
-10.695594787597656
