-0.010143325809622183
-0.011059878626838326
-0.021087094151880592
-0.03261551819741726
-0.06817142223007977
-0.1055480736104073
-0.1259498461149633
-0.12660902991774492
-0.14118116413010284
-0.15502480104831712
-0.174748289398849
-0.18160401134809945
-0.1879566659659354
-0.193411550601013
-0.20665806010365487
-0.22779853977262973
-0.23225862337858416
-0.26563302285649115
-0.2773645781362575
-0.2807400005145205
-0.28420455404155853
-0.29782473680305493
-0.30005731084384024
-0.3010343237183406
-0.30929479650221764
-0.31020509988302364
-0.31133986144725767
-0.3131203563883901
-0.31470497135348896
-0.3156795573013369
-0.3161197170149535
-0.31621516910381614
-0.3261720112524927
-0.33247033442239626
-0.3370909441728145
-0.3396795809048375
-0.3408804444032005
-0.3465122037495558
-0.3527511423328958
-0.3547790626995265
-0.35550735630095004
-0.3599958830047399
-0.36035683980056393
-0.36862469644660856
-0.3688441030681133
-0.37085850753700705
-0.37337147911603097
-0.373803689758378
-0.37387071165721864
-0.3744561399895853
-0.3745195577045836
-0.3745333659836823
-0.3750251531600952
-0.3759195430380902
-0.37891239021804984
-0.38051694771274924
-0.3823785593536181
-0.3855072482450244
-0.3859858328476548
-0.386256118491292
-0.38942855729255826
-0.38990086243720723
-0.3904776331425334
-0.3924045324898683
-0.3928215429186821
-0.3937191349104978
-0.3950836323900148
-0.39571067442496616
-0.3968194137793034
-0.3986400084316053
-0.40057063770170015
-0.40302455676719545
-0.4038011783733964
-0.4052444598019065
-0.4065362329594791
-0.40912453689250267
-0.40926735051390195
-0.41410707676550373
-0.4153691779893751
-0.4173080372080828
-0.4176279327180237
-0.4187506250455044
-0.4188009219360538
-0.4188231166506953
-0.42261711012243347
-0.42425799075191695
-0.4245938800482286
-0.4268600658979267
-0.4279416052935024
-0.42812590080906043
-0.4301500754164798
-0.4319497306885965
-0.4320403957623057
-0.43417245711987984
-0.43530509100673953
-0.43631410978895685
-0.43649946933146566
-0.43665485627328354
-0.4366671506949287
-0.43845776720991125
-0.439031910803169
-0.4412682739235202
-0.4417744271224365
-0.44182927190693017
-0.44188458532961605
-0.44250680775278145
-0.44335868457953137
-0.4456965195214642
-0.44628768779026967
-0.44844530174764496
-0.4497616331957813
-0.4499323101869474
-0.4511587044456974
-0.4522202274762094
-0.4524318568408489
-0.45580171127221547
-0.4560345471662812
-0.456673925742507
-0.4574027653628339
-0.4582916582003236
-0.463713692532937
-0.4644441441341769
-0.4650425463914871
-0.46596469000602764
-0.46777182102151627
-0.4678046449416262
-0.4685009939246811
-0.4686946084984811
-0.4687637171940878
-0.46920331444024393
-0.46972257620655
-0.4710073065944016
-0.47241250801210605
-0.4731157677662041
-0.4735897025093436
-0.4759430891302015
-0.4785456731915474
-0.478582582436502
-0.4796158994237582
-0.4803265258669853
-0.4813347249873914
-0.4827941780677065
-0.4888175910455175
-0.4893806799664162
-0.4900804939256473
-0.4906455709344961
-0.49421596501699905
-0.49516671388927436
-0.4965322583913803
-0.4967083953670226
-0.4985302959949794
-0.5021048821508884
-0.5035828862132298
-0.5058598111694058
-0.5060812851700646
-0.5076841355767101
-0.5083390831016004
-0.509259267632539
-0.509900312544778
-0.512255874183029
-0.5129545943604575
-0.514291588566266
-0.5146289478614926
-0.5159303844363118
-0.5166617830866016
-0.5166827059454389
-0.518844228980015
-0.5225908877068183
-0.5249741829645175
-0.5252679914236069
-0.5298391516786068
-0.5320223294771634
-0.5340888206948243
-0.535939488839358
-0.5368764852432327
-0.5402136504781083
-0.5427621307782828
-0.5448215587995946
-0.5462617078097537
-0.5465813306315491
-0.5484091571221749
-0.5492523686927078
-0.5527579261455685
-0.5535715996391244
-0.5575145570692257
-0.5581707129668858
-0.5585740083828569
-0.5621817968785763
-0.5639217857387848
-0.5641297993457152
-0.5654736522701569
-0.5661551469936967
-0.5697450208002314
-0.5704573953213791
-0.570466709882021
-0.5718104876577854
-0.5733593329787254
-0.5757475361566652
-0.5766222879967906
-0.5774154806594279
-0.5779090636176989
-0.5794986642625494
-0.5801756602845022
-0.5805575595561253
-0.5814900820453962
-0.5838914789880315
-0.5865177095790083
-0.5873618551801579
-0.5887153222041283
-0.5953539532816244
-0.5979715456293585
-0.5992037021234864
-0.6001445932022762
-0.6007436078274623
-0.6012534571604596
-0.6041124016046524
-0.6083331865568956
-0.6109007179737092
-0.6118690820100406
-0.6126599864413341
-0.6131345547203507
-0.6207812192798075
-0.6208502898341977
-0.6208720039576292
-0.6214022265281528
-0.6256925006979145
-0.6286356188356876
-0.6294906846820735
-0.6331766910851002
-0.6345342264976352
-0.6372568916529417
-0.6396228352095932
-0.6413717502107222
-0.6414297192047039
-0.643122298642993
-0.6441313251852989
-0.6447419385824885
-0.6493583291885443
-0.6507133036851883
-0.6572910578921437
-0.6603232933622267
-0.6606363325346527
-0.6662415088503622
-0.6672969576385286
-0.6673558066599071
-0.669277385994792
-0.6703275529046854
-0.6706462459017833
-0.6729109771549702
-0.6750408982292616
-0.6754951131426625
-0.6771533632833909
-0.678642275225785
-0.6800404925727181
-0.6832740706158802
-0.6879843560357889
-0.6919742771036302
-0.6930948547863712
-0.6931898791808635
-0.6952495613534536
-0.6963521218548219
-0.698166971327737
-0.7011234572157263
-0.7066785546226634
-0.7077851332724094
-0.7096385120281151
-0.7125934889540076
-0.7180069799845418
-0.7184685477186576
-0.7185508423884001
-0.7202789827133529
-0.7213840250494994
-0.7224786032456905
-0.7230976253282279
-0.7240343648940325
-0.7256761443180343
-0.7260910570330452
-0.7267814006734018
-0.7268560387504598
-0.7288337498903275
-0.7312031257897615
-0.7319969467611777
-0.7323732639455961
-0.7326577263366845
-0.7352334000403061
-0.7371593499556184
-0.7386624902220709
-0.7400327746032013
-0.7404796807095408
-0.7424394078552723
-0.7449891379103064
-0.7464338952559046
-0.7487978547942475
-0.7492441176436841
-0.7512451865283462
-0.7573859778543314
-0.7579539079888491
-0.7581725437194109
-0.7604544842615724
-0.7639499242816653
-0.7644321955158375
-0.766088729724288
-0.7673970389878377
-0.7675012005493045
-0.7686470448970795
-0.7719013131687201
-0.7770029093538012
-0.7806190132008245
-0.782461242377758
-0.786858880892396
-0.7900177786747614
-0.7901586699299514
-0.7908449644222856
-0.7914241797057912
-0.7933820312221845
-0.7947167245984019
-0.795239232480526
-0.7955504631390795
-0.7994323453167453
-0.8005259581841528
-0.8015755278368791
-0.8035163432014087
-0.8038063612718057
-0.8045841404236853
-0.8046149739069127
-0.8056046844327024
-0.807207808829844
-0.8155286688124761
-0.8156799006974325
-0.816122884551684
-0.8165287850424647
-0.8165564313142871
-0.8200658909976483
-0.8214705428108573
-0.8253869513670603
-0.8261577107145318
-0.827056440214316
-0.8321800242577281
-0.8347715307027102
-0.8380172185599803
-0.838408762216568
-0.840899228490889
-0.8499367069453001
-0.8501479458063841
-0.8509984221309423
-0.8523351452604402
-0.8527963199885562
-0.8548295795917511
-0.8657163629929224
-0.8693016630907854
-0.8694201186299324
-0.8718873411417007
-0.8722677156329155
-0.8755137200156847
-0.8882597103714943
-0.8918639527899879
-0.8922496794722974
-0.8926518165639469
-0.8961064857430756
-0.8990080617368221
-0.899371344409883
-0.8998394279939627
-0.9000179260037839
-0.9041201900690794
-0.9066487133502961
-0.9103237551947435
-0.924002968539883
-0.9297268974284331
-0.9312287755310535
-0.9338917471468449
-0.9357327967882156
-0.9405046508957943
-0.9415355324745178
-0.9433320398841586
-0.9473098963499069
-0.9494262002408504
-0.9576715837631907
-0.9599838799663952
-0.960053923074156
-0.9610346321548734
-0.9628891558386385
-0.9639995357429143
-0.9667193181812763
-0.9667263807994979
-0.9720052573829889
-0.972195484675467
-0.9767851618429025
-0.9772007996216416
-0.9794950302291129
-0.9849531434269415
-0.9855224257335067
-0.990434770451975
-0.9927445103724798
-0.9939519530162215
-0.9946244090928563
-1.0071153845638037
-1.0165989494749479
-1.0190097815357149
-1.0206931732594966
-1.022965910534064
-1.039563571413358
-1.0482999831438065
-1.0593270257115364
-1.0670502617955209
-1.0674530565738678
-1.0688076615333557
-1.0706160049885511
-1.0737865688279271
-1.0754650066034326
-1.0784784305695212
-1.08193638920784
-1.0840116811566987
-1.088719430565834
-1.1056271912530065
-1.10672203078866
-1.1097422977443785
-1.1163531175504129
-1.117367051774636
-1.1280028349719942
-1.129300634066264
-1.1314120376482606
-1.1367951994761825
-1.1528959103993006
-1.1608731879719667
-1.1690836201111476
-1.1823069334030152
-1.1829511349399884
-1.2054310316840808
-1.205675473762676
-1.2056872695684433
-1.2075550556182861
-1.2076811815301578
-1.215580190376689
-1.2302036825567484
-1.2450395438354462
-1.2647333201020956
-1.2687514281715266
-1.2932806694880128
-1.3027036804705858
-1.3156805541366339
-1.3225824471030916
-1.3940376043319702
-1.4011557139456272
-1.4114542721460264
-1.4181016683578491
-1.4214956164360046
-1.4369537408153217
-1.4484292545045416
-1.459188277522723
-1.4827662967145443
-1.5260747224092484
-1.5294390397223954
-1.5826299755523603
-1.624442572395007
-1.6248604450374842
-1.6314008831977844
-1.6314470320940018
-1.6741841435432434
-1.7300313115119934
-1.7368838985761006
-1.7623788639903069
-1.8138468861579895
-1.8368314964075882
-1.868351772427559
-1.8732900321483612
-1.8951354026794434
-1.915717601776123
-1.9206331185996532
-1.935209572315216
-1.961158275604248
-2.020290609837199
-2.026364326477051
-2.0372022402783236
-2.0541030168533325
-2.063127040863037
-2.089811585843563
-2.158502236008644
-2.200381528586149
-2.2416639029979706
-2.2606656551361084
-2.3156283497810364
-2.362163007259369
-2.4002259941771626
-2.4165408611297607
-2.4682792369276285
-2.6168060302734375
-2.767258308827877
-3.089651471877005
-3.190610647201538
-3.2069992627948523
-3.236460780259222
-3.2903214221199355
-3.4574564932263456
-3.4986760541796684
-3.63000750541687
-3.7214211924001575
-3.7540424428880215
-4.062633858062327
-4.091723442077637
-5.669371843338013
-5.886327028274536
-6.7664923667907715
-6.941406726837158
-7.251250267028809
