-0.06446375558152795
-0.11355056660249829
-0.18203395823948085
-0.18904629786356963
-0.21440956741571426
-0.21552174165844917
-0.21981332389987074
-0.23457210803670542
-0.2710560799787345
-0.31365552886078757
-0.33914941231099266
-0.34060339316541405
-0.3646261458173588
-0.37847039046755526
-0.39500166254583746
-0.3981715814055254
-0.399542050477716
-0.40138296558870934
-0.40604769679096836
-0.4256296689474968
-0.43303010519593954
-0.4349719315165809
-0.4351192807953339
-0.4354863297388268
-0.44148604429792615
-0.45624452841002494
-0.45713345780968667
-0.46028737134765835
-0.4650807093809514
-0.46746785276465946
-0.4688303299998451
-0.4698558025993407
-0.4717147118838814
-0.4727084551093867
-0.4764238275703974
-0.4786112573929131
-0.48021859548862267
-0.4854661795488937
-0.48811671137809753
-0.49071704590152454
-0.4939156135696976
-0.4957693016156554
-0.4971917617533888
-0.49791422749791914
-0.4981368727982044
-0.5006770867854357
-0.5019274796617942
-0.5019833026931987
-0.5077115076092014
-0.5082377083133907
-0.5109887801110744
-0.5128648757022997
-0.5145617967704311
-0.5151054935995489
-0.5168565916828811
-0.519988538835856
-0.5201935517601669
-0.5216541536152363
-0.5262428529560566
-0.5269006371880616
-0.5343219076748937
-0.5344347313875915
-0.5344983276008861
-0.5345346025943789
-0.5356819057841287
-0.5360220099717159
-0.5373711990638373
-0.5391246962034739
-0.5413232376033973
-0.542619516569539
-0.5434737010644033
-0.5441907135707151
-0.5449191800879716
-0.5464094214969211
-0.5466473186388612
-0.5515761160359974
-0.5518612953938254
-0.5522045613163047
-0.552860170770954
-0.5530259741615737
-0.5540120609415075
-0.5543936302279251
-0.557652309286641
-0.5577623908341464
-0.557771699623957
-0.5583685045712627
-0.5592361936966578
-0.5598163517258529
-0.5602692687883973
-0.5618615767569282
-0.5623301970560781
-0.5626874070065762
-0.5639548508392741
-0.5642277046489264
-0.5655482214220683
-0.5664815470938467
-0.5673149641453554
-0.5687481335027971
-0.5690756460729366
-0.5693817436695099
-0.5710399415111169
-0.5713650228222832
-0.572351295698699
-0.5727507237877164
-0.5731496799271554
-0.5736317901755683
-0.5780798921029296
-0.5783702380808622
-0.5794630284362938
-0.5823837019917038
-0.5827280797862581
-0.5847352222772315
-0.5854764967691153
-0.5856958448379633
-0.5870388586568879
-0.5872940242443292
-0.5875574547620394
-0.5878273850608179
-0.5882580513825815
-0.5883833303305437
-0.5892176013439894
-0.59124656021595
-0.5920028425753117
-0.5925910532994962
-0.5928806765721395
-0.5930948325743278
-0.5952166069764644
-0.5955466480745994
-0.5961667095931867
-0.5973017890413758
-0.5975878710596589
-0.597874142229557
-0.5986339883645997
-0.598672010190785
-0.5992268545346128
-0.5995384559282684
-0.6007815272314474
-0.6012026283243797
-0.6015495457693032
-0.6016344409435987
-0.6024047869213973
-0.6027031550183892
-0.6032047231920943
-0.603463548318749
-0.6037393061905513
-0.6050153648480773
-0.6065942259239299
-0.6067603657022118
-0.6080025004796751
-0.6080221548210829
-0.6083359778798089
-0.6087905111101767
-0.6088654820549502
-0.6089328041093217
-0.6105970109019836
-0.611615600494238
-0.6145043325506978
-0.6150806100515183
-0.6153297582641244
-0.6158846522947508
-0.6163949500769377
-0.6166029814630747
-0.6167889241769444
-0.6180602367967367
-0.6200300699262394
-0.6206546582592031
-0.6210473298706347
-0.6221709003051122
-0.6226375422906131
-0.6228075606377388
-0.6238591077682727
-0.6241114271175493
-0.6247908226380657
-0.625029081501998
-0.6272047261397043
-0.6273898583401751
-0.6282198723311012
-0.6285135418417797
-0.6296367248578463
-0.6302548086423485
-0.6309730237505088
-0.6317567327318506
-0.6321271021098999
-0.6327904992882395
-0.6345291845613651
-0.6349923859816045
-0.635237663416774
-0.6356320107214353
-0.6359816163312644
-0.6360693321330473
-0.6364936667960137
-0.6366042153909802
-0.6380986811292013
-0.6385649953444954
-0.6392019409686327
-0.6401449090002903
-0.6403691597127666
-0.6404588768879572
-0.641223285351381
-0.6412798382625624
-0.6413310468196869
-0.6419568459658573
-0.6446697898209095
-0.6446740590035915
-0.6463075480460247
-0.6465603710551348
-0.6472588026752839
-0.6472637919442994
-0.6493902158690616
-0.6495763575658202
-0.6497100213091471
-0.6501817770302296
-0.650627294374216
-0.6509750122869653
-0.6521875995011734
-0.6545188496303227
-0.6546281793271191
-0.6568092649616856
-0.6569546781894233
-0.65713192247418
-0.6575231774710119
-0.6585866868845187
-0.6599231281550602
-0.6610804533385976
-0.6627728331736044
-0.663167334307218
-0.6646283564882146
-0.6648853401549988
-0.6654521375894547
-0.6661438000543664
-0.6667586069786922
-0.6667743580027794
-0.6671701619052328
-0.6675911593667575
-0.6684422511819073
-0.6691647222531694
-0.6696948783239349
-0.6701570105215069
-0.670261503596391
-0.670310495654121
-0.6707555206528577
-0.6717385592928622
-0.6718113597016782
-0.6718200147151947
-0.6741195536322064
-0.6746788133556644
-0.6757151789756285
-0.6761166869158236
-0.6776822997489944
-0.6777644188947637
-0.6789911805496377
-0.6791021078658689
-0.6795563561220964
-0.6810398835402268
-0.6810815079370514
-0.6821239112080851
-0.6829994679594945
-0.6842372835510306
-0.684605053611449
-0.6858664568706965
-0.6869132736464962
-0.686927516346461
-0.6869898892007769
-0.6874405802346618
-0.6894360797625267
-0.6895032901316881
-0.6899829695240542
-0.6907327829061874
-0.6919410669070203
-0.6923979843440148
-0.692670829558417
-0.6930989921092987
-0.693143276963383
-0.693489653384313
-0.6938485610647019
-0.6943351245378532
-0.6944449467539218
-0.6956035199109465
-0.6986768497471613
-0.6987474764630731
-0.698917830701248
-0.6990542664658278
-0.6994939047726803
-0.7003785779234022
-0.7013842589580096
-0.7015987648689923
-0.7016880279406905
-0.7019095117138932
-0.7040087009314447
-0.7043737202795455
-0.7059601753329238
-0.7070289518950241
-0.7088213744573295
-0.7095821945811622
-0.7105011687510543
-0.7108571407231714
-0.7114502741094637
-0.7117985542863607
-0.7124336293782108
-0.7125134024681756
-0.7131599820983995
-0.7132016457617283
-0.7139935543139776
-0.7142542040128319
-0.7143492333250053
-0.7150901380130866
-0.7154557143674336
-0.7158612707775319
-0.7167958274367265
-0.7179870344698429
-0.7213705993656602
-0.7214161246762766
-0.7215890357536929
-0.7221993900835514
-0.7241098970795671
-0.7245277387426339
-0.7246838907400767
-0.7261971393600106
-0.7294668864148358
-0.7301134131848812
-0.7306161265478295
-0.7319842576980591
-0.7320177853107452
-0.7321162968873978
-0.7323915471206419
-0.7324849840822734
-0.7326999839860946
-0.7353440914514728
-0.7357052691901723
-0.7359469601760793
-0.7362625016830862
-0.7374334949806022
-0.7376907970756292
-0.7383998512689557
-0.7426717099999381
-0.7436266630887985
-0.7436886815121397
-0.7437579234441122
-0.7441518726758659
-0.7442694126137732
-0.7448336873203516
-0.7448679665588619
-0.7456742456326118
-0.7472274240135448
-0.7472490679472685
-0.7474107215447086
-0.7496978135823156
-0.7515657524474793
-0.7521598460152745
-0.7531512527610176
-0.754204878595192
-0.7564820053987205
-0.7584578900132328
-0.7620884619653225
-0.7631061495178275
-0.7663100329892976
-0.7672867404849967
-0.7679060846567154
-0.7682745642960072
-0.7717590274143731
-0.7739370335650164
-0.7741572697123047
-0.7748925733845681
-0.7768405654234811
-0.7768777725170366
-0.7799685716163367
-0.7812238730904129
-0.7825434532844358
-0.7828705236315727
-0.7839069178638359
-0.7856489903559642
-0.7856993060559034
-0.7874699835141655
-0.7875568035058678
-0.7881759456625635
-0.7884335223701783
-0.7893696114420891
-0.7894365110745033
-0.7905554968331542
-0.7919815021256605
-0.792378139992555
-0.793700555132495
-0.7939585776766762
-0.7940567081794143
-0.7967948334213967
-0.7993775900831679
-0.8002877626859117
-0.800710780571535
-0.801462399152418
-0.8022059367171356
-0.8029544069897383
-0.8038958714875791
-0.8053344537038356
-0.8057964444160461
-0.8061090737581253
-0.8099584113893797
-0.8103513635694981
-0.8117428946175745
-0.813976272707805
-0.8147361988279348
-0.8164182368782349
-0.8175833323504775
-0.8187473074212903
-0.8189433751006922
-0.8205501604954608
-0.8224368449300528
-0.823924225444595
-0.8239612418692559
-0.8255732153969196
-0.8257627670755028
-0.8274236229675201
-0.8280050894245505
-0.8298634886741638
-0.829981687923216
-0.8311346627306193
-0.8345660767052323
-0.8346293131580751
-0.8348137508146465
-0.8356318207723754
-0.8363215836725431
-0.8373301769364238
-0.8400936800365647
-0.8418533041008881
-0.8421815037727356
-0.8433678700879682
-0.8457119495918354
-0.8457990367638154
-0.846295177936554
-0.8557406540494412
-0.8564200004828828
-0.8567145542156968
-0.8581696013586932
-0.8599791427675102
-0.8616825111210347
-0.864320153969207
-0.865003813472059
-0.8678422347210082
-0.8702873408794403
-0.8732762953943827
-0.8742662298493087
-0.874386523717216
-0.8744613532617223
-0.8747085260692984
-0.8779242290183902
-0.8792311240298053
-0.8797955190530047
-0.879953671945259
-0.880491818700518
-0.8821731477335562
-0.8825629936764017
-0.8836112790741026
-0.8840066029981244
-0.8857989497482777
-0.8869989268215639
-0.8907443339703605
-0.893719314597547
-0.8943066351115704
-0.9067571088671684
-0.9073555897921324
-0.9079238056105429
-0.9082298900466412
-0.9122142950072885
-0.9137075394392014
-0.9156914180144667
-0.9158506790796915
-0.9158922266215086
-0.9183405783648292
-0.9205095867315928
-0.92171317167007
-0.9243621677414922
-0.9265925735489873
-0.929835818707943
-0.9304846360658606
-0.9313049685830871
-0.9319800302386284
-0.932732360670343
-0.9340482327554908
-0.9353134274482727
-0.9359991753784319
-0.9370302465977147
-0.9398178408543268
-0.9407370482804254
-0.9412705952612063
-0.9419600531044934
-0.9431473384611309
-0.9439215248916298
-0.9449907136814935
-0.9477843381464481
-0.9484333439419667
-0.9488284289836884
-0.9488955173227522
-0.9497674276353791
-0.9499125729004542
-0.9543706237205437
-0.9565218513210615
-0.9567053682403639
-0.9573402986396105
-0.9584661399546478
-0.9601549729704857
-0.9609665498654876
-0.967237439751625
-0.9678743681205171
-0.9690197852129737
-0.9692274034023285
-0.9694121837480149
-0.9717880040407181
-0.9732428360264749
-0.975442910939455
-0.9762702211737633
-0.9765883934451267
-0.9768624156713486
-0.9817136370887359
-0.9828212884021923
-0.9839043859392405
-0.9865290284156799
-0.9867039273958653
-0.9868974834680557
-0.9881255310028791
-0.9948363970551226
-1.0031371504068374
-1.007887156414134
-1.0106941293925047
-1.0111089498580743
-1.011996736439566
-1.0156803011894227
-1.0213605446537257
-1.0274606138467788
-1.0289860271981783
-1.0331211813858576
-1.035363295674324
-1.0358649198431522
-1.035990174327578
-1.038086005486548
-1.0394040562212468
-1.0420651836320758
-1.0445047296583652
-1.0473626524209976
-1.04754026979208
-1.048464556535085
-1.0486627079546451
-1.0511891841888428
-1.0511970321337383
-1.052586121691598
-1.0543317317962646
-1.0613028158744175
-1.0614486151925204
-1.0616650488227606
-1.0638663759455085
-1.0652699002530426
-1.0686609238386153
-1.0697567636768024
-1.0702234307924907
-1.0720110535621643
-1.0752578526735306
-1.0768556423233047
-1.0785779100842774
-1.0797144786587782
-1.0817315894644708
-1.0830722252527873
-1.0843707967017377
-1.0852908782289887
-1.0867679057409987
-1.0872100919174652
-1.0882480189514656
-1.090232579761909
-1.0915153081101987
-1.0918319076299667
-1.0953086167573929
-1.096431900229719
-1.0983555757751067
-1.1006151129025965
-1.1055638808757067
-1.1058642206092675
-1.1059518506129582
-1.111063818136851
-1.1134580218543608
-1.1143550425767899
-1.1148791114489238
-1.1189681876982962
-1.1192360818386078
-1.1228079907596111
-1.1268216778989881
-1.1272684062520664
-1.1285982218881447
-1.1313479840755463
-1.1323724751257234
-1.1333772215657518
-1.137978566189607
-1.1404388696209935
-1.1428667433559894
-1.1467511057853699
-1.150077253463678
-1.1525106579065323
-1.1549291354604065
-1.159388209382693
-1.1612552404403687
-1.1664774847449735
-1.1701859186093013
-1.17022489487297
-1.1710263196844608
-1.1725716054439546
-1.1739447340369225
-1.1787587837962847
-1.1845850497484207
-1.193098212991442
-1.1976401224732398
-1.2004968881607057
-1.2014213831474383
-1.201998351940087
-1.202693071963343
-1.2045377844224276
-1.2050201892852783
-1.206840905516098
-1.2114437818527222
-1.2136593610048294
-1.217286472208798
-1.2230137433119428
-1.2243684050627053
-1.227557328682451
-1.228603998819987
-1.2328685462241993
-1.239547759614652
-1.244434255361557
-1.248683494515717
-1.2578319385647774
-1.262164056301117
-1.2623480045003816
-1.2663154233440375
-1.2699093043804168
-1.272597739917858
-1.2870852798223495
-1.2892385393040189
-1.2907266169786453
-1.2914273664355278
-1.2933950449029605
-1.2974253396193187
-1.3020815629602618
-1.3096320293843746
-1.3152383478655894
-1.318213753472914
-1.3328402042388916
-1.3350600382934015
-1.3395200222730637
-1.3533560434977214
-1.3576516310373943
-1.366798274219036
-1.3672478712784748
-1.3694928791373968
-1.3797005414962769
-1.3811360796292622
-1.3865415006875992
-1.3867128044366837
-1.3948232010006905
-1.3952226837476094
-1.39536552131176
-1.3969537317752838
-1.40507905681928
-1.4055437839900453
-1.4056841585785151
-1.4069500714540482
-1.420963501930237
-1.4263163655996323
-1.431787797793125
-1.4333974056773715
-1.4384113053480785
-1.4427497718069289
-1.4456324776013691
-1.4486501514911652
-1.448732316493988
-1.4515730142593384
-1.4531451046466828
-1.4721177816390991
-1.4871396005153656
-1.4966861195862293
-1.4974466561689042
-1.5040181279182434
-1.5119142929712932
-1.5183069308598836
-1.524198666214943
-1.5253264050309856
-1.5437082250912983
-1.549384480714798
-1.552484929561615
-1.5641338030497234
-1.5677120208740234
-1.574033498764038
-1.5786487286289532
-1.5887406468391418
-1.6141044050455093
-1.6174351871013641
-1.6212422996759415
-1.6300784349441528
-1.6413714997470379
-1.6472543440759182
-1.6613129675388336
-1.666727364063263
-1.669419767955939
-1.6827181726121125
-1.6873952150344849
-1.6989355683326721
-1.7017663264802347
-1.721403494477272
-1.7218815982341766
-1.7380681112408638
-1.7409911354382832
-1.7763893008232117
-1.8012900054454803
-1.818826079679032
-1.8443902730941772
-1.847331181111258
-1.8728046417236328
-1.8897033333778381
-1.8933549523353577
-1.916704535484314
-1.9389849565923214
-1.9409655034542084
-1.9831609688699245
-2.0079755187034607
-2.013424690812826
-2.0657577216625214
-2.081685870885849
-2.10134020447731
-2.1212510466575623
-2.131958544254303
-2.138441026210785
-2.1405752301216125
-2.1840635538101196
-2.2109742164611816
-2.2669806480407715
-2.275378108024597
-2.319112002849579
-2.4064496755599976
-2.435752176990112
-2.5295703411102295
-2.6200355291366577
-2.6472705602645874
-2.712002624447147
-2.7193371057510376
-2.762233853340149
-2.7875952323277793
-2.806447982788086
-2.8817278146743774
-3.2062475606799126
-3.5609257221221924
-3.9727046489715576
-4.468229293823242
