-0.0003118612221442163
-0.01000297305836284
-0.014471753820544109
-0.06319805700331926
-0.06941409036517143
-0.07212786469608545
-0.09238560870289803
-0.11920235057671864
-0.1284597683697939
-0.12998648947602
-0.13835477828979492
-0.16113921696087347
-0.17346582020400092
-0.1815376207646645
-0.18803415548366806
-0.18902119663107442
-0.1899443532294334
-0.19205936369123972
-0.19271925630101064
-0.19541641862597317
-0.19542172098299487
-0.20950474361889065
-0.2133448559864822
-0.2180185148554301
-0.2233838790913257
-0.2239193309322455
-0.22393940135894808
-0.2310326358601742
-0.23126607677841093
-0.23290189454061105
-0.23314330372959374
-0.23357251358684153
-0.23439889738569036
-0.23453724616099084
-0.23560297895326382
-0.24015289651288185
-0.24454920439725705
-0.24724747177117087
-0.251675057252026
-0.25174425037170295
-0.25341996052315074
-0.25915021817432715
-0.26024920558265874
-0.26304030335170236
-0.2638684186871008
-0.26629891334838857
-0.26730380123481157
-0.26963357971386437
-0.2708351912113262
-0.2714335506565736
-0.2715141055537277
-0.2717614862679814
-0.271816524094902
-0.2737785585535069
-0.2739276015135046
-0.2744207734088247
-0.2794733967578698
-0.2795768160589928
-0.2800231536781542
-0.28279505440204283
-0.28308545073593483
-0.2858936239578973
-0.2875463324301315
-0.28871017942825955
-0.29634679485620424
-0.299229299947564
-0.3001066053984687
-0.30477797672210727
-0.30992022684840775
-0.3123434567824006
-0.31621534205400026
-0.3180022100626957
-0.31869249455630777
-0.3196335939703406
-0.3211685423690748
-0.32383226372540874
-0.3261931042652577
-0.3286360706228556
-0.33092891409178266
-0.333832794903881
-0.33418137381231644
-0.33720317522862125
-0.3378219212172553
-0.33819600455462934
-0.34511434519663453
-0.34552717907354236
-0.34857075495205614
-0.34907232131808996
-0.3514590756967664
-0.3520126404085507
-0.356998990677918
-0.3586038199885349
-0.3606168521946529
-0.3650157021038467
-0.36521881140070034
-0.3656370049076421
-0.3675434892065823
-0.3679801886319183
-0.37113418416993227
-0.3725741004039134
-0.376552641345188
-0.37655865151568185
-0.3787890496042868
-0.38056847566298935
-0.38093724139034746
-0.38122826315520797
-0.3912670473647794
-0.3928986778482795
-0.3932638116037616
-0.3976641316548921
-0.3992119310423732
-0.39939819424034795
-0.4010061347546166
-0.4024388267539002
-0.4052952283527702
-0.4066237953491509
-0.4068250498967245
-0.4084353585600514
-0.4115180701694705
-0.4117854006588459
-0.41209588265046476
-0.4124898910005059
-0.4132324854532878
-0.4134378731250763
-0.41450065494670224
-0.41931651077336735
-0.41978744716228295
-0.4234451334923506
-0.4238365807919763
-0.42534366983454674
-0.42804317276126574
-0.42827072348445655
-0.4293003730579383
-0.4307307181879878
-0.4314529299736023
-0.43149053361266854
-0.4348024562001228
-0.4371813861253031
-0.4378512648436299
-0.43850805724246633
-0.4391999565064907
-0.4399876525232685
-0.441446298862704
-0.4448014555137457
-0.4455048241970045
-0.44557824726216494
-0.4455840634298511
-0.4463408845088755
-0.4474216922697249
-0.44771129002661575
-0.44932942112597324
-0.4509820905979723
-0.4517144523561001
-0.45588797343556176
-0.45735681723745075
-0.45776356144977565
-0.4597557332433228
-0.46010549856582655
-0.46062247975714854
-0.4607255281880498
-0.46452967853838345
-0.46501387960531493
-0.4651341478805989
-0.4653764915151092
-0.4660472581183837
-0.4681356004245269
-0.46991361757474287
-0.4699528718234173
-0.4704560845857486
-0.4716235657459557
-0.47281266531596583
-0.4740802107521126
-0.4754525973772009
-0.4760647206567228
-0.4762259792041732
-0.4765721309930086
-0.48091616357366246
-0.48226332319900395
-0.48229855205863714
-0.4858028854553898
-0.4910351140424609
-0.4912993896028234
-0.49135521410789806
-0.4935042351484299
-0.49395804945379496
-0.4986826649001159
-0.49920555704738945
-0.5019288347490752
-0.5026715326122939
-0.5042886850424111
-0.5044581821948668
-0.5083661881378956
-0.508416934433626
-0.5093295824314866
-0.5096784225768514
-0.5097986415028573
-0.510555517161265
-0.5108287220355123
-0.5110893874532647
-0.5113980092573911
-0.5116062404122204
-0.5119337132594356
-0.5151549363254162
-0.5159229196608066
-0.5173534852960571
-0.5176434649361504
-0.5185170053349187
-0.5186952281122407
-0.523190230038017
-0.527958407998085
-0.5313636962324381
-0.5347974139731377
-0.5364761417265982
-0.5380810507254757
-0.5400291645433754
-0.5427760886843316
-0.5434071983210742
-0.5448255826253444
-0.5461818487250033
-0.5496541248168796
-0.5515875983983278
-0.5515886092558503
-0.5524527685716748
-0.553417138024492
-0.5537340829947165
-0.5565651561898578
-0.5577550731832162
-0.5606859953142702
-0.5619501164028942
-0.5631529285165016
-0.5638204936791832
-0.5673501279005515
-0.5686326559710627
-0.5711761029171092
-0.5716517269611359
-0.5735435093353901
-0.5739757894641824
-0.5753905685139924
-0.5832135547534563
-0.5841102871216006
-0.5849570190999657
-0.5858965934150748
-0.5870407808106393
-0.5885467384010553
-0.5886905193328857
-0.5894717921619304
-0.5916179309893373
-0.5921682983636856
-0.5930704537054731
-0.5983372630241016
-0.6050922765086094
-0.6051225466420874
-0.6088895549532026
-0.6094317339011468
-0.6131567271659151
-0.6133869966336837
-0.6144840174044172
-0.6160168747107188
-0.6171856756721225
-0.6172757692402229
-0.6172944719204679
-0.6204525996581651
-0.621397537101681
-0.6225240458734334
-0.6234640886541456
-0.6259901247918606
-0.626689825670231
-0.6272358855025636
-0.6285408427938819
-0.6305594049793269
-0.6319229039751614
-0.6366735771298409
-0.6382610758276618
-0.6428867245891264
-0.6438652632758022
-0.6465218878583983
-0.6488580122590065
-0.650637349486351
-0.6515303041253772
-0.6522525377571583
-0.6577422871357865
-0.6606621406972408
-0.6617452464997768
-0.6619256870887641
-0.6626183689305825
-0.6631571421399712
-0.6632473547011614
-0.6656825902561346
-0.6768919471651316
-0.6776063829505196
-0.6783028267590063
-0.6784697075684866
-0.6822301778593101
-0.6850778042906314
-0.6904504212652682
-0.6949347005122237
-0.6977569733086663
-0.7010065140202641
-0.70440122547249
-0.7052390617900528
-0.7054381246031399
-0.7063504653051496
-0.7072572965174914
-0.7073861521979173
-0.7089393266609737
-0.7122621173970402
-0.7169782320658366
-0.721225218102336
-0.726173423230648
-0.7269448841921985
-0.7275654900586233
-0.7342551797628403
-0.7346160262823105
-0.735410726070404
-0.7376585871679708
-0.7403317568823695
-0.7410605897506078
-0.7449396558804438
-0.7457237408185998
-0.7483753701671958
-0.7563040287100843
-0.7571590806557131
-0.759069220814854
-0.7592058967711637
-0.7631360068839967
-0.7661778456531465
-0.7664387080585584
-0.7697384506464005
-0.7746349247172475
-0.7758906569132316
-0.7766588328406214
-0.777968742325902
-0.7842154333290333
-0.7856436194851995
-0.7872165217995644
-0.7900968534605843
-0.7927560295377459
-0.7931174333724711
-0.7955344937120875
-0.7981006684047836
-0.8007731011935643
-0.8017010976058933
-0.8046777345506209
-0.8055284754373133
-0.8069456135854125
-0.8080158515108956
-0.8093853066675365
-0.8109424657886848
-0.8189020530719843
-0.8249045885168016
-0.8291964839611735
-0.8313144077546895
-0.83595424098894
-0.840885371575132
-0.8421634280433258
-0.8434248119592667
-0.8453086636339625
-0.8502911016257713
-0.8519877414551696
-0.8520803636405617
-0.8591042384505272
-0.8614906705915928
-0.8624754813499749
-0.8633726590313018
-0.8653908595442772
-0.8683131173049332
-0.8706766506657004
-0.8724735623109154
-0.8743258267641068
-0.8754000911555652
-0.8811087968448797
-0.8993106811540201
-0.9086213866636778
-0.909843385219574
-0.9107454702170799
-0.9117293291492388
-0.9118982800282538
-0.9134895535185933
-0.9237096980214119
-0.9248043850064278
-0.9258365587098524
-0.9313058796493957
-0.9403725948999636
-0.9410887166013708
-0.9626301737502218
-0.9671051669865847
-0.9726449158042669
-0.9871600861855162
-0.9886575299664401
-0.9887201984723409
-0.9949535666964948
-0.9954535559324237
-1.0014492781899338
-1.0482112839818
-1.0569208887405694
-1.058291283280899
-1.0583478528424166
-1.0624658809392713
-1.0668706055730581
-1.0713768505180876
-1.0762942479923368
-1.0946314558386803
-1.0958165581978392
-1.1013812944293022
-1.114398026040622
-1.1190697323530912
-1.130751222372055
-1.1568638333119452
-1.2279861966768901
-1.2340972075859706
-1.235964486375451
-1.2460644120971363
-1.257605214913686
-1.261779883876443
-1.266111473654746
-1.2663507958253224
-1.2713938557010676
-1.2756294332444669
-1.2847777605056763
-1.290508870986135
-1.300829529762268
-1.3483276665210724
-1.3508294250059407
-1.4146099910140038
-1.4401700496673584
-1.4763359129428864
-1.4830787291439265
-1.5066734813153744
-1.5089573860168457
-1.540293526777532
-1.5471482295542955
-1.5495463775005192
-1.5750605832508882
-1.5908764898777008
-1.6089428961277008
-1.610183854897817
-1.61026970744133
-1.6166245937347412
-1.6802504948900605
-1.7405259010265581
-1.7485136091709137
-1.7643410214222968
-1.7735689499725897
-1.913341325521469
-1.9280114714885712
-1.9437640726566314
-1.9687843322753906
-1.9964126646518707
-2.090869134757668
-2.156932830810547
-2.21502888154464
-2.2632572650909424
-2.3525319695472717
-2.427398093044758
-2.5477644205093384
-2.592786133289337
-2.654089391231537
-2.7889046370983124
-2.9572412073612213
-2.9573320746421814
-3.0584447383880615
-3.242418190590494
-3.4077614545822144
-3.644461947803696
-3.7227589270720878
-3.852194785640677
-3.9462737813591957
-4.179031650225322
-4.356590747833252
-4.526682614849051
-4.552537033567205
-4.73475078237243
-4.7953619956970215
-5.010216191411018
-5.326352596282959
-5.3872246742248535
-5.853972593943278
-5.864730054046959
-6.036507765452067
-6.318997859954834
-6.713306903839111
-7.653078556060791
-7.6877806186676025
-8.165874719619751
-8.425485610961914
-10.248468399047852
