-0.009049013645077745
-0.015660479082725942
-0.037408885546028614
-0.07237740431446582
-0.08306874227127992
-0.11492005661129952
-0.1227188076203068
-0.15727873210562393
-0.17069277464179322
-0.2446230635046959
-0.2535457218065858
-0.25816412475008593
-0.26737486461514404
-0.3104982830445806
-0.31054326656934944
-0.31474224478006363
-0.3168291348927979
-0.3203634141441748
-0.3269821419980872
-0.3324063401669264
-0.3338010758161545
-0.3349275148793822
-0.33764090823630494
-0.33974424842745066
-0.3398512909895674
-0.3428874254580781
-0.35440549627874135
-0.35612837616354226
-0.359086417782395
-0.3655712560575921
-0.3656034416146992
-0.36861445148916455
-0.36910093404439975
-0.3698317968804622
-0.37063224623889257
-0.3724646956543438
-0.3726730646191319
-0.374463318515609
-0.3761940828500883
-0.37730397113613434
-0.3849384426761949
-0.38597813921599783
-0.39313442311967345
-0.39337238468042895
-0.39355847659301263
-0.3953864788726115
-0.3983429618807956
-0.40254870653152464
-0.4038415548959165
-0.40387770775202586
-0.4045854329357098
-0.4073896888110626
-0.4096658466005465
-0.4127867013216019
-0.4137749869914842
-0.4159564489585203
-0.4178753926907666
-0.41794186195260236
-0.41845322083681824
-0.42065525285856675
-0.42390591264632316
-0.43388344945269636
-0.43712677193517185
-0.43727039435270854
-0.4375770497094241
-0.43910623233488066
-0.4402729249294763
-0.4409044843414449
-0.4422527640678406
-0.442913077594676
-0.44330610777484253
-0.44518244356913783
-0.44653556490084156
-0.44749808609485625
-0.4519781571261239
-0.4545996252148446
-0.45640486728482826
-0.4570009358875196
-0.4574916678870068
-0.4597896225794102
-0.46243542724359943
-0.4674065521331613
-0.47282764331470795
-0.4728978382211478
-0.47602676223032175
-0.47617018518394616
-0.477554264529577
-0.47764910967089236
-0.47832922876114026
-0.4803269124619295
-0.48214276604121553
-0.48273676208918914
-0.4871553025238357
-0.4883095691911876
-0.4888581052306108
-0.4889831234080096
-0.48924749254854305
-0.49282562732696533
-0.496979258954525
-0.4975593328266162
-0.49778044127518883
-0.503650521565578
-0.5042783381997853
-0.5051278124252955
-0.5066706360317766
-0.5075468562232951
-0.5090208434739907
-0.5099366691510012
-0.5155359153141035
-0.5194809081960343
-0.5214753466076217
-0.5242651538974314
-0.5252357120434681
-0.5254570750826546
-0.5268997979675238
-0.5271473807079019
-0.5285486305132508
-0.5288822863561412
-0.5291044675266474
-0.533475635697414
-0.5362250829525692
-0.5371142010189942
-0.537762572555544
-0.5405868077650666
-0.5421144791519813
-0.5455798550724199
-0.5458063317833123
-0.5465555427217623
-0.5490705241584996
-0.5498650641687467
-0.5510198107513133
-0.5544652090640738
-0.5554966710437189
-0.5555418519965875
-0.5563785550766625
-0.5569986265880289
-0.5605730490060523
-0.5609275869256553
-0.5624495962078476
-0.5628499428221403
-0.5632459079622802
-0.5632622957018611
-0.5644812354294118
-0.566877926723262
-0.5700931549072266
-0.572714691422233
-0.5763849766097136
-0.5767844663330054
-0.5776426163543614
-0.5786955977612076
-0.5792529106709279
-0.581774078309536
-0.5831958623475657
-0.5847248366335407
-0.5852924942388199
-0.5859337047368172
-0.5870937566672053
-0.5878200587361458
-0.5888629613408638
-0.5900934682253541
-0.5923843368048741
-0.5929170132464302
-0.5946827625499551
-0.5947793737868778
-0.5948475439155507
-0.5987898051156663
-0.599068312539852
-0.5997521074281799
-0.6026611813253516
-0.6079415066147443
-0.6081022129704555
-0.6091647806143473
-0.6118614488940662
-0.6119749055037068
-0.6120099035631736
-0.6126688593916091
-0.612747912036462
-0.6128188824306042
-0.6130081449785697
-0.6137775385155692
-0.6147425340540293
-0.6152765293706276
-0.6170594623836223
-0.6181656986607575
-0.6208978406502865
-0.6216950163245201
-0.6223411900282372
-0.6229773194978147
-0.6256297490672296
-0.6290998510339705
-0.631061320684239
-0.6312759832304436
-0.6313947501087872
-0.6321011545175376
-0.6342275172472001
-0.634379768113528
-0.6344657453009859
-0.6353213623166084
-0.6375483865340357
-0.640008514929731
-0.6412085562222838
-0.6422591984446626
-0.6430538669228554
-0.6440417451716106
-0.6456334997201338
-0.6457302694713386
-0.6466745883097045
-0.6474326158511556
-0.6478979457178866
-0.6484758138656617
-0.6497957012616098
-0.652623304957524
-0.6534859030434745
-0.6544419643469155
-0.6545933166053146
-0.6547805607493501
-0.6551166679460688
-0.655517257057779
-0.6556836287094888
-0.6575281337834895
-0.6575879948213696
-0.6592119688991969
-0.6620329566299915
-0.6627876656129956
-0.6637008061962357
-0.6642001049800051
-0.6648829574226208
-0.665452980203554
-0.6656685173511505
-0.6668657153844834
-0.6687861627350296
-0.6691179573535919
-0.6702350109699182
-0.6705779088214123
-0.6711878782138229
-0.6711894352920353
-0.6718574911355972
-0.6718599598518469
-0.67333015956101
-0.6736257851152914
-0.6741348107655843
-0.6763693633589095
-0.6776185392195152
-0.6795751216470509
-0.680502097561839
-0.6810226951478399
-0.6810624886886216
-0.6820760066621006
-0.6820767089520814
-0.6828635848230786
-0.6834585092146881
-0.6851952067110687
-0.6860590241383762
-0.6869330215914589
-0.6872271484545698
-0.6888008319656365
-0.6906110167503356
-0.6916912605280231
-0.6921230258433044
-0.6930050166323781
-0.6936852247919887
-0.6949845875746438
-0.6956170742487302
-0.696397592845772
-0.6983756217769355
-0.69992637510101
-0.7031220310600474
-0.7037240132922307
-0.7039590001106262
-0.7045844416894397
-0.7049398784126554
-0.7068489542929456
-0.7073819965124131
-0.707923170257709
-0.7092590943931201
-0.7119974032277241
-0.7127857096802472
-0.7147227503043653
-0.7151632642331606
-0.7156060665845871
-0.7190623158489221
-0.7190856917942356
-0.7192176477983594
-0.719360364439328
-0.7194898470072075
-0.7207963292797407
-0.7208026247448288
-0.7225170628516935
-0.7284272082615644
-0.7293871864052822
-0.730096706567565
-0.7307441784068942
-0.7307476475834846
-0.7312819503247738
-0.7315682810472531
-0.7319699528161436
-0.7333452522754669
-0.7335973196186387
-0.7336519785225392
-0.7336893081665039
-0.7341088570122208
-0.7344962014540215
-0.7347185267790337
-0.73480672009256
-0.7351434330441406
-0.7353077583252993
-0.7353731409592521
-0.7355096537270583
-0.7361096055243251
-0.7377689832023212
-0.7414236885524588
-0.7420572540464087
-0.74239656132912
-0.7440199920286735
-0.7446255761678913
-0.7462740020127967
-0.7468331481019655
-0.7472642717068083
-0.7488914520499141
-0.7500501780537888
-0.7516867107355211
-0.7531135807059601
-0.7539298354139856
-0.7547920676214355
-0.7550802555245658
-0.7553380369441584
-0.7554084261258444
-0.7567352144202838
-0.7571429342031479
-0.758324806511761
-0.7586387450699275
-0.7595939318904129
-0.7596831728005782
-0.7596928552957252
-0.7597988438792527
-0.7605883504397103
-0.7608412003804309
-0.7620022371411324
-0.7629612744029146
-0.7634750837089086
-0.7647427425574278
-0.7648733351379633
-0.7658954198070985
-0.766054419386718
-0.7666693672426845
-0.7678332697429141
-0.7682084628480274
-0.7682237446482759
-0.7686922366597823
-0.7710865084081888
-0.7711644637553642
-0.7718616634607315
-0.776803666079003
-0.777535598785367
-0.7789914477853017
-0.7792387110166601
-0.7801092388108373
-0.7802111832017544
-0.7813035761391802
-0.7827228456735611
-0.7833438808418578
-0.783506265176194
-0.7843556003645062
-0.7854311563860392
-0.7855955079197884
-0.7857105404138565
-0.785749995005608
-0.7866178724216297
-0.7867368890770844
-0.7869881229824387
-0.7881701664300635
-0.7897200382809387
-0.790425456041703
-0.7913219370724013
-0.794078211300075
-0.7952761066327285
-0.7956007487635361
-0.8029158683069303
-0.8032727904372021
-0.8038403746322729
-0.8047816114636729
-0.8055100155373415
-0.8080603994312696
-0.8087222917362981
-0.8091323850327171
-0.8106158148083422
-0.811442863994411
-0.8114578981185332
-0.811566136777401
-0.8121433140709996
-0.8177419663406909
-0.8180150316361202
-0.8196957835816647
-0.8199883803899866
-0.8227151596918703
-0.8234654854531982
-0.8239078658322493
-0.8271874205674976
-0.8289736924692989
-0.831194029719112
-0.8316766259813448
-0.8319621007216887
-0.8333135107532144
-0.8352836731553127
-0.8355084827968052
-0.8356083750724792
-0.8361720105633139
-0.8398041725782345
-0.8399703133618459
-0.8402088237926364
-0.8412814693791526
-0.8439663075741219
-0.8440517485141754
-0.8443370128516108
-0.8472855354659259
-0.8513131673046571
-0.8518910877755843
-0.8526198756881058
-0.8527912892284804
-0.8531106892278331
-0.853690649906639
-0.8553551153105218
-0.8563028283117872
-0.8585180715483147
-0.8591392083714405
-0.8594295352930204
-0.8608714511252141
-0.8610806043434422
-0.862033911049366
-0.8621853354076544
-0.8626765961622974
-0.8640106807773312
-0.8671554904431105
-0.8681794514413923
-0.8689020127058029
-0.8708435852201676
-0.8717948218805499
-0.8730960417403063
-0.8731350218877196
-0.8743122647504477
-0.8767105921482047
-0.8767821482405351
-0.8786205922563871
-0.8790332513550917
-0.8812371631538554
-0.886325516551733
-0.8881379295073982
-0.892569538573783
-0.893034178763628
-0.894998630715741
-0.8961475358034173
-0.8961999632052279
-0.8976514938237544
-0.8978080355316505
-0.9001323781641466
-0.9023788259629024
-0.9034924400039017
-0.9061283630185893
-0.9080595336854458
-0.9082443414255976
-0.9107410404831171
-0.9125795308500528
-0.913257883861661
-0.9147071936022257
-0.9158132921147626
-0.9160502092646701
-0.9165310889482499
-0.9175511099664229
-0.9189454585313797
-0.9217385074152844
-0.9218911295756698
-0.9236020956720624
-0.9237621903147166
-0.9240174710750579
-0.9241606183350086
-0.9250318016856909
-0.9264256946742535
-0.9267599682124066
-0.9308683810377261
-0.9364701672384399
-0.9389371469927331
-0.9390694456441062
-0.9394777917436191
-0.9395134120131843
-0.9401910358962292
-0.9437617614865303
-0.9447186234174296
-0.9475725541997235
-0.9486111328005791
-0.9515877580270171
-0.9534850356964549
-0.9581022292375565
-0.9592815177249057
-0.9592988106111685
-0.9664975873061589
-0.9680360466241836
-0.9711704030632973
-0.9718352189908425
-0.9720630254596472
-0.9743986241519451
-0.9754663911215695
-0.9756930085713975
-0.9780159803107381
-0.9794666409725323
-0.9822758622467518
-0.9826758497705063
-0.9872879981994629
-0.9896892484923062
-0.9898532387451269
-0.9919886365532875
-0.9923417009413242
-0.994256746148624
-0.9951100217178463
-1.0042753400484798
-1.0075513773287337
-1.0083567798137665
-1.0087294537224807
-1.009998586649696
-1.012969970703125
-1.0139841992058791
-1.0183346264529973
-1.019268308100956
-1.0222313597798347
-1.0233555674552917
-1.0343035608530045
-1.041342004435137
-1.0429338663816452
-1.043474862966832
-1.0460114683955908
-1.0463886720438798
-1.047705939039588
-1.0482180258591793
-1.0493892778952916
-1.049757830798626
-1.0502668991684914
-1.0531865855058034
-1.0557413284356396
-1.0561437103897333
-1.0568199157714844
-1.0569547008894409
-1.0580300812919934
-1.0593110987295706
-1.0622712839394808
-1.0641010923524543
-1.068647804534218
-1.07074847468175
-1.0719077423214913
-1.0745872287079692
-1.0771242572615545
-1.0803197820981343
-1.083873151568696
-1.0841272647259756
-1.0849585235118866
-1.09242521954972
-1.0950857893563808
-1.0987431780169052
-1.1008856873959303
-1.1039272472262383
-1.107596747743498
-1.1099941162309344
-1.110377789204358
-1.1105264350771904
-1.1108204629272223
-1.1111708902171813
-1.1140908990055323
-1.1179466254802213
-1.1180754858968696
-1.1218402851372957
-1.1221387752642233
-1.125714788834254
-1.1262890890327981
-1.1273918671843906
-1.1289157537477357
-1.1313252439722419
-1.1352118635550141
-1.1380682835976283
-1.1492735836654902
-1.1507443345617503
-1.1516687329858541
-1.1592647259434063
-1.1625170122133568
-1.1625197601970285
-1.163272980432587
-1.163855435734149
-1.171718236245215
-1.1727429809980094
-1.172839040269277
-1.1744998175251697
-1.1773474290966988
-1.179059175774455
-1.1893134939850174
-1.1904786774612148
-1.190549694172329
-1.1910014269607407
-1.1913999617099762
-1.1927763912826777
-1.196443879045546
-1.1977805062197149
-1.2007534001022577
-1.2079046151733823
-1.221491909896334
-1.225073957128916
-1.226337303717931
-1.2264720597304404
-1.2290890873409808
-1.2311943819125493
-1.2327154278755188
-1.232878377661109
-1.2359714433550835
-1.25199965108186
-1.25543949380517
-1.2616717203830679
-1.2662117704749107
-1.2670244481414557
-1.2677603270858526
-1.2720173858106136
-1.2755547724664211
-1.276457086292794
-1.2817515119344793
-1.2817709123094876
-1.285509631037712
-1.2878794317754607
-1.2924905002582818
-1.2980086191867788
-1.3091950217882793
-1.3250312805175781
-1.328176240126292
-1.3398032724580844
-1.3586246230406687
-1.367208218574524
-1.380435568213995
-1.3869668580591679
-1.4014877568309505
-1.4020355542500813
-1.4166546911001205
-1.4264922760776244
-1.4361874461174011
-1.4398756176233292
-1.4409866910427809
-1.4467195604617398
-1.4639209173619747
-1.4781389832496643
-1.4943640679121017
-1.5129043906927109
-1.532872200012207
-1.5363353199791163
-1.537278418118755
-1.5533104836940765
-1.5539055317640305
-1.573671018704772
-1.5932111725211144
-1.5966602368280292
-1.6189222965331282
-1.6263328716158867
-1.6307525038719177
-1.650905068218708
-1.6667828913778067
-1.670120345428586
-1.6728531494736671
-1.6738544777035713
-1.6786662163794972
-1.6819741129875183
-1.729056260548532
-1.7464722295602162
-1.748178131878376
-1.7565233558416367
-1.7565833907574415
-1.7688817083835602
-1.773674126714468
-1.7817476280033588
-1.823963580885902
-1.8429432287812233
-1.8672354400041513
-1.8684658408164978
-1.8732488453388214
-1.887182891368866
-1.8934961557388306
-1.8968161344528198
-1.9055112600326538
-1.9552063941955566
-1.9741760566830635
-1.98009592294693
-1.981641173362732
-2.012341856956482
-2.015841007232666
-2.02121564745903
-2.0337719917297363
-2.054713726043701
-2.062413215637207
-2.0759808626025915
-2.105347990989685
-2.163438320159912
-2.1741018295288086
-2.2081206887960434
-2.218868374824524
-2.2304932475090027
-2.233400205771128
-2.2376899607479572
-2.2541776734869927
-2.272423207759857
-2.2746209502220154
-2.286218322813511
-2.338300347328186
-2.3567070364952087
-2.359729766845703
-2.4095916748046875
-2.5038414001464844
-2.512185275554657
-2.6156210899353027
-2.6230549598112702
-2.644053339958191
-2.8906470835208893
-2.958454602669614
-3.170296348631382
-3.343696713447571
-3.7427440679166466
-4.085364659627278
-4.088075319925944
-4.239284997185071
-4.302167102694511
-4.71420156955719
-4.752406120300293
-5.735841989517212
-5.739607095718384
-5.841006835301717
-8.130995988845825
-8.166667222976685
-8.367549896240234
-8.743068933486938
