-0.004614626966940705
-0.007016139541519806
-0.015857975697144866
-0.036406764547185354
-0.07031022431328893
-0.09527957625687122
-0.10211657560430468
-0.10444524073474375
-0.10731781543734087
-0.13471170715170697
-0.15005217384041317
-0.15093613383289586
-0.16411641656886786
-0.17051407362123427
-0.1781143940970651
-0.18166847748216242
-0.18224201691700728
-0.1981998467370645
-0.20153282632527408
-0.2025944463740517
-0.2047222275286913
-0.20917747535061912
-0.21553142124321312
-0.23601813394472831
-0.2381124345018179
-0.24353523375691566
-0.2447238580789417
-0.252288534181259
-0.25429006290069084
-0.25472942501021734
-0.2552771434605926
-0.25744406231365247
-0.26042847085773246
-0.2625969711558095
-0.26364012298193606
-0.2662806952391596
-0.26792094884440304
-0.2732906468232007
-0.27360291630029676
-0.2747215222043451
-0.29072687020076654
-0.2922627420674644
-0.29489548482815736
-0.29717901298621047
-0.30057811469466994
-0.30378687937991344
-0.30894531270905645
-0.31060406192797624
-0.31280864018481225
-0.3180582937362487
-0.32087436305247297
-0.3268234579549504
-0.330170850434115
-0.3312034434029556
-0.33703290098249755
-0.3379904070704523
-0.3396678362041712
-0.34081142401555553
-0.34298015394042525
-0.34369598738121565
-0.3440123418922667
-0.3496187642480696
-0.3518086935800966
-0.3520125252003449
-0.3536568570915343
-0.35419804451521486
-0.3548751918851849
-0.3553040941153692
-0.3607995013066102
-0.362087723027192
-0.3629138421108817
-0.36869737240097794
-0.3708073445236283
-0.3739137734608448
-0.37396778937545605
-0.37432257846618694
-0.3762965474008871
-0.37820457904804655
-0.3788706609471278
-0.3827518047155536
-0.38607894677908106
-0.3885323231111215
-0.3887892809087134
-0.38953027737817836
-0.3895516704762644
-0.3906757656186528
-0.3941304562629537
-0.3962055883872381
-0.3969272041518343
-0.40243496000766754
-0.40342731768614615
-0.4036308316229706
-0.4039022637482395
-0.4042719762159429
-0.4052149800374695
-0.40638841442196283
-0.40750014096792336
-0.40793199350238346
-0.4082119608013754
-0.4086143454718267
-0.408966720763951
-0.40935775522659523
-0.41106100510878607
-0.4122468932636184
-0.413214194898804
-0.4138368206098676
-0.41467009971966035
-0.4158195629198518
-0.41590881320240036
-0.41615245088905795
-0.4173342498310012
-0.4186193186325489
-0.41959533361150536
-0.42111394078379816
-0.42188320904608645
-0.42363735170793004
-0.42432967079285944
-0.4264975181213231
-0.42701248363763705
-0.42780576867037534
-0.42880425136698047
-0.42916588588447596
-0.42924461863484403
-0.42950583885540256
-0.4298150126620278
-0.4313638408472219
-0.4316215458026048
-0.4353268109009352
-0.43735016824302875
-0.43739715619012715
-0.43844717381280135
-0.4390087542605298
-0.4390439608455381
-0.4412473474759071
-0.44167411847599525
-0.4418999653041413
-0.4423500931200124
-0.44309864382375963
-0.4443781993580739
-0.445260626807188
-0.44635276434322196
-0.446893300020251
-0.4471444482238439
-0.4482236340190866
-0.4518627753423061
-0.4530137431219272
-0.453881045797836
-0.45396832642957935
-0.4546911019914612
-0.4554466667690768
-0.4557061090987797
-0.4563878507701702
-0.4572618324600626
-0.4580787643790245
-0.4586810833561036
-0.4613824497835594
-0.4617642328025795
-0.46249993469765677
-0.4644951149758627
-0.4649717361220003
-0.4654232560376179
-0.46718200494251505
-0.4699015927057749
-0.47285075174405783
-0.4733608837341957
-0.47461347544005894
-0.4768709819763899
-0.4768729758381431
-0.47949492287469186
-0.47956992315344643
-0.4811090461597208
-0.4825557721196674
-0.4843779245355528
-0.48515194520314253
-0.48568382681946787
-0.486658110031082
-0.4894773194488759
-0.48986964432687174
-0.4904372030548984
-0.4911076220998352
-0.4921921290864475
-0.4923417152138427
-0.49281062242404844
-0.4938292268017817
-0.49408138045525146
-0.49425140642860144
-0.49463957465403446
-0.49785044128350964
-0.49809370342303405
-0.49888869412825443
-0.4996424732592329
-0.5003860654693199
-0.5006093657866586
-0.5018461796455085
-0.502998656600922
-0.5043265400461678
-0.5047970117302611
-0.5058789681128334
-0.5078910984565601
-0.5090783616408436
-0.5099921801775054
-0.5107673270783076
-0.5117643952452406
-0.511926531791687
-0.5121452252385027
-0.5144422290726652
-0.5148054957389832
-0.5166883837341124
-0.5169661892152642
-0.5194281411976363
-0.520277878100751
-0.5204537247149607
-0.5213522211415693
-0.5213912126039051
-0.523067804481343
-0.5232896459842777
-0.5243260506960925
-0.5243809065159439
-0.5249015653607785
-0.5256011594645114
-0.5268977454397827
-0.5269090231878707
-0.5270149174886931
-0.5293263419646662
-0.5317872016806048
-0.5353079849836442
-0.535363464942188
-0.535384842237363
-0.5356640032426055
-0.5359038529817813
-0.5380481616333495
-0.5389142608462862
-0.5396105063070232
-0.54153079293125
-0.542780254290119
-0.543254544492811
-0.5453701200290041
-0.5458141618251829
-0.5465245739324018
-0.5473947331092859
-0.5478723708794295
-0.5487668214555015
-0.5496732398169115
-0.5507366287887635
-0.5551250350172268
-0.5552492930321022
-0.5560256037214357
-0.5585960986403128
-0.558993588221491
-0.559509919602533
-0.5598383375988988
-0.5615555819257648
-0.5626759106526151
-0.5673299287625013
-0.5673696738383961
-0.5693913751318178
-0.5697987066437236
-0.5701707362895831
-0.5707770269758
-0.5707771580746339
-0.5762119191281921
-0.5778110748958878
-0.5792586944631434
-0.5798298812171977
-0.5860224505886436
-0.5885298881278557
-0.5890222974558128
-0.5892004696488584
-0.5894401423400268
-0.5899737348081544
-0.5899818520579414
-0.5905517783636848
-0.5905762577943582
-0.5906891155258714
-0.5907431183538089
-0.5940383626012979
-0.5950506612967729
-0.5959727617882891
-0.5960893668021267
-0.6010547600817517
-0.6080235548082177
-0.6088741272687912
-0.6094663672071571
-0.6095404578890238
-0.6143051894398215
-0.6144900275911722
-0.6145858923206106
-0.6179289715364575
-0.6196552293508181
-0.6230795186545167
-0.6276659159513656
-0.631224066168735
-0.6317967618392273
-0.6323113395418558
-0.6345161821130508
-0.63585718596975
-0.6368983816355467
-0.6378486723858967
-0.6384160791771541
-0.639136846549809
-0.6413795334286988
-0.6419128787238151
-0.6446165576693602
-0.6463454642050367
-0.6489099944010377
-0.6494334640883608
-0.6516837038943777
-0.6535220208170358
-0.655324861392728
-0.6558571533920864
-0.6599672475131229
-0.6621786159463227
-0.6631296610252725
-0.6680378038145136
-0.669436551630497
-0.6760961574502289
-0.6799898261348668
-0.6818637585965917
-0.6876915363715549
-0.6896906381298322
-0.6903761321967371
-0.6910459675626563
-0.6914230084978044
-0.6929428011450606
-0.6933647287466252
-0.6934870284361144
-0.6957709553119328
-0.6982697124360129
-0.6983942391432518
-0.6998669140972197
-0.701810797744353
-0.7040991638787091
-0.7105838592267699
-0.7146673670421089
-0.7192443745706341
-0.7217783275991678
-0.7233836942600141
-0.7262284455613958
-0.7275086574954912
-0.7315020909372834
-0.7411272432655096
-0.7418752563535236
-0.7442573675652966
-0.7481482623344553
-0.7524675529760619
-0.7527277387368182
-0.7577120662899688
-0.7643594422067205
-0.7672318064918121
-0.7707834450295195
-0.7752031520940363
-0.782289498555474
-0.782692801207304
-0.7853105971273878
-0.7882661524095705
-0.7899369448423386
-0.7925249463878572
-0.7929509101435542
-0.7970493304746924
-0.7986747835263183
-0.8073818959916631
-0.8097132183611393
-0.810983699047938
-0.812636156876882
-0.814326542976778
-0.8175279596925975
-0.8219920737428765
-0.8221266941259923
-0.824394578180675
-0.8247177409008145
-0.8254158581607044
-0.8289873225614428
-0.8332267034177979
-0.8359894255797068
-0.836094638931432
-0.8404949033186616
-0.8409151772696836
-0.8418233264237642
-0.8428802415728569
-0.8438575309002772
-0.8507663251366466
-0.8539082507137209
-0.8546427845722064
-0.8592625283636153
-0.8636463758302853
-0.8654904069068531
-0.8675892210565508
-0.870087661780417
-0.8755228238296695
-0.8788710794411599
-0.8841893232117096
-0.8863998897333139
-0.88690250441432
-0.8972546559286424
-0.898593663207326
-0.9017795975290938
-0.9023434407260668
-0.9033673737198115
-0.9131872002035379
-0.9136049355147406
-0.9154951074160635
-0.9253963445856547
-0.9342276379466057
-0.9474399536848068
-0.9611148189287633
-0.9620325956493616
-0.9635353950517518
-0.9642817191779613
-0.9677455630153418
-0.9796309190802276
-0.9812417181674391
-0.981301337480545
-0.9862129800021648
-0.9885860159993172
-0.9934474155306816
-0.99524538628757
-1.011182780843228
-1.0295504691700141
-1.0308457004527252
-1.0315382113136973
-1.034236124168577
-1.038237656156222
-1.0392601508647203
-1.0446413680911064
-1.0506180408410728
-1.0573648781961917
-1.0616472829133272
-1.061884577696522
-1.0668199714273214
-1.0704361697038014
-1.0798073887825013
-1.0837685304383438
-1.1013840414583682
-1.10158090411763
-1.1096367663703859
-1.1105154007673264
-1.116629650417183
-1.1190419644117355
-1.1260786820203066
-1.1305702949563663
-1.1367932812621195
-1.1472617447376252
-1.1546791108946006
-1.160478274920024
-1.168910339474678
-1.1814636434428394
-1.1913732215762138
-1.1995879471302033
-1.2028553485870361
-1.211644111822049
-1.2128473576158285
-1.234510386735201
-1.2394195318222045
-1.2622592183761299
-1.2652223486885694
-1.2766354735940695
-1.2897594974686701
-1.3177022894378752
-1.3208532810211182
-1.3309708684682846
-1.3406610681364934
-1.3488421174697578
-1.3517548772506416
-1.3702792938177784
-1.395948201417923
-1.4365944353242714
-1.4520953707396984
-1.455213837325573
-1.460552324851354
-1.464076978348506
-1.4728125939145684
-1.4829225987195969
-1.5015584230422974
-1.51534354671215
-1.5386275214453538
-1.5622663851827383
-1.580642819404602
-1.6025627851486206
-1.6856035391489665
-1.715658402070403
-1.7226754426956177
-1.724715530872345
-1.7297343909740448
-1.7316488213837147
-1.7368342677752178
-1.7769988179206848
-1.790109300171025
-1.7952488763257861
-1.8065878781490028
-1.823155525024049
-1.9129262422502507
-1.9148955742518108
-1.9312680959701538
-1.9688112065196037
-1.9852567116419475
-2.0024324702098966
-2.031457707285881
-2.127597764134407
-2.1768709290772676
-2.281603828072548
-2.519864037632942
-2.5357596278190613
-2.5526307467371225
-2.6578027456998825
-2.99643611907959
-3.0820162324234843
-3.138040065765381
-3.2177309542894363
-3.460850715637207
-3.6923158168792725
-3.982052803039551
-4.15944766998291
-4.729416847229004
