-0.00011502880079206079
-0.0008886893386564528
-0.007669136015238109
-0.00769170731655322
-0.007802689156960696
-0.009255705226678401
-0.011325711384415627
-0.026424965704791248
-0.028770483084372245
-0.030080184558755718
-0.031527405604720116
-0.035495300932476916
-0.03929921561696877
-0.0475446090567857
-0.048682802240364254
-0.04988930111479325
-0.053260235115885735
-0.056525442691054195
-0.07431576024755486
-0.07550425752997399
-0.07609198072896106
-0.07636346019717166
-0.07781537155642582
-0.08025437942706048
-0.08222235164248559
-0.08527507881323497
-0.0877657737582922
-0.08934819447113114
-0.08958267187699676
-0.09636104671517387
-0.10546483844518661
-0.10744958105497063
-0.10886903353239177
-0.11071556079800107
-0.11372885045905907
-0.1159445858405282
-0.11601679807063192
-0.11635367953567766
-0.11715755239129066
-0.11765348346898463
-0.12134198077061835
-0.12362939434630486
-0.1326168129526195
-0.14165487892751116
-0.14198653122536453
-0.14464926265645772
-0.14808668663802868
-0.14972992977386135
-0.1631978015648201
-0.16516326006208146
-0.16778358072042465
-0.16864461079239845
-0.17824408116443505
-0.17945037896970462
-0.18096324743237346
-0.18641058668431884
-0.18902944325236604
-0.18931387210345332
-0.19025953416966282
-0.1975933868670836
-0.19896306878654285
-0.20058157704105334
-0.20118251691261926
-0.20206290589911596
-0.20768960223277746
-0.20899573509167466
-0.20914963313498447
-0.21035175248398447
-0.21124785278435512
-0.21226978920685724
-0.217408809956396
-0.2175850299214643
-0.21864419804915086
-0.21885268739484331
-0.22230122229627472
-0.23042477302078623
-0.23131354175002877
-0.23205731352423112
-0.23255959294632894
-0.23330839969639783
-0.23489544128200837
-0.23552856476217698
-0.23667695069389083
-0.24042390547396386
-0.24386795842558154
-0.24554892505289494
-0.24624733694508905
-0.24777092747695584
-0.2484315692447126
-0.24989967209694441
-0.2522437640344378
-0.25286990705838736
-0.25324005489212487
-0.2537161940586354
-0.25441206209548
-0.2548535446411633
-0.25618683930879343
-0.2562505110193645
-0.2578165815045525
-0.2582911343080923
-0.25893038195572443
-0.26038752720582653
-0.2607707375449536
-0.2624840527462805
-0.262575825676322
-0.263287812947965
-0.2641932379919622
-0.2666567462032877
-0.2673658337560482
-0.26835717333701076
-0.27091305951277417
-0.27210788904952526
-0.27231194925735736
-0.27326973384229597
-0.2739568965807848
-0.27443258901970885
-0.2750587808938387
-0.2758614819088583
-0.2767419725063923
-0.27761432574549294
-0.27952333756547887
-0.2802042460543248
-0.28120213714282727
-0.28130362574011086
-0.2825677306391299
-0.28340242471495003
-0.2854600128036747
-0.28573984187387397
-0.2874865418416448
-0.28805143013596535
-0.2883420524049143
-0.28907818570044885
-0.2903146730395747
-0.2940160063131211
-0.294045147265237
-0.2943425793200731
-0.2948589214264088
-0.29590187659535633
-0.29904013545432034
-0.2996495290499297
-0.3004021367014332
-0.3012414401705428
-0.30170018501672424
-0.30238648880992336
-0.3036757132697261
-0.3040820393152899
-0.3052318733098218
-0.3061876669941869
-0.3064634858756108
-0.30656205681734716
-0.307415300691554
-0.3084163758849172
-0.3084235939628949
-0.30849772842401235
-0.31172607264791924
-0.31190284422020037
-0.3127913960972939
-0.31291923582858333
-0.31340553689515216
-0.31385070226480655
-0.31387857913280315
-0.31592905427281437
-0.3173742436947845
-0.3183240059615064
-0.31906186165093936
-0.3205510239269556
-0.32107161461102807
-0.32145062725370127
-0.32214730605284103
-0.3255298344324379
-0.32593025698263645
-0.32596309797649653
-0.3260247017282786
-0.3268838125950424
-0.32743828291460075
-0.3275354481205189
-0.3275554433227323
-0.32796021478386594
-0.32832476286055523
-0.3285944646522694
-0.3308009448587922
-0.33167329019647696
-0.3320958304218948
-0.3324332635491027
-0.3342033253368624
-0.33497876941692084
-0.3355536334529461
-0.3372005381381314
-0.33761195338424843
-0.33826942023540596
-0.339650919604901
-0.3408929154761154
-0.3410887080870452
-0.3417041607966128
-0.34177424148304325
-0.3418400463847559
-0.34219247234097694
-0.3423711343350653
-0.3427267298969673
-0.34295769191633624
-0.3432705562725546
-0.3443970695589087
-0.3449896054590598
-0.34559870784384356
-0.34594026813491446
-0.34606818107174503
-0.3461711064123342
-0.347444079714478
-0.3486929277331166
-0.3492372520900315
-0.3505319694359059
-0.35116917536458153
-0.35184465874671234
-0.35332778623680194
-0.3535353536099137
-0.3563239159666409
-0.3563582448819318
-0.35646606701376576
-0.357926047776827
-0.35935167968973475
-0.36047574224589124
-0.36073967676133006
-0.36089132042907296
-0.3609362408834776
-0.361594753889464
-0.36161441638614633
-0.36207527816441143
-0.36316210945951755
-0.3647529737863806
-0.366064885824926
-0.36641876072644664
-0.36654342839978604
-0.366576217013062
-0.3670582075967396
-0.36758797776246865
-0.36778751819243055
-0.36840061665740603
-0.3684559355509312
-0.36860760596755426
-0.36943349673845205
-0.37111475050321696
-0.3721111048507737
-0.3726099294153418
-0.37301644425679115
-0.37302663116398094
-0.3738106490782229
-0.37468630035709793
-0.3749764368190154
-0.3750534486169878
-0.37516619711008387
-0.37613805737257044
-0.3770624717599276
-0.37820346244067576
-0.3787648227844329
-0.37950797851317475
-0.37956949110513605
-0.37976496661648135
-0.3798930656048469
-0.3799138921732083
-0.38053873153429857
-0.3805421666879233
-0.3820189428059103
-0.38226698602520626
-0.38278078174745905
-0.382970807806123
-0.383087147189404
-0.3844907688509881
-0.38474019771892515
-0.38650169409811497
-0.38705489415442573
-0.38712833262979984
-0.38775452512782066
-0.38819027759642005
-0.3889351685065776
-0.39019163963218617
-0.390763503749137
-0.39080228739892064
-0.3913866513983772
-0.39138934175445744
-0.39156228871142956
-0.3918558556888456
-0.3922213659572143
-0.3924752436578274
-0.3945561612898018
-0.3952775730547728
-0.39677924637089745
-0.3968430454309176
-0.39827126775926447
-0.3987353447068277
-0.3997219121409781
-0.3999083883099047
-0.4000394913803878
-0.4006489188886917
-0.4006730929463326
-0.4009334254078567
-0.40254515560532345
-0.40370834111915127
-0.40418330653228624
-0.4045883616251519
-0.40489455403439933
-0.4074147922874545
-0.4074489700724371
-0.40752938762307167
-0.4078290818309012
-0.4092639490218062
-0.4101243283234655
-0.4104490681056632
-0.4106558254721816
-0.41106103928743776
-0.41109646930563987
-0.41161523190914845
-0.4126123154451812
-0.4129438823176315
-0.4132513908407418
-0.41333359652260415
-0.4136491936042148
-0.41483220675941085
-0.4150465906127844
-0.41566475058789365
-0.415707002824638
-0.4159955268906843
-0.4166228726310742
-0.4173408757108215
-0.41806346092492347
-0.4186362162559817
-0.4187226153332009
-0.4193553782136203
-0.4201599091424474
-0.42043443347210996
-0.420866606546042
-0.42140211316291243
-0.42140472173438565
-0.4215823809787146
-0.4217091289410746
-0.4217388980652816
-0.4242734587205632
-0.42428780045260545
-0.42457994104673463
-0.4254316672599089
-0.4267377395096446
-0.42749891091370956
-0.42830296697733655
-0.430610630485171
-0.43133648645598444
-0.4324485659482207
-0.4325567985153092
-0.4345789102575769
-0.43503812785897933
-0.43585158716352734
-0.4364388010985977
-0.43652016622945666
-0.436554331964645
-0.4371815447404515
-0.4381080640523578
-0.4405233598497164
-0.4413889859279152
-0.4419341264758259
-0.44349355534359347
-0.443768899488662
-0.44402591029056565
-0.4442215112683243
-0.44506323225796224
-0.4465589497645851
-0.4478098079562187
-0.44802176824305207
-0.44808461039792746
-0.4481921747326851
-0.44843826020645694
-0.4489392492916003
-0.4495843202166725
-0.45114011659421116
-0.45115508921444414
-0.451164749863008
-0.45127477388068654
-0.45218033279234077
-0.45239627418791667
-0.45261308688941426
-0.45300951985481175
-0.4530649778056007
-0.4540605495373408
-0.4546567329338619
-0.4551948462631117
-0.455265417283694
-0.45587984048244024
-0.4562666867986991
-0.4574585322416169
-0.4583810634477838
-0.4596431134397992
-0.45983553313999437
-0.4604558419341629
-0.4608161957649928
-0.46087759219758484
-0.4615167321491754
-0.4617219637608893
-0.46251776315537946
-0.4627725001791987
-0.4638707290093104
-0.4647425382928405
-0.4652052624535372
-0.46614909636506735
-0.4670747685649985
-0.46750053446805184
-0.4681766339456317
-0.46843919156845004
-0.46992548561274816
-0.4701374358526664
-0.4717677227345933
-0.4722889625000676
-0.47233717961409144
-0.47419882990743645
-0.4742130013074125
-0.4747825160739012
-0.4758774651145359
-0.47632230919771246
-0.47690199975234765
-0.4770081787406525
-0.4770487451023655
-0.47806262855190035
-0.47932846906284493
-0.4803306641697418
-0.4805031238486966
-0.48072780413612665
-0.48109300757641904
-0.4813366134058015
-0.48179282883029373
-0.482649818362136
-0.48271160155647
-0.48305377201904776
-0.48345560356392525
-0.48497616834038126
-0.48506236303546757
-0.48571967628751217
-0.48612042936535244
-0.48734330411074706
-0.48746536151415965
-0.4884169281212962
-0.4886380905333378
-0.48968096278672923
-0.4898533580188137
-0.4902997805736959
-0.4908114527269
-0.4921284958953038
-0.49257829340785975
-0.493534106711
-0.493822384924796
-0.4951861480957531
-0.49616172468086006
-0.49622836043116647
-0.49697234481573105
-0.4974403193809849
-0.4976892374907038
-0.4979098737245806
-0.5013495945271903
-0.5015055425127944
-0.5020605087964214
-0.50234086719057
-0.5025677817029646
-0.5030425721197389
-0.5032089546900048
-0.5034998196618593
-0.5041414798262329
-0.5068984318058938
-0.507051003369179
-0.5073972408740701
-0.5104533153353259
-0.511003429046832
-0.5129446662029296
-0.5132968067688731
-0.5143135069000502
-0.5149012430629227
-0.5155683298196111
-0.5161149540783428
-0.5166281568152564
-0.516648040448672
-0.5166496699763229
-0.5170846140026697
-0.5172453349543502
-0.5177543156314641
-0.519043981829392
-0.5197686259387411
-0.5197944362072222
-0.5201522629192498
-0.5212925349866661
-0.522387669687123
-0.5228776002645645
-0.5229699810501188
-0.5239932586264331
-0.5241751762576035
-0.5255649880152001
-0.5265051629394293
-0.5267077613156289
-0.5276041540468618
-0.5276726533306373
-0.5278395843093416
-0.5280294620980774
-0.5282266483538058
-0.5288734309317078
-0.5300321160320891
-0.5330598366951259
-0.5337972828361671
-0.5340478954215845
-0.5345431653714513
-0.5345521038398147
-0.5361703227519885
-0.5376462296117097
-0.5376553300302476
-0.537824850648758
-0.5394582362560969
-0.539545210490663
-0.5395645714215789
-0.5396535713225603
-0.5403598730743397
-0.5408616822345981
-0.5410547907065067
-0.5419189683485052
-0.542262431246248
-0.5446415284991417
-0.5474088743628401
-0.5479335393319502
-0.5480823962017893
-0.5481275351958175
-0.5481395403582031
-0.5482182281048154
-0.5485976702766493
-0.5488652796193492
-0.5490029934195003
-0.5494170087622479
-0.5501800737304924
-0.5511266703128967
-0.5513359735632548
-0.5518361292779446
-0.5540600002495921
-0.5549792236706708
-0.5564997727051377
-0.5566799893272977
-0.5569322528317571
-0.5576495885848999
-0.558101596776396
-0.559152205940336
-0.5599855185905653
-0.5600332408664852
-0.5608482009483851
-0.5614046992274382
-0.5621174325002357
-0.5626912706398538
-0.5632700728518623
-0.56328421952882
-0.5632902142291035
-0.5654535103688987
-0.5664470978294958
-0.5667847282511502
-0.5670833504603555
-0.5675791904832295
-0.5692092432869534
-0.570333112492725
-0.570866448069056
-0.5708768689903081
-0.5719007812665289
-0.5723264142822396
-0.5758942204524828
-0.5762241661548615
-0.5770411157107447
-0.5772029990207935
-0.5774857574826455
-0.5776998176806956
-0.5778323417529464
-0.5783269132429268
-0.578714012578732
-0.5800287541205762
-0.58036288022995
-0.5810318442256955
-0.5814742512468781
-0.5819107408007601
-0.5820195409986708
-0.5821986550465226
-0.5833192515807847
-0.5838342313400062
-0.5840598784173684
-0.5848498986160848
-0.5855016262794379
-0.5859037310518842
-0.5862954577896744
-0.58654947384956
-0.5866348162609418
-0.5872730705072172
-0.5876392155128997
-0.5876967910677194
-0.5879638924176106
-0.5881160854536575
-0.5887302742776228
-0.5894681319594384
-0.5902975250588497
-0.5904553242260591
-0.5912705712918458
-0.5914761007761854
-0.5926168122079616
-0.5942275347413009
-0.5954651702975298
-0.5967297066003084
-0.5969101240392775
-0.5971340052725281
-0.5973876053220011
-0.5997536779969879
-0.599866093634369
-0.6003722313965227
-0.600716693915144
-0.6018225196360921
-0.6019257154049618
-0.6020083936516838
-0.6020715748891234
-0.6021040892459496
-0.6031505225795021
-0.6031834256180446
-0.6033555705410739
-0.6037411017775108
-0.6049521395703777
-0.6062835234527787
-0.6065386990731996
-0.6067477163203876
-0.6071486650762381
-0.6074732461299087
-0.6080990441827453
-0.60825790331832
-0.6083192341029644
-0.6085912036942318
-0.6090383421564184
-0.6118881665042863
-0.6122955195547547
-0.6130829646945131
-0.6132159009808674
-0.6136337302741595
-0.6142821545654442
-0.6146534726693063
-0.6160297379891355
-0.6180454964196542
-0.6182326116922923
-0.6185326137783704
-0.6198101314793121
-0.6210765258147148
-0.6215427674353122
-0.6224330623970471
-0.6236961575586293
-0.623992322189484
-0.6258183556298414
-0.6258937362193441
-0.6282803814276121
-0.6283940482618553
-0.6303278904257846
-0.6303315478476829
-0.6305737366259564
-0.6308209055802081
-0.6321177786843951
-0.6325178525943167
-0.6339584371695915
-0.6348187007630864
-0.6389378639299366
-0.6400457454313125
-0.6404710967003666
-0.6411353607667378
-0.641157780153056
-0.6415135860443115
-0.6437673907672029
-0.6438455494741598
-0.6438885768778467
-0.6446677701813834
-0.6454521639443556
-0.6464552762408857
-0.6467630843573715
-0.6467786187073443
-0.6481592874696877
-0.6482057763496414
-0.6483782458558885
-0.650501041358666
-0.6510364952825641
-0.6548359665165435
-0.6548643470800016
-0.6558050985186128
-0.6571246298030019
-0.6571382028715951
-0.6571625950891757
-0.6579769852323807
-0.6580182535744825
-0.6590138115670925
-0.6593603437941056
-0.659580497816205
-0.6616239506661259
-0.6623499055858701
-0.6626837550332615
-0.6632874865768826
-0.6634385284657279
-0.6641296068264637
-0.6661453255330798
-0.6671494642275017
-0.6687302638932703
-0.6689175599694863
-0.6717760186547821
-0.672462809321587
-0.6736199258053343
-0.6742139518658709
-0.6770676816813648
-0.6784325527648131
-0.6786667986772954
-0.6811550091952085
-0.6818450527886549
-0.6822799015790224
-0.6835691110100015
-0.6843673542141915
-0.6847350062291298
-0.6855226839595291
-0.6863449262605678
-0.686589871707838
-0.6907422132790089
-0.6910861060023308
-0.6915375409182161
-0.6924834842793643
-0.6927075142040848
-0.6929129962809384
-0.6940895612351596
-0.6947828885167837
-0.6952555835989187
-0.6975058663636446
-0.6975418579396708
-0.6977845704629241
-0.6984216757191462
-0.6985095771269698
-0.6995231047272682
-0.7002573368538704
-0.700844465312548
-0.7014437436171446
-0.7018881810090534
-0.7036164436334124
-0.7039823909958108
-0.7040935328244814
-0.704557559841002
-0.7068440020019706
-0.7069382695499371
-0.7071329999016598
-0.7081983864307404
-0.7108425558544695
-0.7108902753352848
-0.7118300568933288
-0.7123088084161282
-0.7127355622642426
-0.7138425636415681
-0.7152638615185164
-0.716182556313773
-0.7171612028032541
-0.7206777334213257
-0.7209682062965612
-0.7211547231963777
-0.721188657968014
-0.72175921658054
-0.7239372204057872
-0.7248919677908167
-0.7253775289219837
-0.7271643819154373
-0.729495586855046
-0.7304610099643469
-0.7313939857607087
-0.7324960388925319
-0.7348784417845309
-0.7365207836652795
-0.7382337886251013
-0.7391746467910707
-0.7400123014425238
-0.7403641291311942
-0.7406931256409734
-0.7408574633300304
-0.7425047109524409
-0.7428888101608858
-0.7429753189374294
-0.743193357133714
-0.7447872849770647
-0.7451202048493238
-0.7483076825970784
-0.7486121477559209
-0.7488073814660311
-0.7514551732223481
-0.7543255941782263
-0.7557481981410612
-0.7566184015013278
-0.7576418088749051
-0.7581830966195816
-0.7586680252570659
-0.7593471422183534
-0.7595023359113838
-0.7601602126669604
-0.7613187480407456
-0.7621378630089263
-0.7630918055772782
-0.7636776293317477
-0.7640879076250713
-0.7653093125138964
-0.7653921219753101
-0.765404793907995
-0.7660722122527659
-0.7672129460173892
-0.7700031226500869
-0.7708109780152881
-0.771071310248226
-0.7715470220095345
-0.7722455600077021
-0.7732193268835544
-0.7744680244941264
-0.7792769642546773
-0.7797947395592928
-0.7809683038765798
-0.7810132248061044
-0.7828915092520349
-0.7833640483440831
-0.7864545825868845
-0.7871146251603601
-0.7877639013691805
-0.7885274166619638
-0.7886487738079657
-0.7887377457227558
-0.7911670149769634
-0.791782907396555
-0.7919203456491232
-0.792800859755112
-0.7929999820888043
-0.7931865641148761
-0.794101481884718
-0.7950435104314237
-0.7970477045663367
-0.7973148645833135
-0.7973724864423275
-0.7983485675649717
-0.7990567088127136
-0.7990921866730787
-0.8006892613848322
-0.8010365025935849
-0.8039031031657942
-0.8072488910215075
-0.8133207110222429
-0.8181443945504725
-0.8185583371669054
-0.8236459877807647
-0.8244782359688543
-0.8260581040134033
-0.8264783118153597
-0.8277312545105815
-0.8298118161037564
-0.8340788190253079
-0.8343335203826427
-0.8372351446475174
-0.8392566431313753
-0.8395057482775883
-0.8408827632665634
-0.841093524126336
-0.8419532435946167
-0.8420942530501634
-0.8429919138496709
-0.8480917372507975
-0.8486112283749713
-0.8491751849651337
-0.8519196352766206
-0.8533731496281689
-0.8537791768709818
-0.855730539187789
-0.8565536379814148
-0.8590936702676117
-0.8592575279126322
-0.8600360765121877
-0.8622093994636089
-0.862886853935197
-0.8632062237709761
-0.8632754920981824
-0.8654430750757456
-0.8654710114002228
-0.865859413612634
-0.8684359023152085
-0.8713837593998809
-0.8755445253918879
-0.8767320561455563
-0.8782121276890393
-0.881142929184989
-0.8823161959648133
-0.8824970481842423
-0.8869153042789548
-0.8874073112383485
-0.8889274735469371
-0.8899558599140229
-0.8901332399109378
-0.8951964264269918
-0.9011488308509191
-0.901352047920227
-0.9026963740587235
-0.905908881376187
-0.9065290830312733
-0.9070733996341005
-0.9071629817699431
-0.9087702551211502
-0.9087858016403819
-0.9117081474279984
-0.9165548684840259
-0.9178454887920192
-0.9192032830263391
-0.9193715291839908
-0.9206264812964946
-0.9265503638557026
-0.9284739876165986
-0.9293904429301619
-0.9298495771193606
-0.9309061981737614
-0.9310426563024521
-0.9345774948596954
-0.9350777421146631
-0.9352296047533551
-0.9361851145207766
-0.9363793578180776
-0.9379543776623904
-0.9388879451435059
-0.9412499340251088
-0.9417449641744801
-0.9421527883969247
-0.9433793090283871
-0.9477718705311418
-0.9493885710835457
-0.9529082547553116
-0.9597787229577079
-0.9612461449578404
-0.9634351929028829
-0.9650519041897496
-0.9665003021558126
-0.970057150349021
-0.9716261525948843
-0.9778584063053131
-0.9870185554027557
-0.9872713710647076
-0.9895443739369512
-0.9900201909864942
-0.9929314441105817
-0.9956728017277783
-0.9961537800729274
-0.9972186983504798
-0.9974819421768188
-1.0030316356569529
-1.0073384626603001
-1.0087168380618095
-1.0131068573162858
-1.0146233846732815
-1.0154720091668423
-1.0224063556109155
-1.0247402947861701
-1.025416414020583
-1.0255541230241458
-1.0264453221835927
-1.036203570314683
-1.0392550559190568
-1.0403966341167687
-1.0461311869788914
-1.0501584389749041
-1.0507967780771044
-1.0529588904310003
-1.0530596477037761
-1.055818110704422
-1.059076198687156
-1.0618041455745697
-1.0628724054937873
-1.0639359334054461
-1.066030741482973
-1.0667324465300356
-1.0722683750403423
-1.0733944070525467
-1.073897162762781
-1.0747573177019756
-1.0777336085254017
-1.0802115767473879
-1.081220680475235
-1.0835885557346046
-1.0884163478622213
-1.0966986410319806
-1.0971330171450973
-1.0983542420344747
-1.1036414583213627
-1.1049790171673521
-1.1075149742440165
-1.1098762549459935
-1.1101224920047181
-1.113795806467533
-1.1203570791209738
-1.1264551515341736
-1.1284557580947876
-1.1294307615607977
-1.130494186654687
-1.1320488269307785
-1.1324588918748002
-1.1335828929557465
-1.1336050770478323
-1.1417466898759205
-1.1418093572137877
-1.1436312436126173
-1.1443029010551982
-1.1552917623581986
-1.157351936524113
-1.1617962941527367
-1.1644191540777684
-1.1668525834878285
-1.1669569611549377
-1.1678093150258064
-1.169606092075507
-1.171193451154977
-1.1735440396005288
-1.1745260953903198
-1.177665889263153
-1.1789097797955037
-1.1860442951853787
-1.1883445896673948
-1.1895075837771099
-1.1908422708511353
-1.1928902782965451
-1.1936331697118778
-1.1937375018994014
-1.1950539120007306
-1.2020975351333618
-1.2045307597145438
-1.2098227557726204
-1.2116801934316754
-1.2150915935635567
-1.2234497820027173
-1.2281899154186249
-1.2388884921868641
-1.2440236513502896
-1.2445265779679175
-1.2447011139399062
-1.2526859895636637
-1.2597719033559163
-1.2610451544945438
-1.2637741963068645
-1.2640351230899494
-1.267660119367065
-1.2679820358753204
-1.271953959716484
-1.2730149916533264
-1.2812742009409703
-1.2825788549574402
-1.2835108811656635
-1.2857762025669217
-1.2950169084360823
-1.2969463784247637
-1.2987043389162864
-1.314410279970616
-1.318868044220532
-1.3189615352021065
-1.3194188746177435
-1.3229513891662161
-1.323491910690791
-1.332733935676515
-1.3335310071706772
-1.3335775136947632
-1.3412492431525607
-1.3451404855004512
-1.3556810500849679
-1.360608677752316
-1.3626943181443494
-1.365573645074619
-1.3711905049160122
-1.391138806939125
-1.3920185963312786
-1.4052027050978115
-1.4069152257094781
-1.4098352077235177
-1.4167527941366036
-1.42769181355834
-1.4329398170217853
-1.4368024468421936
-1.4588452130556107
-1.4593790508806705
-1.4678546488285065
-1.4893904005293734
-1.515920987725258
-1.5185561971350883
-1.5314826881163754
-1.5318576947320253
-1.5335596799850464
-1.536950861986649
-1.545796314875285
-1.5500516444444656
-1.5583743788301945
-1.5939446886380513
-1.5976670830423245
-1.6014171987771988
-1.6034849765528634
-1.6236863646966715
-1.6531819499020155
-1.653523601591587
-1.6700232689812158
-1.6944088894427598
-1.6968997195363045
-1.7004958706068767
-1.7063982841791585
-1.707765059050871
-1.707789935792486
-1.710350412700791
-1.713798056046168
-1.7193898674716668
-1.7205646976508433
-1.7333296729739232
-1.7497536577284336
-1.7585491054342128
-1.7791393792431336
-1.7917227745056152
-1.7979990479070693
-1.8036517097170872
-1.8203734997659922
-1.821544535458088
-1.8306911547697382
-1.8511645326798316
-1.8529134392738342
-1.8540785431861877
-1.855236937602361
-1.8553231358528137
-1.8579478859901428
-1.8692071418809064
-1.890007384121418
-1.894275153055787
-1.89759472971006
-1.9025173597037792
-1.9111929121378732
-1.9219478847662685
-1.9302656430130203
-1.9325801134109497
-1.944981809836463
-1.9581344947218895
-1.9654414802789688
-1.9738933444023132
-1.9830321052249928
-1.9939580199231084
-2.0112419923146567
-2.0292306132614613
-2.057661057263613
-2.0649407356977463
-2.077294067790111
-2.0857622772455215
-2.0928330421447754
-2.094915148893051
-2.0995060423301766
-2.1002237309809666
-2.110905133522465
-2.118945775946486
-2.130156695842743
-2.1360137313604355
-2.1521050222218037
-2.165506672114134
-2.1925323009490967
-2.2286075055599213
-2.239187544257826
-2.2418413013219833
-2.243474420218263
-2.2507570385932922
-2.264399643492652
-2.266618236899376
-2.2794430255889893
-2.297789216041565
-2.3282954692840576
-2.334357738494873
-2.334833860397339
-2.3391385078430176
-2.3523840084671974
-2.3637974753582967
-2.374362587928772
-2.3779983818531036
-2.383992314338684
-2.4051714539527893
-2.415010929107666
-2.4205103181302547
-2.5164137482643127
-2.5359100103378296
-2.5381979743639627
-2.559104159474373
-2.579483389854431
-2.5823934078216553
-2.5848025252683633
-2.586371660232544
-2.590646641479301
-2.6336093125864863
-2.642906427383423
-2.654858350753784
-2.6945294961333275
-2.8249051570892334
-2.831407308578491
-2.8525000852532685
-2.8706421547879777
-2.901170253753662
-2.919324060281118
-2.9199956568409107
-2.9236629009246826
-2.927310958504677
-2.933471441268921
-2.9541226625442505
-2.957813858985901
-2.9875648021698
-3.0011496543884277
-3.0968802769978843
-3.123276031925343
-3.1249683023343096
-3.1584231627639383
-3.182007782161236
-3.1903106938067745
-3.1949106454849243
-3.211336698383093
-3.2756459712982178
-3.2761831283569336
-3.3451735423877835
-3.371188022196293
-3.461725413799286
-3.4639622792601585
-3.520326486090198
-3.5941435992717743
-3.5958175864070654
-3.599022760987282
-3.6432051956653595
-3.674104690551758
-3.674507096875459
-3.6982336044311523
-3.797866553068161
-3.8962528705596924
-3.9514100551605225
-4.042516867319743
-4.292199432848292
-4.3631802797317505
-4.435418128967285
-4.518371164798737
-4.625056505203247
-5.006800383096561
-5.160174210866292
-5.329962246287323
-5.432445143349469
-5.474600307810761
-5.692072868347168
-5.745054244995117
-6.24771136790514
-6.574191007763147
-7.34074592590332
-7.986210346221924
-8.828315734863281
-8.961939811706543
-8.972929000854492
