-0.0025882574263960123
-0.0145050841383636
-0.01979390653862841
-0.02515243925154209
-0.08260761946439743
-0.14478211365785681
-0.17091265174603903
-0.17943536187522113
-0.18240083996206521
-0.18300765694584697
-0.19604380193486576
-0.21014833159279078
-0.2235866428945883
-0.22794355312362313
-0.24744578320824076
-0.249215260730125
-0.25412380785888267
-0.2557360328180948
-0.25926270991164657
-0.26203775526373646
-0.2660889355101972
-0.2679283022880554
-0.2693947055377066
-0.2758769086296005
-0.27824218722525984
-0.2848876938223839
-0.2878882860360526
-0.29019018495455384
-0.29365114226820876
-0.2958406875176089
-0.2982478956691921
-0.3020743440350897
-0.302414141892529
-0.3028185125123641
-0.3112713440787047
-0.3155141962356777
-0.31777890652616253
-0.3234051407833613
-0.3293692168580102
-0.33108238596469164
-0.33208289178437556
-0.3343811076201746
-0.34020599983632566
-0.3406491335093354
-0.3408947043741743
-0.3413717125155507
-0.3423431440190013
-0.34544066477733043
-0.34632269374560565
-0.34789375960826874
-0.3487913785951167
-0.3488190822317847
-0.3505201909004071
-0.3553331678933864
-0.3557903060896529
-0.357662314575407
-0.3591435208458683
-0.3635384236584452
-0.3636005022369015
-0.3646110087230275
-0.3648362333806685
-0.3651128814154718
-0.367602711514337
-0.3680129063257482
-0.3752215857493866
-0.37564866962857196
-0.3780482663450433
-0.3784712721660201
-0.3790770811772424
-0.37928194275895066
-0.37981427973136306
-0.38135540747316554
-0.382533010134163
-0.3888750065253637
-0.39001973148865193
-0.3914957062661415
-0.3919179828837514
-0.39416156914425454
-0.39568166993558407
-0.3970908698349452
-0.3970910313471904
-0.3991281891715268
-0.3994134288324858
-0.40244242934776203
-0.4044350935792964
-0.40570787712931633
-0.4073464825982228
-0.40878988010772443
-0.4088687138777459
-0.4100554427714087
-0.41196792503857677
-0.4130267818327411
-0.4141133829415433
-0.4182459501145572
-0.4194793958216906
-0.4198946830261279
-0.42112963534600567
-0.4219529644906288
-0.42262332670829245
-0.42505389286452555
-0.4254892809937398
-0.42744063399732113
-0.42794772489772487
-0.42952436534687877
-0.4305751521940692
-0.4327145982981165
-0.4329369340557605
-0.4340447823469731
-0.43749017622321845
-0.4420648843473221
-0.4457699277069575
-0.4462743064832466
-0.4463410321623087
-0.4479664341600834
-0.44809630097235503
-0.4483497676945295
-0.4483769825953794
-0.44870759878394895
-0.4520856897579506
-0.4523090711196086
-0.4538125362363644
-0.4575013665295861
-0.45888520990099224
-0.45923418645874003
-0.4608071082105968
-0.4630448640521575
-0.4634811029682169
-0.4640474340387458
-0.4647661831913865
-0.46479122360371355
-0.4658803295654555
-0.4677314838575994
-0.4677896809963776
-0.46851650430887404
-0.4685739149546862
-0.46971538406796753
-0.4701783035416156
-0.4712232394787647
-0.47362971186835995
-0.4737513647414744
-0.4746536824852228
-0.4748767433484318
-0.4751581388215224
-0.47822239827399715
-0.4813451693127198
-0.48177519902986077
-0.48265835401543883
-0.4851751664391486
-0.4866092505399138
-0.4866369058766974
-0.4870727656719585
-0.4880374675202701
-0.4887850262515713
-0.48908463745701736
-0.49099880938689844
-0.491078248894256
-0.49236198967056616
-0.49289960841997527
-0.4949691254139627
-0.4952232247305801
-0.49646513601272513
-0.49800630765948883
-0.5000002203988305
-0.5000356228847522
-0.5014778322850665
-0.5023531683778856
-0.50284080406917
-0.5028583326008326
-0.5035119433756335
-0.5045245046821947
-0.505040772653754
-0.5056004546650001
-0.505844180742445
-0.5077925211350832
-0.5081797257065773
-0.5081997385455502
-0.5087707152415533
-0.5094396362209019
-0.5106983158080506
-0.5107683547830675
-0.5125622818246484
-0.5141769500291308
-0.5143737724038147
-0.5165680693462491
-0.5181441901484505
-0.5181712350313319
-0.5194362163543701
-0.5197120633945035
-0.5208797813858836
-0.5209254936671641
-0.5226490391694825
-0.5229466631717514
-0.5255105853080749
-0.5257133556951885
-0.5264668102193225
-0.5277056437917054
-0.528267001252243
-0.5288750423727228
-0.5298708650682654
-0.5298962475033477
-0.5306127746743561
-0.5306772233452648
-0.5307478189468384
-0.5308305351432258
-0.5323469104866186
-0.5330472595966663
-0.535232375301844
-0.5364959122322034
-0.5375601080484861
-0.5380582911154003
-0.5382144739976086
-0.539887753653943
-0.5401731613746961
-0.540425511263311
-0.541705478914082
-0.5419535841101119
-0.5430981955853187
-0.5431354213253751
-0.5467132917505363
-0.5475263688701185
-0.5476111901225522
-0.5484305197062592
-0.5486820345395245
-0.549203945780755
-0.5496106736245565
-0.5500360106816515
-0.550196699652588
-0.5502821775327902
-0.5504812092149223
-0.5508034170488827
-0.5513588746543974
-0.5513771641331807
-0.5514162556792144
-0.5521694559653182
-0.5528271184044166
-0.5534592162972937
-0.5548218041658401
-0.5553517353662756
-0.5565139667796757
-0.5578634080718204
-0.5588697764906101
-0.5591229422716424
-0.5612025231544976
-0.5616801911499352
-0.5618434997781276
-0.5629145346049752
-0.5630164442797346
-0.5630717940257455
-0.5637016286685442
-0.5637585632397201
-0.5640664741263858
-0.5641162184377512
-0.5641492241527886
-0.5651572770217987
-0.5652847387845052
-0.5656637086164361
-0.5681575026246719
-0.5683538362435583
-0.5699479002505541
-0.5702562429845178
-0.570280553115299
-0.5707214463691344
-0.5712555205536773
-0.5722963174339384
-0.5724627466147972
-0.5725904511142462
-0.5727674695145752
-0.5734197422862053
-0.5751032456755638
-0.5759715437889099
-0.576183401979506
-0.5764785557403229
-0.5794320671508709
-0.5813618953288824
-0.582561070562487
-0.5826377564575523
-0.5831267682111098
-0.5854925147642562
-0.588468444844087
-0.5899690774967894
-0.5909879920313365
-0.5911050166983981
-0.5919393580406904
-0.5921882142026264
-0.5923631750047207
-0.5932132984373311
-0.5932544067484111
-0.5932911904189192
-0.593705110432994
-0.5939693818800151
-0.5948696797713637
-0.5953344608518819
-0.5979367212334182
-0.5979610958136619
-0.5980826093711786
-0.5988000034509847
-0.6012319244390321
-0.6023217119567562
-0.604627001285553
-0.604647769141593
-0.6056557182935649
-0.6064440147747518
-0.6066758387241862
-0.606721464311704
-0.6074010614372257
-0.6088026812067255
-0.6097497259281226
-0.6098337559960783
-0.6101480857614661
-0.6101786117069423
-0.6104062617652946
-0.6114782323794705
-0.6121100038290024
-0.6127291785087436
-0.6132489835930756
-0.6133142577018589
-0.6135295088336404
-0.6150816061223546
-0.6175333749270067
-0.6189798071980477
-0.619857676120268
-0.6199465036240456
-0.6202316218820799
-0.6202615934113661
-0.620505082820143
-0.62054568521368
-0.6213850028709405
-0.6229636171566588
-0.6234359924914316
-0.6239605308122312
-0.6247226333012804
-0.6260273744320819
-0.630011221177743
-0.6313903715668453
-0.6326060211285949
-0.6342595156489147
-0.635076909646159
-0.6353305356286001
-0.6358413031654587
-0.636413868362979
-0.6371010155417025
-0.6374159498518566
-0.6382582477397389
-0.6385655697085895
-0.638687701386516
-0.6405202256755729
-0.6409093355177902
-0.642110691027483
-0.6421130438231759
-0.642321478080703
-0.6428219649408545
-0.6433104752666421
-0.6437817841317155
-0.6442872090265155
-0.6445451707598598
-0.6453410405997096
-0.6460576069483068
-0.647155634785122
-0.6487213377582116
-0.6489974755386356
-0.6507246197822193
-0.6514723233671652
-0.6519741694850382
-0.6522184144341736
-0.6532015045522712
-0.6533909738451863
-0.6557872658595443
-0.6598730133430634
-0.6601440204685787
-0.6606547167088138
-0.6632706329433454
-0.6637611043536
-0.6642754166192996
-0.6647224004846066
-0.6648369980044663
-0.6648484466390477
-0.6648668454516964
-0.6650213887478458
-0.6657341768732294
-0.6670211189426482
-0.6673943414003588
-0.6674975014258442
-0.6707082827841597
-0.672087280836422
-0.674635584310939
-0.6751310029244956
-0.6762978978455066
-0.6768262329278514
-0.6793983445192376
-0.6794468377317701
-0.6810677697510983
-0.6833232981818063
-0.6839550932248434
-0.6840530232422881
-0.684524541022256
-0.6849711933690641
-0.685464957356453
-0.6859111987549114
-0.6866191373672337
-0.6867117444198811
-0.6871658769766024
-0.6872700899839401
-0.6885616712065207
-0.6903290983496441
-0.6911744518583873
-0.6912511450238525
-0.6935476033416178
-0.6950639104979928
-0.6992290420952486
-0.6994072536472231
-0.701032575496356
-0.7018510056805098
-0.7029161816837066
-0.7035706925707927
-0.7080339529551566
-0.7082414200219015
-0.7105215871852124
-0.7111595829741822
-0.7116902351379395
-0.7121673522966115
-0.712304413318634
-0.7128030020588388
-0.713119755136884
-0.7138223574230713
-0.7153567851123893
-0.7160563766956329
-0.7168106092140079
-0.717155878742536
-0.7173887410123522
-0.7177375239029061
-0.7182459429837763
-0.7188186412240611
-0.7189253098144296
-0.7191817380985918
-0.7196595342490278
-0.7206604778766632
-0.7213275548070669
-0.7215254735896856
-0.7219406805932522
-0.7237948350608349
-0.7238612758577802
-0.7273382707855489
-0.7293391691055149
-0.7314677400514483
-0.7343924880027771
-0.7387188971042633
-0.7395393811424987
-0.7404153318784665
-0.7412606859496529
-0.7426692404784262
-0.7435696233296767
-0.7452991689705024
-0.7457417320741418
-0.7474459717050195
-0.7491767443716526
-0.7508304083603434
-0.7539852410554886
-0.7559170114314732
-0.757286773994565
-0.7573165167123079
-0.7578547252342105
-0.7581192770972848
-0.7603845368139446
-0.7611292799313863
-0.7615058720111847
-0.7641897239722312
-0.7647782287975942
-0.765060126897879
-0.7671523031312972
-0.76844008652115
-0.771672397851944
-0.7727938870001319
-0.7735227573954034
-0.7742906240746379
-0.7753548286273144
-0.7813557658810169
-0.7852525850757957
-0.7861657752655447
-0.7885056248396722
-0.7904036388629012
-0.7916938712199529
-0.7950494314233462
-0.7953405231237411
-0.7974815368652344
-0.7989730623861154
-0.7997895933687686
-0.8024889097675137
-0.8027887126233205
-0.8027936913073063
-0.8030848519265419
-0.8038139589936387
-0.8042230059703191
-0.8050703866174445
-0.8052066333844518
-0.806601334520019
-0.8074798537292432
-0.8105883614480263
-0.8110652886227601
-0.8119185092445049
-0.8138677230370897
-0.815988931323227
-0.8189113156258827
-0.821391373872757
-0.8229000568389893
-0.8307770487541953
-0.8318157304544002
-0.8326159276999533
-0.8332650710828602
-0.8359978708758717
-0.8421092055634491
-0.8422494418919086
-0.8428950011730194
-0.8429825809240962
-0.8443237883376631
-0.8500944780618218
-0.8503734662993035
-0.850714523345232
-0.8521214067101633
-0.8521541857293674
-0.853742086639007
-0.862501842319034
-0.8626488520812927
-0.8638719259096044
-0.8648203274028169
-0.8705091497145726
-0.8731695402724048
-0.8780871769413352
-0.8787843052830014
-0.8821330778300762
-0.8824453338123643
-0.883002959593432
-0.8841204881568306
-0.8873525963863358
-0.8909464081128439
-0.9028701083734632
-0.9038906058704015
-0.9059190025760068
-0.9064204639132816
-0.9094525743275881
-0.9109282518426577
-0.9114643371264849
-0.9137064032256603
-0.9179694751177782
-0.9211848285437251
-0.9264781661331654
-0.9270127618053395
-0.9274665507088814
-0.9309522727271542
-0.9333073019981384
-0.9340122453369466
-0.9359682801490029
-0.9376292070373893
-0.9400027031078935
-0.9457743780267743
-0.9474117369391024
-0.9490699643890063
-0.9505220984962458
-0.9518918320536613
-0.955430637462996
-0.9582550575335821
-0.9584732387198268
-0.9591923834128205
-0.9596079099923372
-0.9718877571535164
-0.9720380753278732
-0.9780940804630518
-0.9821153331547976
-0.9848714774165678
-0.9858649176254403
-0.9873338900506496
-0.9875784078612924
-0.9915025485679507
-0.9934545275755227
-0.9934653677046299
-0.9941436057289441
-0.9942096897533962
-0.9985996941769761
-0.9988383286399767
-1.0010808058083058
-1.0219763267785311
-1.022648644944032
-1.0302381714185078
-1.030667821566264
-1.036982640934487
-1.037210077047348
-1.0382417502987664
-1.0393494029995054
-1.0413617750940223
-1.0463474864761035
-1.0465517868953091
-1.048264898687855
-1.0499634519219398
-1.0504754005620878
-1.0539385128766299
-1.0583361962011881
-1.0610317662358284
-1.0780831766397958
-1.0796071290969849
-1.080919225802063
-1.0833225563983433
-1.0900565368625394
-1.090383768081665
-1.0906923758751266
-1.0933726876974106
-1.1014192700386047
-1.1026127835114796
-1.1051881269551813
-1.1052896990942018
-1.1060819687942665
-1.1090742722153664
-1.1106753374139469
-1.112408163646857
-1.115561231970787
-1.1202187851886265
-1.1227915985509753
-1.1256012505327817
-1.1381160934688523
-1.1383564447363217
-1.1426311251189973
-1.1431372596157923
-1.1436030834913253
-1.145440397163232
-1.1486492479840915
-1.1511561632156373
-1.1570834796875715
-1.1622760609607212
-1.164641502002875
-1.1698410113652546
-1.1725913286209106
-1.1748295246313016
-1.177238805219531
-1.1774407650033634
-1.1787412320886181
-1.179517535531583
-1.1802970618009567
-1.1940045595169066
-1.194088993801011
-1.1943923780454497
-1.2021674640062783
-1.2051866947828482
-1.207771805425485
-1.2176123708486557
-1.2221661686897278
-1.2394233256578446
-1.2493376884609462
-1.2505837387094896
-1.251442946959287
-1.2588905294736226
-1.2602873643239338
-1.265846788495158
-1.2658782278498013
-1.2670588766535122
-1.2956243008375168
-1.3118253362675507
-1.3128525577485561
-1.324737787246704
-1.3362108916044235
-1.3493001361687977
-1.3494906703781453
-1.36070271084706
-1.3693138162295024
-1.391169658745639
-1.4306086480617524
-1.4337043203413486
-1.439172126352787
-1.4473487734794617
-1.4771548509597778
-1.4815691709518433
-1.5092698498240982
-1.513257473707199
-1.5414033585693687
-1.548524255465184
-1.5529016577638686
-1.570592864183709
-1.570599037106149
-1.5903015731434738
-1.604374757851474
-1.6100171292200685
-1.6275664269924164
-1.6279848876098792
-1.6508098530272644
-1.6570256054401398
-1.6632864992170653
-1.683663785457611
-1.6947169542312621
-1.703820377588272
-1.7109526693820953
-1.7240964993834496
-1.7317685205489397
-1.744482696056366
-1.7635316625237465
-1.772880131751299
-1.7786858826875687
-1.7787681445479393
-1.799139380455017
-1.8001630306243896
-1.8041176820794742
-1.822664217557758
-1.826190784573555
-1.8338079899549484
-1.834560476243496
-1.8359127640724182
-1.842492301017046
-1.8509742617607117
-1.8571967659518123
-1.8680462721580018
-1.8711801171302795
-1.8722843676805496
-1.889348167181015
-1.9008080780506134
-1.909681510925293
-1.9201841950416565
-1.9371466636657715
-1.9376655668020248
-1.9659423590637743
-2.0068313628435135
-2.0191114428453147
-2.0191200524568558
-2.0192461013793945
-2.0209755897521973
-2.0243553817272186
-2.0304612033069134
-2.057013511657715
-2.0734898447990417
-2.1141255497932434
-2.128923830886682
-2.153963178396225
-2.1598286628723145
-2.1621617460623384
-2.16809163056314
-2.1826968789100647
-2.2130762096494436
-2.2177907675504684
-2.2653217911720276
-2.2851809418449798
-2.3096839115023613
-2.372249144129455
-2.4127660915255547
-2.5115893483161926
-2.5160218700766563
-2.5366235971450806
-2.538328528404236
-2.541853904724121
-2.572172462940216
-2.586690668016672
-2.597132623195648
-2.6070975214242935
-2.6228467226028442
-2.643615148961544
-2.6751999482512474
-2.694758621044457
-2.7095159767195582
-2.736447731653849
-2.7430845499038696
-2.7649556398391724
-2.77824169312953
-2.8721118569374084
-2.907224267721176
-3.108184198383242
-3.122431262085835
-3.1308446526527405
-3.132808559574187
-3.14976142346859
-3.153550863265991
-3.1631015638510385
-3.164236300624907
-3.2297456761201224
-3.2362564243376255
-3.502338171005249
-3.5449477434158325
-3.7396461814641953
-3.803759455680847
-3.878297984600067
-3.9585580130418143
-4.036801675955455
-4.140203495820363
-4.232832829157512
-4.234909693400065
-4.371448636054993
-4.598199129104614
-4.813234925270081
-5.073789467103779
-5.418394565582275
-5.52241063117981
-5.530218601226807
-6.191974639892578
-6.2716755867004395
-6.693497180938721
-6.8168768882751465
-6.837159633636475
-6.9626898765563965
-7.200469255447388
-7.763807773590088
-7.82597017288208
-8.986763000488281
-8.997836112976074
-9.055415153503418
-9.200885772705078
-9.265328407287598
