-1.4424220353248529e-05
-0.0009719514855532907
-0.012083695735782385
-0.01988663524389267
-0.021690950752235948
-0.028627054690150543
-0.03716677925549448
-0.049172866255200155
-0.05106132733999402
-0.055115311382678556
-0.07377654634668336
-0.0795363187789917
-0.08130668755620718
-0.08263508870732039
-0.09635078976571095
-0.10875446302816272
-0.1182730250293389
-0.12231672044643867
-0.13467877192306332
-0.1347232939248594
-0.14015744681403572
-0.1504352195336954
-0.1532371631357819
-0.155859571415931
-0.15704871036319268
-0.15926542293487322
-0.16506661919669974
-0.16659652516245843
-0.16788636588563138
-0.1694814817630686
-0.169867105782032
-0.17564832630887395
-0.17582204857414277
-0.17696068435907364
-0.18954307652477706
-0.1920302223249261
-0.19234659996436676
-0.19282228219132472
-0.19791958171117585
-0.1981384332597372
-0.20147965049836786
-0.20742607549098985
-0.21281052473932505
-0.2129704520838069
-0.21922218195686582
-0.22166780708357692
-0.22706687922376054
-0.22723007918102667
-0.22776689221491325
-0.22892041821032763
-0.23094680633948883
-0.24337143825167523
-0.24594287789659575
-0.2466798592691443
-0.24733522813767195
-0.2508767165709287
-0.25289447289858136
-0.25619210706402856
-0.25732373173135176
-0.2577087066601962
-0.26081287432461975
-0.2625929567342003
-0.26325423931702974
-0.26497482653293347
-0.26584095135331154
-0.2661752877219652
-0.26690812725573776
-0.26875053289404605
-0.26884588576753493
-0.27047637081705034
-0.2762496320065111
-0.27654082344724884
-0.28040296360850336
-0.2841897538552682
-0.2847711795620853
-0.28742232850026994
-0.28765609362744726
-0.28863372488154304
-0.2886395607312287
-0.28928601991252173
-0.28975803062452804
-0.2916251440823544
-0.29812809379654936
-0.2984451012796074
-0.299197954358533
-0.300695920974249
-0.30151582984253766
-0.3085038795446356
-0.3088441220577806
-0.3104154043801827
-0.3131089813716244
-0.3134313146081695
-0.31398429014370777
-0.3157574906013906
-0.3166650839149952
-0.316774877673015
-0.3167826260032598
-0.32169255533436725
-0.3219487937967642
-0.3225753284990788
-0.3245079300416234
-0.3304114708909765
-0.33333067697822116
-0.333932660962455
-0.33459601819595264
-0.33529816831772524
-0.3358443728648126
-0.339201899587911
-0.3399802147048629
-0.3400766483100597
-0.34214878268539906
-0.34335768764971625
-0.343797025278036
-0.34384350584542306
-0.34415758011995684
-0.34455405317712573
-0.34758878667053067
-0.34857204277068377
-0.3492241073399782
-0.35053477456261006
-0.35211947062634863
-0.353944142756518
-0.35440353655212675
-0.35810279640591036
-0.358297759733562
-0.35845640022307634
-0.36064383340999484
-0.3629248013952747
-0.3634430492820684
-0.3636184831460317
-0.3668666794482205
-0.3689510883763433
-0.3691961890202947
-0.3698422248874392
-0.3706013574931906
-0.37169447208067313
-0.3752107247585425
-0.3762361849367153
-0.37685820227488875
-0.37772190252817384
-0.37845107294851915
-0.37934100002651877
-0.3804968039621599
-0.38117230032286087
-0.38163632300832734
-0.38317608802268904
-0.383466984041863
-0.3869095183472382
-0.38778979424387217
-0.38825486053247005
-0.39491141149774195
-0.39561506836778587
-0.3961430408380693
-0.3971944146524665
-0.3988336943089962
-0.40257605216983294
-0.40912527243441826
-0.4097823257208802
-0.4099319130182266
-0.4111090445367154
-0.4134437008243468
-0.4135954485067891
-0.41455134805291893
-0.4157357459887862
-0.41686857948079703
-0.41800401229411366
-0.4197325899213966
-0.42123112424642867
-0.42209635411078733
-0.4225832246884238
-0.42264138941287194
-0.42330341041088104
-0.42331884833078626
-0.4234108872587967
-0.4256533587144481
-0.42566706659272313
-0.42596856399139044
-0.42661789650446735
-0.42675628869099974
-0.42733160709030926
-0.42828093490970787
-0.42856689768710304
-0.4289991207420826
-0.4290082811785396
-0.4292034703248646
-0.4294611570380983
-0.4310504221593874
-0.43189653484732843
-0.43216013846298057
-0.4334133028460201
-0.43347915160120465
-0.43465243440004997
-0.43487974581181665
-0.4356354979031226
-0.4357687425217591
-0.43590949118052696
-0.43604168817400935
-0.43746041937265545
-0.4378968356679959
-0.43821835443377494
-0.4387201536552642
-0.44018610041322453
-0.44029552274722455
-0.4408751450129785
-0.4412971886773448
-0.4424630656722002
-0.4426719560287893
-0.44357066228985786
-0.4448128002695739
-0.4467550511223332
-0.4470818962032094
-0.44950375212972304
-0.4525236219924409
-0.45306158450798
-0.45567686422145925
-0.45686783416507143
-0.45768755294072133
-0.45805555625078603
-0.45903524255845696
-0.4599183478858322
-0.4625197331421077
-0.462792699696729
-0.4641790231656106
-0.4657635831141046
-0.46704353523091413
-0.4684814512729645
-0.4686462141573429
-0.47269294162591297
-0.4741221980264072
-0.4751594686712106
-0.4753852150536962
-0.4773557475297518
-0.47777942130342127
-0.4781470813476127
-0.47951114697934827
-0.4800072254187524
-0.4800355120595278
-0.4811825590311653
-0.4817624661605805
-0.48405345919756937
-0.48493516020890737
-0.48736791072817714
-0.4877669957155983
-0.49132396172780285
-0.4943120081411002
-0.4983847737312317
-0.49941392353503034
-0.4994320244528353
-0.499621203194838
-0.5026751994820577
-0.5048556411282469
-0.5051837620212609
-0.5057630530092865
-0.5058013447042968
-0.506736521422863
-0.5094553182522455
-0.509980697844488
-0.5126857188297436
-0.5190711273397837
-0.519784541386697
-0.5208355755042214
-0.5210013673743864
-0.5229076970302101
-0.5244219771379398
-0.5252155037363991
-0.5263265990696919
-0.5266277160761612
-0.5271149601654282
-0.5272774995881735
-0.5286390502005816
-0.5291442076365153
-0.5297585391672328
-0.5306887238731851
-0.5309364115819335
-0.5311357495892379
-0.5314459525980055
-0.5323869940928287
-0.5325841198985776
-0.5326113760432539
-0.5333474581057089
-0.534293153271493
-0.5343041364436171
-0.5354308125873407
-0.5367141872540944
-0.5369104558136314
-0.5382352422643453
-0.5398002239461575
-0.5439948283407526
-0.5444233124144375
-0.5478703174740076
-0.5480990351352375
-0.5499192630134834
-0.5513978904346004
-0.5539581720018759
-0.5551533787511289
-0.5552899449442824
-0.5561893296495933
-0.5571477570920251
-0.5590557959512807
-0.560145926436551
-0.5606305257812061
-0.5615516328297627
-0.5624200637851443
-0.5634690251201391
-0.5639258965849876
-0.565951018827036
-0.568576262309216
-0.5688713991216251
-0.5709401126950979
-0.5721054871877035
-0.5727940199431032
-0.573694697861356
-0.5768532590242103
-0.5775633305361225
-0.5798842177415887
-0.5803000861778855
-0.5808445239025686
-0.5821521026770246
-0.5823147184890695
-0.5857373221311718
-0.5882781596949578
-0.592721783882007
-0.5929947193246334
-0.5938093311463793
-0.5958762585371733
-0.5968038575723768
-0.6008934373340498
-0.60193239491699
-0.6021048163529485
-0.6045648616006171
-0.6052946840692311
-0.609122439581287
-0.609649371728301
-0.6105348701864516
-0.6191805179114453
-0.6204357190290466
-0.6224034815068907
-0.6245086267590523
-0.6247709865371386
-0.6309906132519245
-0.6311569337849505
-0.6317485048130038
-0.6343008341888586
-0.6343462336808443
-0.6354217240586877
-0.6369407199672423
-0.637888696976006
-0.6397596908384002
-0.6407838119193912
-0.64566694231083
-0.6487023585553592
-0.6506231456102493
-0.6515148160397075
-0.6524129495024681
-0.6563175257567005
-0.6569331150450226
-0.6573425308451988
-0.6576619744999335
-0.6597548225998051
-0.6612750637112186
-0.661721657216549
-0.6623980410397052
-0.6637457851320505
-0.665636763907969
-0.6675410034755865
-0.6752472256775945
-0.6763303180018233
-0.6772173288692203
-0.6775425091036595
-0.6825524592772126
-0.6847076133957931
-0.6857237656572579
-0.6872751351445914
-0.6886086200829595
-0.6890183083713055
-0.6927960493757079
-0.6950687322532758
-0.6988305374514312
-0.7022072161614362
-0.7039365814998746
-0.7067878871263625
-0.7076515787436316
-0.7150890755292494
-0.7152515045917508
-0.7207551971659996
-0.7272230330854654
-0.7272328935796395
-0.7285046250093729
-0.7311354324088565
-0.7327956661581994
-0.734261949050051
-0.7357018118103346
-0.7367512568831444
-0.7415468341981372
-0.7452279812257204
-0.7458848639944335
-0.7467759479768574
-0.7547012133873068
-0.7557663669188818
-0.7581194071273785
-0.7582516952728232
-0.7588740366821488
-0.7589047431945801
-0.7591440862576876
-0.7689971774816513
-0.7693383811274543
-0.7746186751937785
-0.7764185531100688
-0.783497997559607
-0.784511678985187
-0.7873766604810953
-0.7915011315296093
-0.7925329161807895
-0.7959820850228425
-0.8036382633727044
-0.8051684020319954
-0.8089113812893629
-0.8112169291824103
-0.8124892571941018
-0.8132373078260571
-0.8136322680860758
-0.8281933926045895
-0.8289459321647883
-0.831264354288578
-0.8313159353953475
-0.8420646972954273
-0.8477439629845321
-0.8499528542626649
-0.854294553399086
-0.8570852701346406
-0.87506039775908
-0.8799085987266153
-0.8825516849756241
-0.8853193942457438
-0.8920498475432396
-0.8929364287294448
-0.8951544555420696
-0.8972318534397346
-0.9030077098868787
-0.903962068259716
-0.9051842972636223
-0.9162499189376831
-0.9163160440512002
-0.9218123443424702
-0.9222720861434937
-0.9249693742931413
-0.9414835907518864
-0.9520125839238366
-0.9520586404328545
-0.9526697228429839
-0.9533741572095702
-0.95731503314164
-0.958707520365715
-0.9626611272493998
-0.9697764031589031
-0.9796651229262352
-0.9810810274619144
-0.9815949027736982
-0.9816845417022705
-0.9934961299101511
-0.9952809829264879
-1.0014735137422879
-1.0135221183300018
-1.0143428295850754
-1.0169289335608482
-1.0361029176674492
-1.0365086134600763
-1.0411448020720855
-1.047663003206253
-1.0489446183200926
-1.0492546111345291
-1.055096263696517
-1.057467978913337
-1.0620225551877713
-1.0673736882551264
-1.0701548556486766
-1.0767395893732707
-1.0789127945899963
-1.0798035562038422
-1.0889007014532883
-1.0935761431852977
-1.094029101356864
-1.1096936836838722
-1.1173470218976338
-1.127126693725586
-1.140056550502777
-1.1525100269063842
-1.1542443450525752
-1.1711098030209541
-1.1849797070026398
-1.186876628396567
-1.1928074210882187
-1.1978768337673198
-1.19816392660141
-1.2092598109544876
-1.2297671241685748
-1.2658246817688148
-1.266558051109314
-1.2735203205180976
-1.2787501066923141
-1.2862613598505657
-1.2877281233668327
-1.3240277556081612
-1.3333385593723506
-1.3645416423678398
-1.3747514285787474
-1.3764528166502714
-1.3832239084877074
-1.3928229212760925
-1.3966175729292445
-1.40230131149292
-1.4043230215708415
-1.583003856241703
-1.5905862762641239
-1.5957474219358119
-1.6085963663645089
-1.6127477106638253
-1.6160201951861382
-1.707042634487152
-1.7088889069855213
-1.7251632637926377
-1.7308903727680445
-1.7310171723365784
-1.7445431388914585
-1.7464191227045376
-1.8528703740084893
-1.8554178150370717
-1.921681746840477
-2.1433411058969796
-2.1533927339672423
-2.2068314338296964
-2.2150769741274416
-2.2300220727920532
-2.315441975486465
-2.334081843495369
-2.366163248254452
-2.40015971660614
-2.4061978250780762
-2.454976201057434
-2.5686964988708496
-2.569524646275871
-2.6042663907185974
-2.641159585211426
-2.667592379361546
-2.7748099714517593
-2.790733334996427
-2.881057808524929
-3.0279630218283273
-3.0646119117736816
-3.1476750881411135
-3.177425503730774
-3.3487605981936213
-3.360672047827393
-3.4041500091552734
-4.167129953702291
-4.510399204387795
-4.85291206324473
-4.898463646570842
-4.905478832934023
-4.922366984421387
-5.02624527613322
-5.117416858673096
-8.281095504760742
-14.457440376281738
-14.67670726776123
