-0.00010636301097595909
-0.011626175706624053
-0.023975293475208066
-0.0441659644820902
-0.05722511559724808
-0.06128461567035023
-0.06895370942147565
-0.12467256253252604
-0.12516611930914223
-0.13536588847637177
-0.13876188732683659
-0.1586994676784213
-0.1714019613340497
-0.19395222720049787
-0.20960605066890517
-0.21864681555962306
-0.22773974082277468
-0.2389556038056071
-0.27623941250203643
-0.27676540638785807
-0.29191554854605783
-0.30544134825807606
-0.30848116090863187
-0.30933300989195583
-0.31325388159491824
-0.3133517963150026
-0.3141540645505302
-0.31565434836975326
-0.32765522450154094
-0.33347081196807266
-0.3361650056592355
-0.33837093436159194
-0.3405062302030274
-0.34502698436626816
-0.3475186830831014
-0.34981499727572635
-0.3501968948839931
-0.35073564820790865
-0.3514514247614931
-0.351635053543543
-0.35190965194973006
-0.35197490819996347
-0.35259628105822705
-0.36126114626939754
-0.37359042363186745
-0.37468619719147683
-0.37593162393828344
-0.38172339072128847
-0.3830250015222191
-0.38381973937280506
-0.3915725387007569
-0.3939935572023387
-0.39619486418669114
-0.39629128148080783
-0.3981606300524921
-0.40111668014160384
-0.4029126387080331
-0.4032529786727212
-0.40452156566652775
-0.40527511667460203
-0.40580318453132347
-0.4064552213458228
-0.4065746161055965
-0.40785208030945796
-0.40860150516487515
-0.4105286634295832
-0.4127122153745404
-0.41351154462308143
-0.41399983879805574
-0.4162833638869675
-0.4189995376178889
-0.419786531404444
-0.4220774051727463
-0.4226380569283113
-0.4228580075626572
-0.42343795100682385
-0.42537551867147927
-0.4258328686762405
-0.4266033824330407
-0.4271563833972323
-0.4288624907974736
-0.4298268568118973
-0.430293407723002
-0.4308389044822166
-0.43347219056967234
-0.43370945007005834
-0.43785935283477345
-0.437861270110443
-0.4425673537688422
-0.44299519777996466
-0.445988466591602
-0.4463976723491214
-0.45146742359183917
-0.4522831138250088
-0.45312799235001544
-0.45313235451208633
-0.4545989816651854
-0.4557924568027829
-0.45597693526984323
-0.4568046991861711
-0.45710206510314794
-0.4591287268797007
-0.45980227345865965
-0.460630024188441
-0.4629874194328295
-0.4657326893481825
-0.46591247741966263
-0.466535956454916
-0.46873366408949046
-0.4731114168567324
-0.4733994937669195
-0.47440338860978953
-0.4759201858948433
-0.477130725979805
-0.4796417958314123
-0.4815055506270645
-0.4830441342201084
-0.4835593094927617
-0.4843546286259273
-0.48481943443714826
-0.4851260350318626
-0.4853425030180785
-0.4856251643025683
-0.4869241659550674
-0.4925660345470533
-0.4934442931885964
-0.4942601805847112
-0.4959446032868679
-0.49742130612939944
-0.5013227958319476
-0.5027495181542084
-0.5033375064198481
-0.5036853383440757
-0.5042737092958954
-0.5047978677379433
-0.5068176578497514
-0.5070276625454426
-0.5082053693011404
-0.509337417212709
-0.5099564525832344
-0.5117155772033863
-0.5121188000458378
-0.5125895625888612
-0.5155256195830589
-0.5159582814002144
-0.5161238610744476
-0.5164501262285436
-0.5182191476807929
-0.5205550652972306
-0.5215673065810863
-0.5232448244933039
-0.5244803394307382
-0.5278590728009406
-0.529148192611774
-0.5294466301131086
-0.5309976863259686
-0.5344141575042158
-0.5349702480258808
-0.5356857210717862
-0.5385667062956989
-0.5388243729903479
-0.5395600762354401
-0.5405866243074544
-0.542117749035242
-0.5427227084791022
-0.5454137194707679
-0.5455086040827963
-0.5462018079527368
-0.5468162631259474
-0.5477955967508024
-0.5509938889971147
-0.5534498732425467
-0.5563464520557317
-0.5584787221991324
-0.5586229435201469
-0.5593253809030492
-0.562602249198244
-0.5684371879386683
-0.5685507011599839
-0.5688616060768255
-0.5703306010044698
-0.5703551054669204
-0.5723966151142424
-0.5727668893190899
-0.5739656336871641
-0.5741281651393769
-0.5741896175313741
-0.5768415424081468
-0.5769108349155027
-0.5774047977257786
-0.5788498687056395
-0.5791364816444305
-0.5814554982255989
-0.5819976934231818
-0.5824646721310274
-0.5838226892356033
-0.584009744093055
-0.5865355533314869
-0.588223118276801
-0.5890426148793527
-0.5936424434185028
-0.595549091950185
-0.595774856620119
-0.5970679345482495
-0.5986298293282744
-0.6005097289129885
-0.6006968758423076
-0.6007205382023434
-0.6013273459910933
-0.6017408413172234
-0.6032837465463672
-0.6041616413664693
-0.6083104848888373
-0.6086158886668273
-0.6092661619186401
-0.6125862171757035
-0.6135776293748576
-0.6136253476142883
-0.6136671818094328
-0.6144225203121702
-0.6144352701707653
-0.6150594402764303
-0.6161422221256154
-0.617776951752603
-0.6193256629097353
-0.6198973837774246
-0.6199514720588922
-0.6225523381959647
-0.6231913907075068
-0.6252928694787746
-0.6267371812544298
-0.6274068854233649
-0.6339002613466391
-0.6353001235998817
-0.6382523616181667
-0.6408051256439649
-0.641593900276348
-0.6419126177476885
-0.6426835802420909
-0.6427255748284451
-0.6427963962726478
-0.6448903282788316
-0.6449920057008663
-0.6458129459836831
-0.6460753229661754
-0.6486782159355471
-0.6530602169774024
-0.6581617950476357
-0.658578623260837
-0.6599093346656966
-0.6603715918442633
-0.6615989807993173
-0.6616464927210473
-0.6652402407489717
-0.6653971944579098
-0.6687779049906466
-0.6701605785254453
-0.6719712530029938
-0.674393728422001
-0.674728269294844
-0.6761234801864097
-0.6773380155292605
-0.6815662211932553
-0.6823487572837621
-0.6834916398103814
-0.685195438641434
-0.6854344574065181
-0.6907301108419363
-0.6952981310314499
-0.6984443922493873
-0.6996728006051853
-0.7026388226761681
-0.704190123279907
-0.7048291255254299
-0.7078753530513495
-0.7080994754331187
-0.7081293350012856
-0.7086954541459405
-0.7088043657131493
-0.7096535372547805
-0.7103602796327323
-0.7118188652550869
-0.7121340791022198
-0.7164781169516833
-0.7184636344512304
-0.7193057695112657
-0.7195284019340761
-0.719699274409019
-0.7208985358302016
-0.7244217535771895
-0.7247251144477299
-0.7248263688549438
-0.7266805768013
-0.7281440120035162
-0.728210250090342
-0.7306534435160251
-0.7308482888432385
-0.7321527672465891
-0.7336054822599181
-0.7343220113791176
-0.7347250111779431
-0.7347400650744222
-0.7372534157669483
-0.737545526036734
-0.7381637214631256
-0.7430245529045351
-0.7446437604459268
-0.7452891602380467
-0.7460740050931539
-0.7470559612847865
-0.747444228601775
-0.7481448894444233
-0.7540765280573396
-0.7545358128263615
-0.75643110871315
-0.7618847825215198
-0.7634079934796318
-0.7643939829237448
-0.7658024224219844
-0.7658359856189539
-0.7665313086472452
-0.7691559138265802
-0.7705058773572091
-0.7829034248799351
-0.7851504834834486
-0.7865290137124248
-0.7883681795958962
-0.7893436783851939
-0.7904788628220558
-0.7912699364657912
-0.7915923233114881
-0.7936630916471282
-0.7951314618278827
-0.7963914233259857
-0.7968389759887942
-0.7973589599132538
-0.7981636226177216
-0.7987192794874621
-0.7994790207012556
-0.8011938305280637
-0.8034592084606629
-0.8089331984519958
-0.8135523608143558
-0.8145882617100142
-0.8160306964440679
-0.8165391185986144
-0.8177480044332697
-0.8185922793345526
-0.8190529353916645
-0.8246767567082619
-0.8247642670240667
-0.8247916356437296
-0.8318303550283114
-0.8319983250306299
-0.8327960729133338
-0.834664677321497
-0.8347091172126966
-0.8347979849869651
-0.8383562418166548
-0.8389730527997017
-0.8400792546777262
-0.8452511199284345
-0.8486400455141039
-0.8513086518441924
-0.8560613284685782
-0.8561269917765457
-0.8585821592714638
-0.860054936434608
-0.8611025541376875
-0.8635834649205207
-0.865124075861786
-0.8660198291763663
-0.866682123276405
-0.8682905621244572
-0.8688915312290192
-0.8691788182865517
-0.8768893902500471
-0.879532146587735
-0.8820640907053732
-0.8843627311216551
-0.8854890226852149
-0.8905538077204256
-0.8933082375054558
-0.896649002407988
-0.8982833246700466
-0.8994036416656205
-0.9006181383904602
-0.9042129533211535
-0.9056984714698046
-0.907681874919217
-0.9123186677723425
-0.9143869498446293
-0.9176099402830005
-0.9226694301469252
-0.9228739305399358
-0.9249729120305606
-0.9255166894678647
-0.9266180843325855
-0.9268197866622359
-0.9291129764169455
-0.9382349291505913
-0.9405489954380235
-0.9407936056543674
-0.9421168857564529
-0.9456129210690657
-0.947200739508844
-0.9487914892379194
-0.9490805653234323
-0.952210650080815
-0.9558162255016214
-0.9570736858198264
-0.9584991647861898
-0.9613762508545604
-0.961586207151413
-0.9621017204597593
-0.9646656974218786
-0.9653368485305691
-0.9654920819060256
-0.9659476925929388
-0.9670563768595457
-0.9698607623577118
-0.9707177001982927
-0.9761372912413208
-0.9777262099087238
-0.9795423893396219
-0.9798432155512273
-0.98032455611974
-0.9804994960625967
-0.984814408281818
-0.9862250229532947
-0.9866182757890783
-0.991269598611527
-0.9928296932484955
-0.9946858986280859
-0.9951133501308504
-0.9990650231338805
-1.002054145326838
-1.0052221133373678
-1.0059743532910943
-1.0069966382746185
-1.0105597134679556
-1.0141164928209037
-1.0154321669600903
-1.0162542283069342
-1.0199795396765694
-1.0232086289694053
-1.0287625640630722
-1.0323021565563977
-1.0326286740601063
-1.037579681025818
-1.0410053339146543
-1.0432810087222606
-1.0437291168491356
-1.0441202415386215
-1.0498722602081085
-1.0572098279371858
-1.058553971927904
-1.060050437937025
-1.0603675697129802
-1.0607363895105664
-1.0619799847315465
-1.0628541056066751
-1.066888322122395
-1.0680101524506296
-1.0728264128168423
-1.0815180210534892
-1.081554333705248
-1.0817080131465835
-1.0825780779123306
-1.0843864288181067
-1.0850546459356945
-1.0882855190171137
-1.0939676087582484
-1.102352903302138
-1.1205058418272529
-1.1323970292162682
-1.1381114565301687
-1.1415395786364873
-1.1442835005000234
-1.1536978009001662
-1.1573862321674824
-1.1607373555501301
-1.1644227063516155
-1.165055275335908
-1.1674169227480888
-1.1686078011989594
-1.17726528365165
-1.183240969351027
-1.190148520027934
-1.1947100413031877
-1.1971118887886405
-1.202837129899611
-1.2076352946460247
-1.207812046512845
-1.2107415802776813
-1.2110150794615038
-1.2133417202159762
-1.2134355639573187
-1.2152488384395839
-1.2190072810277344
-1.220871228352189
-1.2212893477462785
-1.2227967828512192
-1.2229932800401002
-1.2239115871489048
-1.2287057265639305
-1.233897688984871
-1.2507953867316246
-1.2585627844091505
-1.2615407556295395
-1.2668661667654912
-1.2699455772069217
-1.2699941117316484
-1.2761114984750748
-1.2969943556539267
-1.2978344758351643
-1.3010555432774709
-1.3021065245072048
-1.3046415289863944
-1.305068929194628
-1.3073794201016427
-1.311765452226003
-1.312376230955124
-1.3141033872961998
-1.3148231534287333
-1.3151746480060476
-1.3171907166639965
-1.321735932957381
-1.3298498226329685
-1.3301873058080673
-1.332224837038666
-1.3346339563528697
-1.3632390797138214
-1.3747312684676476
-1.3880804185195301
-1.3979753106832504
-1.4096279740333557
-1.4101926212897524
-1.4119377750903368
-1.414009329979308
-1.4141999383767445
-1.4159882935913628
-1.421063814079389
-1.4257552400231361
-1.4284880474209785
-1.4316396081936547
-1.4369003996253014
-1.4386947204669316
-1.4449020326137543
-1.4514078386127949
-1.4555984735488892
-1.4660466630011797
-1.469759117773113
-1.4828119912805657
-1.499301753938198
-1.5027263654129845
-1.5031280131855358
-1.5107032656669617
-1.5204129790266354
-1.5204682131625304
-1.5241255136834297
-1.5249774137046188
-1.5295592918992043
-1.5304137654602528
-1.5316027601559956
-1.5377216967088836
-1.5754184028482996
-1.5826299041509628
-1.5913035788107663
-1.5981199600112934
-1.6010423359111883
-1.6030195094645023
-1.6037878394126892
-1.604015779371063
-1.6148552801460028
-1.6192860081791878
-1.6246053795330226
-1.6265794187784195
-1.6537789940834045
-1.6546699492173502
-1.6668217082818348
-1.6695060729980469
-1.7007116278012593
-1.7018834184855223
-1.7081505060195923
-1.7240503922104835
-1.7280385408230359
-1.729315772652626
-1.7350159287452698
-1.7454073335975409
-1.746683582663536
-1.7515490055084229
-1.7764816284179688
-1.7867384385317564
-1.8051746189594269
-1.8096700644431014
-1.8131784737110137
-1.8140141248703003
-1.8390722125768661
-1.843885751441121
-1.847385473549366
-1.8555723975102107
-1.8646990209817886
-1.8732199668884277
-1.8749366328120232
-1.8838196595509846
-1.9079135656356812
-1.919564922650655
-1.923758625984192
-1.952011218915383
-1.9655170179903507
-2.0041852394739785
-2.005693167448044
-2.006606161594391
-2.0283161215484142
-2.049530129879713
-2.0538669427235923
-2.056976318359375
-2.093255400657654
-2.102677345275879
-2.1111748218536377
-2.116168260574341
-2.128304402033488
-2.129568099975586
-2.1428367346525192
-2.2049317664156356
-2.2335546016693115
-2.2361335158348083
-2.2422882467508316
-2.266238570213318
-2.2675862908363342
-2.325066551566124
-2.3514649868011475
-2.371735177235678
-2.3874741196632385
-2.392713876441121
-2.4014181792736053
-2.4438211917877197
-2.4638679027557373
-2.578459858894348
-2.615717887878418
-2.635425955057144
-2.6532196228702865
-2.78732967376709
-2.811099648475647
-2.829543352127075
-2.9625911712646484
-3.1591835021972656
-3.2644054293632507
-3.3797800032110294
-3.5332019329071045
-3.6435928344726562
-3.6948556900024414
-3.695279121398926
-3.8101165585467243
-3.8219985961914062
-3.9328746795654297
-4.135860443115234
-4.3108110427856445
-4.447192192077637
-4.488178730010986
-4.544516086578369
-4.57566499710083
-6.474134922027588
-6.54449462890625
-6.711108684539795
