-0.00011031794213067769
-0.004311656521167606
-0.02415343394386582
-0.04198598339118891
-0.04602682221448049
-0.07399504099157639
-0.10248949894836794
-0.15602429932914674
-0.1572469069422888
-0.1661971111931383
-0.17718496108136605
-0.19176406459882855
-0.21970259254885605
-0.2207135389893665
-0.23927308654917093
-0.24714962845901028
-0.2526436478467076
-0.2628279954442405
-0.26585815005403546
-0.268897831600043
-0.2710901535305311
-0.27378237612574596
-0.28790027088689385
-0.2888859831437003
-0.2931738497076863
-0.2945578864964773
-0.30623737749010616
-0.3109143169072922
-0.31844744119898677
-0.31883044399791804
-0.31959928963333367
-0.32019726192811504
-0.3218476286449004
-0.32898290081518805
-0.33141572915774303
-0.33212857929590556
-0.3367492749544908
-0.34719700772418743
-0.34729990586347415
-0.3494531769297282
-0.3517909938469529
-0.35304546723041724
-0.35429229146231794
-0.3577661799241064
-0.3599293216365844
-0.36070149074243846
-0.3614385168497952
-0.3657113826678445
-0.36750200756359847
-0.3702538712150899
-0.3713482219463913
-0.3725879913079552
-0.3734016994559696
-0.37384624662185423
-0.38016233396113175
-0.3815845916760736
-0.3824815337257777
-0.3838419772913436
-0.3878510596114211
-0.3879715524879949
-0.38938502932939195
-0.390865281597309
-0.3961540156238985
-0.39633207649616264
-0.3969982906419318
-0.4002081887675044
-0.40078499602968803
-0.4046771507630844
-0.40770638801186576
-0.4095497205870582
-0.4104782048962079
-0.41064649793718544
-0.41185032731154936
-0.41235775426866894
-0.41407863587826593
-0.4147906630736543
-0.41566517503591827
-0.41688815461093326
-0.4168987104902044
-0.416951659589988
-0.41700411627607537
-0.41956631547072903
-0.42009779523941687
-0.4232663162098185
-0.42359601808453184
-0.42537477832633563
-0.4257979730156939
-0.42784142370302497
-0.42836495956483606
-0.4348893636945124
-0.4375589352081685
-0.4415350264935114
-0.44412376831233913
-0.44422709797509013
-0.44679262212303
-0.4472140866506379
-0.4493028662723696
-0.4494818908860907
-0.4496724320750218
-0.45135615333072987
-0.451862138157594
-0.4546086603181071
-0.4573713400059205
-0.45999089113320224
-0.4615637508354017
-0.46183506603925445
-0.46222486294573173
-0.4647930994164199
-0.4665381046600969
-0.4677467638347563
-0.4695581397754722
-0.4697557999752462
-0.47072883601989207
-0.47144590242765844
-0.47197338336039907
-0.47219229412924807
-0.47340466405876214
-0.47353719872060335
-0.473634361733275
-0.4744261016293118
-0.4760960365098004
-0.4774645897341543
-0.4779170552960989
-0.47996902993084706
-0.4861621948120256
-0.4875299106352031
-0.48787440770372215
-0.48897621645786177
-0.49225288861715755
-0.49241507344736923
-0.4957890002179839
-0.4968856521106015
-0.5018194404741129
-0.504394426280421
-0.5048520115674667
-0.5106524481837239
-0.5126851406211144
-0.5146133964881301
-0.5148356093559414
-0.5153791599324904
-0.5172715726566821
-0.5176742693874985
-0.5177434389222659
-0.5191335893196083
-0.5211837081781899
-0.5266099013667553
-0.5266134479412964
-0.5276213235904126
-0.5331462915734543
-0.5361866368877513
-0.5374492653390917
-0.5379797755595064
-0.54119758566776
-0.5512077152059647
-0.554475847897785
-0.5560796102388473
-0.557751736613136
-0.5622578454829097
-0.5629378675844886
-0.563064282014966
-0.5670053954236209
-0.5738203729587522
-0.5741718298289925
-0.5748516283929348
-0.5751575009968519
-0.5761804423361484
-0.5763656608926665
-0.5826231950195506
-0.5841628967651299
-0.584323808277582
-0.5925604824034962
-0.5947060450811738
-0.5951771744652293
-0.6150842962088063
-0.6178229757254788
-0.6195038987789303
-0.6260946627728463
-0.6292245926701331
-0.6324287093510585
-0.6346820542530622
-0.6400716855697444
-0.6408910923055373
-0.6530416296947286
-0.6530438872541708
-0.6576452326359382
-0.6585285667388234
-0.6614471927969134
-0.6626823699334636
-0.6661063954251243
-0.670347985093637
-0.6825932100764476
-0.6858637862654481
-0.6859379922358417
-0.6929589733481407
-0.6940837087943995
-0.7038238544017077
-0.720123827632051
-0.7232378177694045
-0.727085061471111
-0.7399277749888521
-0.7460688745777588
-0.746702144970186
-0.7594645848839718
-0.7639099009335041
-0.7643078034743667
-0.7759097483940423
-0.782713105349103
-0.7827802944022031
-0.7891334356293859
-0.7898098164470866
-0.7920701328839641
-0.8036132710597789
-0.8050102435052395
-0.8161593752756744
-0.8241229099415553
-0.830107837098088
-0.8363037017936056
-0.8386271111825905
-0.8449696363864599
-0.8664533914998174
-0.8840873405958215
-0.8970878124935553
-0.9151653173503291
-0.9226640905253589
-0.9277036509010941
-0.9303226338000968
-0.9453096025863488
-0.9470032841974378
-0.9753657174296677
-0.979620106782022
-0.9907890630420297
-1.0186007174973686
-1.031429747119546
-1.043472688680049
-1.0588005546290202
-1.119671011241735
-1.1645249677821994
-1.2019432072314278
-1.211072876312149
-1.2750865663401783
-1.29628686606884
-1.4158622721831005
-1.4277666367124766
-1.558991920358191
-1.7123865003959509
-1.8800219148397446
-1.8800557553768158
-1.951798635297261
-1.9884653840078197
-1.993081797612831
-2.0453393629781202
-2.082593387898669
-2.102495785025167
-2.13686603307724
-2.1828335915342905
-2.2113203133145967
-2.2382959500537254
-2.431429147720337
-2.4533732533454895
-2.4546291122969706
-2.5005324482917786
-2.540041588144959
-2.544929414987564
-2.7112868428230286
-2.7512301436622693
-2.758845502510667
-2.766960307444606
-3.1704949513077736
-3.172814667224884
-3.397825002670288
-3.814659755676985
-4.832054495811462
-7.328467845916748
