-0.0003608117964176927
-0.0013211527548264712
-0.002638177441743513
-0.003671869868412614
-0.00463298917748034
-0.00489931991614867
-0.0058798602157265935
-0.009324200300034136
-0.010745213677485784
-0.015802040696144104
-0.016020755632780492
-0.02475155098363757
-0.029357100122069824
-0.03732301837104993
-0.03878263011574745
-0.04694805294275284
-0.060684382618637754
-0.07249056144307058
-0.07624990306794643
-0.07944698716164567
-0.08050674889236689
-0.08760081614946102
-0.08864297159016132
-0.09076035115867853
-0.09789168457500637
-0.11030686183039506
-0.11094672902854655
-0.11299317516871572
-0.11338025331497192
-0.11807362407968244
-0.12095677296019858
-0.12185289330470066
-0.1232847456165473
-0.12621240308508277
-0.13019453793967842
-0.1313241794705391
-0.13293409310669327
-0.13351211577214095
-0.13352028294466436
-0.1464162272730189
-0.15365643973927945
-0.16393030784274742
-0.16515942631122016
-0.16874872546104597
-0.1718679823513542
-0.17407286930829285
-0.1748875351463539
-0.17826071289547193
-0.17961939903034363
-0.1806016305123194
-0.18460228032799933
-0.18848114146203443
-0.19149849084735454
-0.19454154765458043
-0.19499852606095375
-0.1957720408037858
-0.19807681541351485
-0.19905402854823884
-0.20189950867400816
-0.2024320917798832
-0.20433501500104154
-0.2078455048518663
-0.21051700500911033
-0.21319785052764928
-0.21333854083968617
-0.21405461495382233
-0.21509954677094356
-0.2175143597102279
-0.22037697545620177
-0.22118471420840666
-0.2236333658386554
-0.22603288060054183
-0.227166660320169
-0.22735054149961798
-0.23278806634625654
-0.2382852070615627
-0.2395601534921702
-0.24124999330754354
-0.24220638960185978
-0.24476587147416598
-0.24581945528780125
-0.24596896553911002
-0.24843214062616426
-0.24895801263483008
-0.2522560701705515
-0.2533725736415363
-0.2540825966745615
-0.2555387981428794
-0.25749730713287133
-0.2575210634140967
-0.2593951260783155
-0.2597250839457543
-0.26207912420522916
-0.26309314419413565
-0.2637740448117256
-0.2640336207811796
-0.26461826587456017
-0.2657038179166193
-0.2658612100160099
-0.26676132234570105
-0.2667853637231019
-0.26880167713962316
-0.2741312805365952
-0.27470138495355056
-0.27508470350207065
-0.27640367742666666
-0.2774075822380837
-0.2812945446413424
-0.28215037096155215
-0.2835351526737213
-0.2858838380003969
-0.28667061097520574
-0.28879187887793273
-0.2899790300270979
-0.2902610173339781
-0.2923802571371198
-0.29455505834462553
-0.294862619790365
-0.29587136035219636
-0.2961433104007938
-0.2962607707436291
-0.29913780037249027
-0.29932258584995
-0.3013351286372199
-0.3035398996665848
-0.30536067311186343
-0.30577371993422275
-0.30609701067551215
-0.30639495824774104
-0.30810749832352696
-0.3094188232595722
-0.3099159710109234
-0.310251530442786
-0.3111898161729119
-0.31299421787407483
-0.3136183089595256
-0.31428689193126047
-0.3148005849367249
-0.3148326628836982
-0.3156053787097335
-0.3157432554042316
-0.3158588427394617
-0.3163926687073399
-0.3173322818142229
-0.3177533372409016
-0.32036166517931025
-0.3216693589273789
-0.32181718626515765
-0.3221231560455635
-0.322140126178662
-0.32218186031095686
-0.32313944531571387
-0.32354387345549185
-0.3259858401383099
-0.32612198046299457
-0.3280280234931625
-0.32874015627682884
-0.32901506233029065
-0.3305154261004645
-0.3305421922701498
-0.3309718585426001
-0.3319365825005257
-0.3322134184340636
-0.3331454135477543
-0.33325097064435893
-0.33385544926234917
-0.33449072059083845
-0.33574396349331437
-0.3357771098613739
-0.3371653612619931
-0.3377037411767312
-0.3388750465011172
-0.3421102535055633
-0.3426844640111085
-0.34323682159491137
-0.3433315195143223
-0.3457153493538499
-0.3479866644816606
-0.34985455858986825
-0.3517532548125086
-0.35219351852210823
-0.35232217687007505
-0.3562425196551802
-0.3578949472547619
-0.35868523773970085
-0.35985135823830205
-0.36012920131906867
-0.36060552950948477
-0.36094647662765866
-0.36118408297996213
-0.36249107695184646
-0.36455145048570226
-0.3659199422940479
-0.3664043048396707
-0.3673945394693874
-0.3689920548349619
-0.37162776303658673
-0.3719303842655625
-0.37315572539409914
-0.3737328667950351
-0.3738840706840468
-0.37562917267779994
-0.3758021945599467
-0.37678787399393815
-0.37709833109768404
-0.3774924615059717
-0.37759692195270744
-0.3792962191267482
-0.38029768716788726
-0.3806078728128341
-0.3814503186028257
-0.38171342091583127
-0.38278827250290376
-0.383220736124915
-0.3837034056443372
-0.38428469458098147
-0.3846017563715577
-0.3849623731506914
-0.3873213434224973
-0.3892766191793271
-0.39041508218965
-0.39119106689597377
-0.39158943938382434
-0.3926888964550536
-0.3930867498856969
-0.3931876341294911
-0.39347218243299564
-0.39411366164970857
-0.39466124549653614
-0.3947016421201018
-0.39485706413971555
-0.39504546311824623
-0.39516301767471307
-0.39610880067921245
-0.3969680508960534
-0.39968816640612204
-0.4035753071334006
-0.40403137081583346
-0.40469754052658874
-0.4065496996780367
-0.40666631460189817
-0.40783117281794795
-0.41015256104292347
-0.41049043078861097
-0.4110137680207117
-0.411127866498191
-0.4123458934791415
-0.4132242980946709
-0.4133920014721988
-0.4141825116239488
-0.4159363037211329
-0.41616131986374966
-0.41676595696480945
-0.4172509269729845
-0.41800297669962877
-0.4194480459977058
-0.4195014715025371
-0.42020621210879955
-0.4204715649406849
-0.42060229438357055
-0.42178817079548026
-0.4236923123519066
-0.4239283803451274
-0.4241032769075698
-0.4252940849401057
-0.4257277846336365
-0.42650481117399114
-0.42709158587967977
-0.4277288022983287
-0.4279844105104631
-0.42860710746208497
-0.43029032843187454
-0.43091454018657616
-0.43330455842343246
-0.43462699523661286
-0.4349577160485621
-0.43495779000133755
-0.4363841075365516
-0.43692807718697524
-0.43698111579287796
-0.4382782371365465
-0.43920864661534625
-0.44169964915827703
-0.4420133287087083
-0.4435071034473367
-0.4436612386821902
-0.44373750720738564
-0.44450611229985953
-0.4452004106585971
-0.446416724473238
-0.4472707857496516
-0.4477502029389143
-0.44808625694713555
-0.44837630253975175
-0.44842106499870876
-0.4495020575122908
-0.44966963186880093
-0.45060574739952297
-0.45116837825771655
-0.45146153300083824
-0.4531043130490515
-0.4538827078562463
-0.45672065764665604
-0.4570269021423883
-0.4572196661843009
-0.4574876506117612
-0.4579241288534831
-0.45885332687369856
-0.45895491559058427
-0.4589774501554429
-0.45981149993021975
-0.46029987128167704
-0.46149125525626006
-0.46156102713818353
-0.4616137273615095
-0.46163280291125375
-0.46181190052967785
-0.4621990328774296
-0.4625216397560305
-0.4626171217403478
-0.4642794565183327
-0.46442556096350446
-0.4647778101207223
-0.4654199157992025
-0.4669650018784321
-0.4678427859704243
-0.469117001682106
-0.4709125550463796
-0.47101207920350135
-0.4713152326377375
-0.47143284900084836
-0.4730475063302687
-0.475930035829411
-0.47613912972883554
-0.4780334725267797
-0.47850717562768197
-0.47877330281254316
-0.47998683958576294
-0.48055518934011665
-0.482378222727372
-0.48238936127745546
-0.4842482698667381
-0.4849201074364828
-0.4857677307427366
-0.4870418806094676
-0.4880863340222277
-0.4900563394150916
-0.49043912266691525
-0.49044714011122575
-0.49259627720166466
-0.49315142910927534
-0.49356067221721306
-0.49551103366538884
-0.49702184803900307
-0.4971516050190985
-0.49748713424196467
-0.4976430010910218
-0.4979145223274827
-0.4987580572749721
-0.4988565166650005
-0.49906391360370134
-0.4993719699988632
-0.4996346391388215
-0.5002636054390599
-0.5007151664060074
-0.5014493518137897
-0.5014594921376556
-0.5022723501489155
-0.5029855557659175
-0.5032750278090438
-0.5043528274109121
-0.5048808838344283
-0.5049933552742004
-0.5051708172125343
-0.5058080106663208
-0.5060910078120489
-0.507029261552816
-0.5084922837422174
-0.5092023641031119
-0.5093949036633906
-0.5110601334689329
-0.5113813598809429
-0.5127254129387439
-0.5147225953172893
-0.5153312327490767
-0.5184984374791384
-0.5186416382008853
-0.5188189847810593
-0.5194841285868149
-0.5195896971301408
-0.5196998207164663
-0.5198567768993598
-0.520540208555758
-0.5206050522392616
-0.5219673734745811
-0.5231333443458425
-0.5249464077254137
-0.525437786108038
-0.5256726030105104
-0.5259719343385617
-0.5260789440799272
-0.5261085540381749
-0.5268075765343383
-0.5268540804681834
-0.5283368003554643
-0.5285591925429698
-0.5285872329875474
-0.5293504467871722
-0.5307001867108089
-0.5320187401569759
-0.5325045581299087
-0.5334444963082206
-0.5346490101743256
-0.535189228332456
-0.5353013169286507
-0.535550432454329
-0.5359157236401059
-0.5377042710380111
-0.5387077636615787
-0.5397216780111194
-0.5409267106551852
-0.546502279030392
-0.5478516775877628
-0.5482218305696733
-0.5487232952727936
-0.5496288833674043
-0.5496366914917922
-0.5524746339975132
-0.5526664252268217
-0.5534206632873975
-0.5536007741306245
-0.5540894875302911
-0.5549458296969533
-0.5550885690590803
-0.5552010623117288
-0.5567197110778781
-0.5586602951807436
-0.5605475998276638
-0.5606451744475635
-0.5608566316568613
-0.5609528973895627
-0.5622600327657822
-0.5624799943332619
-0.5631099582145301
-0.5648692169246109
-0.5653522734093712
-0.5656308602903866
-0.5660145650617778
-0.5705583946158489
-0.5735219194903038
-0.5771085869182571
-0.5775546338684054
-0.5793630436510284
-0.5811517359356263
-0.5812817761907354
-0.5821554275724339
-0.5831194690674439
-0.5881679684721998
-0.5884297168878321
-0.5900282209444817
-0.5903530256667485
-0.593793653754983
-0.5956634115427732
-0.5959440414557725
-0.5960582880159984
-0.5971425292082131
-0.5981723248130746
-0.5995624852366745
-0.6020316714129876
-0.6083130247779991
-0.6092095377721957
-0.6109978737335445
-0.6110263267066329
-0.611484226777975
-0.6146480784809683
-0.6169864059026752
-0.6183213194211324
-0.6219385320320725
-0.6243502689259393
-0.6261015262986932
-0.6292252481507603
-0.6293100784532726
-0.6304053765041837
-0.6310196482227184
-0.6310847319130387
-0.631346746115014
-0.6324368421555846
-0.6362141804769635
-0.636600374156842
-0.6370824343975983
-0.6373103857040405
-0.638442674651742
-0.6392972068861127
-0.6406691320589744
-0.6415956397540867
-0.6426804298534989
-0.6429061550647021
-0.6440861058737417
-0.6441517427770628
-0.6446430051541289
-0.6460201152496867
-0.6463208927646823
-0.6496594606433064
-0.6502662614608804
-0.6505698232046727
-0.650964736007154
-0.6511499159038067
-0.652678444981575
-0.6544823606145656
-0.6549453487514256
-0.6566362895149117
-0.6581559833139181
-0.6584751234211581
-0.6653647590428591
-0.6663769012416846
-0.6668520176657088
-0.6709710544463532
-0.6715691095289205
-0.6720852764443003
-0.6725152922639003
-0.674208480787153
-0.6795736296723286
-0.679841956589371
-0.6815284081094433
-0.6847970969470875
-0.6850722688250244
-0.6854483792558312
-0.6862744776945975
-0.6870648345082171
-0.6889742075388009
-0.6898652699310333
-0.6922382195480168
-0.6957001961927745
-0.6980102714151144
-0.700094080902636
-0.7015820528617446
-0.7022385314727823
-0.7033337972437342
-0.7037430812860193
-0.7072357580065727
-0.710874273131291
-0.7111790996827444
-0.7144232619154666
-0.7152195312309131
-0.7155858895608357
-0.7156280349008739
-0.7192021235823631
-0.7224744637496769
-0.7253659069538116
-0.7257978646084666
-0.7271665968000889
-0.7288593256380409
-0.729108577594161
-0.7296035006875172
-0.7297179927387333
-0.7330569662153721
-0.7337623402476311
-0.7346466923206916
-0.735030305438808
-0.7362305394240788
-0.7366607471679648
-0.7412681332607463
-0.7418916746973991
-0.74272559756147
-0.7445811334515123
-0.7479076571762562
-0.7482669157907367
-0.7483352195005863
-0.7486668653786183
-0.7525388566511018
-0.7550019921327475
-0.7557364040985703
-0.756250677098121
-0.7589734349166974
-0.7601233838691509
-0.7626287168823183
-0.7626434577008089
-0.7627921762468759
-0.7634731186553836
-0.7643454468343407
-0.7644151002168655
-0.7672597592075666
-0.7681083052688337
-0.7684874864295125
-0.7728957161307335
-0.777527357172221
-0.7775926226750016
-0.7801745030146776
-0.7812397176399827
-0.7843697083049587
-0.7885833630959193
-0.7899947913363576
-0.7912229342618957
-0.7946426304552006
-0.7977088351035491
-0.8004094582982362
-0.8017138987779617
-0.8021023856243119
-0.8024737812578678
-0.8069523530080914
-0.8084916722561631
-0.8096857972656532
-0.8144463007556624
-0.8147831975171963
-0.8190147192857694
-0.8234378047287464
-0.8250807335134596
-0.8286004262045026
-0.8293235371820629
-0.8297748066484928
-0.8310079181566834
-0.8310613529756665
-0.8311974716769848
-0.8404600410056966
-0.843462809920311
-0.8435856401920319
-0.8452080821831865
-0.8527216976508498
-0.8555782565048763
-0.855909688854202
-0.8559915330260992
-0.856289088211876
-0.8565369447072347
-0.8577766800299287
-0.8578785832755135
-0.8583311205729842
-0.8654788335552439
-0.8703254200518131
-0.8706242399556297
-0.8752042092382908
-0.8765965244189525
-0.880307745720659
-0.8820064719766378
-0.8829642557539046
-0.8855247069150209
-0.8860063403844833
-0.8876761221992118
-0.8923902626071746
-0.8951826198957861
-0.8952327284030617
-0.8967121740182241
-0.9012585399406297
-0.9055909253656864
-0.9079764597463509
-0.9159280607875969
-0.9174782858928665
-0.9183451421558857
-0.9210579978069291
-0.9218802258837968
-0.922979493935903
-0.9271208517020568
-0.9285378213971853
-0.928742972202599
-0.9308704067952931
-0.9336388896529874
-0.9352112676327428
-0.9371682602213696
-0.9377799903042614
-0.9411811261652474
-0.9445015844726835
-0.9458161257207394
-0.9476221119984984
-0.9487944054934714
-0.9491367504000664
-0.9494298473000526
-0.9502676998265087
-0.9505422451533377
-0.9516842702869326
-0.9528361038770526
-0.9579571122303605
-0.9634786065268729
-0.9641145269076029
-0.9708114243112504
-0.9774392303079367
-0.9800125196576118
-0.9826862877234817
-0.9920909664360806
-0.9952602023491636
-0.9990113252230609
-1.0006736457774725
-1.0024047742287319
-1.0058957800269126
-1.0092472966760397
-1.0143612254178151
-1.0147373775641124
-1.0163106471300125
-1.017985512688756
-1.0199216851964592
-1.031026007141918
-1.0343083329498768
-1.0384752731770277
-1.0389774926006794
-1.042880938698848
-1.0554602921474725
-1.0582114764090096
-1.060363514116034
-1.0611102277568232
-1.0619558940331142
-1.0660052835941314
-1.0678255061308544
-1.0731716640293598
-1.0773428216576577
-1.081344195175916
-1.0861391797661781
-1.0882476351223886
-1.0942757837474346
-1.1022842675447464
-1.103259444469586
-1.1074420288205147
-1.1247675959020853
-1.1290331482887268
-1.1329289078712463
-1.1373948929831386
-1.1433805644512176
-1.148032783335657
-1.1627800179024537
-1.1717344745993614
-1.1759741355975468
-1.177636209409684
-1.1789629375562072
-1.192041894934664
-1.1967344162985682
-1.2004526481032372
-1.200898181227967
-1.209784215842228
-1.2161618173122406
-1.2162761232815682
-1.221604123711586
-1.2276597023010254
-1.2319846153259277
-1.2650781144329812
-1.2784652337431908
-1.283323259653116
-1.2873554825782776
-1.2877505985088646
-1.2958215782418847
-1.310108706378378
-1.3271994549199007
-1.336277007125318
-1.3430140341903705
-1.3456101918593049
-1.3489400604739785
-1.3613566358884175
-1.3730193613252293
-1.3760669073089957
-1.3804604411125183
-1.3832348899741191
-1.4122871309518814
-1.4167821784969419
-1.4213269750277202
-1.4303631782531738
-1.456358469557017
-1.4581620134413242
-1.4633574869891164
-1.5111489295959473
-1.515915870666504
-1.521534163504839
-1.5230153600374858
-1.539147300535842
-1.5487789812032133
-1.571490807864393
-1.5883672488853335
-1.5918974876403809
-1.595453642308712
-1.5969160869717598
-1.6030935551971197
-1.6079845055937767
-1.609564647078514
-1.6138825217882793
-1.6233898584420483
-1.6286224791189852
-1.6391487121582031
-1.6527289128862321
-1.6647631153464317
-1.6682052028675873
-1.67168390750885
-1.6825834116898477
-1.7239664196968079
-1.7295213788747787
-1.7339336780908827
-1.7402957901358604
-1.76451370647798
-1.7657578109647147
-1.7765429615974426
-1.7827672370088596
-1.8130978423481185
-1.8190040290355682
-1.8259052739789088
-1.8536912314593792
-1.8953033846337348
-1.9043901966302657
-1.9056953930606444
-1.9088048618286848
-1.9642006605863571
-1.9659502124413848
-1.9732680013403296
-1.9859135756269097
-1.9870416037738323
-1.995261788368225
-1.9961988031864166
-1.996518713887781
-2.007958423346281
-2.008612040663138
-2.0352402767263507
-2.0750768431462348
-2.145185172557831
-2.1729295775294304
-2.1752104001740613
-2.1784967336182794
-2.2204533752519637
-2.241799756884575
-2.2491476759314537
-2.254914879798889
-2.272630453109741
-2.3143791928887367
-2.3451947110394635
-2.359095148742199
-2.4139676725802324
-2.5304209049791098
-2.550721547634263
-2.5515696040044227
-2.595302104949951
-2.6029285176967583
-2.6162678599357605
-2.668880042503588
-2.7090245941653848
-2.7952767610549927
-2.8087969361804426
-2.860875617712736
-2.8772568106651306
-2.9050322864204645
-2.983558766543865
-3.1049879988034568
-3.1347835096530616
-3.212885905057192
-3.218677043914795
-3.3800259828567505
-3.3815062642097473
-3.455309212207794
-3.4839081671088934
-3.5110645070672035
-3.5622197315096855
-3.5784510374069214
-3.593007504940033
-3.654090722401937
-3.696176663041115
-3.7141464948654175
-3.736402027308941
-3.837380811572075
-3.866317982727196
-4.0014271618565544
-4.199607337475754
-4.3905158042907715
-4.866675853729248
-9.689255714416504
-10.068320274353027
-10.53168773651123
