-0.0009177127607732213
-0.011495987081434577
-0.020387714185441535
-0.030668387736659496
-0.03440008612233214
-0.08555826100932791
-0.09277730621397495
-0.10300051767990226
-0.10569848005798121
-0.11889979988336563
-0.1330716267109892
-0.1331750034041761
-0.13597932923585176
-0.14307863249753913
-0.1506505599245429
-0.15965785475499514
-0.1692564532160759
-0.16966150568623561
-0.1715015432680957
-0.17354060241486877
-0.20267663880238412
-0.20599244930781424
-0.2064083620905876
-0.21667890436947346
-0.22790659530172971
-0.23201831988990307
-0.23407720991463066
-0.23414176674983042
-0.2342602483048621
-0.2350890913354912
-0.23656876385211945
-0.23668083548545837
-0.24103179376430084
-0.24291497602243908
-0.24705663158674723
-0.2507138781249523
-0.2523655731573753
-0.2552177881201108
-0.2575802285221774
-0.26727746636606753
-0.2686872382873844
-0.27601561612553066
-0.2760536867193878
-0.27945876911326195
-0.28305338818972814
-0.285467165094451
-0.28557607741095126
-0.28656027815304697
-0.2870964372220139
-0.2907783895627492
-0.2935747219540644
-0.29392127820756286
-0.29612916138615797
-0.29618163124865127
-0.2976255589543143
-0.30281139649118166
-0.306508709769696
-0.30810498872306197
-0.3089420326345135
-0.31059125079773364
-0.31194350044825114
-0.31929717373568567
-0.3194518653144769
-0.32285738569529104
-0.32401439920067787
-0.32711630591657015
-0.33045562232818343
-0.33935719690316546
-0.34113448221151804
-0.34572932843159127
-0.3458631688175956
-0.3490946441888809
-0.35017334147576346
-0.3508263453950349
-0.3523397751980358
-0.3540531247854233
-0.35431099656437126
-0.3575073137827631
-0.3599800465453882
-0.36051229371805676
-0.3631105235752849
-0.36621134355664253
-0.36651799371466043
-0.37025786298343144
-0.3703307907821404
-0.3704156114254147
-0.37134521184489133
-0.37197562371147797
-0.3761628179912146
-0.3764307095028926
-0.3771196133715825
-0.3794701589451867
-0.3797561551133792
-0.3801832106629653
-0.38347841472433736
-0.3857109102983876
-0.38656298102190095
-0.38796680386294613
-0.38915184709346956
-0.39301905643660573
-0.39431501436047256
-0.39450764370320196
-0.3955657265614718
-0.3975876762952188
-0.40000012004747987
-0.4003060416628917
-0.40100757868236137
-0.40267894457792863
-0.40283948741853237
-0.4047337122080624
-0.4051890048576752
-0.40618086580717416
-0.4085784334068497
-0.40915261044283396
-0.41102303592742423
-0.41201765871956014
-0.418204904376762
-0.4203685165848583
-0.4212513084763714
-0.4264680026717542
-0.427761555959781
-0.429637132757408
-0.4320392708759755
-0.43262425653423026
-0.4349996149151896
-0.4363220796221867
-0.4407102775035633
-0.4448646269738674
-0.44517856763143626
-0.4457588766963454
-0.4462216496277293
-0.44626561601439285
-0.44736834018258376
-0.45181105214287526
-0.4521262478589523
-0.4530092776597788
-0.45513903895496494
-0.45541869905314847
-0.4581925171427429
-0.46125275403028354
-0.46154553736560044
-0.4616343592164672
-0.46405747276730835
-0.46462797791014054
-0.46487767864583746
-0.4680988218282841
-0.4721593729403887
-0.4729161448561117
-0.47407419293558634
-0.4758778524817899
-0.4763428309395547
-0.47635164422139165
-0.47999511359838914
-0.4805370091502978
-0.48171766554670675
-0.48474015224362615
-0.48603252197305363
-0.48728010201593863
-0.4889848463644739
-0.4905197520965885
-0.49084828393772867
-0.4919003633937488
-0.49255621300211977
-0.49311860082941295
-0.495593941437437
-0.499732243673255
-0.5006062438478693
-0.5015909520443529
-0.5023857588465843
-0.5039131606463343
-0.5050557014877134
-0.5066539733059472
-0.5069499689852819
-0.5071676850487676
-0.5097738889526223
-0.5108253920916468
-0.5122667583782459
-0.5127182199968956
-0.5131354966240721
-0.5153005552322915
-0.5160277762746164
-0.5172636116098147
-0.5186366670862864
-0.5195575324360107
-0.5200866745086387
-0.5203468126926264
-0.5232719959458336
-0.5241728419438004
-0.5279254485620186
-0.5291047012136516
-0.529434067173861
-0.5322701515338849
-0.5334975535224658
-0.5352235926049096
-0.5359456837177277
-0.5364476816437673
-0.5370893478393555
-0.5435262892395258
-0.5444565197156009
-0.5460468934745424
-0.5485874545688386
-0.5487010066135551
-0.5492352157365531
-0.5501253444826943
-0.5522764381687586
-0.5552085923518462
-0.5552822046214715
-0.55561692795957
-0.5557286494658911
-0.5558844467717181
-0.5565592673891742
-0.5568236462771893
-0.5574649287090836
-0.5575902061536908
-0.5586022841744125
-0.5619620941265326
-0.5626763541144202
-0.5643618395668455
-0.5661202109982505
-0.5687387629101673
-0.5689075742848217
-0.5695688476386879
-0.5709844653960318
-0.5739477689718254
-0.5761879937158662
-0.5768682252604301
-0.5775805173040447
-0.5780086705344729
-0.5780316653350989
-0.5786351279562041
-0.5806741970029918
-0.5815394133082009
-0.582912925611599
-0.5839456778370951
-0.5848566144704819
-0.5855328074761755
-0.5878369547426701
-0.5887063650297932
-0.5889341052621603
-0.5898739214229863
-0.5921540007527385
-0.5936342195426632
-0.5942945643004754
-0.59476386348898
-0.5971185922319394
-0.5984192247677129
-0.5989466322766381
-0.5991535981665944
-0.5995266512008606
-0.600603802472466
-0.600771347573027
-0.6012766854837537
-0.60137523162266
-0.6020271084271371
-0.6036355920110105
-0.603918489312913
-0.6059688035881843
-0.6061393691537281
-0.6118012135848403
-0.6129569845481242
-0.6132379785357487
-0.6135774165431149
-0.6141538824886084
-0.6167606118641825
-0.6172911125634398
-0.6174715205428505
-0.6189133825892996
-0.6203479803953087
-0.6206066233239004
-0.6250518914079294
-0.6263917662887252
-0.6281413134314459
-0.6314706970006227
-0.6317329637240618
-0.6330824508157094
-0.6336340890912753
-0.6337569382740185
-0.6341282642845597
-0.6352721485309303
-0.6361011099846413
-0.6376431176322512
-0.639664996195481
-0.6421337196370587
-0.6444058355280302
-0.6459248630950848
-0.648382792697521
-0.6486625184479635
-0.6513552421788013
-0.6513860750322541
-0.6524054927504039
-0.6530059454715229
-0.654791242309979
-0.6550710137401309
-0.6552739129401743
-0.6553782261908054
-0.655670781752893
-0.6566396817506757
-0.657608597779957
-0.6592370753309557
-0.6595294998842292
-0.659710269595962
-0.6601027110767685
-0.6602368757594377
-0.6606572195887566
-0.6609510376842486
-0.6616755525293925
-0.6617875277750298
-0.6655467877164483
-0.6660058487073651
-0.6660662343991655
-0.6660792176713585
-0.6661874227381
-0.6663408136810176
-0.6677517812826078
-0.6678369343280792
-0.6685526042322939
-0.6690139010626202
-0.6745804768055678
-0.6749588159727864
-0.6774462573230267
-0.6775296751507353
-0.6782325431704521
-0.6784338435649665
-0.6784431676746213
-0.6810516170124804
-0.6817301813341481
-0.6821532657020726
-0.6822861324762926
-0.682910906511311
-0.683444367343327
-0.6864998113014735
-0.6871273995760324
-0.6897966917604208
-0.6898228744565345
-0.6907821362838149
-0.6913438886404037
-0.6956883975140312
-0.695704511965492
-0.6959817139431834
-0.6961689616378862
-0.69669409096241
-0.6967513718118425
-0.6976329049664654
-0.6995760805730242
-0.7019519964233041
-0.7023331351578236
-0.7028713018872723
-0.703451685102967
-0.7064992531547128
-0.7168433397180505
-0.7182758757262491
-0.7186790941466045
-0.7200295861278262
-0.7221020381936493
-0.7222719616256654
-0.7244814567675348
-0.7265864522196352
-0.7299453529218832
-0.7305337452911772
-0.731299442638244
-0.7314449672048795
-0.7327429475927991
-0.73580519663018
-0.7372564555727876
-0.7382729072298388
-0.7382792608696036
-0.7382912146337427
-0.7390141892246902
-0.7398691695582654
-0.7415978848875966
-0.7416744260117412
-0.7426276579149999
-0.7438035210684575
-0.7444449283182621
-0.7454681553478751
-0.7457260944356676
-0.7475252288859338
-0.7488061458700233
-0.7559586589535078
-0.7562966377210816
-0.7565388334837432
-0.7571354101278952
-0.7573801212420221
-0.7606884617125615
-0.7627749984851107
-0.7664625998586416
-0.7679504064726643
-0.7697746719100645
-0.7712637965764421
-0.7740087351865239
-0.7759422318486031
-0.776069723269237
-0.7762749793806246
-0.7789172525517642
-0.7789330091327429
-0.7843040575805519
-0.7843439963180572
-0.7898486360907555
-0.7902613693731837
-0.7903465827306112
-0.7915643552939097
-0.7967269114839534
-0.8029095315788355
-0.8037588279694319
-0.8037883823809142
-0.8058744327475628
-0.8059368349152335
-0.8067509627176656
-0.8075349170212576
-0.809454857558012
-0.8111251859356545
-0.8111554913222789
-0.8128734890238515
-0.8135904781374848
-0.8150286825322028
-0.8204890569572204
-0.8211326837539673
-0.8230580544720093
-0.824095305823721
-0.8244910365901887
-0.8245293008047156
-0.8259365524572786
-0.8283475101702602
-0.8313859518093523
-0.8320328041112849
-0.8329789373757583
-0.8338969878054091
-0.8346805849578232
-0.8349355078701463
-0.8353430759161711
-0.8384678869541469
-0.8389658098592638
-0.8390986863523722
-0.841279547978047
-0.8443896687988725
-0.8451573643833399
-0.848023806232959
-0.8516662714071572
-0.8567070360872701
-0.8574508088640869
-0.8575496363143126
-0.8631586036644876
-0.8639742994887961
-0.8731351469953855
-0.8733909527460734
-0.8756885326001793
-0.8783895627595484
-0.8787989219740666
-0.8797519855822126
-0.8822013804955142
-0.8848102725110948
-0.8856025874556508
-0.886620921548456
-0.8869061147173246
-0.8872079652334962
-0.88737927902756
-0.889399753685575
-0.8897702613224586
-0.8907756424562719
-0.8914337083697319
-0.8940924987463015
-0.8946537605176369
-0.8958507047167846
-0.899044519290328
-0.9001727104187012
-0.902008168399334
-0.902188173669856
-0.9068971904260772
-0.9096544484297434
-0.9143009686044284
-0.9146639035801248
-0.9162355193402618
-0.9190872822655365
-0.922515752131585
-0.9226350592332893
-0.9273067085835335
-0.9286567214876413
-0.9291638676077127
-0.9294258542358875
-0.9330095136072487
-0.9344414299121127
-0.9362459845840931
-0.9362876812616984
-0.9418201164298807
-0.9441914125863049
-0.945289939434992
-0.9472554441017564
-0.9503315947949886
-0.9512946484856696
-0.9516930282115936
-0.952362700831145
-0.9525518342852592
-0.9545892870984971
-0.9551494864164851
-0.9562274515628815
-0.957407820597291
-0.9583837315440178
-0.9590754411183298
-0.9596384263946675
-0.9644165427889675
-0.9657198094230678
-0.9673724969228109
-0.9679828164051287
-0.9694624278345145
-0.9702214263379574
-0.9708008915185928
-0.9768990750114123
-0.9789572715759277
-0.9842177614569664
-0.9868507556384429
-0.9882441911225518
-0.9894426167011261
-0.9924318987048335
-0.9928573798388243
-0.9958630687033292
-0.9974006220698357
-0.9981143287344215
-0.9990803584456444
-0.9994804251806012
-1.0008858155956009
-1.0033750045811758
-1.0071319845854305
-1.0075871475040912
-1.0098014337321122
-1.0168337576712172
-1.0192241072654724
-1.020988960750401
-1.0235029436065815
-1.0264407149516046
-1.0302353314085242
-1.0314444921511625
-1.033813051879406
-1.0340095961466431
-1.035812592250295
-1.0366127491928636
-1.038037333637476
-1.038161203886072
-1.040094550838694
-1.0401049731917738
-1.043470228711764
-1.0461724698543549
-1.0529506703217824
-1.0562572479248047
-1.057563410733234
-1.0586734644727716
-1.0606597595449005
-1.064029650390148
-1.0718032469352086
-1.0792820242582821
-1.0808696661842987
-1.0830743908882141
-1.0846803829073906
-1.0885267720690794
-1.090020139306337
-1.0945087044189374
-1.0972706178824108
-1.1035189433023334
-1.107012312762284
-1.1083353206515312
-1.1101837567985058
-1.1124074856440227
-1.119021486490965
-1.1207531453110278
-1.1213886615587398
-1.1231473473211129
-1.1252930794249882
-1.1259114903708298
-1.1263331323862076
-1.1275920495390892
-1.1284905672073364
-1.1288595986552536
-1.1294631933172543
-1.1311965588480235
-1.1332430322654545
-1.1344529889110062
-1.1355852097272874
-1.1417471984750591
-1.1444366010837257
-1.146650529043241
-1.150791726946149
-1.1530633272810116
-1.1543399186979513
-1.154474780222194
-1.157798884746929
-1.168130615958944
-1.1722514083764206
-1.1751586496829987
-1.175966093937556
-1.1783826649188995
-1.1793113057501614
-1.1836671431859334
-1.1873287342488765
-1.1878618816263042
-1.1886652051471174
-1.1890189562691376
-1.1892095009485881
-1.1898334664957864
-1.1959487398465474
-1.1973620479305584
-1.1987727239727974
-1.2014008149086626
-1.2052672623863652
-1.2070187209174037
-1.213570625624723
-1.2199023514986038
-1.221888873520324
-1.2230866303046544
-1.2266603700816632
-1.2275582313537599
-1.2287063151597977
-1.2328834025344502
-1.2381669751235418
-1.245222871993772
-1.2455636570230126
-1.2478513717651367
-1.2489665090106428
-1.2515597981400788
-1.2529451449712117
-1.2617223486304283
-1.2648618780076504
-1.2661526537500323
-1.2757835537195206
-1.2814363986253738
-1.287400680128485
-1.290454128140118
-1.2933647187892348
-1.301500415802002
-1.3105715898176034
-1.3116049319505692
-1.3163556585088372
-1.316702961921692
-1.3230804800987244
-1.3263476490974426
-1.3276537102647126
-1.3284263747433822
-1.3300015680724755
-1.3311795890331268
-1.331406042620074
-1.3365238336846232
-1.3379872420802712
-1.3467850610613823
-1.350198725471273
-1.3509657084941864
-1.3554017287679017
-1.3654478505486622
-1.3688099579885602
-1.3688908219337463
-1.3866510886698962
-1.38784029497765
-1.3886660486459732
-1.390092128693747
-1.3937422177987173
-1.3983618319034576
-1.3994844041764736
-1.40291287129124
-1.4069751091301441
-1.410292999446392
-1.4302035351283848
-1.4329038461049397
-1.4371546084682147
-1.4425855606794358
-1.4477444887161255
-1.4495000585913658
-1.460003461688757
-1.4685827001929284
-1.4799711306889851
-1.4934581611305475
-1.5225628515084584
-1.5265143513679504
-1.5311462953686714
-1.5313877860705059
-1.5412721186876297
-1.5435179471969604
-1.5450913061698277
-1.5514154809061438
-1.557164367288351
-1.5612399280071259
-1.5630588829517365
-1.5659994408488274
-1.5757189318537712
-1.5762967467308044
-1.576683945953846
-1.5820601286832243
-1.5820900676771998
-1.5841905449827511
-1.584802548090617
-1.5849420012673363
-1.5856812056154013
-1.6235388467709224
-1.6395376324653625
-1.6447793319821358
-1.6458285351594288
-1.6644462198019028
-1.678593092598021
-1.6800324879586697
-1.6865473240613937
-1.6979376841336489
-1.7031280249357224
-1.7154602259397507
-1.7183285008650273
-1.7197699485113844
-1.7258013047810112
-1.7291285131126641
-1.7295555969079335
-1.7504217918612994
-1.7580047493684106
-1.7678241059184074
-1.7709273391713698
-1.7755448147654533
-1.7801096787055333
-1.780155410640873
-1.788047113588878
-1.79961334176672
-1.8112654499044376
-1.8266582121806485
-1.8563441634178162
-1.8634976744651794
-1.8682586252689362
-1.8877518307417631
-1.8912425935268402
-1.9029067158699036
-1.9039399027824402
-1.9271506816148758
-1.9553171396255493
-1.9668601155281067
-1.977968565057381
-1.9822590734277452
-1.98621591553092
-2.000357687473297
-2.0041583776474
-2.044581120290483
-2.053030848503113
-2.075096935033798
-2.0760177907844386
-2.077937424182892
-2.0847796589136123
-2.1023040413856506
-2.105090416967869
-2.1298339486122133
-2.1330309752374887
-2.182824322581291
-2.1895804405212402
-2.193542623271545
-2.1971994638442993
-2.1980347633361816
-2.1985485553741455
-2.2100131971140704
-2.2557285701235137
-2.258453130722046
-2.2611498832702637
-2.2787587642669678
-2.285968065261841
-2.302602093666792
-2.307006299495697
-2.312545778850714
-2.327205289155245
-2.3313659075647593
-2.336775094270706
-2.3374438285827637
-2.3553624153137207
-2.360983908176422
-2.3618585020303726
-2.3803679943084717
-2.397332011954859
-2.412136524915695
-2.4194319248199463
-2.4245457649230957
-2.427377685904503
-2.490139310558637
-2.5194216132164002
-2.5466131949797273
-2.5681994582215943
-2.5840131044387817
-2.6036392338573933
-2.647577166557312
-2.6916864464680352
-2.766148876398802
-2.778823286294937
-2.815321445465088
-2.844130306815108
-2.878570571541786
-2.933715343475342
-2.9539894546032883
-2.9712772257626057
-2.9834595918655396
-3.0122218132019043
-3.0559916496276855
-3.147145419692
-3.163521597161889
-3.180572271347046
-3.311894178390503
-3.463637351989746
-3.4796611964702606
-3.529203561367467
-4.226736426353455
-4.959920287132263
-5.423852324485779
-6.755433559417725
-8.104680061340332
-8.138794898986816
-8.152318000793457
-8.193401336669922
-9.914061546325684
-10.485879898071289
-10.908284187316895
