-0.001171152136521414
-0.0011891197318618651
-0.002600499523396138
-0.0026733893231721596
-0.003065623210204649
-0.012984085430313522
-0.01660326427857702
-0.019955753659208614
-0.020367057994008064
-0.024587423878256232
-0.0410634821067409
-0.0414948437246494
-0.04272295907139778
-0.04952609717535476
-0.05416456087223196
-0.05662358154077083
-0.06617041757428004
-0.06816500895074569
-0.06818422103034598
-0.0702190090669319
-0.07144247312098742
-0.07695300960913301
-0.08677782537415624
-0.08975074320333079
-0.09330360770157616
-0.09777578338980675
-0.0977789155440405
-0.09863452266654349
-0.09925880510127172
-0.1023037750273943
-0.10276794340461493
-0.10916252038514358
-0.11632623616605997
-0.12486985265277326
-0.1273512121522799
-0.1290165827376768
-0.13006951287388802
-0.1365262773120776
-0.1472717129425811
-0.14933423568921475
-0.14963281651337942
-0.15193845711958906
-0.15417463656138772
-0.15565627629584924
-0.15941039469948415
-0.1660146089113065
-0.1683611533205424
-0.1706502716988325
-0.17639731097993458
-0.17831631773151457
-0.18021187454960455
-0.1979554947291035
-0.20619132548329486
-0.20859077496623452
-0.21730395673181524
-0.21842930880375205
-0.2222670102306438
-0.22406382748249598
-0.22792263296432794
-0.23130576305557043
-0.23261681478867435
-0.23459647700656205
-0.23505453403211302
-0.23676083446480334
-0.23744221460074186
-0.24396346079615447
-0.25535530337646345
-0.26376731198148
-0.26492006704211235
-0.26646726964967316
-0.2715055892864863
-0.27176080277422443
-0.27179688727483153
-0.2733453652152093
-0.2734404202395429
-0.27887812489643693
-0.2788812221759664
-0.282127502001822
-0.286892158142291
-0.2876563658937812
-0.2900652526295744
-0.29123845261832076
-0.2926255538727024
-0.29375933296978474
-0.2957505320851591
-0.29690904246444916
-0.2983933183649141
-0.3040001767221838
-0.3042849977733567
-0.30558245319631777
-0.3057045014575124
-0.3070199499650496
-0.3072812314112525
-0.3080469512400062
-0.30809656866560026
-0.30944633088074625
-0.31014133527824017
-0.3101767483184141
-0.31109462135160965
-0.3149341328086545
-0.3156750512957842
-0.3179111308547565
-0.3180499883707274
-0.3195784172794447
-0.32024832169658374
-0.3269085970906807
-0.329815398552455
-0.33440925806343297
-0.3351756440475583
-0.33825804617825067
-0.3521685869782232
-0.3612763143222158
-0.36401270465204205
-0.36516601540562177
-0.36530330441892145
-0.3682136362185702
-0.36836754424231394
-0.37006437623031163
-0.3735553719702044
-0.3737561129770863
-0.3760181900113821
-0.37648752611130476
-0.37662569784151856
-0.37850878288236345
-0.37863850593566895
-0.3804259896860458
-0.38056684086202747
-0.38058417282688123
-0.3816911589944669
-0.3818171978897681
-0.3826199318282306
-0.38303201027318007
-0.38563111424446106
-0.38617421145318076
-0.38656739261609296
-0.3882531221800794
-0.38901227501046376
-0.39021137887611984
-0.39028220057454227
-0.3922676811293968
-0.39274074310170753
-0.3932217844104504
-0.3934536492129804
-0.3935296462683861
-0.3938200847349233
-0.39577266334422995
-0.3958748956210911
-0.3976469000335783
-0.3987291603349149
-0.3991082090611473
-0.4028485095542338
-0.4048566750383803
-0.40543991224330966
-0.4057567350100726
-0.40591135167051107
-0.4070597709098365
-0.4103394935705832
-0.41045836933578056
-0.4133441443411559
-0.41363280632067473
-0.4142882589017972
-0.41437593765052344
-0.41596715662999484
-0.41959836856351884
-0.4203983059186222
-0.4249779645353556
-0.4273459135787562
-0.42854340479243547
-0.43078156935927625
-0.4326844920502289
-0.4331280592412345
-0.43350315691294294
-0.433648100681603
-0.43391847742411
-0.43557569810322355
-0.4371073865098879
-0.43779928132425994
-0.43795601312303917
-0.4384529535425827
-0.4388356445124373
-0.44017010647303323
-0.4401878535747528
-0.44199303330969997
-0.44236920587718487
-0.44282158940248856
-0.4453311346791452
-0.4483096289273817
-0.44838718604296446
-0.44938074837577563
-0.4505506590128334
-0.45115960280645595
-0.45116317402183387
-0.45391077864127616
-0.4560225065160921
-0.4568764939904213
-0.4599384569446556
-0.4615317104617134
-0.4618244967508979
-0.4628355892168151
-0.4631645940244198
-0.46599551795848776
-0.4668926629179623
-0.46758607410204905
-0.46802661940455437
-0.4703635105308002
-0.47312661162383546
-0.4737032698020711
-0.4741280553345051
-0.4743514536983437
-0.4745532789444648
-0.4745920612476766
-0.4749713927711936
-0.475864352658391
-0.47729084035381675
-0.4778448844561353
-0.4789617715869099
-0.47928218385722077
-0.4797678282193374
-0.48018090062153834
-0.4808967991288787
-0.48255197996331844
-0.4835793820332453
-0.4845705050742254
-0.48554063412464327
-0.48698524218052625
-0.4897208174224943
-0.48981591935520746
-0.4905820205900818
-0.4927315892548197
-0.49349163100123405
-0.4938454953953624
-0.4949902846322705
-0.49669934462872334
-0.49774946756660937
-0.498142512422055
-0.49914366752297307
-0.5007499712260647
-0.5009096077701543
-0.501036647008732
-0.501147600233947
-0.5013701909629162
-0.5021326540445443
-0.5023561440382764
-0.5033013683019413
-0.5067839519586415
-0.508294016867876
-0.5088582480259772
-0.5091880854743067
-0.5095967151690275
-0.5096332001137651
-0.50982506222014
-0.5106704527150012
-0.511842081323266
-0.5129114862938877
-0.5137203429411683
-0.514346017013304
-0.5144989587980408
-0.5146434110065456
-0.5160364117706194
-0.5167727892752737
-0.5168717741500586
-0.5170337302866834
-0.5177580645282432
-0.5214679018697805
-0.521543175035801
-0.5226740960497409
-0.5235146754654124
-0.524280017034875
-0.5255208169110119
-0.5255395942973943
-0.5287029306742955
-0.5289859655864088
-0.5298006820991888
-0.5320102940779179
-0.5330707643048039
-0.5338594052432613
-0.5356634110212326
-0.536169379101401
-0.5366821506380802
-0.5374487556206683
-0.5376627039319525
-0.5389798275594201
-0.53926529093749
-0.5416719124704186
-0.5418421143798956
-0.5456610268751241
-0.5468323337035659
-0.5483848802745342
-0.5496209897100925
-0.5507376808998979
-0.5536995932110585
-0.5549274897202849
-0.5552999781082488
-0.5580676318495534
-0.5585503897077784
-0.5602353408657008
-0.5613551901624305
-0.5628717218525707
-0.5628838483244181
-0.5629370056641082
-0.563212507766568
-0.5632709832344618
-0.5663245421368629
-0.5687324260016559
-0.5714866290800273
-0.5726366475638416
-0.5744985594647005
-0.5775606175953084
-0.579234060770735
-0.5795350730419159
-0.5801402357155894
-0.5803443352148557
-0.5807822502683848
-0.5809696912100273
-0.5819863248616457
-0.5825491735939674
-0.5841774197502269
-0.5842345471319277
-0.5848188676702027
-0.5861661804852442
-0.586940866522491
-0.5879693432798376
-0.5881956472863489
-0.5905959108230573
-0.591041534487158
-0.5919170513128241
-0.5940936307132298
-0.594767756660076
-0.5948850277948493
-0.5957445279733898
-0.5960129765541448
-0.5970390914673251
-0.5974813113377119
-0.6004286931827665
-0.6010090920414465
-0.6014952307609334
-0.6019025733876333
-0.6019333113799803
-0.6025182633893564
-0.6031413651508046
-0.6038408239837736
-0.6038890210301837
-0.6076537874760106
-0.6085047349333763
-0.6119232603668934
-0.6123983475651281
-0.6134358706418425
-0.6174085003753694
-0.6177476592517147
-0.6189666285887748
-0.6193898659665138
-0.6203733706580741
-0.6214126188308
-0.6216568782046024
-0.6237319600477349
-0.6238550780690275
-0.6243153771451944
-0.6281864703632891
-0.6341135200113058
-0.6366558191545594
-0.6389063712302595
-0.6392396633164026
-0.6422246606089175
-0.6428237981939068
-0.6453658703831024
-0.6469658462295532
-0.6497510753882428
-0.650425421828404
-0.650605122713993
-0.6522883877956441
-0.6542246907949447
-0.6555578798986972
-0.6603435765227914
-0.6609141333610751
-0.664730170997791
-0.6662962810602039
-0.6663489338631431
-0.6697173365391791
-0.6712396303967884
-0.6714610774070024
-0.672998111362436
-0.6744380964664742
-0.6750695606072744
-0.6759405903052539
-0.6764506492181681
-0.6769901599202838
-0.6868226278041091
-0.6869828546704311
-0.6903469906537794
-0.6982840753108677
-0.6985002209742864
-0.6996394040179439
-0.7069267094290504
-0.7089560979178974
-0.7100225175703859
-0.7129428287347158
-0.7135039815679193
-0.7167934729950503
-0.7214988203803924
-0.7225120091752615
-0.7227193968008376
-0.7292242342373356
-0.7298286163713783
-0.7410010009611142
-0.7428438176318498
-0.7446919498965144
-0.7447263105132151
-0.7501038436930685
-0.7529531576437876
-0.7531196735799313
-0.7571478087920696
-0.7575749900192023
-0.758452903770376
-0.7584603697760031
-0.7619588961824775
-0.765252187353326
-0.7655883622355759
-0.769127530184859
-0.7699151809210889
-0.7711404354777187
-0.7737034931778908
-0.7755212727643084
-0.7764399349689484
-0.778013650025241
-0.7782535602649053
-0.7856422589227025
-0.7878855518996716
-0.7912325819488615
-0.7937497733510099
-0.7981681835874497
-0.8008790778528366
-0.8038356632459909
-0.8045185047667474
-0.8059363186359405
-0.8069399517567944
-0.8070761133408682
-0.8100136359974456
-0.8117896956973709
-0.813365732319653
-0.8153880152967758
-0.8166592605412006
-0.8194765174546494
-0.8210392643231899
-0.8263231683945791
-0.8265737887205822
-0.8294406334559122
-0.8325433208839967
-0.83505846063296
-0.8363737409294117
-0.8367186884085337
-0.8471845939056948
-0.8489727834627653
-0.8510389836505056
-0.8527434060815722
-0.8601988292648457
-0.8603325833876928
-0.8636059537719121
-0.8655069056646122
-0.8664657710469328
-0.8709546327590942
-0.8757016027811915
-0.8797955373690153
-0.8839603113010526
-0.8841054636985064
-0.8889511382052054
-0.8923894837498665
-0.8934408481388042
-0.8979406669735909
-0.8998769366880879
-0.9013544640038162
-0.9118597730994225
-0.9267005855217576
-0.9334647574190361
-0.9365818304941058
-0.9380939966067672
-0.9389948330819606
-0.9439408733742312
-0.9443286170135252
-0.9469255972653627
-0.9481584969907999
-0.9498785826290259
-0.9499570571351796
-0.9511326511390508
-0.9593279272085056
-0.9603003627077366
-0.965954773419071
-0.9768801264814101
-0.9771401836769655
-0.9900548767240253
-0.9907491318881512
-0.9918308854103088
-1.000090136192739
-1.00270053887895
-1.0040358304977417
-1.0050677508115768
-1.0171272188421425
-1.0196776492521167
-1.0223147401120514
-1.0270603920022647
-1.0289991398652394
-1.032825135005017
-1.0329070780426264
-1.0348176161448162
-1.0398105189204216
-1.0452249236404896
-1.0477856536163017
-1.0535070995489757
-1.0667932853102684
-1.0742935367161408
-1.0763794368873019
-1.0827446598559618
-1.0912554842419921
-1.0928344478209813
-1.0979826001857873
-1.117834249860607
-1.1307913736629416
-1.1405536392703652
-1.1473286747932434
-1.1504435315728188
-1.1665160703705624
-1.1702155477056901
-1.1703810690902174
-1.1798542030155659
-1.1842363309115171
-1.1870033740997314
-1.1949941759812646
-1.2006786040961743
-1.2040944900363684
-1.2121017784811556
-1.2256844093402226
-1.228750236487637
-1.2357379794120789
-1.2357767728244653
-1.2414956764356855
-1.2634627595543861
-1.2692914307117462
-1.2924634218215942
-1.3052626848220825
-1.3088783170096576
-1.3500354639953003
-1.3655430142146845
-1.3848055144771934
-1.4039586326107383
-1.4090641374350525
-1.4170163674280047
-1.435334141055743
-1.4656617367145373
-1.4978051811922342
-1.5115544199943542
-1.5119672566652298
-1.5188582241535187
-1.519581508723786
-1.5209990087120484
-1.5297145992517471
-1.5303128858407338
-1.5498814284801483
-1.5633744555525482
-1.572700990946032
-1.5755498595535755
-1.5762711986899376
-1.578921175832511
-1.5957626936336358
-1.6126191210387333
-1.6797211449593306
-1.6973589750850806
-1.712915086497863
-1.718423291419943
-1.7234605060269435
-1.7328659576984744
-1.736704205114317
-1.747042575230201
-1.7662057700605753
-1.767686352133751
-1.7705619037151337
-1.7706688003672753
-1.772761881351471
-1.7878173192342122
-1.7981979698306532
-1.8361781338850658
-1.874685823917389
-1.9053228077051851
-1.9277942180633545
-1.9353815194335766
-1.9421141732794542
-1.9421699799907703
-1.9708925882975261
-1.994186544092372
-1.9953975453972816
-2.0032042697712313
-2.007863976061344
-2.048523485660553
-2.0592950226273388
-2.0834675850443696
-2.139303043484688
-2.1657141745090485
-2.2126127505131685
-2.2199259512126446
-2.251631736755371
-2.263696752488613
-2.2656819820404053
-2.3522167205810547
-2.352457970380783
-2.35308039188385
-2.3658020943403244
-2.36665149529775
-2.3752792328596115
-2.4231035709381104
-2.444155595071303
-2.4853313664595285
-2.548951038988889
-2.6360949762165546
-2.6816256046295166
-2.7180960358430943
-2.7389710135757923
-2.757576711475849
-2.7803500359877944
-2.83900186419487
-2.8641735315322876
-2.881072223186493
-2.9222720908001065
-2.979795187090834
-3.119811534881592
-3.1599706411361694
-3.4451437294483185
-3.821332611667458
-4.113999222870916
-4.135491886438103
-4.178445370780537
-4.267265677452087
-4.38161913715885
-4.539693516126135
-4.7238287925720215
-4.744767189025879
-4.896572589874268
-5.036233678460121
-5.337743520736694
-5.477643013000488
-5.818504333496094
-6.0320868492126465
-6.079003810882568
-6.809154987335205
-6.879967212677002
-6.966466903686523
-9.867239952087402
