-0.00017176583060063422
-0.010262762836646289
-0.020498130965279415
-0.024448951135127572
-0.02953043914999398
-0.04756910381911439
-0.05319724601091972
-0.05552867832758628
-0.05967151872027898
-0.11357417905492184
-0.12421515353032321
-0.12960013398978845
-0.15462394524365664
-0.15985367407556622
-0.16069857151887845
-0.20657754640924395
-0.21683844400104135
-0.2195463377811393
-0.22973989229649305
-0.25059901773929594
-0.26424142194287015
-0.2838015964407532
-0.30060321390628814
-0.302047956530987
-0.30681821009820853
-0.3172076910159376
-0.3225748634764126
-0.3288968996203039
-0.3313755042883713
-0.3365023495733112
-0.33868197351694107
-0.3495771372459785
-0.3535093804821372
-0.35381330211915457
-0.37778942902677953
-0.38220418684068136
-0.38222843032377163
-0.3871100724985202
-0.3871260647138115
-0.3880096393171698
-0.39010438142577186
-0.3903198183281347
-0.39787654591103394
-0.4039026434067637
-0.40980997221040527
-0.41186645483633455
-0.41248351633548735
-0.4130182690918446
-0.4130411373451352
-0.4137858348840382
-0.4141768990084529
-0.41611403970940347
-0.4172368822477438
-0.4187070135565591
-0.4231171294037874
-0.42393564495723696
-0.429290956701152
-0.42970664105710704
-0.43032575845718385
-0.43436188057863284
-0.43479257588939746
-0.43860740086438454
-0.4482195503177619
-0.45032207569747695
-0.4564271280129105
-0.45711208785360213
-0.4582471075959297
-0.4615195985229961
-0.4634962144540623
-0.4647392156933035
-0.4668906016418727
-0.4669081133615691
-0.4671666877386997
-0.4692424414184643
-0.4693885440938175
-0.46946957567706704
-0.47967318509108736
-0.4797545867440022
-0.47981474565785903
-0.48043003026262454
-0.4805849285097793
-0.48749592211020676
-0.4896307462318377
-0.4940314961464277
-0.5024277730361872
-0.5041742330155102
-0.5045981117739127
-0.5055992312772105
-0.5064816473221238
-0.5066874393055009
-0.5107419458217919
-0.5117016180884093
-0.5120969723910094
-0.5131031771500906
-0.5134513442404568
-0.5153803063556552
-0.5156559424578517
-0.5160137909930199
-0.5173972742735714
-0.518560346836845
-0.5188318729400635
-0.5192040870858818
-0.5206730171842082
-0.5212548111565412
-0.5235689171900352
-0.5238472194643691
-0.5245204120874405
-0.5261083255255572
-0.5268512084148824
-0.5302368529501109
-0.5303569290304689
-0.531268061683295
-0.5364909846519533
-0.5383301755147321
-0.5407901124890486
-0.5437608924681001
-0.5437783955598106
-0.5463445074903055
-0.548721355616749
-0.5513599574652679
-0.5516673574131548
-0.5527052704889613
-0.5551030524075031
-0.5552585645855288
-0.5563116063971062
-0.5576965765167887
-0.562816856322671
-0.5634163059294224
-0.5637078109635199
-0.5657621489590383
-0.5674427159958415
-0.5694776501373521
-0.5705995667412935
-0.5724393732234603
-0.574782693902105
-0.576434777783496
-0.5773800690304698
-0.5830849000718444
-0.5871588885784149
-0.5871735986610085
-0.5895622363314033
-0.5910111455414153
-0.59454715032027
-0.5962469383505069
-0.5986260593590008
-0.5992959129233401
-0.6001694502774626
-0.6009618674563626
-0.6016957551409077
-0.6035430963913148
-0.6045943483089408
-0.6055442238692195
-0.6134010712616146
-0.6162356957793236
-0.6183447516882047
-0.6200741908489817
-0.6201109488708122
-0.6207608443684876
-0.6213162695575092
-0.6216473689807268
-0.6226398238302083
-0.6244496188794854
-0.6248726444318891
-0.6255615688860416
-0.6321594849494951
-0.6363089801004987
-0.6377747097554115
-0.6381261427886784
-0.638786582602188
-0.6393424659967423
-0.6401529975278208
-0.6433134039398283
-0.6437777408088247
-0.6449704766273499
-0.6459609292840469
-0.6459781941404799
-0.6462104095439177
-0.6492440775036812
-0.6507085233461112
-0.6521525206044316
-0.6554479168897326
-0.6592201800861707
-0.6621337683216013
-0.6653094418870751
-0.6662008531275205
-0.6668432949865064
-0.669011247518938
-0.669781734634723
-0.6719004997155733
-0.6725278528809379
-0.6749079218367114
-0.675383090187097
-0.6762470539659262
-0.6782947062373361
-0.6792194843292236
-0.6820043025072664
-0.6828854018376861
-0.6831979365753276
-0.6833703715819865
-0.6837515047518536
-0.6852050794987008
-0.6860295974721129
-0.6882928025443107
-0.6882946205743657
-0.6893329937888161
-0.6894728866627702
-0.689563786610961
-0.692451435156337
-0.6946292223408819
-0.6951931564137339
-0.6962390879169107
-0.6964933802561669
-0.696842458926969
-0.6990256372955628
-0.7003409408032895
-0.7006343934684992
-0.7037375206903865
-0.7059184384500744
-0.7070417412453227
-0.7088613646628801
-0.7094412736594677
-0.7104852628092178
-0.7128396598622203
-0.7148780006915331
-0.7159756508855415
-0.7167225688269051
-0.7170000604105553
-0.719853900095716
-0.72114444791805
-0.721206137444824
-0.7231706829043105
-0.7232976524159312
-0.7276888617447445
-0.727759064598517
-0.727882430090436
-0.7323891334235668
-0.7332360367242169
-0.735186054992179
-0.7377665777069827
-0.7384582106124071
-0.7395772495573121
-0.7421152907481805
-0.7422872838942567
-0.7425247374763381
-0.7425660204025917
-0.7433964008931071
-0.7447440492687747
-0.7449332793864111
-0.7474310298831287
-0.7485506628743477
-0.7500149815532495
-0.7505526098539121
-0.7518236808828078
-0.7528745841946147
-0.7529989982414931
-0.7548361606895924
-0.7585963653691579
-0.7587970645166934
-0.7607115203079403
-0.7617161998990923
-0.7646879126317799
-0.7656857021605296
-0.768153293006536
-0.7695640292018652
-0.7701751857271625
-0.7724788433988579
-0.7776002945156506
-0.7797422895091561
-0.7829024759201894
-0.7834020195786204
-0.7847846845785776
-0.7853320518375507
-0.7861008142891579
-0.7864286273800056
-0.7865809847135097
-0.7890680031133732
-0.7898603356802091
-0.7911583964136968
-0.7974041981700187
-0.7976120330276899
-0.7976172893325454
-0.7977783523070124
-0.7993393161096205
-0.8005884488423666
-0.8015171298757195
-0.8022152894797424
-0.802419064627819
-0.8050716908881744
-0.8051894272017913
-0.8069151268573478
-0.8074221380054951
-0.8141102377461115
-0.8191003910576303
-0.820243064474198
-0.8229881463549558
-0.8230373960686848
-0.8247688650101607
-0.8283966332674026
-0.8293669790182321
-0.8296483635902405
-0.8365756206369649
-0.8378454222111031
-0.8380112637332159
-0.846334288517634
-0.8463354142731987
-0.8469415398892658
-0.8482481304811109
-0.8515758435158725
-0.8531813394662965
-0.8543029318874081
-0.8549373215064406
-0.8558529829606414
-0.8563807625323534
-0.8587601517792791
-0.8596694130450487
-0.8624323381809518
-0.8648756262846291
-0.8661229955032468
-0.8670195714948932
-0.8677060192828228
-0.8679652015368143
-0.8684884519496023
-0.8702944836446217
-0.8703320113612184
-0.8736143235000782
-0.8744639737594895
-0.8749782741069794
-0.8753822594881058
-0.877369562536478
-0.8783401735126972
-0.8784899143681884
-0.879877030919306
-0.8812801695118347
-0.8833022408018057
-0.8908110349745441
-0.891224476551129
-0.8924429953719178
-0.8933663763317822
-0.8990829444179932
-0.8993282757993646
-0.9001022993121296
-0.9072494991123676
-0.9108743845717981
-0.9140615225677764
-0.916205395013094
-0.9191987872123718
-0.9194638913364283
-0.9197532930449961
-0.9237713006635507
-0.9264778283735117
-0.9279062319771765
-0.9286543117376
-0.9306282414999275
-0.9316790096811018
-0.9351553129963577
-0.9354395678081866
-0.9411761860052744
-0.9430218920111656
-0.9459832753918818
-0.9481710183733515
-0.9612519601359963
-0.9615124055805305
-0.961604696826945
-0.9731534165766789
-0.9761675673487064
-0.98183448985219
-0.9820863446220756
-0.9835348538331816
-0.9843322020024061
-0.9944215590488826
-0.9991614465601742
-1.013750159697931
-1.017571967560798
-1.02472480604483
-1.025510424003005
-1.0337091054992198
-1.0363119320546292
-1.037474764831495
-1.0385382587555796
-1.0456701040267944
-1.0459198954371318
-1.047007306595333
-1.0475950986146927
-1.0479324825108052
-1.0486755552367686
-1.0496102692559361
-1.052140910488211
-1.0533918976783752
-1.05416902128814
-1.060613186409076
-1.0663003504276276
-1.0674745870637707
-1.0737500102259219
-1.0812591811021168
-1.0859376082080416
-1.086866459925659
-1.089417493281265
-1.0895442085457034
-1.0940179782143484
-1.09463592171669
-1.0975409867241979
-1.1038003772497178
-1.1106933717552845
-1.1190224605379626
-1.1216205946568931
-1.1226285828954794
-1.1272911103442311
-1.128886616138819
-1.1393241807818413
-1.1414909030427225
-1.1616446030184306
-1.1776516065001488
-1.1787919411435723
-1.1860998067835073
-1.1899537028123934
-1.1909365057945251
-1.2028949062029521
-1.2057831839451358
-1.2162299305200577
-1.2328628099833925
-1.2359103321408231
-1.2423395703197457
-1.2675880119204521
-1.2698351840178173
-1.270999742405755
-1.2786517323305209
-1.28475038590841
-1.292345165682491
-1.3081690296530724
-1.3197240827139467
-1.3231233979264896
-1.331266806460917
-1.3571294099092484
-1.3919833988893515
-1.400645645087934
-1.4059115052223206
-1.4090567827224731
-1.4277107119560242
-1.4587514102458954
-1.4638748157885857
-1.46626843418926
-1.4907291010022163
-1.5041658847767394
-1.5183117693910997
-1.522213190793991
-1.5289321541786194
-1.547568455338478
-1.563167728483677
-1.5893298983573914
-1.6629441380500793
-1.6911903265863657
-1.730672185619672
-1.733469922405978
-1.753084499524751
-1.8017174406753231
-1.8168025841005147
-1.8213458743412048
-1.946939788525924
-2.0200077838962898
-2.050100192873894
-2.175427907233825
-2.239761726697907
-2.2755005061626434
-2.356891542673111
-2.3702862066274974
-2.3802441209554672
-2.490702446550131
-2.505333758230942
-2.55681598931551
-2.5854640156030655
-2.588562524605853
-2.6181116104125977
-2.6229251985399364
-2.6912358199770097
-2.6936912536621094
-2.7291804503416643
-2.730598840668487
-2.80511474609375
-2.8598262667655945
-3.1994897290715016
-3.267450749874115
-3.27538725733757
-3.557995379989734
-3.664299259583155
-3.6904964447021484
-3.7056620121002197
-3.833340108394623
-3.8581724166870117
-4.2890654960647225
-4.410018102265894
-4.594581467506941
-5.058054268360138
-5.082205534126842
-5.329629421234131
-5.353265762329102
-5.700366020202637
-7.596808910369873
-10.31598949432373
-10.82485580444336
-10.840280532836914
