-4.1483970562694594e-05
-0.006760746293934972
-0.008177481380698737
-0.016964514856226742
-0.023256826028227807
-0.0372967740185004
-0.043195969654984116
-0.050155670405365525
-0.052561656232379995
-0.05485437698662281
-0.06828970589776873
-0.06900215098939952
-0.06956498292018409
-0.07213091664016247
-0.07596548093058572
-0.07849565371870995
-0.08035377186024562
-0.0864716344512999
-0.09402313890556495
-0.0980106727220118
-0.10852684857250097
-0.11351766536245123
-0.1147128772657311
-0.11687684009590986
-0.11799654814830597
-0.12060477904592996
-0.12208716620131731
-0.12492317478689882
-0.1264989260232369
-0.13476356931059855
-0.13696217460407448
-0.13780438620597124
-0.13784179708209193
-0.14034414972302328
-0.14444982690758176
-0.14490446567594972
-0.14785271528209024
-0.14804946227620044
-0.149921877136876
-0.15064741646589633
-0.15546788457431832
-0.1578625439433381
-0.15977800879048978
-0.15984013197444255
-0.1603029784746468
-0.16471869467095926
-0.16642353923437112
-0.16656636341940612
-0.16692554701067921
-0.17084556802556108
-0.17471151317725267
-0.17799488680126765
-0.17860814184841445
-0.18205752114386087
-0.1887415734181559
-0.18935092874380643
-0.18965009838565752
-0.1930642260348476
-0.19402327414401271
-0.19606792067989265
-0.19627033895577503
-0.20004437639466446
-0.2021157147569852
-0.20383628896935307
-0.20440006153439755
-0.20835905795684084
-0.20916847884655
-0.21022989165718778
-0.21030967589888405
-0.210311658680439
-0.2109038971364498
-0.2121577222880465
-0.21468417558609254
-0.21475501086637885
-0.21479430817998946
-0.21654360050498717
-0.2181481051915739
-0.21933125635975076
-0.22093855180102526
-0.22096584206773123
-0.22119751242741717
-0.22204382295268488
-0.22576821267255964
-0.22734706230056978
-0.2290017786800945
-0.23032232185101342
-0.23033688632258212
-0.23092786598863313
-0.23108175024362937
-0.2316368834385011
-0.23303852735062314
-0.23330574165444118
-0.23590754745528103
-0.2359742541775829
-0.23610343953814664
-0.2366606612048315
-0.23825889163191172
-0.23892855990561657
-0.24251982402856812
-0.24293600314257446
-0.24316908019464148
-0.2441357735169096
-0.24647579484515422
-0.2471019543091058
-0.249883615201054
-0.24994390783831477
-0.25112162088034595
-0.25314740257296026
-0.2534697646485115
-0.2543506431124811
-0.2564523657368097
-0.2566385492682457
-0.2571399112076084
-0.2573182253787915
-0.25833969313984134
-0.25840134211037885
-0.25845719598381883
-0.25978652373855765
-0.26044022464578476
-0.2609485039137261
-0.2611429877491901
-0.2620821593794972
-0.26422483908886596
-0.2648801581497537
-0.267687912686597
-0.26937581329782284
-0.2695323767644676
-0.2713507902225584
-0.2719344683080607
-0.2739003371958225
-0.27865958470205343
-0.28097304937000445
-0.2819879813006711
-0.2832385537136967
-0.2869501725945156
-0.2887305342201927
-0.28887112994561903
-0.29002656678289895
-0.2908715308115204
-0.29663724824786186
-0.29806092502079456
-0.30003023385334665
-0.3013229971534615
-0.30152544220760796
-0.30206900741904974
-0.3027994517340144
-0.30499434950408094
-0.30637776929643223
-0.30704567027278246
-0.3092800486014716
-0.30965287697624305
-0.3101662662750007
-0.31282387766987085
-0.3133889177851808
-0.31465403905604034
-0.3148510109223309
-0.3148914542709665
-0.3216528578646514
-0.32383628715138
-0.3251673422753811
-0.32557734395377336
-0.3262714510007451
-0.32651563325438065
-0.32677337651451427
-0.3279293041527126
-0.328191967980404
-0.3294635462489995
-0.3300206597195938
-0.33052702620625496
-0.33291428489607144
-0.33295973991043865
-0.3352401670999541
-0.3355205953367759
-0.3356227571131664
-0.3375744226311023
-0.33787365909665823
-0.3380407359767964
-0.33827576442835877
-0.33909720110241326
-0.33912710845979743
-0.3392099932195184
-0.33937390007622525
-0.33995748242523405
-0.34054377785356565
-0.34056507870845965
-0.3409163844771683
-0.34146918101760093
-0.3416183147013271
-0.34255665141002584
-0.34340954368235543
-0.34435262624174356
-0.34450071499512497
-0.3446608324136053
-0.34523586216668034
-0.34605993927034434
-0.34644904863934145
-0.3465228378273813
-0.34672446518264294
-0.34726647927891463
-0.34899891828131835
-0.3493832731619477
-0.3525145467544159
-0.3528356022046258
-0.35304829068481924
-0.354915256757522
-0.3560820178910425
-0.3583883133192501
-0.3609133535452808
-0.36148154031457125
-0.36354879056145567
-0.36364642779226414
-0.3641116328071803
-0.3649159795990424
-0.36505341673606606
-0.36605916123014737
-0.3674360170494765
-0.36948974288864317
-0.36986006344928823
-0.370210907008085
-0.37048736746822086
-0.3709210716964056
-0.37277956685211394
-0.37438278010486103
-0.37482591941952703
-0.37549916336450195
-0.3764662621189408
-0.37662231374950195
-0.3771802071851198
-0.377825905903996
-0.3787935511077194
-0.37912689151458573
-0.37928025619964956
-0.3809399954043329
-0.38105249910149724
-0.38130566083234246
-0.3848095032751644
-0.3869012559324411
-0.38695801484088105
-0.38799311648468715
-0.3886898883307974
-0.38892498301963013
-0.38909809369943105
-0.38955643602794227
-0.39274806997027556
-0.3928222273825668
-0.393483543603088
-0.39569598477932494
-0.3960347317392007
-0.39740566866107657
-0.3986330487241503
-0.3992399675771594
-0.3994611434667604
-0.39995952061791384
-0.40004368014633657
-0.4010345855242829
-0.40133141185992827
-0.40151901771862414
-0.4045014184984294
-0.40541540598114806
-0.40552582903385176
-0.40646377901655484
-0.4071018465793713
-0.40746062331729466
-0.4076928222493734
-0.41120859370566903
-0.4114717581420943
-0.4124346942174573
-0.41289860552205937
-0.4156022340887123
-0.41616833883754223
-0.41650427701017634
-0.418214416858973
-0.41941043925471605
-0.42007274107891135
-0.42290068008264825
-0.4243600079013656
-0.42523516712954007
-0.4266309584490955
-0.42872249103883014
-0.4293499903562969
-0.4329360917543454
-0.4330109543666367
-0.43310835572871537
-0.4356219569842021
-0.43630053475499153
-0.43697850286162065
-0.4370309611408124
-0.43810363931697793
-0.43894854684670764
-0.4392704194595404
-0.43965367963512564
-0.4397834796458483
-0.43985337438061833
-0.4402240028430242
-0.44028559016684693
-0.4413771731859015
-0.44139727149158714
-0.44206999335438013
-0.4424120154892282
-0.4426202949446936
-0.443300498843746
-0.4436544834945582
-0.44368258424901796
-0.4450259758159518
-0.44548609708934755
-0.44635464099701494
-0.4468837478198111
-0.4493920165114105
-0.4518460381368641
-0.4521044436258137
-0.45286397138261236
-0.45529717260926644
-0.45565599087894954
-0.4560694584506564
-0.4582866723649204
-0.4590101544378058
-0.45977405784651637
-0.46101542267813655
-0.46172071223346783
-0.46220307634212077
-0.4629116702029326
-0.46301957284952094
-0.4630259711896845
-0.4637338682281893
-0.4655443021886943
-0.46713006089521514
-0.4673036150634289
-0.4675970130600035
-0.4681030819192529
-0.4684181481437918
-0.46866680925741094
-0.46880982210859656
-0.4693327474993566
-0.4696971361550697
-0.4704197400424164
-0.4713185930417644
-0.4744038806696023
-0.476086749540021
-0.4762899032710785
-0.47761111919369015
-0.47922449842994863
-0.48148599949975807
-0.48270772791551686
-0.48272131104022264
-0.4839232430793345
-0.48744052852271125
-0.48775122265440274
-0.4881387282161995
-0.48865473566820583
-0.4898895627981498
-0.4930686578154564
-0.49336263289054233
-0.49442285529476065
-0.49465346629066126
-0.4949590032338165
-0.4954306823866708
-0.49728409777162597
-0.49749000451993197
-0.49758567509707063
-0.4981700786544631
-0.4983621231804136
-0.4991398543235846
-0.49928292645407574
-0.5001416217918242
-0.5010343309924272
-0.5011496645165607
-0.5016827924603907
-0.5019224755621204
-0.5022103722440079
-0.5033748872810975
-0.5047896603743235
-0.5049883497958945
-0.50526817932651
-0.5054309756482614
-0.5064085585618159
-0.5066353715956211
-0.5068773888966202
-0.5073281094504897
-0.5085514604247042
-0.5092905849118584
-0.5109171508345753
-0.5116227530874312
-0.5116420040527979
-0.5116980309830979
-0.5129540611322246
-0.5131134447328455
-0.5132184246821063
-0.5135538294911385
-0.5140697591123171
-0.5140706330130342
-0.5145118720829487
-0.5147673301398754
-0.5153927136270582
-0.5159636288881302
-0.5192137453705072
-0.519491480870004
-0.5203849266283214
-0.5205030733098587
-0.5206536238104372
-0.5206994204551675
-0.5208439055907851
-0.5223379442468286
-0.5229236870072782
-0.5234843206458858
-0.5238756023910073
-0.5239141677364795
-0.5246265062014572
-0.5258928160765208
-0.525919858366251
-0.5271146190352738
-0.5277055463978156
-0.5277440962069834
-0.5280772477226492
-0.5281832310720347
-0.5282362236881454
-0.5286386933345056
-0.5286934226751328
-0.5300287382884158
-0.5303707398790201
-0.5311131678172387
-0.5317216233169246
-0.5329566104337573
-0.5333113774249796
-0.5358806181611726
-0.5369580226339773
-0.5395163908600807
-0.5401292913427044
-0.5427368351291599
-0.544130059890449
-0.5442362745576371
-0.5462672613561154
-0.5463573514946094
-0.5473690102808177
-0.5476866632234305
-0.5482254351023584
-0.5490194767979639
-0.5492606181651354
-0.5494778467804735
-0.5507068371193277
-0.5508427492209843
-0.5516464982647449
-0.5527486419804128
-0.5544215408153832
-0.5549104928970336
-0.5590805555028575
-0.5610394864343107
-0.5613741192513771
-0.5616968133670253
-0.5622393433367506
-0.5625754782789348
-0.5640430245548487
-0.5647856632131152
-0.5663060395931723
-0.5663369988906197
-0.566346165452463
-0.5666981157368615
-0.567401686402656
-0.5674487771020722
-0.5676057753818375
-0.5676351551537664
-0.5681069215750085
-0.568240167877957
-0.570047508275214
-0.5704865509427951
-0.5710697128088214
-0.57195257069543
-0.5724317439987013
-0.5729198093925204
-0.5749907379698319
-0.5772756618680432
-0.5790198082290487
-0.5797591410228051
-0.5818043553200469
-0.5826017577201128
-0.5830369110442715
-0.5839151375273812
-0.5868545696139336
-0.5875694635135096
-0.590719291726117
-0.5921595149673522
-0.5921659953037306
-0.5930836751621303
-0.5933620020039396
-0.5933778981187581
-0.5935026612132788
-0.5940157220033547
-0.5948013707696062
-0.5957220372123023
-0.5972971918803615
-0.5979645300249103
-0.5987316287852688
-0.6000403342724894
-0.6003072270983466
-0.6007836147435026
-0.6011260381450744
-0.6015049361934265
-0.6020981805631891
-0.6022252226248384
-0.6026320953351387
-0.6028169983392218
-0.6029627993702888
-0.6053268880075646
-0.606597609911114
-0.6067623931190206
-0.6087080544190636
-0.6107322872998339
-0.6117215792975104
-0.6122932752239447
-0.6129714111900992
-0.6137793181929737
-0.6169043127447367
-0.6172633376786507
-0.6175458421368805
-0.6182869362693155
-0.6210128443005184
-0.6212244139363369
-0.6214367781455318
-0.6234669941011817
-0.6247423887252808
-0.6260010119677385
-0.626470790093208
-0.6273661181330681
-0.6274014549950758
-0.62788734390233
-0.6290367235196754
-0.631046925094779
-0.6311207658921679
-0.6313126843888313
-0.6319316422773732
-0.6350058927971987
-0.635311042269071
-0.636504502967
-0.6369387004071541
-0.6371796429157257
-0.6406462838252386
-0.6420347093849159
-0.6462536134890148
-0.6473331549903378
-0.647525963390113
-0.6481555186199128
-0.6489428837473193
-0.6497601109246413
-0.6514071549560564
-0.6516342527963085
-0.6519969148794189
-0.652134813306111
-0.6525138454728423
-0.6541596222668886
-0.6557913941464254
-0.6563988912473886
-0.6574659739853814
-0.6581468757552406
-0.6591999276890419
-0.659477095022703
-0.6606884356588125
-0.6612473577260971
-0.6632991858253566
-0.6640130216013252
-0.6644161251950007
-0.6647725815751723
-0.6675311411187673
-0.66783709709307
-0.6686393690761179
-0.669218166731298
-0.6709144934346634
-0.6736282595666125
-0.6740107521181926
-0.6744396642744606
-0.6759344616106578
-0.6780768567696214
-0.6792433208652905
-0.679716350696981
-0.6806690494219462
-0.681677382128934
-0.6850376246230943
-0.6865709061967209
-0.6870357843581587
-0.690524508866171
-0.690834173040154
-0.6926126480102539
-0.6940236410924366
-0.6956333291225576
-0.6965291947126389
-0.69695712038083
-0.697025191038847
-0.6976252779131755
-0.6985740087926388
-0.6989404812920839
-0.698964250939233
-0.7016602158546448
-0.7070312245050445
-0.7112209764974458
-0.7125516980886459
-0.713821159733925
-0.7177894152700901
-0.7180146234459244
-0.7186957001686096
-0.7193116040337676
-0.7206943013222542
-0.7225907687097788
-0.723712939186953
-0.7241588346660137
-0.7248594500124454
-0.7263558673160636
-0.7273222212291633
-0.7301325232588819
-0.7332911384291947
-0.7344962243999665
-0.7368568480014801
-0.7398103234979013
-0.7444002658128739
-0.7444198512627432
-0.7457731871141328
-0.7467528429503242
-0.7495739907026291
-0.7505037815343323
-0.7512033481150866
-0.7519220082554966
-0.7526494115591049
-0.7548332437872887
-0.7549909008666873
-0.7555039556963103
-0.7576311943786485
-0.7580776512622833
-0.7583501417189836
-0.7604350286225477
-0.7606290280818939
-0.7612613004942735
-0.7627893514931202
-0.769580809836043
-0.7697839699685574
-0.7720647164516978
-0.7771500900504179
-0.7780257522438964
-0.7794803738594055
-0.7805498038651422
-0.7815070109441876
-0.7838326834142209
-0.7849007828626782
-0.7854474609096845
-0.7869755297899246
-0.7889448185451329
-0.7910375080177801
-0.7983743110531577
-0.80062202612559
-0.8007213577628136
-0.8007870515187582
-0.8011430740356446
-0.8023578171851113
-0.8041488073766232
-0.8060369491577148
-0.8091172804124653
-0.8107923110947013
-0.8124254850877656
-0.8150115386117249
-0.8161832551871028
-0.8180805649608374
-0.8226689621806145
-0.8228881593095139
-0.823642427722613
-0.8243704252876342
-0.8274690387770534
-0.8275866401381791
-0.8298153940588235
-0.8303094618022442
-0.8309844389557839
-0.832453443452323
-0.8382314577233047
-0.8391643278300762
-0.8393611200517626
-0.8436936097219586
-0.8451647069305182
-0.8451991379261017
-0.8468963965773583
-0.8541743655999502
-0.8556088648736477
-0.8567197694908828
-0.8570484220981598
-0.8579162018722855
-0.8582575216889381
-0.8597610369324684
-0.8603223133832216
-0.863449327647686
-0.8639207184314728
-0.8649277953164918
-0.8685680098831654
-0.8756856280378997
-0.8764793798327446
-0.8794035445898771
-0.8899355232715607
-0.8907358180731535
-0.8931310805658411
-0.8978473879396915
-0.90036809630692
-0.9068690806627273
-0.9068716679854939
-0.9077286146581173
-0.9080853164196014
-0.9083673434332014
-0.9084563717246056
-0.9104135514547428
-0.9108217110236486
-0.9118299037218094
-0.9119214266902418
-0.9143919746081034
-0.9150221091113053
-0.9150768319765726
-0.9173221010714769
-0.9179450292140245
-0.9189226286835037
-0.9217525205681341
-0.9257116069396337
-0.9279849510639906
-0.9293511644471437
-0.9336793630136526
-0.9359102298816045
-0.9392441213130951
-0.939362110880514
-0.9406033586710691
-0.9410417415201664
-0.9417545114411041
-0.9429430117209753
-0.9461879154356817
-0.947709321975708
-0.9486567924420038
-0.9524254235439003
-0.9559054474035898
-0.9565254383321319
-0.9574935492128134
-0.9618078304920346
-0.9638053299859166
-0.9644674606776485
-0.965743713080883
-0.966049998998642
-0.9689671893914541
-0.9712330463031927
-0.9751567915081978
-0.9788664902249972
-0.9795948439277709
-0.9816440799972043
-0.9832486684123675
-0.9839835606515408
-0.9878402195870877
-0.9935747939161956
-0.9942660548200365
-0.9947055876255035
-1.0018101464956999
-1.0043603647500277
-1.007758417725563
-1.0085397642105818
-1.0093831593791645
-1.0129489344027307
-1.02112715907424
-1.0228585600852966
-1.0242579216137528
-1.0347981515030067
-1.0373538747429847
-1.0382115244865417
-1.0384634459624067
-1.0392444074774783
-1.0402281644443672
-1.0459308251738548
-1.0470745146274567
-1.0500462880978982
-1.0559971332550049
-1.0731545329093932
-1.074160036444664
-1.0768333441681333
-1.0861119776964188
-1.0862688362598418
-1.094699243704478
-1.0993079373406038
-1.105066501431995
-1.1071813644634352
-1.1145429991185665
-1.1145469943682353
-1.1163567006587982
-1.1182540612561362
-1.1201114393770695
-1.1205378346145154
-1.1218338183316519
-1.12563414121978
-1.1272346278031666
-1.1289724558591843
-1.1304616034030914
-1.1335625529289246
-1.1346656282742817
-1.1426585927605628
-1.1428793221712112
-1.1435300304243963
-1.1547466748290591
-1.1565723799169063
-1.1588505903879802
-1.1595141997313476
-1.161042880680826
-1.1750450332959492
-1.176218617707491
-1.1792469024658203
-1.180272564291954
-1.1843402187029521
-1.1868529590622832
-1.1885268776677549
-1.1917159780859947
-1.1935609156886737
-1.1940766721963882
-1.1989850444453103
-1.2048237125078838
-1.2070967249572278
-1.2159109537800152
-1.2185857319273055
-1.2188162729144096
-1.2201313972473145
-1.2228376975035644
-1.2242941074073315
-1.238175593316555
-1.2410355221945792
-1.2496167172988255
-1.2577575091272593
-1.2602684944868088
-1.2640175223350525
-1.2752901368907519
-1.2760178572498262
-1.279260415583849
-1.2808393115798633
-1.2814591929316521
-1.282468923338456
-1.289011082478932
-1.30075772292912
-1.3014957755804062
-1.3095858814485837
-1.3147175498306751
-1.318889352492988
-1.3417759548340524
-1.3460358381271362
-1.352238267660141
-1.3526647090911865
-1.3616196773946285
-1.3630671799182892
-1.3822128772735596
-1.3856914937496185
-1.3859381393995136
-1.3940289318561554
-1.4098576102460356
-1.4119186364114285
-1.4145843982696533
-1.414699763059616
-1.414813892217353
-1.4174181520938873
-1.427324681232373
-1.428198054432869
-1.43034162123998
-1.433304090052843
-1.4519468657672405
-1.458347866704571
-1.459946080676413
-1.4611590430140495
-1.4683160185813904
-1.4754641950130463
-1.482756748329848
-1.4845078587532043
-1.484777902873854
-1.491177854128182
-1.4995359877745311
-1.5013408362865448
-1.5100788176059723
-1.5124873806323325
-1.5225260615348817
-1.5249504053166933
-1.5290637388825417
-1.532410057882468
-1.535143792629242
-1.5374754071235657
-1.561552656814456
-1.5755584426224232
-1.5961269204708515
-1.5978545546531677
-1.6011328231543303
-1.6078911727915208
-1.6276884209364653
-1.6363970041275024
-1.6476168781518936
-1.6575158669729717
-1.6682263339559238
-1.6971970796585083
-1.7010636076641579
-1.716227650642395
-1.7244728803634644
-1.7276819059625268
-1.7346352686484654
-1.7560626864433289
-1.7636244863433603
-1.763770878314972
-1.7789756953716278
-1.7900950436790783
-1.7933191657066345
-1.7991385757923126
-1.799477458000183
-1.801491463246445
-1.8112150682136416
-1.8133798688650131
-1.8166815042495728
-1.820386899634741
-1.820604158565402
-1.8271228075027466
-1.8358103442539004
-1.851824313402176
-1.8524183068657294
-1.9040092825889587
-1.9108195796143264
-1.9220196569028
-1.9245040714740753
-1.930898129940033
-1.9327239990234375
-1.978321611881256
-1.9964971542358398
-2.021778952330351
-2.02779857814312
-2.05174358189106
-2.0666747093200684
-2.0745517171919348
-2.096527726855129
-2.1313963460270315
-2.140119057148695
-2.178743786799411
-2.240355383604765
-2.2724696919322014
-2.288319560885429
-2.3148388862609863
-2.3269938826560974
-2.3523159800097346
-2.358758457005024
-2.3813642958799996
-2.4129495546221733
-2.4178302586078644
-2.447238266468048
-2.4553684055805207
-2.474072462320328
-2.497336662063996
-2.5899587869644165
-2.6244269013404846
-2.682401716709137
-2.6878275088965893
-2.7148759762446084
-2.765047868092855
-2.8508986234664917
-2.858639717102051
-2.921654383341471
-2.951616430596914
-2.954397201538086
-3.127661943435669
-3.158938725789388
-3.1685847441355386
-3.169683770587047
-3.244215250015259
-3.2503741979599
-3.274090737104416
-3.3878709574540458
-3.476002852121989
-3.6759771534707397
-3.712811311086019
-3.724906772375107
-3.79166516661644
-3.8053061962127686
-3.8740075528621674
-3.920241355895996
-3.9855763912200928
-4.014434218406677
-4.030040860176086
-4.070108318643179
-4.113869572000112
-4.202673435211182
-4.64319372177124
-4.644647598266602
-4.7489845752716064
-4.8670032024383545
-5.753400802612305
-5.760933876037598
-6.469209671020508
-7.32943058013916
-7.417378902435303
-15.764050483703613
-17.15470314025879
-19.857210159301758
