-9.039009697886513e-05
-0.015659914782190754
-0.041143801528960466
-0.0802229966808227
-0.10091769818754984
-0.10171318331777002
-0.11464039920701836
-0.11941284030247819
-0.13725616984302177
-0.14172937587928963
-0.14606063219218868
-0.17642918570891197
-0.19465737514231782
-0.2028848844756787
-0.20826425476989244
-0.21187844557880453
-0.22691773100814316
-0.23328407604897924
-0.23329171538352966
-0.23805084243493693
-0.2442239488839927
-0.24730745781142463
-0.2504298271752911
-0.25683981387553656
-0.25883819190329643
-0.26026137109532216
-0.2606046783193932
-0.2627303637884211
-0.2660859890492926
-0.27093006646161255
-0.2713155166045778
-0.2810401244321838
-0.2844370818263542
-0.2865383192309248
-0.2873216859082035
-0.2882302538897932
-0.2912078780566312
-0.2915715177522982
-0.2923072345385213
-0.2931915707338244
-0.2939761183709682
-0.2941718982261656
-0.29997571597146916
-0.3090213699484593
-0.3109739725788093
-0.31250126670875034
-0.31796368898444444
-0.31904728950131234
-0.32010954046613393
-0.32108817838634424
-0.3214724479971537
-0.3246928748169677
-0.33082118486151396
-0.33084759535265107
-0.33128579176252515
-0.33471466424314006
-0.3357654646822823
-0.3370227716682581
-0.3374424256962855
-0.33809025426962763
-0.34090362272837443
-0.3420256616168082
-0.34208909965996603
-0.3422966455835998
-0.3447079794568708
-0.34493527328593243
-0.34689065796879326
-0.34874190931119287
-0.3536699144169558
-0.35517842296387414
-0.3552568922307665
-0.35570232638148086
-0.35749456980556715
-0.35825546839616607
-0.3597190291347311
-0.36179956410906733
-0.3618122627471159
-0.36319301091124395
-0.3640133298176096
-0.3665858676453898
-0.366971889634581
-0.3682631270156825
-0.37059517305177536
-0.370986585219258
-0.3745423034000844
-0.3756006044117157
-0.3764984552747649
-0.3770734625861216
-0.3779217947616303
-0.38495449686885763
-0.3851817442999163
-0.3863516265344187
-0.3867200054798256
-0.387250927717523
-0.38804491235480654
-0.38900830653594515
-0.3899160530410882
-0.3911562054270519
-0.39225738227825957
-0.39232802763532554
-0.3928553115725147
-0.39683661227827544
-0.3970733255021817
-0.39725266711300833
-0.3981109923186352
-0.40085421822159073
-0.40532056550964624
-0.40577535324628117
-0.40602574064395186
-0.4065977419298817
-0.4069118771508834
-0.4069477029394149
-0.4070773001341068
-0.41011556352349143
-0.4124672298548376
-0.4128013024792736
-0.41694877048333484
-0.41775927225413056
-0.4197275995375094
-0.4200904115956708
-0.42025496814385405
-0.4246523529389378
-0.42545702494585386
-0.4262222827722629
-0.4263426449615224
-0.4305430085318878
-0.4318216233851331
-0.43444074593779597
-0.4351238174582249
-0.4353545369695439
-0.43557010032236576
-0.43604599433838304
-0.4391712819665877
-0.4399018218342202
-0.44051884694229987
-0.4406916871666624
-0.4409888914837211
-0.44234061286647375
-0.4424847823227335
-0.44558932732978934
-0.45712698693371295
-0.4572233100589074
-0.4605430106424314
-0.4655652650773326
-0.4670838752875852
-0.4676334143423446
-0.468656191406269
-0.4692528423976101
-0.47048039446394796
-0.47212818334808543
-0.4740685036575149
-0.47522521947394125
-0.4753368846016071
-0.4767219421025135
-0.4771089523751958
-0.4772869359037161
-0.4775352676709493
-0.4776320006167225
-0.4782445028508341
-0.4806416208545177
-0.48092674561629184
-0.4818722583289154
-0.4828331429919975
-0.48292341649706333
-0.48865843484236393
-0.48866893859499216
-0.4973184301496076
-0.498217485172745
-0.4999367769388401
-0.5037735976484328
-0.5064195277310924
-0.506923437121764
-0.5069453395917549
-0.5162038764891783
-0.5171433741779765
-0.518918583221206
-0.5190525461685411
-0.5204262341867434
-0.5209166022630143
-0.5210528243323551
-0.5242579811337216
-0.5279618170570757
-0.532211225478394
-0.5341882811262622
-0.5352875045289693
-0.5370904964183865
-0.5420324461086714
-0.5430433382808587
-0.5432141230187529
-0.5452213612797878
-0.5487231521142664
-0.548877605690255
-0.5498812049627304
-0.55021259208429
-0.5543655470013504
-0.5567886507760704
-0.5589869144139357
-0.5622510805951606
-0.5636605745383148
-0.5647923225369595
-0.5670411716701993
-0.5686226542358781
-0.572103381086913
-0.5723082963086199
-0.5723574335368085
-0.573238745026174
-0.5735734685555371
-0.5757933110757482
-0.5854977583076106
-0.5855041819416505
-0.5868465004296013
-0.5889221034911836
-0.5894431211054325
-0.5908040055124729
-0.5912150567048229
-0.5935960733184231
-0.5962125686899526
-0.6021514025383762
-0.6033120374840261
-0.6046235220201197
-0.6050247451650128
-0.6050456645108776
-0.6065204395286855
-0.6094959209569121
-0.6096755359862333
-0.6127111213926734
-0.6154221418117232
-0.6174334731622366
-0.622024371520508
-0.6224361581470086
-0.622517595885256
-0.628969262043635
-0.630618532824883
-0.6307977808610303
-0.6326897626911685
-0.6345156430498037
-0.63658920605563
-0.6375889680833401
-0.6435278813257485
-0.6483559834072367
-0.6519679275079397
-0.6539266391579682
-0.654312793346738
-0.6549988957355838
-0.6556009229607298
-0.6641593473032117
-0.6651279866855475
-0.6668258232617518
-0.669926044686387
-0.6728666550964894
-0.6730517446994781
-0.6825004190080411
-0.6834868701310673
-0.6875402544028475
-0.6890402195276693
-0.6898613708706307
-0.6904195709372288
-0.6904645032614098
-0.6956110174448895
-0.6963501803489635
-0.6972093269396282
-0.7034113293666451
-0.7116284550252203
-0.7246006468261234
-0.7259491190314293
-0.7270387037196997
-0.7278705344870104
-0.7287375398445874
-0.7309524437061756
-0.7327543006613269
-0.7370474763059368
-0.7460822678237621
-0.7501131119352067
-0.7639363926573424
-0.7765058381716828
-0.7814983573480276
-0.7826215923996642
-0.7838406679220498
-0.7867493644201508
-0.7929095167666673
-0.7938675595622045
-0.7955375283830411
-0.7961045056277466
-0.7996496944948982
-0.8490301668643951
-0.8534454330801964
-0.8577825560156876
-0.8600717758759856
-0.8621469436920052
-0.8749822414365553
-0.8781073831021786
-0.8887138416990638
-0.8908313815481961
-0.8964187154197134
-0.901107235229567
-0.9050889015197754
-0.9061174411326647
-0.9152245569282969
-0.9265292093157769
-0.9274974250001833
-0.9282879383681575
-0.9348018144567808
-0.9400340608436408
-0.9451633989810944
-0.9459985556080938
-0.9488024314244589
-0.9515430331230164
-0.9640965114037195
-0.9683203001817068
-0.9706861705053598
-0.9747404586523771
-0.9772467218572274
-0.9793489053845406
-0.9859572052955627
-0.9993600863963366
-0.9996340563957347
-1.0043660804629326
-1.0165826082229614
-1.0205464682541787
-1.023832840844591
-1.027022769053777
-1.0278435811633244
-1.0301617581862956
-1.0360754821289446
-1.036423679440901
-1.0387919023633003
-1.0450770358244579
-1.0487700590553384
-1.0561824895354222
-1.0662546512612607
-1.0796255339616134
-1.082306140102446
-1.08522521937266
-1.0878807730812696
-1.1146827205084264
-1.1209729214509327
-1.1256918509801228
-1.1259225209554036
-1.1514448612979322
-1.1581051498651505
-1.1720572710037231
-1.1737141211827595
-1.1805652445182204
-1.1867151763290167
-1.190955638885498
-1.2089687883212719
-1.2107055932283401
-1.2150534312822856
-1.2320070769637823
-1.2497465312480927
-1.250708059335011
-1.2632096998859197
-1.2696385737508535
-1.2760882178942363
-1.2870864967505138
-1.2933806121349334
-1.2937534004449844
-1.3282471895217896
-1.3287903082867463
-1.3505175679795987
-1.3894668817520142
-1.4118376040132716
-1.5339214205741882
-1.5376232067743938
-1.5933054387569427
-1.6027718782424927
-1.6953555941581726
-1.7042441964149475
-1.7103466615080833
-1.7262987593809764
-1.751545990506808
-1.7636103928089142
-1.870571255683899
-1.8860140102915466
-1.886677861213684
-1.8949682116508484
-1.8962897260983784
-2.0320241451263428
-2.0784314274787903
-2.104275509652325
-2.1241626179180457
-2.238454982638359
-2.251020073890686
-2.381825113661762
-2.4570035918659414
-2.4881260991096497
-2.5708116411287847
-2.6461170725524426
-2.653281807899475
-2.6838707104325294
-2.784511413425207
-2.8423625245923176
-2.965540885925293
-2.9743419885635376
-3.028567314147949
-3.1180812269449234
-3.124976634979248
-3.161459445953369
-3.1736249923706055
-3.2795950174331665
-3.712275389994223
-3.7531481981277466
-4.185468957337434
-4.700264573097229
-4.729405403137207
-4.940023899078369
-5.740029335021973
-5.746057392141665
-5.774691581726074
-6.452628135681152
-7.106716632843018
-7.8927531242370605
