-0.00045980814578191104
-0.013397870815879287
-0.027791268405659746
-0.03612513141706586
-0.05263161319732035
-0.07225114355484645
-0.09091847389936447
-0.1254387932519118
-0.20292340764262917
-0.2077915440850655
-0.2108938224425098
-0.21102150400757738
-0.23258344783001425
-0.2695788681777534
-0.2765106802998001
-0.2898493921784393
-0.3047770609243563
-0.3081703260030129
-0.3095341154548805
-0.3168267790169921
-0.31865487733239206
-0.3187295372291405
-0.3190506206303528
-0.3232255323861864
-0.32444031016590696
-0.32972302676157766
-0.33359953189106556
-0.33774119229678945
-0.3388223569731963
-0.3417138977981722
-0.3420729158823243
-0.3427681499755029
-0.3447160473356648
-0.35556199167695013
-0.35565035427824676
-0.35884106283762474
-0.361453089957043
-0.36231530289775327
-0.3651242916274506
-0.3660622760653496
-0.3677177997136217
-0.3693502277556945
-0.3705378479058124
-0.3715461933926375
-0.3716537023894489
-0.37855946767376736
-0.3816512914606089
-0.38246513307094576
-0.3886345350241581
-0.3916337111679604
-0.3987126829304222
-0.3999475541493969
-0.4013250278554112
-0.4042029721313156
-0.40436793443474855
-0.4158921408590686
-0.4166649472899735
-0.42006664933293136
-0.4221773931501296
-0.4260136790341709
-0.42839306884291417
-0.42853990806179354
-0.43067112382407313
-0.43537906852240366
-0.43577160910430585
-0.4358039895543278
-0.43769369820714926
-0.4402418136583037
-0.4433188109192997
-0.44353535380034137
-0.4446412834936382
-0.4493949955955459
-0.45641163487962333
-0.4571367242524866
-0.4674116851337634
-0.4685388010201796
-0.4697622117545406
-0.47291457387407054
-0.4744152465800289
-0.4767220042794389
-0.479056081411909
-0.4799841277833496
-0.4809439512568393
-0.48104795591492194
-0.48349140423932113
-0.48361560932780295
-0.48676522457781174
-0.4868433723070969
-0.4921724200248718
-0.4943788368042685
-0.49469173943452915
-0.4961071134575832
-0.49617074284086765
-0.49683671742095614
-0.4976781854216824
-0.504530284513402
-0.504554464831017
-0.5078863783476967
-0.5087365775940876
-0.5092956078355201
-0.5129601269796694
-0.5152756190930632
-0.5157030067490143
-0.5178399045835249
-0.5181703484076934
-0.5214761233960417
-0.5235502905794419
-0.5252236667947727
-0.5275784808101889
-0.5287940979207633
-0.5292490202312669
-0.5304793085321892
-0.5408361443369358
-0.5416708782884396
-0.5423663632143871
-0.543306143002701
-0.5442568075959571
-0.545893539985021
-0.5488478181614482
-0.5494043334620073
-0.5505100065121142
-0.5511946561804507
-0.551569037274021
-0.5519159289071669
-0.5530446249945271
-0.5538752564280003
-0.5542864360283731
-0.5559775826340128
-0.5592186232614849
-0.5604177857797671
-0.56095736366658
-0.5614211724605411
-0.5658153625722662
-0.5708083279912697
-0.5724107567148167
-0.5739732987380454
-0.5750567916984437
-0.5751798168887035
-0.5775164939695969
-0.5831981257043398
-0.584277763501935
-0.5853424076719875
-0.5857990234425026
-0.585852286334557
-0.5862540131952301
-0.5867219554881254
-0.5873783434377401
-0.592494708893355
-0.5925145308073196
-0.5951044558431022
-0.5970628591478999
-0.6006042900826287
-0.6019693582008282
-0.606353093036887
-0.6064020762013652
-0.6067614926258103
-0.6070673437789083
-0.6086913285544142
-0.6109478741720522
-0.6121148617861764
-0.6129183703100849
-0.6136344633356202
-0.6150433301227167
-0.6157629884000926
-0.6160210991899172
-0.6165237360632587
-0.6185701342294325
-0.6192895848249059
-0.620076185738435
-0.6240363504323547
-0.6250442006955078
-0.6270061403512954
-0.6273339634437592
-0.6281107363821421
-0.6286818441003561
-0.6315192804890103
-0.6323962323833257
-0.6350757197072199
-0.6352689969866333
-0.6374323791824281
-0.6438994079283779
-0.6451775726810511
-0.6501623871070998
-0.6507198533363407
-0.6509018999910646
-0.6518443699329509
-0.6520650940947235
-0.6529995943565154
-0.6571824458902584
-0.6595046008057276
-0.6604959150362346
-0.6625326430585119
-0.662987904365582
-0.6651795228309412
-0.6680026953135894
-0.6692174647404399
-0.6693801227884251
-0.6698470299359708
-0.6717117626301289
-0.6728104891569403
-0.6754757637390867
-0.6755371792241931
-0.6761243617569562
-0.6764849394035991
-0.6795306914666851
-0.6801757526985739
-0.6812123387741545
-0.6817305035423488
-0.6823037955909967
-0.6829515697434545
-0.683961927704513
-0.6892321862163954
-0.6923379600862972
-0.6928225954373678
-0.6940383374807425
-0.6944150163346975
-0.6946110816465484
-0.695358481904259
-0.6960733814828147
-0.6989468054988802
-0.702643160850534
-0.7063334105536342
-0.7078050225973129
-0.7089092439273372
-0.7164685486608909
-0.7206762647353268
-0.7227389047750168
-0.726658409461379
-0.7267009322422382
-0.7273035077159875
-0.7300341879890766
-0.730492768995256
-0.7336616740503814
-0.734574055953999
-0.7347221710160738
-0.7358344252487379
-0.741002634720644
-0.7449302230670583
-0.7449829066430943
-0.7457288066158071
-0.7469953582622111
-0.749466041685082
-0.7520879821386188
-0.7527248694445007
-0.7531586868572049
-0.7542188987135887
-0.7559298416793657
-0.7606623363847446
-0.7639463529922068
-0.7731115046941568
-0.7741372195770964
-0.7756537185050547
-0.7757481016784108
-0.7856329707210534
-0.7874933844432235
-0.7885605754304379
-0.789880481272121
-0.793785998546001
-0.7961403006421668
-0.7994235681479849
-0.7996070237277308
-0.7996465840260498
-0.8016707301139832
-0.8056060078553855
-0.8085785267989195
-0.8103753137612936
-0.8151193554513156
-0.8255981917742853
-0.8296092205887867
-0.8332479557138868
-0.8339276352548041
-0.8342596560172145
-0.8381085253010193
-0.8381466196733527
-0.8397670092061162
-0.8404420373761761
-0.8421518004809817
-0.8429174496882802
-0.8447433311492205
-0.8473085688310675
-0.8479780694663835
-0.8483004782174248
-0.8501268546096981
-0.8573659722589784
-0.8577414048569543
-0.8586036911583506
-0.8586528747608619
-0.8587570929084904
-0.8631820179935958
-0.8658008128404617
-0.8668359266594052
-0.8694334998726845
-0.8708478758120464
-0.8725486952397559
-0.8735385606331485
-0.8773998990654945
-0.8787671841681004
-0.8790574590675533
-0.8820567569798894
-0.8821570456234945
-0.882184156565927
-0.8836117184773684
-0.8868976784853138
-0.8902856625150889
-0.8916155504328864
-0.8952376957301263
-0.8965700247458049
-0.896798488839219
-0.9088702220469713
-0.9102496774867177
-0.9172666130665069
-0.9202659664941686
-0.9202824631938711
-0.9256046957218912
-0.9309844337403774
-0.9319142655342147
-0.935334063321352
-0.9392425897531211
-0.9416526420308011
-0.9420585713814944
-0.9454942744535705
-0.9527876504675987
-0.9549328843364492
-0.9551034029573202
-0.9564044430319752
-0.9592469385825098
-0.9655954487621784
-0.9678744709527953
-0.9682857348982777
-0.9688152074813843
-0.9708852964187307
-0.9729854110519227
-0.9730990355213484
-0.9761926063025991
-0.9762411247938871
-0.9814512332280477
-0.9825254903116729
-0.9866688558831811
-0.9871794618666172
-0.9947412461042404
-1.004127449937692
-1.0058481264859438
-1.0091538016567938
-1.0098020049432914
-1.0141119730736439
-1.0149793451156646
-1.0212156467346682
-1.0237839461769909
-1.023851739242673
-1.029671385873371
-1.0375806488096715
-1.0416288502310636
-1.0473373322082418
-1.0487093308474869
-1.0565147914790682
-1.061893438487055
-1.0661199192206066
-1.0666027797851712
-1.067377661687455
-1.068496459726191
-1.0686089726264723
-1.0701017826795578
-1.0734439045190811
-1.0744165753324826
-1.0809245130047203
-1.0938020716421306
-1.1021695143232744
-1.1025585215247702
-1.1056077506393194
-1.1140591595321894
-1.1142390655440977
-1.1171648838665402
-1.1219946422081972
-1.1264450596645474
-1.1340740706771613
-1.1368140184453555
-1.143939658999443
-1.1441488661803305
-1.1494797334074973
-1.1530125122517347
-1.155738276863953
-1.1574635782885057
-1.1603681715491152
-1.1634338379837572
-1.1686249673366547
-1.1776022939011455
-1.1858682035235688
-1.1879847527481615
-1.1882958710193634
-1.19235360622406
-1.201509052887559
-1.201928368717846
-1.203318029642105
-1.2035122349858285
-1.2046983043663204
-1.2109814459900008
-1.2139015938155353
-1.2249357081018388
-1.240030387416482
-1.2516599557566224
-1.2551053670319259
-1.2596858069300652
-1.262651979657156
-1.2706679567694663
-1.2716152846813202
-1.2774603515863419
-1.2977677623741328
-1.3005838493506114
-1.3171184187134106
-1.3275195363288124
-1.3286609411239625
-1.3306236139357377
-1.3357917269070942
-1.3469418585300446
-1.3543747044168413
-1.3548064341121062
-1.3632560159811484
-1.3634825473030407
-1.3744934999073546
-1.392868548631668
-1.4135474425323384
-1.414575967316826
-1.4185791295021772
-1.4232450591965364
-1.4299176185159013
-1.439635956659913
-1.440446276217699
-1.4460043255239725
-1.4521396110455196
-1.4731741547584534
-1.5015134132866348
-1.504275418817997
-1.5156312685459852
-1.5182150937616825
-1.5339981938401859
-1.5349883387796581
-1.5471986125223338
-1.5493597995082382
-1.553011993567149
-1.5534514524042606
-1.5659082134564717
-1.5694930097088218
-1.5792374738957733
-1.6158266261804783
-1.6228789407759905
-1.6253970662752788
-1.629987645894289
-1.6338870069012046
-1.6410284638404846
-1.669589251279831
-1.6800258732400835
-1.6886187106370927
-1.696677067875862
-1.6975147813558578
-1.708710656190912
-1.714252124230067
-1.716115117073059
-1.7258439135870762
-1.7491557349761326
-1.7607496976852417
-1.762260541319847
-1.7914061322808266
-1.8067587614059448
-1.8131555199623108
-1.8134615023930867
-1.8168292924916993
-1.8255217159943034
-1.836315275169909
-1.8636611938476562
-1.868672490119934
-1.8707107231020927
-1.891606330871582
-1.8932225316762925
-1.9004616759048076
-1.9087096378207207
-1.969366764028867
-1.9702369114384055
-1.9734290838241577
-1.9928025798872113
-2.068971484899521
-2.097198039293289
-2.105960685759783
-2.111314665991813
-2.130182057619095
-2.1432446241378784
-2.146235201818248
-2.149399002393087
-2.149803042411804
-2.2226585149765015
-2.245856338801483
-2.2611616253852844
-2.2641134718433022
-2.266595721244812
-2.3153659105300903
-2.33189857006073
-2.38930113427341
-2.402046414092183
-2.4075525300595473
-2.4117379601375433
-2.42486306031545
-2.5275434578458467
-2.625605344772339
-2.6418904066085815
-2.6719575443615518
-2.876842899946496
-2.9201390882954
-2.93285404285416
-3.097375810146332
-3.124582886695862
-3.2344393730163574
-3.3068926334381104
-3.334493843605742
-3.8299412727355957
-4.036126075426637
-5.770735442638397
-8.006438255310059
