-3.858285829020739e-05
-0.004715037997812033
-0.007215405734586966
-0.010319492425225008
-0.010432426468469203
-0.011481515142280938
-0.011559381615370512
-0.018211289461760316
-0.02199637339003857
-0.02650887999879714
-0.02715398630061827
-0.03039850495718253
-0.03079784009605646
-0.03406758576911833
-0.03576178037712907
-0.03709138916564925
-0.0382524858796387
-0.04854383636265993
-0.049654772748905174
-0.06194511898646624
-0.08043031522538513
-0.0807037288284846
-0.09453349334671657
-0.10003020027102139
-0.10860144849236046
-0.10934737028825718
-0.11793145692596833
-0.11822587996721268
-0.12014761965415996
-0.1213769381865859
-0.12365874904207885
-0.12888014712336826
-0.1290138057956748
-0.1291255558782666
-0.13059716436202962
-0.13136732190027942
-0.13202925585210323
-0.1358217770854632
-0.13599297904507068
-0.13664596558858952
-0.14394702773764026
-0.14535191810379425
-0.14599604711109748
-0.14849690757982897
-0.1498974710892071
-0.1515831595477487
-0.15917558347185454
-0.15982640100022158
-0.1631434658420403
-0.1674810987788078
-0.17181918522564957
-0.17467356650174615
-0.17680536424404636
-0.17840551723525286
-0.18760437941708524
-0.19119712820852897
-0.19390596010780428
-0.19593467986741026
-0.19734905334189534
-0.19868968777807083
-0.1994685057298656
-0.20014539454132318
-0.20470645951449265
-0.20487920815018393
-0.2056442734265147
-0.2061146627711395
-0.20920337937656086
-0.21053388636208106
-0.2111915053445854
-0.21429355332737524
-0.21633630010421712
-0.2188809751532322
-0.22406017984940263
-0.2272968269127773
-0.2308567266769387
-0.23549142683568788
-0.2378802191065887
-0.2380358062291208
-0.2399640770381552
-0.24137378723415687
-0.24777199799099334
-0.24940700268451793
-0.2518350283336683
-0.25251854307934707
-0.252565601271606
-0.25278239378045936
-0.2537184999204701
-0.2537978241507517
-0.2574934064541594
-0.257637437731276
-0.2586270877363859
-0.2589061944963646
-0.260658048728601
-0.26291846317651235
-0.2632989654870471
-0.2697054843493889
-0.2735610377973899
-0.27546946013990237
-0.2764566273767059
-0.2784547179937363
-0.2822615494415004
-0.28232088809050043
-0.28281885714459065
-0.28678699399427965
-0.28708407066167435
-0.29032333982171393
-0.2928292938039603
-0.2934573701735796
-0.2951302771369114
-0.29530287878151285
-0.29539355146361185
-0.29549225390332545
-0.29570799427627165
-0.29654112380616954
-0.2969183874883356
-0.2972122660200888
-0.29785739473300055
-0.3003751792658867
-0.3012757094298649
-0.301494712938802
-0.3019544067113505
-0.3024590277099588
-0.3028122737148743
-0.30384932408491394
-0.30413977733068304
-0.3066211141569616
-0.3073055287698594
-0.3086127103596937
-0.3095167130273434
-0.309820004202993
-0.3101682624289933
-0.31088034893844946
-0.31115364250354105
-0.31231625851958394
-0.31276497594080865
-0.3135959470522721
-0.31393828864788376
-0.3145424232177675
-0.31488522614377246
-0.3151260813463068
-0.31630003415452845
-0.31686642953405275
-0.31829241517983464
-0.31835829200411225
-0.3191141345002491
-0.3201287770610179
-0.3220897146674765
-0.3225915115785483
-0.3230557286603601
-0.324488744389617
-0.32502204045881844
-0.3255853120579862
-0.328597485479501
-0.3294512479042112
-0.3296128493292372
-0.3307743937032986
-0.33121765940898384
-0.33172102897970035
-0.3317563282733261
-0.3328804700111448
-0.33294593666666905
-0.3339989666515824
-0.33433116751331227
-0.335002393949253
-0.33531583165399426
-0.3380672001205514
-0.3380905438590477
-0.3384713159852658
-0.3388220454965319
-0.3400854800092503
-0.34164854150723206
-0.341702310759951
-0.3436836976590712
-0.34456559270620346
-0.34486215236447604
-0.34491947073547635
-0.3452600652073367
-0.34545662072202876
-0.34553618203576014
-0.3470048689131805
-0.34776240143107773
-0.34930492368558436
-0.34955031976590234
-0.3497538401763336
-0.3509225410496583
-0.35128484784110225
-0.3513753444975009
-0.3537427407021049
-0.3549383562486582
-0.3569447290728647
-0.3580687395629606
-0.3592440413102622
-0.36078006135066343
-0.36098637881262147
-0.3614520502705574
-0.36234284626612456
-0.36353206316221076
-0.36427253898791606
-0.3652200566855474
-0.36534604056300046
-0.365417278672864
-0.36610331387382755
-0.36616188996170723
-0.3664935437924214
-0.3670652758612505
-0.36931675528819596
-0.3693403250090057
-0.36985313873483394
-0.37280789007005904
-0.37293186930251065
-0.37554353883509367
-0.3765786052478006
-0.37698668868483765
-0.37726728530385745
-0.37758119792685346
-0.37831451848463377
-0.3799445355543867
-0.3808045868121098
-0.38354937682103696
-0.3845489861005515
-0.38519370032004474
-0.3862703037965629
-0.3873089273336821
-0.3883001759291801
-0.38849562617434896
-0.38855282912206235
-0.3886112956545101
-0.3892647083848715
-0.3900849404650216
-0.3901129078905171
-0.3906628039904313
-0.392356444095185
-0.3924856280953261
-0.3926751859740357
-0.39283459822761413
-0.3951916912336974
-0.3952920474452185
-0.3967896030517295
-0.39693670897314504
-0.39775580164587154
-0.39910905714405087
-0.39928708287576836
-0.39942485876381395
-0.3994461533093272
-0.4007648252634567
-0.4034313813220554
-0.40390484450560393
-0.40571998859036285
-0.4063228440831558
-0.4069572536507053
-0.406967597379105
-0.4081459912607291
-0.4086007500203171
-0.40867489785664474
-0.4107090335158864
-0.41090070801034856
-0.41115738870576024
-0.41223275737502263
-0.4131001943688716
-0.41408797067450515
-0.4148731847946692
-0.41598402982322114
-0.41703394226107093
-0.41706483917576925
-0.41848759503227484
-0.41850344153742
-0.41880683002073055
-0.41988336464305576
-0.4202573993212094
-0.4208628242703867
-0.4215742705161271
-0.42239697447314484
-0.42282877429388466
-0.4230570785917128
-0.4240565786231309
-0.4240940144517822
-0.42459015436811065
-0.4254130338111584
-0.42850575083554887
-0.42866517106692
-0.42905329769170447
-0.4314293476159037
-0.4324581206034054
-0.43340236567160495
-0.43347004742827266
-0.4347150133180122
-0.4348619673446592
-0.43487108075108455
-0.43671144757942265
-0.4390874304808676
-0.44027523603288615
-0.44065763921627066
-0.440803428858635
-0.44125926278824784
-0.44313362009878193
-0.4446984267968105
-0.4453662188704281
-0.4461040856037168
-0.44643185815783165
-0.447130819471757
-0.448158883123142
-0.44853509108647815
-0.4485804909566338
-0.4488659537571834
-0.44990737456828356
-0.4511089827865362
-0.4524567226180807
-0.4526497394083246
-0.454814875172675
-0.4552758189933128
-0.4555412951366717
-0.4556552240812077
-0.45668126500003936
-0.4627413020965226
-0.46295723708124115
-0.4637499844809229
-0.46500615367763487
-0.4654076736879233
-0.46628809738696947
-0.4664733503059324
-0.46774336961763247
-0.4681165260963098
-0.46844980026435223
-0.4686140885040004
-0.469053481166975
-0.4703630883277583
-0.47146402347350147
-0.4747006362938139
-0.47475530323199566
-0.47528479417410885
-0.4754875667287986
-0.47564055674720296
-0.4767650959920502
-0.47856049540496315
-0.47868065219861616
-0.48268953252651337
-0.4829161102713572
-0.4831049536987848
-0.4845011718571186
-0.4848191931949259
-0.486194646229702
-0.488724680450062
-0.4888150375795249
-0.48951478696542383
-0.48967976277281194
-0.49009384189399235
-0.49135045606298416
-0.494245881046254
-0.494392880860687
-0.49525624045696126
-0.4957969697170029
-0.4967936740150175
-0.4974737853044644
-0.4976173388989385
-0.4989463828113306
-0.5006825660044948
-0.5009949887137737
-0.5035705922746239
-0.5056858197485745
-0.506220588358436
-0.5067110886260707
-0.5083948256861832
-0.5086047953438083
-0.5111701476089365
-0.5143234133720398
-0.5179223846644163
-0.5204078786720336
-0.5206560641632677
-0.5210936161599496
-0.5217491637876265
-0.5270261713961061
-0.5281476369123462
-0.5305970328917908
-0.5315396177232591
-0.5318169532108641
-0.5370483646790186
-0.5398000393595014
-0.5431146989479506
-0.5435143294717477
-0.5457066787006397
-0.545730873913247
-0.5484523247826777
-0.5484644480340422
-0.5486861620070158
-0.5493286719956814
-0.5494047440588474
-0.5505742914942352
-0.551198233451162
-0.5514761304457352
-0.5540585535588131
-0.5541357688198142
-0.5549815138022419
-0.5549897771524712
-0.555251812742199
-0.5601402091779051
-0.5613662054141363
-0.5619486989453435
-0.5635816194502846
-0.5639343517832133
-0.56527387984097
-0.5661604946944863
-0.5673569817154203
-0.5685440998567705
-0.5735550066456199
-0.5761076908601884
-0.5801982944831252
-0.5817337233347644
-0.5820975296353156
-0.582693933035595
-0.5856453987235325
-0.5886335507839249
-0.588812275100476
-0.5927050346508622
-0.5934722721576691
-0.596821302125439
-0.5979403924096308
-0.5982279437457692
-0.5994288845650872
-0.6013728040034039
-0.6017282774804092
-0.6022683903574944
-0.6040377510653343
-0.6057596706432342
-0.6074360757265822
-0.6080177156254649
-0.6082029490886119
-0.6093535683809412
-0.6108410116696177
-0.61115195757399
-0.6138430855103901
-0.6151869562454522
-0.6162216384193016
-0.6164439120329916
-0.6203547537326812
-0.622737318277359
-0.6238464609569847
-0.6239170874313231
-0.6257037868102392
-0.6334993892596685
-0.6354576157672065
-0.6407038401812315
-0.64226779769524
-0.6427984737438202
-0.6429568082094193
-0.6434523714706302
-0.6494579249463186
-0.6533204408575747
-0.6539326828431967
-0.6542542846125018
-0.6548503673238848
-0.6559745164801333
-0.6605373322963715
-0.6656339007046578
-0.6703030896740529
-0.6706891559642791
-0.6721797327377966
-0.6733805790543557
-0.6786699176736833
-0.6820630317862045
-0.6844987869262695
-0.6888685545459745
-0.6926476657390594
-0.6951377039749786
-0.7071154990699142
-0.7072315220721066
-0.7075786825680552
-0.7092741392552853
-0.7105367481708527
-0.7197385951838442
-0.7201169443627199
-0.7223215701669687
-0.7238761575390527
-0.7299776067957282
-0.7348323456943036
-0.7367632235400379
-0.7406163357112965
-0.7438785750648094
-0.7454111166298389
-0.7562331495573744
-0.7562733811015884
-0.7581140892433496
-0.7589761931678367
-0.7629779479199215
-0.7637913416446054
-0.7660841932516101
-0.77208160108421
-0.7725387109909206
-0.7763622435275466
-0.7776634341080353
-0.7789740011794493
-0.7826507687568665
-0.7887907475233078
-0.7901910604763543
-0.7915591841538117
-0.8011308833156363
-0.8049759149551392
-0.8196820885184073
-0.8213917384855449
-0.8218098223209381
-0.8222684413194656
-0.8258486464619637
-0.8267382085323334
-0.8308951395800729
-0.8334191532339901
-0.8372508570551872
-0.8387184157036245
-0.8402740232646465
-0.8413560781627893
-0.8428350587685903
-0.8435542187653482
-0.8496528466542562
-0.8500996403396129
-0.8522232245653868
-0.8548135639139177
-0.8572231183449427
-0.8582729821209796
-0.8646798133850098
-0.8660245630890131
-0.8699848023243248
-0.8732230663765221
-0.8761910572648048
-0.8837614804506302
-0.8868565700862965
-0.8874718262595666
-0.8888568207621574
-0.8931298915296793
-0.8999093908932991
-0.9016348272562027
-0.9032697350027823
-0.9068546208242575
-0.9093136545270681
-0.9125284194946289
-0.9152850539987867
-0.917674913922383
-0.9191897362470627
-0.9200743958353996
-0.9271821804344654
-0.9333667308092117
-0.9350872769740818
-0.9369047724952301
-0.9433265114164897
-0.9445616527678794
-0.9474309344465534
-0.9634036347270012
-0.9673192799091339
-0.9817871684208512
-0.99263059720397
-0.9950304627418518
-0.9955121998679886
-1.000917749479413
-1.0090837279955547
-1.0111409177382786
-1.0229726135730743
-1.0455498695373535
-1.0572484195232392
-1.0735986815416254
-1.0891065547863643
-1.0903119620779762
-1.097132128663361
-1.1033459443406173
-1.1145993079990149
-1.116036295890808
-1.1177047402597964
-1.1181453466415405
-1.1240540444850922
-1.1241818765799205
-1.1248891009017825
-1.1301024444401264
-1.1303336520989735
-1.135840811766684
-1.1388551890850067
-1.142871556803584
-1.143439676379785
-1.1480680604775746
-1.1484297194207709
-1.1505806694428127
-1.1531518995761871
-1.160726871341467
-1.175478327423889
-1.181863859295845
-1.1828603770894308
-1.1830380619503558
-1.1858408848444622
-1.1894107598618575
-1.1931886076927185
-1.1958642801037058
-1.198003155644983
-1.2302449718117714
-1.232269055704819
-1.2420776517694776
-1.261025397727887
-1.2776590585708618
-1.2858300308386486
-1.3029853709740564
-1.3077763767796569
-1.3171938561523955
-1.3327707201242447
-1.3331064283847809
-1.333213293614487
-1.3556866366416216
-1.3630918587247531
-1.3788562212139368
-1.388208066423734
-1.3919670184453328
-1.3922772407531738
-1.3977326484030073
-1.4216579993565877
-1.4228544868528843
-1.425334746638934
-1.4279452462991078
-1.439028561115265
-1.4670248627662659
-1.4731508890787761
-1.5395539999008179
-1.5520433170177057
-1.5574593655765057
-1.5831014967213075
-1.58373535098508
-1.588671611621976
-1.5905583350918278
-1.5963172763586044
-1.6090462291613221
-1.6340872601552594
-1.6463285787863242
-1.646665764041245
-1.6615818267067273
-1.6812928915023804
-1.6813717633485794
-1.714082657941617
-1.7308734625791355
-1.7317697533095877
-1.7364482724047776
-1.7420781254768372
-1.7434295068184535
-1.7479194402694702
-1.7516331849619746
-1.769003301858902
-1.800662671526273
-1.8085210919380188
-1.8147326507081742
-1.8381736800074577
-1.842387929558754
-1.8537590012329475
-1.8854321241378784
-1.898470812710002
-1.8997311507642736
-1.9257108569145203
-1.9298580288887024
-1.98647803068161
-1.9911511893951683
-2.032315030694008
-2.1104913130402565
-2.124861732709784
-2.404813937842846
-2.448168858885765
-2.5089652612805367
-2.729575778997969
-2.744888892280869
-3.0427166670560837
-3.3588085543985167
-3.3772005992505
-3.4487299856264144
-3.533871009014547
-6.013668944302481
-6.031427919269845
-8.131532669067383
