-0.0005714762470840166
-0.00741866699536331
-0.03173583676107228
-0.031815328751690686
-0.0331984534568619
-0.053895441748318264
-0.075440422204944
-0.08391421288251877
-0.11171693878228932
-0.12684388758082474
-0.12845946301240474
-0.12876533472929927
-0.1358208825407928
-0.15090208513429387
-0.15890862430387642
-0.1748591301502529
-0.1820279839662362
-0.18670744695035474
-0.19070492452010512
-0.1940166987055818
-0.1988904196663902
-0.2030994322926477
-0.20768428407609463
-0.20808377517096233
-0.21102309595289626
-0.21181040791755854
-0.21292218368413765
-0.22855382211128017
-0.23030549380928278
-0.23299373500049114
-0.23593809756166592
-0.2433569855337636
-0.246730649238998
-0.25493175303563476
-0.26170232923302844
-0.26801414143067503
-0.2735109422937967
-0.2806756369827781
-0.3055459433118813
-0.3134080006275326
-0.3201649135314963
-0.3204049430536947
-0.3215342207113281
-0.3223088267859566
-0.32345704071067305
-0.32857702540382483
-0.33333511169520436
-0.33534515102110163
-0.33747920286096533
-0.3375231088371947
-0.3391297842242946
-0.3400768251158297
-0.3401683845743156
-0.34331658546256627
-0.3440766521649995
-0.3459652006374836
-0.34811409831522994
-0.3482685383092353
-0.3529265021208721
-0.35715912250195875
-0.3597362658856582
-0.3602280587163897
-0.36380686637130566
-0.36678625506379725
-0.36942972131649954
-0.3715290628024377
-0.3722754705101171
-0.37325973164063597
-0.37524298191904865
-0.37782309854057905
-0.38390503291157074
-0.383970517300584
-0.3854034908498371
-0.38630165040376596
-0.3866924854151684
-0.3867240180811172
-0.38749946813913994
-0.38801871021132683
-0.3882582147473133
-0.38901854027062654
-0.39227138296701014
-0.3938883634200465
-0.39525023713940755
-0.3958877825018135
-0.4004916093711342
-0.40677218292112227
-0.40906699368497357
-0.41150942125594675
-0.41313021729001775
-0.4133980319812609
-0.41572141082724556
-0.4162099689484522
-0.42614449338159627
-0.4263610867258952
-0.4292716198186908
-0.4312316859863391
-0.4314036922811023
-0.43222436401993036
-0.4345566421514377
-0.43702810344984755
-0.43806085267195677
-0.4384524405338905
-0.4402390793764223
-0.4411420130345505
-0.4424808182520792
-0.44346920400546097
-0.44964042932648834
-0.4529751308302646
-0.4533672644091504
-0.45355392648811704
-0.45509391438099556
-0.45510548011710245
-0.4565525094343944
-0.45718919755745446
-0.4578186803416126
-0.4589515024451678
-0.4601990021342317
-0.46070145655955586
-0.461169110441171
-0.4616140396875797
-0.4635585412421885
-0.4653624521689653
-0.46568098152056336
-0.46683724310939095
-0.46707064379006624
-0.467164642381249
-0.46730093158280045
-0.467491181439734
-0.46785279989708217
-0.46923374133553886
-0.4693119049523375
-0.4693120358051601
-0.47021159096746284
-0.4716258048264618
-0.47215054532612805
-0.47237491612177107
-0.474220900585874
-0.4749557211762294
-0.4752940943581052
-0.47614109693883866
-0.4787665241938157
-0.4798554632670857
-0.4803791996756835
-0.48771363394977624
-0.48772870934723567
-0.48917687822831796
-0.48955766993105954
-0.48969303118065
-0.49280202879370855
-0.49378666414931005
-0.4944380239053127
-0.4951292202394042
-0.49521835210422677
-0.49635858921748066
-0.49689684490610825
-0.4977111853236238
-0.49780058819451367
-0.500241601511974
-0.5028373029048089
-0.503889778795253
-0.5042872543537177
-0.5045146583428571
-0.5048676073395958
-0.506188801467772
-0.5075462391832843
-0.507619208769433
-0.5080606134524714
-0.5087926058199715
-0.5094705532169428
-0.509711836082829
-0.5111396328546107
-0.5112975732085437
-0.5157220890978351
-0.5202228598212099
-0.5203980246733408
-0.5228387162162107
-0.5237062147077397
-0.5238151960074902
-0.5241293035877688
-0.5260131359100342
-0.5267335407999261
-0.5289604906477811
-0.5296324197202921
-0.5302148377057165
-0.5321479604269067
-0.5324498813270548
-0.5354008373324177
-0.5355801339785102
-0.5368916962973096
-0.5382232554547954
-0.5401655936536068
-0.541779548006889
-0.5428642930113711
-0.5440460849902593
-0.5442117557002348
-0.5445473841391504
-0.5457862075418234
-0.5460499638159361
-0.5461736915633082
-0.5555108695860125
-0.5607645440447543
-0.5661234555096598
-0.5698957443334317
-0.5701710611942674
-0.5711775565442319
-0.5714817980981686
-0.5733283681755792
-0.5733651237128975
-0.5751720502351721
-0.5759585154024535
-0.5768808216719966
-0.5781843543823925
-0.5783235908325878
-0.5792214811954182
-0.5801465730182827
-0.5827488853901741
-0.5831439375760965
-0.5851016386295669
-0.5870584298681933
-0.5872220161731805
-0.5874529029406403
-0.5881454274989665
-0.5883610745271047
-0.592583673592243
-0.5934481449881527
-0.5947953979935846
-0.5953908496529847
-0.5954395451619902
-0.5984114522356182
-0.6007937714530271
-0.6008613636950031
-0.6051917966615292
-0.6055684846295561
-0.6059174966067076
-0.6091273800203842
-0.6092699568770412
-0.6121772677610352
-0.6140403003664687
-0.6149609569925815
-0.6163967802422121
-0.617990988191741
-0.6184101410210132
-0.6186380916381798
-0.6234406973759178
-0.6268865404029688
-0.6303253960097208
-0.630512790391448
-0.6311887960570554
-0.6336673806285944
-0.6386665031313896
-0.640045111740215
-0.640105120051885
-0.6422702595664305
-0.6448072822764516
-0.6468216860434041
-0.6526365197787527
-0.6530622746795416
-0.6531063448249673
-0.6532094017835334
-0.6558564340695738
-0.6581908509208005
-0.6586440818630055
-0.6647413650498493
-0.6654648718802492
-0.6667330991476774
-0.6693647671490908
-0.6695873280945567
-0.6732337392459158
-0.6821305946214125
-0.686229961613814
-0.6877313978944181
-0.6905013845302165
-0.6927183728225322
-0.6933969936799258
-0.6936887592940669
-0.6939878757394682
-0.6947404788289633
-0.6999089941964485
-0.7018848226405681
-0.7031089377880562
-0.7066309377936532
-0.7175349007225122
-0.7177161327045825
-0.717996618594043
-0.7184397116458664
-0.7187183196139004
-0.7191822616732679
-0.7235081590978163
-0.7237704710901848
-0.7303055386550518
-0.7319587070698617
-0.7324523684413483
-0.7347093911043235
-0.7393245139225785
-0.7459349617129192
-0.74710899933901
-0.7479633550024118
-0.7500713755434845
-0.7518840564938728
-0.7521812895623347
-0.7632108459947631
-0.7689147361088544
-0.7690324957172076
-0.7722665816545486
-0.7746145023556892
-0.7766282691212837
-0.784924304485321
-0.7855472521945818
-0.7892069401859771
-0.7897731588222087
-0.7945429704640345
-0.7962087044492364
-0.8060604067286476
-0.8069996062614437
-0.8072587134229252
-0.8081755688181147
-0.8101536322850734
-0.815359959640773
-0.8162336653331295
-0.8183919387403875
-0.8185457409708761
-0.8188645915264109
-0.8203020863147685
-0.8219944917946123
-0.8252749545499682
-0.8292773067951202
-0.8306833499421676
-0.8312651119660586
-0.8401707019656897
-0.848625942269185
-0.8518241672834848
-0.8522967441356741
-0.8636153017481168
-0.8733635837852489
-0.8829313982278109
-0.8878983043759945
-0.8883988451731663
-0.8909874257764646
-0.894457922472308
-0.8962941193280535
-0.8986394232415478
-0.8996037443284877
-0.9009408889105543
-0.9016068751458078
-0.9017302938903283
-0.9017644591097321
-0.9023147564439569
-0.9054389484226704
-0.9060041934862966
-0.9120883127208799
-0.9123881428240566
-0.9191203065696755
-0.9230435338802636
-0.923646660608938
-0.9237742080586031
-0.9265284671758612
-0.9314974596103033
-0.9407775538663069
-0.9426033342024311
-0.9437272854265757
-0.9468698435100831
-0.952444776892662
-0.9553748766581217
-0.9569261372089386
-0.9594762350122134
-0.9694131642657643
-0.9729196091315576
-0.9751970774668735
-0.9785679660659904
-0.9786363746505231
-0.9817401568094889
-0.9820891556640466
-0.9919633658913275
-0.9944403177748123
-1.0097398173063994
-1.0105094037862727
-1.0113847570360772
-1.0127841128102903
-1.0141844684141688
-1.0163103086379124
-1.020478959420062
-1.0228850664570928
-1.0331739163250728
-1.0335984997363994
-1.0336792837828397
-1.0410348013043405
-1.0618798236052196
-1.066124243744915
-1.071349129380126
-1.0926050360314548
-1.1352939251810312
-1.1418551846873015
-1.1442826514103217
-1.1538190642992656
-1.1650623874389567
-1.2062782319262624
-1.2068628328852355
-1.207177267210292
-1.2235079069796484
-1.2308297157287598
-1.2406580289825797
-1.2424067919297765
-1.2464631762122735
-1.2507975174064216
-1.2567786807776429
-1.2748145456758462
-1.3242182570344692
-1.3391878604888916
-1.3502783225391926
-1.355459876358509
-1.3574720707722008
-1.403852492570877
-1.4168300183179479
-1.4211643275484676
-1.4310147737152874
-1.4327260941111792
-1.4471122205257416
-1.4522140872043867
-1.4534248411655426
-1.4764167060299467
-1.4801892612595111
-1.4929136257026887
-1.5034869834780693
-1.5104285430473585
-1.5342535723466426
-1.6273895602983732
-1.6542608886957169
-1.6583181023597717
-1.6742730998666957
-1.7208918106542634
-1.733243115246296
-1.7369699478149414
-1.7393968403339386
-1.7434931993484497
-1.7660372257232666
-1.7888624481856823
-1.807113344744721
-1.8398752808570862
-1.8411615192890167
-1.9191282995045185
-1.9403692483901978
-1.9413240253925323
-1.9940725475433283
-2.0396184980869294
-2.062501959502697
-2.067431700229645
-2.0714892693795264
-2.0724401131349928
-2.0773490158220134
-2.114703873793284
-2.1335355043411255
-2.139868737103825
-2.142294129667183
-2.164298176765442
-2.1808678271869817
-2.1932342052459717
-2.213784576393664
-2.2622362713795154
-2.2882527858018875
-2.3202888034284115
-2.347320328156153
-2.3549458920955657
-2.5029646133516508
-2.5373081465562186
-2.59041137015447
-2.594638592004776
-2.613892008860906
-2.629509834945202
-2.662608766555786
-2.6635917921861014
-2.681847800849937
-2.748388886451721
-2.7818781459645834
-2.800658408552408
-2.880405286763562
-2.928727821170469
-2.941116213798523
-3.083551180730865
-3.148651599884033
-3.150804703589529
-3.2977211655428014
-3.3848843325395137
-3.438668370246887
-3.4468231814098544
-3.4527555679414945
-3.4600286185741425
-3.4834667651957716
-3.530092546095451
-3.6350088732433505
-3.962286059278995
-4.008518973986308
-4.156030893325806
-4.287309635430574
-4.305232088081539
-4.808119535446167
-4.826578333973885
-4.987877383362502
-5.1874033610026045
-5.234516769647598
-5.3360817432403564
-5.384891351064046
-5.398892084757487
-5.635313193003337
-7.476441383361816
-8.685591220855713
-8.864500999450684
-8.917570114135742
-9.625158309936523
-9.699682235717773
-9.704308032989502
