-0.026252455776557326
-0.03726573393214494
-0.08276020735502243
-0.08562799332139548
-0.11936563495546579
-0.141585800833127
-0.18243118293903535
-0.1840172844628493
-0.23768989820191086
-0.24528417410243386
-0.2583124206081872
-0.26067007012251353
-0.27844346745005166
-0.28471669028294855
-0.2918471347513332
-0.29243985936045647
-0.29559876469597335
-0.30158792063593864
-0.30702247242075636
-0.30861248559976956
-0.3136027210072522
-0.319717425853014
-0.3213033286187056
-0.3222379181534052
-0.32241572492889
-0.3225335215813377
-0.32591147083439864
-0.32890113443136215
-0.3295891199959442
-0.3412276671733707
-0.3430982429466288
-0.3455309750917068
-0.34636932278850247
-0.3469285772492488
-0.3508268487348687
-0.3517554229807789
-0.35975223762291314
-0.36759432557866806
-0.3695899873944654
-0.3724187882944534
-0.37469735586394864
-0.3752713805064559
-0.3762449604080757
-0.37791204479123863
-0.3796297914038102
-0.38029570821672676
-0.3820742517709732
-0.3848217422962989
-0.39242460932442114
-0.3944494539561371
-0.4005702724045312
-0.4031601701031572
-0.40433928760467097
-0.4068562158842854
-0.40738440730609
-0.41022039111703634
-0.4126183615376552
-0.4141026122495532
-0.4203186004500215
-0.42132123128976673
-0.42185199885473895
-0.4348876060644721
-0.43695211317390203
-0.4397522996587213
-0.4425392368898934
-0.44412012802786194
-0.446466126665473
-0.4491960676104474
-0.4508825470402371
-0.45198698769982004
-0.45222690068647564
-0.45455066226422786
-0.4551826014898729
-0.4580600751160091
-0.45835223092113403
-0.4594579755095765
-0.4620902102146829
-0.4626566773901383
-0.4628058888018131
-0.4646755851184328
-0.4663650028174743
-0.46811991892755034
-0.469105166416669
-0.47044258274965817
-0.4710515114582247
-0.4734603358493014
-0.4763459777459502
-0.47709039846085943
-0.4782424790577756
-0.47888167649507524
-0.4799073165548699
-0.4805396829723577
-0.4815228221257432
-0.4821046839926112
-0.4836079028900713
-0.4852502902969718
-0.4875314055203489
-0.49250907142844946
-0.4975053315516561
-0.5039312904707252
-0.5064059786265716
-0.5081225981314977
-0.5083989363429282
-0.5127420593473491
-0.5158596405138572
-0.516239399711291
-0.5210289269064864
-0.5278223163137833
-0.5279584608490242
-0.5288913546322874
-0.5289429010202488
-0.5299411173909903
-0.5318923006940167
-0.5362007636576891
-0.5362649218489727
-0.5371816520413492
-0.5398931558510023
-0.5402214756385157
-0.5454308686777949
-0.5465380438060189
-0.5485305308765318
-0.5493610551580786
-0.5496939519302941
-0.5497995387995616
-0.5498712975719988
-0.5527245376259089
-0.554009111598134
-0.5543377669891925
-0.5545891877263784
-0.555808085234492
-0.5558674197350228
-0.5564431701381893
-0.5592273753136396
-0.5609017782844603
-0.5616740451332589
-0.562598642121884
-0.5635271214181558
-0.5643651417660294
-0.5643816383724863
-0.5667984822971953
-0.5683064498007298
-0.5697574882457653
-0.5717971719180545
-0.5742039900117865
-0.5746662266552448
-0.5755745383617068
-0.5801182987966708
-0.580872538809975
-0.5888290415621467
-0.5908428450218506
-0.5928815048296794
-0.592940730600094
-0.5939547003204511
-0.5967417769134045
-0.5968021566125875
-0.5973923324740359
-0.5978463273495436
-0.5995760290068575
-0.6002002436046799
-0.6046604675240814
-0.6058638763303558
-0.614319536020048
-0.6143241897015186
-0.6145737750048283
-0.6185030570874611
-0.6242455359606538
-0.6288617657676999
-0.6298364610847784
-0.6300927175001966
-0.630891533280235
-0.6329196566743228
-0.6336406940993454
-0.636599467801716
-0.6371384058147669
-0.6380085754540882
-0.6382567462112222
-0.6443391864352938
-0.6453888314750252
-0.6469869659922551
-0.647445823489559
-0.655962248024025
-0.6563104165700983
-0.6572611985029653
-0.6587046065500805
-0.6600598390846837
-0.6604141131881625
-0.6614525808304872
-0.6649498099254237
-0.6657297888693089
-0.669968698695302
-0.671270951628685
-0.6713905084761791
-0.6739015727811917
-0.6797508668154478
-0.6814844459295273
-0.6831915581598877
-0.6832116491347552
-0.6893391390098259
-0.6893827642003695
-0.6915633730357513
-0.6924566822126508
-0.6924902297840971
-0.693449362879619
-0.6950184396700934
-0.6966855663278173
-0.697176076264845
-0.6982999765928576
-0.7010708279907704
-0.704154996573925
-0.7045567018503789
-0.7063110720191617
-0.7073004958219826
-0.7076920093192408
-0.7102130322517561
-0.7129857792751864
-0.7158134113997221
-0.7167086141804854
-0.7168543506413698
-0.7230251232782999
-0.724429150732855
-0.7253856477992875
-0.7284083595990928
-0.7321583027563369
-0.7377292840974405
-0.7399015202827286
-0.7399040563032031
-0.7399949298373291
-0.7424004630496105
-0.7424424551427364
-0.7462624561352035
-0.7498641202691942
-0.7503343969583511
-0.7505642221205764
-0.7587227845963623
-0.759637411746483
-0.7642136930621096
-0.7643581401789561
-0.7644751304760575
-0.7684563328220975
-0.7722661197185516
-0.7741821004715348
-0.7769736355791489
-0.7774481493979692
-0.7801097052171826
-0.7821184338203498
-0.7861211695458873
-0.7864200149832125
-0.789399440248067
-0.7938919519739491
-0.8013284746557474
-0.8018186337744387
-0.802310407344651
-0.8062153069435486
-0.8076826729562266
-0.8153791885290828
-0.8169277450485554
-0.8187210697152685
-0.8208529647672549
-0.8285423017417392
-0.828576137976987
-0.8295947643263
-0.8391166937847933
-0.840364545583725
-0.8424925617873669
-0.8472023499863488
-0.8479894571006298
-0.8526687041994592
-0.8547290905068318
-0.8578606403122345
-0.8606029637157917
-0.8621835794299841
-0.8661829834537846
-0.866497129201889
-0.8756647244095802
-0.8760700732469558
-0.876440625404939
-0.8785869590938091
-0.8820699546486139
-0.882626185972745
-0.8923729822003784
-0.9023975413292646
-0.9048508271807805
-0.915696984199299
-0.9170984045735427
-0.9303279888117686
-0.9310179800959304
-0.9408659555017949
-0.9417935410514474
-0.9477701571770012
-0.9797421805560589
-0.9856147387375435
-0.9874409256502986
-0.9876244186113278
-0.9919160697609186
-0.9971313280070068
-0.9976985206827521
-0.9980798680335283
-1.0025655056039493
-1.0039113909006119
-1.0075884960591792
-1.043716071194715
-1.0516952785110334
-1.0765718043112429
-1.0795085130865283
-1.0903319094213657
-1.1024214997887611
-1.1031077757522456
-1.1038416872732342
-1.1068049949697323
-1.109916998888366
-1.1127090058056637
-1.1141321417875587
-1.1144488602876663
-1.1147842699040968
-1.1359016597270966
-1.13779951321582
-1.14381938179334
-1.1453651558142155
-1.1478287149773678
-1.1590439080740906
-1.1667737923562527
-1.1838486939668655
-1.195741995307617
-1.1998048511644204
-1.2118838305274646
-1.213153990198407
-1.2181683983653784
-1.2196756375720725
-1.2399134635925293
-1.2425485110434238
-1.243255615234375
-1.247354391237928
-1.247558663599193
-1.251972130810221
-1.2573486924811732
-1.259923505783081
-1.2684727311134338
-1.2722338953365881
-1.2750357298387422
-1.2761861483256023
-1.2859409302473068
-1.2888029230137665
-1.3004804402589798
-1.3059630055213347
-1.3065397950510185
-1.319275751709938
-1.332552868872881
-1.3414948135614395
-1.3533231667242944
-1.3563884815466736
-1.371669128537178
-1.385319912540061
-1.385930374264717
-1.411514788713248
-1.4364247219378337
-1.4486459096272786
-1.4671955804030101
-1.4749269979074597
-1.4772511154620185
-1.5175538932283719
-1.5295397440592449
-1.577242923900485
-1.580173909664154
-1.5906368315219879
-1.5948604583740233
-1.5992056727409363
-1.5997192800277844
-1.6059353232383728
-1.628157661606868
-1.6611571907997131
-1.6668712198734283
-1.6929973475052975
-1.7256450951099396
-1.796798586845398
-1.8286161422729492
-1.8573658068974812
-1.873021474480629
-1.9219017326831818
-1.9282568544149399
-1.9295651502907276
-1.9694164395332336
-1.9757668778300286
-2.0089880228042603
-2.028674378991127
-2.1279346148173013
-2.2016969844698906
-2.2840540282428266
-2.3491629287600517
-2.3659650087356567
-2.3749448768794537
-2.3951632417738438
-2.4130786284804344
-2.4364864031473794
-2.4835314016672783
-2.4874124723719433
-2.521583318710327
-2.5911818544069924
-2.5990450382232666
-2.5995174606796354
-2.608349765340487
-2.741577811539173
-2.7890253263758495
-2.823364019393921
-2.9648515805602074
-3.017927348613739
-3.0463287035624185
-3.0778566559311002
-3.084209393709898
-3.1220465935766697
-3.18920482089743
-3.198502540588379
-3.2734609047571817
-3.293460488319397
-3.5560452491045
-3.6558945178985596
-3.6577328319350877
-3.687642216682434
-4.138912320137024
-4.175059225177392
-4.248586297035217
-4.3445762395858765
-4.540961503982544
-5.319380521774292
-5.622719208399455
-6.2789061069488525
-6.313732862472534
-6.4812517166137695
-8.760597229003906
