-0.0007046227765385993
-0.01603395336618026
-0.019528747554431902
-0.02642502123489976
-0.03197161557909567
-0.03895955492043868
-0.038987910374999046
-0.04565069335512817
-0.04901837125703068
-0.05130594066213234
-0.05640164720326928
-0.05823835399415758
-0.06326617631647322
-0.06880427763098851
-0.08521895064041018
-0.08697608490991923
-0.08853982983315031
-0.09190413844771683
-0.09237737985753675
-0.09641287405975163
-0.09644991847017081
-0.10119548963848501
-0.10671238373033702
-0.1070946979583823
-0.11066000163555145
-0.11226659836393083
-0.11255620845541772
-0.11402467998777865
-0.11499147448274824
-0.1170232440743348
-0.12038219495364254
-0.1211504815043251
-0.12459953719129165
-0.1252584231144283
-0.12849351291859218
-0.1316925861144857
-0.1329352184464889
-0.13681657336419448
-0.1422453410923481
-0.14427177803137217
-0.1446721846503871
-0.14651773334480822
-0.1540034137908472
-0.16017524577546283
-0.16074040211323234
-0.16093633859418333
-0.1609838627045974
-0.1628768740094529
-0.16343872140472135
-0.16458406491291838
-0.16560538173143868
-0.16716852092001014
-0.1735400788486004
-0.17523442400058478
-0.17589180503455282
-0.1759853189190229
-0.17657568802756682
-0.17677637957967818
-0.1774838047221077
-0.17991375488860026
-0.185832377602903
-0.18888122287244186
-0.19168309745145962
-0.1973875124962069
-0.19828763777721697
-0.19948625041482348
-0.2004368220186734
-0.20257277059135959
-0.2056685045605072
-0.2083301780197265
-0.20927584641613067
-0.20968556406054026
-0.21087786939460784
-0.2116457294259817
-0.21172125707146602
-0.21238658737274818
-0.21364625207045013
-0.21618194064358248
-0.21786362095735967
-0.22179311580423797
-0.2242816962345387
-0.22488927417756108
-0.22820566644428442
-0.2290838873013854
-0.22989824592877994
-0.23081923371445065
-0.23156177358967917
-0.23202750810111564
-0.23309587615648494
-0.23495167057343577
-0.23573846160973147
-0.23686322754333056
-0.23734349201185978
-0.24332146992122128
-0.24381191581487655
-0.2450944541647914
-0.24851491359401157
-0.24883171496767317
-0.24906905055468087
-0.2491342357789108
-0.24935186396787348
-0.2501494452008046
-0.25469922729306355
-0.2574080754526096
-0.2585837408551015
-0.2597285508818459
-0.2635509885855884
-0.2640198539942503
-0.26512267190056654
-0.26710474004600354
-0.2674892257976656
-0.2699342172903319
-0.27062125131487846
-0.2727771455556649
-0.2730472088039208
-0.2736270235230525
-0.2752397609874606
-0.27537083837928045
-0.27625682186335326
-0.2784925635671243
-0.27915635772256386
-0.2797311167232692
-0.28089905623346567
-0.28153727639000864
-0.28512130779320916
-0.2863050805301302
-0.28649830480571836
-0.2881026702816598
-0.28891031444538384
-0.29232907892825705
-0.2943747493438423
-0.29512942095752803
-0.29623658591881397
-0.29757091363093685
-0.3000846398870886
-0.3012268379330635
-0.30654917748906885
-0.30725981543461484
-0.3073164336383343
-0.30788497161120176
-0.30866962037980555
-0.3097626399580299
-0.3112306907773018
-0.3162711840122938
-0.31722214524052106
-0.3172268010759061
-0.3174881772371009
-0.31929320298756164
-0.3214624049142003
-0.3222584574017674
-0.3227030401493804
-0.32579839501995594
-0.3275610916083679
-0.3285745768342167
-0.32891481335640754
-0.331665959773818
-0.33310742070898414
-0.33605593942532624
-0.33718260570894926
-0.3373542980989441
-0.33812987826864366
-0.3399174815684091
-0.3400106405111728
-0.3404447269276716
-0.3405657549301395
-0.3408443689113483
-0.341820537847525
-0.3420308383065276
-0.3424448131234385
-0.3429243285674602
-0.34298583338671407
-0.3437544903543312
-0.3439958310325612
-0.34605254139751196
-0.3463406233349815
-0.34848901263571214
-0.3484999552019872
-0.3493667765054852
-0.34941298933699727
-0.35159601271152496
-0.3537202704697847
-0.3553074679027001
-0.35614427980035546
-0.35708321759907097
-0.36123793851584196
-0.3626212111488238
-0.3632113843341358
-0.3637986805901157
-0.3653346729115583
-0.36640723525197244
-0.3691393801178492
-0.36963514808303444
-0.37038180825766176
-0.3718511968618259
-0.3728857139746348
-0.37340348277575686
-0.373457208275795
-0.3735400842851959
-0.3735853781116829
-0.3740405756281689
-0.3742806951721342
-0.3763371556997299
-0.37662833114154637
-0.3778914661263116
-0.37827053479122696
-0.3788738446668364
-0.3791012938832864
-0.3792831620841753
-0.38107268390012905
-0.38243365637026727
-0.3830475006252527
-0.3850732420920394
-0.3875009440299537
-0.3908694867665569
-0.392209143807122
-0.392556453612633
-0.39310050590170753
-0.39352308213710785
-0.3959100959200441
-0.39601025688979363
-0.3971189182047965
-0.3996308764414963
-0.39966506893480463
-0.4007209959017928
-0.40076819869379204
-0.4029861108865589
-0.4036328469403088
-0.40367423789575696
-0.4037888767197728
-0.40390930264256897
-0.40437870514061713
-0.4045941981486976
-0.40565441083163023
-0.40733975399634803
-0.40749613273267943
-0.41010158931183266
-0.41041476954706013
-0.41057159872725607
-0.410642475510637
-0.4125743084587157
-0.41265256794577
-0.41273785734342205
-0.41389348916709423
-0.41424464298179375
-0.4145923058502376
-0.41480504620186465
-0.416059480572585
-0.4163190862427655
-0.4172000640204975
-0.4193953549785709
-0.42039752404929864
-0.4204776332868884
-0.4229241171706235
-0.42329900138013493
-0.42355669455395806
-0.4253741508970658
-0.4264130923198536
-0.42664412781596184
-0.42682761194919294
-0.427915072417818
-0.42811854206956923
-0.430250692210393
-0.43090903759002686
-0.433056445300786
-0.4341023990086147
-0.4368324890383519
-0.43967730841702884
-0.4398267087908607
-0.440065942497717
-0.44154454486984335
-0.44168515846540685
-0.44177081003241864
-0.44197364602102124
-0.4432748638921314
-0.4440583918360062
-0.444194883632008
-0.4448405110410282
-0.44545607645995916
-0.4460104630328715
-0.4464882013295816
-0.44664896488302475
-0.4477832814057668
-0.4478926254261751
-0.4480975808368789
-0.4484279455804922
-0.4488813949865289
-0.4497248187661171
-0.4501492110081017
-0.4502624854445457
-0.4523926002904773
-0.45272664806980173
-0.4541900619864464
-0.45447618296990794
-0.45521900577005
-0.4592239275225438
-0.459703372360309
-0.4604946899227798
-0.46143098233126995
-0.4620928044120471
-0.46312977001070976
-0.463187207467854
-0.46452516480349004
-0.46452596667768375
-0.4651694521307945
-0.4654953809721129
-0.4656176739372313
-0.46599780661719187
-0.46742862625978887
-0.46746665402315557
-0.4722566425999893
-0.4731175685301423
-0.47448785668238996
-0.47489493787288667
-0.4763785428367555
-0.47725402822511065
-0.47837618668563664
-0.47865848136799677
-0.4790378197196535
-0.47952586640021766
-0.4826508522441145
-0.4828611746430397
-0.4872769090725342
-0.48839063762820195
-0.4911753460764885
-0.49173936841543764
-0.492070841161573
-0.4949474389431998
-0.4956862300501338
-0.49647372114769595
-0.49665726055391135
-0.4974468968549362
-0.4984891281436802
-0.5010661321575753
-0.5011837724596262
-0.5013446984346956
-0.5023050070485624
-0.5030476289684884
-0.5038272092739741
-0.5041971153113991
-0.5058991921444734
-0.5066372243066629
-0.5073742567162428
-0.5085673084260114
-0.5086255253829424
-0.5099744386970997
-0.5106919619720429
-0.5113150880206376
-0.512134850714574
-0.5142980764309565
-0.5170099877286702
-0.5180245638941414
-0.5189898091979217
-0.5198168584869968
-0.520713740752803
-0.52153225390551
-0.5228942282472937
-0.5238111263286556
-0.5244290023110807
-0.5246761030517518
-0.5251197657780722
-0.5256941683590413
-0.5275924436748027
-0.5289745515005456
-0.5301167977352937
-0.5312002326051394
-0.5313611307065003
-0.5321329949157578
-0.5324972971138777
-0.5343149264873419
-0.5358486130523185
-0.5375545970681641
-0.5381616326922085
-0.5386963534568038
-0.5396371056946615
-0.5399933148707662
-0.5423649092360089
-0.5431586819188823
-0.5443143402808346
-0.5456523726960378
-0.5459295511245728
-0.5462890662269534
-0.5503899914522966
-0.5519005067149659
-0.5523024946451187
-0.552571264677681
-0.55289612840279
-0.5548284280424317
-0.5580326318740845
-0.5582874774932861
-0.5604852594435215
-0.5626311023021117
-0.5633232330105135
-0.5635689739137888
-0.5648293366345266
-0.5668395297652751
-0.5695535019040108
-0.5702857500873506
-0.5708729955100864
-0.5732298170526823
-0.5772569358232431
-0.5773298530589922
-0.5788248603542646
-0.5797297157347202
-0.5813782747834921
-0.5822557512146724
-0.5861974652590496
-0.5865850592284308
-0.5874376978725195
-0.5898541423181692
-0.589960940927267
-0.590972576988861
-0.5920298265250907
-0.5921462003607303
-0.5941736420999015
-0.6002901116462454
-0.6024742495705141
-0.6040755813428405
-0.6043245148741536
-0.604706306542669
-0.6051854523164886
-0.6054413638942476
-0.6057633326521942
-0.6059424886479974
-0.6060978513624933
-0.6119433790445328
-0.6130419939756393
-0.6136105098329219
-0.6146151125431061
-0.6151050124317408
-0.6164344825914928
-0.6193696507718414
-0.6199254505336285
-0.6216804292052984
-0.6264579763325552
-0.6341145803259375
-0.6346391781708007
-0.6348126952846845
-0.6359769726792971
-0.6369523873685726
-0.6400651633739471
-0.6407825276255608
-0.6419164153436819
-0.642020767632251
-0.645221706055357
-0.6473235025381049
-0.6481397909422716
-0.6482326208846644
-0.6489310304501227
-0.6534866015426815
-0.6549307050299831
-0.6551533937426939
-0.6578133784544965
-0.6585674002766609
-0.6634256015531719
-0.6635074994216362
-0.6661014268174767
-0.6692461764905602
-0.6694779554381967
-0.6696389475061247
-0.6771946035325527
-0.6813502907752991
-0.6817828531687459
-0.6820323433494195
-0.6820610554888844
-0.6910318940877914
-0.6929578683671674
-0.694076968737742
-0.6943142294883728
-0.695640412371722
-0.7036815337836743
-0.7082804562523961
-0.7086090945771762
-0.709790363907814
-0.7124019347131252
-0.71694999858737
-0.7175338585179166
-0.7193045646029835
-0.7245066701822603
-0.7273531913757324
-0.7283673045070221
-0.7296547616521517
-0.7320019624506434
-0.7391015796789101
-0.7427083187337432
-0.744812808620433
-0.747225654621919
-0.7520620804280043
-0.7532264534384012
-0.7551804059650749
-0.7615318298339844
-0.7622854293634495
-0.7624721385538578
-0.763075441122055
-0.7745556384325027
-0.7783139936625958
-0.7800410948693752
-0.7804766429588199
-0.7884552564937621
-0.7906506419181824
-0.7913609569271406
-0.7944954060949385
-0.7964442243877178
-0.8061710343795961
-0.8081799590581795
-0.8094238564372063
-0.8105023805983365
-0.8176334939897061
-0.8178334273397923
-0.8184736631810665
-0.8199357911944389
-0.8215853590518236
-0.8247050419449806
-0.8247258864343167
-0.8302195475747188
-0.8357462817803025
-0.8387061562389135
-0.8389280214905739
-0.8478218335658312
-0.8487752765999176
-0.84960997402668
-0.8498205980286002
-0.8508871854282916
-0.8566557439044118
-0.8676828302443027
-0.8679392896592617
-0.8681703135371208
-0.8681839249329641
-0.8683587238192558
-0.868708620313555
-0.8703450875223747
-0.8766176253557205
-0.876776397973299
-0.8774708410104116
-0.8822599016333698
-0.8830903172492981
-0.8853401742875576
-0.8953737789939623
-0.8954367951489985
-0.8954742029309273
-0.8955850654747337
-0.90090312063694
-0.9032327219843864
-0.9155015579114357
-0.9202234869201978
-0.9252671796518067
-0.9280693167820573
-0.9281347508464629
-0.9285377059131861
-0.9368396186036989
-0.9460827660125991
-0.9475767062976956
-0.9515419409920772
-0.9554470539093017
-0.9571414038538932
-0.9577115494757891
-0.9624227546155453
-0.96650122362189
-0.9679462818118433
-0.9736461587250232
-0.9777557402849197
-0.9780971277505159
-0.9829067358126243
-0.9916655491106212
-0.9967186473309994
-0.9976833770439649
-1.0097058794461191
-1.0121139722177759
-1.0201929807662964
-1.021949702501297
-1.0232120173362393
-1.02350499574095
-1.024092218093574
-1.0277327141026036
-1.03194469679147
-1.0346937241653602
-1.0408270359039307
-1.046148436376825
-1.0578080043196678
-1.0666562052210793
-1.0675639987602636
-1.0750689432024956
-1.0858833690484364
-1.0927310934639536
-1.099124261920224
-1.117700457572937
-1.1185793160402682
-1.1224704571068287
-1.1236759029949706
-1.1253486201167107
-1.1299131711324055
-1.1371651655063033
-1.1413608193397522
-1.1434206572012044
-1.1573864724487066
-1.163999617099762
-1.1742958962917327
-1.1753100748173892
-1.1803930941969156
-1.1814263860384624
-1.1894586123526096
-1.1922367413838704
-1.1930964142084122
-1.1956968307495117
-1.1958851148374379
-1.1967238634824753
-1.220715470612049
-1.2494241122039966
-1.251750886440277
-1.2536271214485168
-1.2646861938604463
-1.279420256614685
-1.2799622896903504
-1.2933626274267833
-1.3096145276601117
-1.314309498295188
-1.3203211550911267
-1.3243149152646463
-1.3394159575303395
-1.3570713525017102
-1.3681195393825571
-1.371895968914032
-1.3764620013535023
-1.382169473450631
-1.3844286054372787
-1.3944621682167053
-1.3945884569984628
-1.401481634316345
-1.4049469912424684
-1.410952954242627
-1.4253271222114563
-1.4309485107660294
-1.4423756996790569
-1.4473215126199648
-1.4593184888362885
-1.4658934473991394
-1.4768849611282349
-1.4832913428544998
-1.500863954424858
-1.5034757405519485
-1.508060531380276
-1.5148930549621582
-1.525867998600006
-1.5417198352515697
-1.5460661600033443
-1.5509370565414429
-1.5567322969436646
-1.5955925782521565
-1.5997414713104565
-1.6045868794123332
-1.621041198571523
-1.6514936685562134
-1.6533264716466267
-1.69320281346639
-1.7069757878780365
-1.7241860628128052
-1.7255310614903767
-1.742721900343895
-1.742899838835001
-1.7461330145597458
-1.7628583113352458
-1.7727235555648804
-1.810521274805069
-1.8219571113586426
-1.830440640449524
-1.8367408514022827
-1.847191721200943
-1.8564697378315032
-1.8841960628827412
-1.9162678718566895
-1.9269437193870544
-1.956614911556244
-1.9610773846507072
-1.9627981707453728
-1.9661210775375366
-1.9827580451965332
-2.0160256901872344
-2.0160574913024902
-2.024110543075949
-2.042232354482015
-2.065967386617558
-2.076265732447306
-2.2151894718408585
-2.2333534955978394
-2.2430721521377563
-2.25766421854496
-2.2649248111993074
-2.5642108652973548
-2.5870463664177805
-2.6613107323646545
-2.7320150677114725
-2.737983178347349
-2.833969044343879
-2.836286425590515
-2.8747986224479973
-2.874800088815391
-2.9014788468678794
-2.9199061419349164
-2.9303367603570223
-2.9894111156463623
-3.399102210998535
-3.441324571147561
-3.606895672623068
-3.850039005279541
-4.222190022468567
-4.430407524108887
-4.77662855759263
-5.027400016784668
-5.067412295262329
-5.1090873796492815
-5.817927360534668
-7.841346740722656
-8.640846252441406
