-0.021431123604997993
-0.11132705071941018
-0.13023256126325577
-0.18030462817599377
-0.19901781878434122
-0.20352866884111012
-0.2195069557055831
-0.2292871447862126
-0.2501759656775643
-0.25553294561541406
-0.2559622154674596
-0.2657410774586929
-0.27865862464532254
-0.28202013216468913
-0.28535027770946425
-0.29514184138932487
-0.2978579837318473
-0.30352378197866253
-0.30447456137141365
-0.3046832298859954
-0.31425687347332726
-0.31910953704186795
-0.32209786558559256
-0.32602204901818593
-0.3283047885634005
-0.3331591915921308
-0.33346423848329565
-0.3341194970868928
-0.3354919798394904
-0.34189334139227867
-0.34906161417514525
-0.3538136901319033
-0.355765912843881
-0.3564905213812987
-0.3568164586205334
-0.3601380919978745
-0.36179533382579165
-0.3619790594857477
-0.3640986814502669
-0.3643468681977576
-0.3651024695718661
-0.3654214097802348
-0.3656475271636552
-0.3656915511935949
-0.3681912179911943
-0.37030249705380164
-0.37062978361791465
-0.37230036998205734
-0.374744063597713
-0.3768196528603218
-0.3770705803010776
-0.37720296507150125
-0.3813708817688166
-0.3813902225318088
-0.38162032974759325
-0.3826556459926357
-0.38522226425448025
-0.38631144757872743
-0.38644925450872897
-0.38770011029691887
-0.3901050581771415
-0.3919592947183576
-0.39221073651998795
-0.3926334781253421
-0.3933284633925983
-0.3972938557321922
-0.39752087473930764
-0.40553487664712723
-0.40934754880687124
-0.41069778464054707
-0.41270065972447295
-0.4134168761413189
-0.4143445259345326
-0.41512570589165104
-0.41589254073600135
-0.41736493586883144
-0.4178250831862767
-0.4189680701523752
-0.41989356248329085
-0.42096709699503015
-0.4258230811387033
-0.4260076657748349
-0.42709437632345926
-0.4275957228945719
-0.43151647442937247
-0.4328597286708221
-0.4330006305999253
-0.43457199684861636
-0.4349360977424882
-0.43497480792543036
-0.4349827953259266
-0.434987128925665
-0.4365920783020556
-0.43727936188224703
-0.43818071994799
-0.4403684582794085
-0.44176962452566465
-0.44297751061026247
-0.45585096765385785
-0.45789914704315987
-0.45860371487049617
-0.46168490912532434
-0.46194378088694066
-0.4625563705340028
-0.46493723535160014
-0.4654634892940521
-0.4672853414857754
-0.47159301980242035
-0.47262968838010144
-0.4735367357079667
-0.481416205894277
-0.48358774906253155
-0.48365694247186186
-0.485134734813073
-0.4878667898189563
-0.49060521604481216
-0.49188308546749443
-0.4967217892399276
-0.4971092311413183
-0.4989929697010666
-0.5016989041323541
-0.5028783946108888
-0.5036222848109901
-0.5082750103947542
-0.5088815368711949
-0.5105587121529075
-0.5123883174318407
-0.5153375627705827
-0.5175877986862361
-0.520361590315332
-0.5218158503994346
-0.5220474395579003
-0.5223240217193961
-0.5282152631719198
-0.5339373841881752
-0.5340673782759242
-0.5383704707026482
-0.5399530820755495
-0.5416697271387366
-0.5457108836562838
-0.554065614764113
-0.5553469230071642
-0.5554231201919416
-0.5574175954679959
-0.5591052110306919
-0.5600015011483005
-0.5731682023809602
-0.5783854577690363
-0.5809628093349082
-0.582968107610941
-0.5835749930184748
-0.5836043175309896
-0.592588430372416
-0.5928416115024852
-0.5940921798141466
-0.599554690454776
-0.6020684879331384
-0.6069540919183964
-0.6098181267540591
-0.6236703591712285
-0.6264886173109213
-0.6269502421841026
-0.6295935032290539
-0.6314569911628496
-0.6446255717426539
-0.6464662021400207
-0.6498128923454455
-0.6541952505487845
-0.6556561407115724
-0.6596499782288447
-0.664191166616299
-0.664484183570104
-0.6649169660522602
-0.6690980200073682
-0.6706245304473365
-0.6734957205804272
-0.6761143137700856
-0.676978505723777
-0.6776894491165877
-0.6784201667089746
-0.6849520169198513
-0.6851368273297945
-0.6879217399030246
-0.6901230116685232
-0.6956254206597805
-0.6968537878015518
-0.6971897125244141
-0.7093085746455472
-0.7122592917682292
-0.7275815257388685
-0.7319291498085173
-0.7336256704099166
-0.7534019750627604
-0.7544959776103497
-0.7591198030859232
-0.7775380010199215
-0.7835329230583739
-0.7882579020806588
-0.811283252760768
-0.8146579676758847
-0.8250478847767226
-0.8389932581533989
-0.8421826489269734
-0.8475961788441054
-0.857909606245812
-0.858505479991436
-0.8678282101949056
-0.8785597216337919
-0.8909874856472015
-0.8996911791785221
-0.9032314896117896
-0.9061809352466038
-0.9140691487118602
-0.9348672727355734
-0.9357853184143702
-0.9536899526913961
-0.9541543573141098
-0.9754125460982322
-0.976566663810185
-0.9785872632055543
-0.9840444003542265
-0.9976317405698637
-1.0013799786567688
-1.0157033167779446
-1.0264151370152832
-1.0488941818475723
-1.0672945706173778
-1.0695481513103005
-1.0796340803305309
-1.0947607294656336
-1.0957326516509056
-1.118386852808974
-1.1200802304471533
-1.155353581905365
-1.1567187414038926
-1.1795949751644261
-1.1940729940931003
-1.2266554925590754
-1.2406546995043755
-1.3430076883523725
-1.3642128109931946
-1.4300040404001872
-1.4360855609178542
-1.4696690797184904
-1.4821148421615362
-1.628371847172578
-1.675362636645635
-1.6877737119793892
-1.7206428050994873
-1.7316370407740276
-1.765565922856331
-1.7938282489776611
-1.8722337484359741
-1.9262374204893906
-1.957144799331824
-1.9613316506147385
-1.9676750600337982
-2.077447728564342
-2.086071024338404
-2.208121418952942
-2.2154449701309202
-2.248636802037557
-2.33087956905365
-2.418481707572937
-2.5349120696385703
-2.555129329363505
-2.560505896806717
-2.59376394758389
-2.816017270088196
-2.8245410124460855
-2.8655534187952676
-2.8738924264907837
-2.926004409790039
-3.019162952899933
-3.4850038290023804
-3.7932629585266113
-4.25998555845581
-5.262492656707764
-5.408852577209473
-5.419139385223389
-5.682456851005554
-5.87672758102417
-6.55561101436615
