-0.00010847456724150106
-0.01440396998077631
-0.028738160978537052
-0.04957348863050962
-0.07355448789894581
-0.10347695298130727
-0.11337466537952423
-0.14212952223606407
-0.1526708021410741
-0.15625082432234194
-0.17657122210948728
-0.18795767391566187
-0.19168250093935058
-0.2034243883584471
-0.2533792497124523
-0.26157256569713355
-0.26348732262849806
-0.26605380326509476
-0.273052035854198
-0.2952314585757752
-0.29978345868403267
-0.30885120436141733
-0.3182394594150537
-0.3207310005091758
-0.32501543170361274
-0.32752746398520166
-0.32914612233409946
-0.330574132502079
-0.33222945642773993
-0.33561658525852384
-0.3369172571328818
-0.3379965160798747
-0.3553145896354996
-0.3597270622170375
-0.36046323261689395
-0.3697095318908665
-0.3743051967790557
-0.3799511045217514
-0.38190921396017075
-0.3931681840891812
-0.39385308819813264
-0.3944587947981846
-0.39757991590886377
-0.4027919027380099
-0.40876140156549146
-0.41058661125134677
-0.41299241289380006
-0.42064605573754166
-0.4221569930377882
-0.4239122017752379
-0.4268452469468289
-0.43079922503384294
-0.43203876915504225
-0.43371842890274304
-0.4337326320121065
-0.4339888457907364
-0.43714654036739375
-0.4421430621005129
-0.4421908386662835
-0.4429271337047746
-0.44306381848470594
-0.44706604488998314
-0.44830447043724625
-0.45135334913395225
-0.4533951286963808
-0.4565186246803663
-0.4622430304822046
-0.4661470364468793
-0.4690531976313131
-0.4718734386583997
-0.47334966947791046
-0.47348919896675007
-0.47354865665230056
-0.47422633568445843
-0.4743718270578289
-0.4744894131186551
-0.47459256942273076
-0.4803724889352452
-0.4808012537454488
-0.4824264180081497
-0.48395295634067487
-0.48507287126880394
-0.48525479930613075
-0.4884039698925335
-0.48856481647537575
-0.4906882689489673
-0.49379591598075684
-0.49391473226132804
-0.49465849075233564
-0.5054331674924469
-0.5058835160357968
-0.5121533551816052
-0.5123713924032118
-0.5182578500337994
-0.5183524571960637
-0.5186240974417887
-0.5189429627207574
-0.5192078422438094
-0.5215634419163689
-0.5229621147482248
-0.5265281045064331
-0.5306501597303643
-0.5326790981460363
-0.5361506961008949
-0.5362092105982205
-0.5404871329665184
-0.5409103546699043
-0.5464323418600543
-0.5488907881081104
-0.5513794402075675
-0.5531928439935049
-0.5545805700559867
-0.5579290730092907
-0.5599580821193134
-0.5611158625639897
-0.5613557676066799
-0.5617555169214029
-0.5622078599141483
-0.5661808411590755
-0.5704076695779804
-0.5708165516955958
-0.5737492401219372
-0.5742343673159161
-0.5773991474157406
-0.5795548505870661
-0.5803237674658054
-0.5851617832086049
-0.5854114869822903
-0.5884664448567491
-0.5899523280261617
-0.5946902287292427
-0.5950731113553047
-0.595119632827118
-0.5961501005015938
-0.5979759308276698
-0.6004720681958133
-0.6008427079733727
-0.6009848231915385
-0.601823947756202
-0.6052093663711275
-0.6099645100533962
-0.6120809405240126
-0.6194316179691148
-0.6199780311202631
-0.6203330862169553
-0.6219105186044342
-0.628676787393892
-0.6297553224430885
-0.6394290402677143
-0.6425005124571422
-0.6507465892005712
-0.6518803267813795
-0.652495669233354
-0.6536762782197911
-0.6582194979200722
-0.6589609037328046
-0.662117499532178
-0.6694289845618187
-0.6696808490928056
-0.6755576962763867
-0.6767249707336305
-0.6771920875180513
-0.6795897243039993
-0.6798569228344907
-0.6799072581343353
-0.6826390269561671
-0.6858479232061654
-0.6873525988000134
-0.6908825509715826
-0.6929223981132964
-0.694961835940679
-0.6953881949651987
-0.6965239670360461
-0.6988461762608494
-0.700418122112751
-0.7048986035200263
-0.7055768840480596
-0.713660695723125
-0.7146355410416921
-0.7156177224591375
-0.7178194624970534
-0.7223569831985515
-0.7225432445644401
-0.7251553949201479
-0.7264077305889634
-0.7315103887667647
-0.7323259353468208
-0.7329971535628746
-0.7388663243502378
-0.7421702275751159
-0.7459802192170173
-0.7494678699461345
-0.7503203216241673
-0.7512677609920502
-0.7526062170509249
-0.7547625327200737
-0.7585558423048092
-0.7599123548679927
-0.7669855530839413
-0.7674258128584673
-0.7687108772806823
-0.7736386685218248
-0.7844665498705581
-0.784973741901922
-0.7857448137623982
-0.7876519195415312
-0.7899243886848646
-0.7960022877901792
-0.7987191520933266
-0.8013705363070281
-0.8135324810088301
-0.8141123361565406
-0.8144239615612605
-0.8148137044161559
-0.8155407636012468
-0.8279108639302043
-0.8352342057150963
-0.8412092737853527
-0.8519976635773977
-0.8527095808725184
-0.8625076210446423
-0.8630609215858082
-0.8633513277338352
-0.8635462253628897
-0.8647582343158623
-0.8716256573330611
-0.8721604926718606
-0.87518117154832
-0.878093074004735
-0.8887301894590363
-0.8961845729888106
-0.8973974052787526
-0.8981973715126514
-0.8987993996623638
-0.9024253282696009
-0.9030394405126572
-0.9044312582247787
-0.9048351999372244
-0.908131651522126
-0.9150056535145268
-0.9170232838660013
-0.9216027953661978
-0.9245176062815719
-0.9254637231060769
-0.9269406955107116
-0.9304756527611365
-0.9305216744542122
-0.9382679007332106
-0.9417151421075687
-0.9448178709551159
-0.9480806732550263
-0.9589003814118249
-0.9661847223926868
-0.987242355447961
-0.9982436175147692
-1.0003897475793824
-1.0151306433835998
-1.0304284788102709
-1.0308944657444954
-1.0407941043376923
-1.048282966937404
-1.0500014439225196
-1.0512306192540564
-1.0620693613309413
-1.0669635174175103
-1.0795611194002308
-1.083343008843561
-1.08822036460042
-1.099356045325597
-1.1012841358509224
-1.1019951560468013
-1.1022088577854448
-1.103553585965918
-1.1062103113758244
-1.1194791439532612
-1.1274363631382585
-1.135685429520284
-1.1477590382099152
-1.1524632672468822
-1.184132327636083
-1.1848091582457225
-1.1960105672478676
-1.2014506214930276
-1.2188414824860436
-1.2329139082382123
-1.236726880306378
-1.2388808122486807
-1.239401137240098
-1.259367426469301
-1.2669551634296243
-1.2739119455218315
-1.292124049764243
-1.3003317786247603
-1.3022814393043518
-1.3467905764409807
-1.3483331446477678
-1.349975363118574
-1.3558797538280487
-1.379550891535473
-1.3893689811229706
-1.395361236607035
-1.4034448713064194
-1.4591163001139649
-1.4707299170084298
-1.4768476901372196
-1.4906996247242206
-1.4975839704275131
-1.5040370374917984
-1.5102392584085464
-1.5132445593674977
-1.5307199478149414
-1.5354110637679697
-1.5366068387404084
-1.5586450439295731
-1.5774698853492737
-1.599786750972271
-1.6124732345342636
-1.6174103133380413
-1.6594692898797803
-1.677865336338679
-1.6927813456532022
-1.7103803766270478
-1.7184952057432383
-1.7351951718330383
-1.744792530934016
-1.7598924696445466
-1.769341379404068
-1.7715586319565773
-1.7836603932082653
-1.8041899539530277
-1.9381054234302912
-1.9583222878475983
-1.9976814384572208
-2.0375985242426395
-2.048587426543236
-2.0892144022509456
-2.118991356343031
-2.2045379281044006
-2.2326778018226228
-2.269983895123005
-2.306198537349701
-2.3607508093118668
-2.3645814955234528
-2.465115562081337
-2.4970086812973022
-2.4988040924072266
-2.6437716559545756
-2.704339782396952
-2.708033472299576
-2.8494142591953278
-2.9039125442504883
-2.9216223202335336
-3.0276836954678097
-3.206115054199472
-3.511187307536602
-3.571673147380352
-3.626066565513611
-3.7748574698343873
-3.792456939816475
-3.953528940677643
-4.16956353187561
-4.1728949197568
-4.195517502725124
-4.291223014239222
-5.37827730178833
-6.439175605773926
-7.166903495788574
-9.513415336608887
-10.629293441772461
-12.573125839233398
