-0.000605638197157532
-0.009059828736402173
-0.020306788384914398
-0.05208490323093429
-0.052695455766903855
-0.06897190771996975
-0.1094240284524858
-0.12047707475721836
-0.12957081047352403
-0.13554349671467208
-0.16887576987371883
-0.16955163350648944
-0.17465198103205434
-0.1846987706841901
-0.18994293720461428
-0.19492501392960548
-0.2004417962420525
-0.20080770552158356
-0.2103010794147849
-0.2196141695822007
-0.22984546422958374
-0.23326200359068544
-0.23723823551196033
-0.24108545175736903
-0.24334248226174773
-0.2646877406753317
-0.26924407902988606
-0.27202771080919774
-0.27594230859540403
-0.2773643881082535
-0.28375055072274336
-0.2918392008519731
-0.2931431010365486
-0.2935300133249257
-0.3017298225313425
-0.30474329330027106
-0.3062460264856262
-0.3098285897118937
-0.3209943754802225
-0.3261572855059057
-0.3264716127657601
-0.32965709834492635
-0.3304677448277289
-0.3312393169035204
-0.3313105497218203
-0.3316930919070728
-0.3357106077717617
-0.33819489396410063
-0.3408785157694688
-0.3415983513387961
-0.3430155712024619
-0.3456426304997876
-0.34652710489980465
-0.35116947680944577
-0.35118100363761184
-0.35480400021576014
-0.3573029440478422
-0.358683705329895
-0.3607628989654283
-0.3623339787267873
-0.36439281702041626
-0.3660379928025779
-0.36992524295540835
-0.37145572767541224
-0.3717062589683337
-0.37188491710306454
-0.3741102088999469
-0.377114741558866
-0.37817041726157186
-0.39155446756703893
-0.392243952897843
-0.3935242295265198
-0.395514596059608
-0.4011038583877962
-0.40288113777060064
-0.40290172464896884
-0.40386350443586705
-0.4054248547181487
-0.40586248208604625
-0.40716444015025016
-0.40826480286195876
-0.40835711422065896
-0.40845367829315365
-0.4090464128595259
-0.40962446034569033
-0.41139246386063116
-0.4131047581437694
-0.4154825336081558
-0.4166319742798805
-0.42795802867840393
-0.4289257885753422
-0.43072528673510535
-0.4307261612386141
-0.4308774195451406
-0.43151846654169884
-0.43303779630249745
-0.4335278314712923
-0.4339568707975559
-0.435383526829537
-0.43697457006201146
-0.4379320377483964
-0.43919958249067087
-0.43981709390128443
-0.4401008112785908
-0.44649117721986076
-0.4479323837699162
-0.4480094728496624
-0.4483118195577325
-0.4487242710310966
-0.44980899250367656
-0.45035812480637105
-0.45075872466695727
-0.45080106106719803
-0.4536250508099329
-0.45428082608414116
-0.4576448311563581
-0.45863002048572526
-0.45993772501658114
-0.4653910661826989
-0.4667007343496979
-0.4669542208568947
-0.4674368819396477
-0.47046304989934845
-0.4708157622953877
-0.47133764315658483
-0.47317271208157763
-0.4775450862653088
-0.4776115240994841
-0.48197154115255486
-0.48433104027062657
-0.487328571784019
-0.4877482420886822
-0.48889611017685164
-0.4892510891492878
-0.49016122297689435
-0.49034838018512045
-0.49035991121345435
-0.4919991478382144
-0.49260858340448976
-0.49458892941474913
-0.49908030157287914
-0.49938357310990494
-0.5016021950432332
-0.5022275929688476
-0.5056840135117194
-0.508131388342008
-0.5090242485515774
-0.5091920074099273
-0.5097989907371812
-0.5108801178168505
-0.5109179323031143
-0.5123161625649247
-0.5123967678438122
-0.5135935830157905
-0.5140489656089104
-0.5150906283390493
-0.5165993350557982
-0.5167850857650491
-0.5170209255690376
-0.5174030121415854
-0.5176055565610079
-0.5177612775640393
-0.5198017981834709
-0.5217314658906876
-0.5223129399193567
-0.524707815158763
-0.5259770202683285
-0.5265599442978522
-0.5267419421320988
-0.5268529065742769
-0.5289623265465101
-0.530484649169791
-0.5311499744017895
-0.5340526261061314
-0.5348199446286473
-0.5357797460848814
-0.5367452261933319
-0.5368896810212295
-0.5380027249662412
-0.5404749183605114
-0.5419332903958011
-0.5442680398270529
-0.5442704441025853
-0.5445803245529532
-0.5449672300179874
-0.5475203809037339
-0.5497121487794423
-0.5503022474236786
-0.5508165415740223
-0.5531366113573313
-0.5533239907475945
-0.555705397687335
-0.5565106586889468
-0.5565886602038518
-0.5574457887022828
-0.5576169628732126
-0.5587825442198664
-0.5592260361788794
-0.5599919043360623
-0.5604212312575649
-0.5612566936470103
-0.5613272979545096
-0.561428752541542
-0.5628612548959305
-0.5628845978321301
-0.5653110447973531
-0.5664824003353714
-0.5665148766288026
-0.5666979850522756
-0.5669301400088443
-0.5673302886490192
-0.5674126266749226
-0.5685130816127639
-0.568940710562926
-0.5690683811969522
-0.5691721983964491
-0.5697231991722694
-0.5714629663154482
-0.5726746332992871
-0.5736385828640778
-0.5767289951650633
-0.5775527508150036
-0.577775078216551
-0.5790523098443042
-0.57960631797323
-0.5796814680099487
-0.5814107355556917
-0.5822712739122679
-0.5869088667289665
-0.5869251142622589
-0.5881520802155137
-0.5888775961814515
-0.5898056923295372
-0.5906320283975219
-0.5915123466402292
-0.5916621266967721
-0.5919657300359437
-0.5943079825576759
-0.5959426275076112
-0.5963126737624407
-0.5964856319601255
-0.598540322156623
-0.6000412799573193
-0.6004775977460668
-0.6007544811776219
-0.601220158033274
-0.6021203519776464
-0.6023235469248448
-0.6027851400867803
-0.6051536081839636
-0.6054011625237763
-0.6060135500091646
-0.6066946073779036
-0.606927197272723
-0.6070137951988727
-0.6076109856884513
-0.6082696194242453
-0.6084442830511502
-0.6105010245936802
-0.6107992371998262
-0.6112560026634198
-0.6115706295560812
-0.6119933264271822
-0.6120167428390622
-0.6136314188026719
-0.6143147819401586
-0.6149837585786978
-0.6175136978645241
-0.6206381505623236
-0.6209245744927708
-0.621148731559515
-0.6247466884073779
-0.6259687421295572
-0.6282891381531954
-0.6317811476522669
-0.6380284092389047
-0.6448756289978822
-0.6451867017894983
-0.6471346816033474
-0.647613242225946
-0.648755792285859
-0.6491338461637497
-0.6499280979753368
-0.6505982818081975
-0.6547283817582183
-0.6551381853409112
-0.6605844633661035
-0.6614660347436762
-0.6642873390577734
-0.6649162195147559
-0.6661678672147294
-0.6670448565455445
-0.6679920701103078
-0.6693291438795212
-0.6739688051772342
-0.6768647192046047
-0.6782193799735978
-0.6785307583922986
-0.679450553546485
-0.6819332807014385
-0.6850634809619806
-0.6852161103608003
-0.6854217437224179
-0.6860901313872697
-0.6860941287807443
-0.6881423453386459
-0.6882392185103122
-0.6882471962366253
-0.6898861429986677
-0.6900272107838342
-0.6908162763076169
-0.6924912944232346
-0.6933430089266039
-0.6942163676333925
-0.6987828609791384
-0.6997721415013075
-0.7030621927260654
-0.7053257074730936
-0.706214778278536
-0.7090104339178651
-0.7097465090434222
-0.7118314443588523
-0.714271587120103
-0.7155830673384896
-0.7156028797229131
-0.7162600213972231
-0.7165402614607176
-0.7197839612506667
-0.7201942982660099
-0.7213322064942784
-0.7222324889153242
-0.7222620276916132
-0.72343212499335
-0.7234789121284848
-0.7254401205270066
-0.7261470743558474
-0.7280955330158273
-0.7281786968931556
-0.7282756167347543
-0.7312072403728962
-0.73363609172936
-0.7338553293106648
-0.7353470493094175
-0.7370109835432636
-0.7402602064733704
-0.7402678256233534
-0.7407840483439421
-0.7414332852802343
-0.7416649199090898
-0.741976205883677
-0.7438926008529961
-0.7453808870964816
-0.7476980170235038
-0.7493876166641712
-0.7495295032858849
-0.7573516194534022
-0.7606577556663459
-0.7623029720562045
-0.764114866394084
-0.7651321009422342
-0.7661997005343437
-0.7668670622981153
-0.7671886607179962
-0.7683059057619955
-0.7688891883939505
-0.769577633175585
-0.7712133383999268
-0.772124782577157
-0.7724310215562582
-0.7739861824084073
-0.7792073085904121
-0.7792389008682221
-0.7808648607072731
-0.781610472452303
-0.7816565629094839
-0.7859290071634556
-0.7901388445669519
-0.7926225461415015
-0.7947103044314732
-0.7999751888197161
-0.8004481939909359
-0.8132103234529495
-0.8150651622951651
-0.8159265826252522
-0.8164878050156403
-0.8191254687844776
-0.8232567025614637
-0.8284448308171705
-0.8287251669514392
-0.8293012781068683
-0.8304133589069048
-0.8304988945730858
-0.8316924243311709
-0.8351891431084368
-0.8370772411913744
-0.8375994603615254
-0.8390921002719551
-0.8469044355830798
-0.8508655677045075
-0.8520477894693613
-0.8591296229511499
-0.8619570775423199
-0.868673544190824
-0.8704100254923105
-0.8732932976447045
-0.8765712303907743
-0.8805100545287132
-0.881241213530302
-0.8824474305978843
-0.8832881040871143
-0.8836053288220379
-0.8850406463025138
-0.8989116251468658
-0.8990120203525294
-0.9046646926227757
-0.907200734061189
-0.91004512210687
-0.9173274620086886
-0.9175552453768129
-0.9228379497710648
-0.9230989687144756
-0.9254712600571414
-0.9273449590296617
-0.929988975947102
-0.934679408557713
-0.9357105242088437
-0.939027215965325
-0.9500065949202204
-0.9500928681343794
-0.9505857873397568
-0.9540904425084591
-0.9544378488014141
-0.954747157735983
-0.9609902289696037
-0.9610767093087945
-0.9636393785476685
-0.9775225045159459
-0.9807751070475206
-0.9887243527919054
-0.9940532930013433
-1.0085648084059358
-1.0258174546373386
-1.0460679539246485
-1.0461615530463557
-1.0640995396922033
-1.0667423686478288
-1.0675343245267868
-1.0757858335971833
-1.0782909636182012
-1.0850157643823575
-1.085949802218238
-1.0864053138842185
-1.091764107113704
-1.1022868566215038
-1.1095243219751865
-1.129509833175689
-1.1442985992204437
-1.148454722482711
-1.1561974234879018
-1.1660900434479118
-1.167847399910291
-1.1851399360845487
-1.1897581643424928
-1.201202732976526
-1.2212661835364997
-1.2225381135940552
-1.2234661355614662
-1.2359833419322968
-1.249321994682153
-1.2561114492515724
-1.256379128433764
-1.2757329227693845
-1.285475641489029
-1.287813700735569
-1.2938330471515656
-1.2982564009726048
-1.2992203533649445
-1.3020256707677618
-1.3060516888896625
-1.3149669075384736
-1.3196916778882344
-1.332886097021401
-1.3922059433534741
-1.4245677404105663
-1.434406836827596
-1.4504233996073406
-1.452277774301668
-1.4707013964653015
-1.4735241115093232
-1.4818319380283356
-1.5063836111554079
-1.5153836756944656
-1.5175231297810872
-1.5442237546667457
-1.5494592495851975
-1.552965425265332
-1.627553477883339
-1.6330131113529205
-1.63400536775589
-1.6368372291326523
-1.6579355299472809
-1.6584762084457907
-1.6594605213758769
-1.6877463217824697
-1.6917374283075333
-1.7125501024226348
-1.7444911301136017
-1.7551809251308441
-1.7579959034919739
-1.7685101628303528
-1.7787520997226238
-1.7850701957941055
-1.7961157870789368
-1.82108673453331
-1.8456311076879501
-1.8803518062959483
-1.8871938128650072
-1.8890613913536072
-1.9069689822693665
-1.9476158767938614
-2.0384340466049857
-2.0408952832221985
-2.060793598622695
-2.106902591884136
-2.1555620431900024
-2.2214883582176603
-2.246952305897139
-2.351227588020265
-2.3840818405151367
-2.3841012896349034
-2.387602130572001
-2.426912158727646
-2.472036898136139
-2.693750023841858
-2.708935022354126
-2.733384847640991
-2.77484393119812
-2.871041774749756
-2.9282323718070984
-2.9377225637435913
-3.2775972858071327
-3.430189937353134
-3.671431303024292
-3.8562385980039835
-4.603829741477966
-5.733574867248535
-7.251021862030029
-9.369975090026855
-9.87850284576416
-10.531764030456543
