-0.0004451726531442546
-0.006918955409976964
-0.01456772947437912
-0.022140814033264178
-0.024539682548493147
-0.04379198816604912
-0.055290346092078835
-0.0584637284046039
-0.09975321839253108
-0.10057668118263662
-0.11006444154200937
-0.11062414310872555
-0.12170776620405377
-0.12206032765097916
-0.12460370408371091
-0.128915050602518
-0.16329530718212482
-0.16626083001675498
-0.1672939452864739
-0.1699978569376981
-0.1744179066320482
-0.17579783022374612
-0.18182590045034885
-0.18321374807892427
-0.18375307418646117
-0.18895202259736835
-0.19066075476196906
-0.19720673282530957
-0.19926071166992188
-0.20131732173363812
-0.20401684034813014
-0.2126851087222239
-0.2186993442264793
-0.21982576767913997
-0.2201376099837944
-0.22694456484168768
-0.22716956411204592
-0.22756472999130242
-0.2324992745416239
-0.23523076318503758
-0.24158504325896502
-0.24376272827764886
-0.24395661817616202
-0.25100193827945205
-0.2523224299562571
-0.25247099112020804
-0.25648547063853283
-0.2600225281482562
-0.26124448130738326
-0.26133692649309526
-0.26977642910287614
-0.27054843499458264
-0.27106305881817305
-0.27212371764471754
-0.2758676650196624
-0.2768650125739548
-0.2792797386646271
-0.27956958474824206
-0.2799063085515497
-0.28088425191229843
-0.28231092407077085
-0.28458039951062974
-0.28588155654350494
-0.28778907893865835
-0.2882617739611305
-0.2959493676527397
-0.29802344360487043
-0.29891451025287097
-0.3001181822619401
-0.30407751673030564
-0.30658340178100235
-0.31013896000287106
-0.31165235468562547
-0.3125656283976111
-0.3146242560629616
-0.3153882040423852
-0.31576538215052674
-0.31580760031865796
-0.31976424085183275
-0.32042547212331557
-0.3217805179738207
-0.32190683044609614
-0.32315768327078753
-0.3233721382409082
-0.3267229684737686
-0.32735526289928074
-0.32964782253010194
-0.3317518069106882
-0.332861469949421
-0.3337201925734025
-0.33483614337685713
-0.3362460483040195
-0.337144590490921
-0.3373462838043148
-0.33816935340615195
-0.33949490141433974
-0.340459563388625
-0.34225588223489467
-0.34320559217594565
-0.34324004580266776
-0.34401416546040164
-0.34463449309326033
-0.34728456000421254
-0.34735662434416426
-0.3488540710459347
-0.3511883432074683
-0.35159734765660355
-0.351894676151763
-0.3524124451592797
-0.35388131495265834
-0.3544379792586804
-0.35474539505825803
-0.355001671168591
-0.3561982697747226
-0.35647943936055526
-0.35838538595797015
-0.3584133014175374
-0.362879167116868
-0.36706307908170854
-0.3682831103251374
-0.36845606844872236
-0.36963877839402165
-0.3701401144033298
-0.3703103193797038
-0.37083125317221854
-0.3711586596826299
-0.37337670587213423
-0.37512442522953887
-0.38079472613592064
-0.3808824604622916
-0.38143373757182936
-0.38307649875059724
-0.38336250376927306
-0.38432636779434687
-0.3867763826209638
-0.3869376643381726
-0.38731854935758747
-0.38861176681239157
-0.39029619841332736
-0.39176993286835365
-0.3926447173635097
-0.3963507649734513
-0.39754031682639923
-0.39820790773124565
-0.3983115145296324
-0.39948164159472477
-0.4001155057972937
-0.4057385122645688
-0.40578738614131
-0.4069576532462918
-0.40801756509851356
-0.4082368545172358
-0.4132430248998571
-0.4152064076857641
-0.4183154963422567
-0.423582906501704
-0.4239704500170774
-0.42676470881633577
-0.4268112065684464
-0.4274445683226481
-0.42973264182219284
-0.43083610385656357
-0.43384950409526934
-0.4343449583859183
-0.4347108126257808
-0.43488176873506745
-0.4353380650281906
-0.4371388987444031
-0.4375375225604835
-0.43825871889688034
-0.43916352846385315
-0.43965682514762094
-0.4409045760257868
-0.4415507627054467
-0.44183016982515255
-0.442178771039471
-0.44818171376391547
-0.45025462991361564
-0.4547194018959999
-0.4547695585130159
-0.4574711461318657
-0.4582296172011411
-0.458416702625982
-0.4592160555184819
-0.4619645224447595
-0.46226979613614577
-0.46283432502449223
-0.4629065560766321
-0.46343658585101366
-0.4635184050857788
-0.4647055344166102
-0.46748223006467854
-0.4677769925725038
-0.470635507942643
-0.47537476755678654
-0.479481952774222
-0.4853697074361965
-0.4868309920504024
-0.4913396247620767
-0.49277852500090374
-0.49714071464295556
-0.49764984326773426
-0.49943315478352207
-0.50208360921695
-0.5021878534025745
-0.5038433251320384
-0.5050677549637234
-0.5056837589945644
-0.5114435520178328
-0.5167679346122895
-0.5179389375029132
-0.5191763975890353
-0.5219310401090687
-0.5227289638035776
-0.5268488438334316
-0.5284115224843845
-0.5316588323718557
-0.5330761853967689
-0.5335393479675986
-0.5361867281259037
-0.5367074012756348
-0.5384980531991459
-0.5407891757994159
-0.5451045212103054
-0.5451439038020215
-0.5494901845418099
-0.551680364694524
-0.552048728066552
-0.5550836511288902
-0.5602561718551442
-0.5607760502607562
-0.5615922309734742
-0.563641928509155
-0.5638163975672796
-0.5658851734902522
-0.5702806336048525
-0.5728879416960159
-0.5819861580325778
-0.588008884390417
-0.5911572672703187
-0.5992817580699921
-0.5997235476970673
-0.6055908740963787
-0.6092997143665949
-0.6186395329035198
-0.6266805886490536
-0.6277894266551698
-0.632556792097083
-0.6332888239329415
-0.6332999488222413
-0.6337786004223744
-0.6346481836517341
-0.6376651762491545
-0.6396252121194266
-0.6407094597816467
-0.6435042602159748
-0.646210354741197
-0.6474665938294493
-0.6628892786102369
-0.6677684285871995
-0.6683598659389342
-0.6714517193686333
-0.6738143971500298
-0.6757234666583827
-0.6761215162696317
-0.6765249771997333
-0.6776889028426792
-0.6866233217927705
-0.6866792858151408
-0.6991414268556279
-0.7009146741667271
-0.7047304809093475
-0.7107673372116147
-0.7110911574078879
-0.712098065883462
-0.7150116818083916
-0.7166489121125779
-0.7246244743000716
-0.7353919169167057
-0.7389097777777351
-0.7393033633779851
-0.7408263774511094
-0.744709226116538
-0.7513575247463046
-0.7533569068598028
-0.7587808221578598
-0.7810942767127926
-0.7845012247125851
-0.7924973941408098
-0.8006743104197085
-0.8016524702354217
-0.8033231800538487
-0.8035212925591623
-0.8045231647556648
-0.8063589641777591
-0.806469729944365
-0.8198489248316037
-0.8300411262083799
-0.8309814021748025
-0.8360310976859182
-0.8496591979637742
-0.8522382894880138
-0.852433380484581
-0.8547342419624329
-0.8726887354132487
-0.911368190905705
-0.9126388116157613
-0.9168737330910517
-0.9325155043043196
-0.9441245744625727
-0.9606788158416748
-1.0173852213192731
-1.0314373672008514
-1.0342948702163994
-1.0409324746578932
-1.0457416379402276
-1.0533961032051593
-1.071439266204834
-1.0733079264561336
-1.077788049976031
-1.1026015731040388
-1.1054287824081257
-1.1265482902526855
-1.1753164874389768
-1.1764795922984679
-1.193880983744748
-1.2017041842142742
-1.2119526515404384
-1.2392930523492396
-1.2669341415166855
-1.2716585848600517
-1.2793401641150315
-1.2805348239295806
-1.2898954128225644
-1.300468737880389
-1.3154523372650146
-1.3273661971092223
-1.3309851090113323
-1.3540049586445093
-1.4149464865525563
-1.4164560868885019
-1.4279871452599764
-1.4284124374389648
-1.4298433689400554
-1.4446221143007278
-1.4459775164723396
-1.4523288551717997
-1.4728756747596587
-1.6423391252756119
-1.6508966088294983
-1.6565722413361073
-1.6816862371439736
-1.692612953464656
-1.7073161558946595
-1.7302331461105496
-1.7339611626739497
-1.767277644627029
-1.7676658579148352
-1.7939881682395935
-1.829071819445744
-1.8315095268189907
-1.8382531739771366
-1.8643540106713772
-1.8665725270596643
-1.872406244277954
-1.884434700012207
-1.910063450069477
-2.022264242172241
-2.0420839187117963
-2.0730017970199697
-2.0993709564208984
-2.1430306769907475
-2.208712577819824
-2.3986731469631195
-2.401899814605713
-2.536651763599366
-2.6821328417087593
-2.7294279686175287
-2.871880535967648
-2.9064106345176697
-2.984875474086342
-3.00285736261867
-3.043339192867279
-3.1490818904712796
-3.1552427250038213
-3.292533056732888
-3.338754490017891
-3.449155189906378
-3.703601514454931
-3.792579412460327
-3.8515413999557495
-3.953687071800232
-3.971443772315979
-4.021356582641602
-4.041616439819336
-4.190433382987976
-4.319855690002441
-5.120960235595703
-5.600009918212891
-5.73142961281701
-5.843920707702637
-6.989381790161133
-7.924108505249023
