-0.00026036565031972714
-0.019607419609383215
-0.02864551986567676
-0.04383177674996356
-0.05258425771899056
-0.055385499144904315
-0.06725852566887625
-0.08319074348837603
-0.0923726037144661
-0.12541284132748842
-0.1310050223643581
-0.1534813611287973
-0.17826580186301727
-0.17976897954940796
-0.20374684408307076
-0.20567499105770062
-0.22206092765554786
-0.25484394903287466
-0.2684925065143034
-0.2866803895116651
-0.29391340251546355
-0.2967160528259464
-0.3085048177182706
-0.3148280290188268
-0.31488837524639995
-0.32165319522755453
-0.32828518158759623
-0.3289003779413179
-0.3333706527981641
-0.3340052754034072
-0.3353767573490687
-0.337214429955803
-0.3407896271601203
-0.34231156972638366
-0.34436438943995873
-0.3502387321208186
-0.35533037180059845
-0.3559709666124685
-0.35978363366545335
-0.359948186974011
-0.36124163069429677
-0.36384130073532683
-0.3654233587918637
-0.3656818248879669
-0.3754290935416066
-0.37662597278055426
-0.37669614596597967
-0.3783936548750803
-0.3831915571468214
-0.3878401419438887
-0.388025997610157
-0.3890293673880065
-0.389377752202563
-0.3911905695917085
-0.3917993059847504
-0.39749669482400696
-0.40074193521879214
-0.40119743250345763
-0.40279253200606036
-0.4117963686631659
-0.4133350288961083
-0.41668834899800183
-0.42012622960101
-0.42306030602485406
-0.4251889296574518
-0.4273954226846399
-0.43093644723412583
-0.43296560032952885
-0.43533830775251975
-0.43543870467692614
-0.4361515632432808
-0.4387088019546354
-0.4420648934485923
-0.44260851404982055
-0.45058885537501836
-0.4518009319275734
-0.4518586095708949
-0.4543646602699785
-0.455258443049388
-0.4571941751378795
-0.4598378774556165
-0.46423394126921064
-0.4658536962233484
-0.46976370668562595
-0.47063156976470893
-0.4709961160293056
-0.47174246879374804
-0.4719537262960027
-0.47499103802972686
-0.4754152106545613
-0.47760573489682023
-0.482321491082465
-0.4824569991682298
-0.48507738553962554
-0.4853821910553961
-0.4880363487675574
-0.48931279973060426
-0.4893376996307565
-0.4908754567694376
-0.4923096700416257
-0.4925056784390472
-0.4965808199485764
-0.4983075222033741
-0.49965381943861603
-0.5079806794784963
-0.5124807703075931
-0.512994235896258
-0.5141230242745951
-0.5196415413849632
-0.5217260836658776
-0.5230791234091157
-0.5237725081187191
-0.5248676594481088
-0.5251083546754671
-0.5261874670829911
-0.531271724237336
-0.5313526316167554
-0.5335608644963941
-0.5344176420312579
-0.5351751415296998
-0.5353274016071938
-0.5376302863781651
-0.5383434078132268
-0.5410634024516184
-0.5441655382414216
-0.5504254077459336
-0.5521349910216357
-0.5543768902176193
-0.5546236424041646
-0.5562157547489429
-0.5593255676628489
-0.5619306188475873
-0.5624910646971936
-0.5652598364726146
-0.5664388719292632
-0.5679256502109984
-0.5759687141932469
-0.5786296029953519
-0.5804936825904102
-0.5809497729980129
-0.5810144655572783
-0.5840209650225006
-0.5845570254459744
-0.5859277584919861
-0.5861242960834514
-0.5908131980218708
-0.5917844912813356
-0.5919802902266383
-0.5944882639321603
-0.5955169557993132
-0.5983058138372144
-0.6003722487285914
-0.6022739793860477
-0.6035003309138119
-0.6116857526474633
-0.614101025450509
-0.6169418977806345
-0.6170097111931278
-0.6186006271413395
-0.6242916284594685
-0.6265053076785989
-0.6271383565229675
-0.628709043111788
-0.6315382065783653
-0.6341668356211206
-0.6360069094516803
-0.6381226131808944
-0.6383388376561925
-0.639323950333554
-0.6402556179091334
-0.6412266573432135
-0.6484168377122842
-0.6493125716224313
-0.6518055463176486
-0.6542119636678763
-0.6563202803954482
-0.6592573263042141
-0.6615526182577014
-0.6622222137164153
-0.6633642192537081
-0.6692598712397739
-0.6725146770477295
-0.6731512591126375
-0.6731745675224374
-0.6740213022523676
-0.6778860852937214
-0.68534023972461
-0.6874374947843275
-0.6883292614948004
-0.6900630737189204
-0.692621396544079
-0.697782963514328
-0.7000487098121084
-0.7018629231461091
-0.7025428066408494
-0.7026306709769414
-0.7070843841647729
-0.7087052166461945
-0.7119880525084833
-0.7125745856101275
-0.712985437567113
-0.7144492968551016
-0.7162183223990723
-0.7170993220599484
-0.7197077740311215
-0.7231384946997943
-0.7243474335900828
-0.727190015571458
-0.7291554159351757
-0.7300069830846041
-0.7303942314386156
-0.7355577253959685
-0.739646928704638
-0.7405254580262408
-0.7406142355874181
-0.7418787548215025
-0.7434257230496668
-0.7447938903118484
-0.7458270045795611
-0.7476898983831316
-0.7488220656683552
-0.7496253757504746
-0.7502412067260593
-0.7508974042721093
-0.7524745687842369
-0.7565046265837736
-0.7600530916199204
-0.7623430101278549
-0.763100915151881
-0.7655168869532645
-0.7673485204868484
-0.7764173648061438
-0.7775119168014498
-0.778280837512284
-0.7807300820320962
-0.7834650023723952
-0.7864023416251358
-0.7869695663706807
-0.7872229244130722
-0.7884038297537094
-0.7917793750619659
-0.7934966571629047
-0.7962746769189835
-0.8000606761779636
-0.8048720421793405
-0.8051998520192379
-0.8076530567370355
-0.8127200541396936
-0.8176807960990118
-0.820318227323393
-0.82384247206048
-0.8263586865500007
-0.8278859881684184
-0.8286769907455891
-0.8288197350266273
-0.8301297928620543
-0.8301631796639413
-0.8310855221548991
-0.8318890149073143
-0.8321612753522155
-0.832558226196852
-0.8330577444794471
-0.8349064605776221
-0.835678425617516
-0.8376509894982779
-0.8388330789569479
-0.8415979266137583
-0.848362837015884
-0.8490903347006274
-0.8503045283141546
-0.8513565141014018
-0.853187981666997
-0.8607149880068997
-0.8635464569495526
-0.8678858189377934
-0.8718375319925448
-0.8722662128663311
-0.8728379423393764
-0.8842169845214812
-0.887039634586674
-0.8879963270388543
-0.8904754541690636
-0.8918756721330283
-0.893595796340378
-0.8957674736753688
-0.8982267063111067
-0.9015247749630362
-0.901880204641202
-0.9045878016234686
-0.9078605036354728
-0.9096188486262691
-0.911670284345746
-0.9131458895280957
-0.9145773868076503
-0.9177912374725565
-0.9184719836630393
-0.9197944853221998
-0.9243688362517527
-0.9276553342673911
-0.9316436737659387
-0.9346709733363241
-0.9378852376410376
-0.9382103406780515
-0.9415858376960387
-0.9422198991058395
-0.9537686445110012
-0.9561702470206607
-0.9617145905892054
-0.9622856090032396
-0.9672101692607006
-0.9685632288455963
-0.9690891446177071
-0.9765487806347665
-0.9786151625788383
-0.9787732517062169
-0.9869716167799197
-0.9873475515050814
-0.9885542096671998
-0.989147669315571
-0.997321999606876
-0.997465918585658
-0.999645135882828
-1.0070541127584876
-1.0084054804756306
-1.0109994511585683
-1.0169469272433262
-1.0284455131739378
-1.0331048143460067
-1.0350986917813618
-1.0384216662496328
-1.0387967741116881
-1.0429092049598694
-1.0463373102265905
-1.0507025354309008
-1.0512372547906126
-1.0526757641055156
-1.056301777916295
-1.0580083338621382
-1.0608411133289337
-1.0738206764217466
-1.073999581775362
-1.0798259432693678
-1.1057878130426009
-1.109505977999005
-1.110672559356317
-1.1174124626995763
-1.1246732392141388
-1.1377098141238093
-1.1402115724049509
-1.1416433360926541
-1.1452368586712207
-1.1480829815069835
-1.1630508750677109
-1.1659702799682106
-1.169431831572082
-1.169871078520373
-1.1796219545815672
-1.1799043814341228
-1.1805291182099609
-1.1853568420701777
-1.1859627099208108
-1.1938644647598267
-1.1974382176995277
-1.2029880077578128
-1.207052898244001
-1.207977229995387
-1.2082168255001307
-1.2117622755467892
-1.2167064904767488
-1.237389943362879
-1.2481917335341375
-1.2483592676830344
-1.2514751801888149
-1.252585465660862
-1.2566131548956037
-1.2780508272117004
-1.2978085757543643
-1.2997383300292615
-1.2998022303800099
-1.3102079281583427
-1.3168875773747761
-1.3224086173941032
-1.3269957449908059
-1.332038089632988
-1.3339152385791142
-1.3413120210170746
-1.3484657919034362
-1.359139288465182
-1.3599091470241547
-1.3619295463431627
-1.3714518663473427
-1.4024249674752354
-1.4119533710399992
-1.4204968875274062
-1.4460557564743795
-1.4537774833540122
-1.5133096931967884
-1.525541491433978
-1.5257229407628377
-1.528563715517521
-1.5334181853570044
-1.5615507900714873
-1.589369459155326
-1.6101314049446955
-1.6202156773457925
-1.63298295934995
-1.6333029499898355
-1.6562158594218392
-1.6643979578162544
-1.6693086575251073
-1.6711024045944214
-1.6790720087786515
-1.6812166273593903
-1.6857432178997744
-1.6945215165615082
-1.7236063250573352
-1.7849873105684917
-1.8017805839578311
-1.8045886106789113
-1.8103662717621773
-1.8144310216108959
-1.8334193096561648
-1.8368516862392426
-1.8381898578256368
-1.8699192106723785
-1.8747465930879117
-1.8892120545109112
-1.9271299906075001
-1.9332886934280396
-1.9547299074256443
-2.002548894286156
-2.0033043920993805
-2.012745814397931
-2.0245862944284454
-2.0946434238212532
-2.1152379934986434
-2.1433225164267546
-2.147889733314514
-2.154465749471759
-2.2160736322402954
-2.251904323231429
-2.264251124113798
-2.290487229824066
-2.307712586829439
-2.334918243189653
-2.38033895380795
-2.3860412538051605
-2.408756470680237
-2.4305134896188973
-2.4338794946670532
-2.4359996557235717
-2.4585772508289665
-2.467109423875809
-2.574957533739507
-2.7236497004826865
-2.8188647722514966
-2.848710558260791
-2.8718360179045703
-2.913048009077708
-2.9544552847510204
-3.0005482037862143
-3.0061343908309937
-3.042829751968384
-3.140600194223225
-3.2433706711162813
-3.2724747373334444
-3.2882508412003517
-3.360807021458944
-3.390765994787216
-3.4646995719522238
-3.589762361099323
-3.6084911823272705
-3.643688563257456
-3.7574084494262934
-3.7662081718444824
-3.777524108765647
-3.978142394373814
-4.049535166472197
-4.184568564097087
-4.322586745023727
-4.433163313544355
-4.442769646644592
-4.529427502304316
-4.66248083114624
-4.747768044471741
-5.0060096979141235
-5.290246837030281
-5.373975872993469
-5.788375377655029
-6.46688985824585
-6.694709777832031
-7.228789329528809
-7.313182353973389
-8.9893217086792
