-7.306737848011835e-05
-0.0039045557690163455
-0.008076770101316319
-0.011815932433819398
-0.017361417936626822
-0.01918975523235531
-0.022479863720946014
-0.031103667803108692
-0.04812731684069149
-0.05669512572927715
-0.05675757866993081
-0.06253789183993932
-0.06890046590706334
-0.07687581961008366
-0.08710662290407829
-0.08719870566856117
-0.09311013432971373
-0.09468760746642602
-0.10299721908156698
-0.10787366940639913
-0.11488981512260352
-0.12172677626381301
-0.12548064974680528
-0.12847320536563225
-0.14169510416058984
-0.14198362097522477
-0.14337048567962382
-0.14934881456767674
-0.15762738343328236
-0.16527717039170398
-0.1737823406508312
-0.18117347183866742
-0.18381972295937885
-0.1859245372002988
-0.18629149964449426
-0.18641900892381663
-0.18661299452343075
-0.19100987103755074
-0.19552339479107558
-0.1974950383871426
-0.201013207188875
-0.20275401068905316
-0.20472097439164827
-0.2095772429565083
-0.21427857523667626
-0.21455856585935684
-0.21779203464980662
-0.2187115095403312
-0.2226507076910431
-0.2258654748244832
-0.22595404872453806
-0.2275531756899909
-0.23401539271192937
-0.2346197821199894
-0.23472905752714723
-0.2349342275384007
-0.23501282034602708
-0.23504178081524288
-0.24096396580356277
-0.24581702672876418
-0.24671577527899444
-0.2471512071788311
-0.24763803585669847
-0.2478616392210016
-0.2507951314910315
-0.25096042042314365
-0.25193779336954275
-0.25311130562809014
-0.2543875064639464
-0.2546471367544882
-0.25620695448014885
-0.25934420378568274
-0.2600923776626587
-0.26105895164887727
-0.2615601987769575
-0.2621546100773331
-0.2663790948688984
-0.2688166378147372
-0.2696907102363184
-0.27008550148665267
-0.2705174028640613
-0.2714568409253843
-0.2715336429418282
-0.2720936737939105
-0.2783729777194253
-0.27949583715356613
-0.28126248764913697
-0.2827013003848151
-0.2832307532883874
-0.2832984214230042
-0.28465142102213575
-0.28533837352764524
-0.286191942669393
-0.28655377175622937
-0.28930351509113733
-0.2895533452261184
-0.2898170413792286
-0.2903966269184041
-0.29123649495653064
-0.2942039922694676
-0.2950754279970949
-0.2955265149916448
-0.29634122200718593
-0.29802345172049627
-0.29834840892128794
-0.2990188658245882
-0.29957420610460556
-0.3007870164269409
-0.30140981074047585
-0.3036759865353815
-0.30405889158802374
-0.3047346970590427
-0.307987041475144
-0.30955585801146096
-0.3109979967807064
-0.31218586261440845
-0.3140403761922768
-0.3150848889731812
-0.31541331247812887
-0.31775454050013896
-0.3182754144643349
-0.3190358693677474
-0.3195701700392874
-0.3211663872949509
-0.32251175302109103
-0.32278044003864026
-0.32294045896605894
-0.3230033366870238
-0.32540368980673406
-0.32565317774323277
-0.32606412881976693
-0.3262029184869435
-0.3277724397008569
-0.32903286361502637
-0.32934526587252816
-0.32971021002158524
-0.33050938189380946
-0.33435558062254744
-0.33504414505270574
-0.33504664009524276
-0.3356201536953449
-0.33603856985207586
-0.3373175014976242
-0.3378967266698538
-0.3401184732197085
-0.3421484331069958
-0.3442615400528147
-0.34498200775531584
-0.34534501407119933
-0.34814942145627964
-0.3485674362496606
-0.34908409603979607
-0.34936337865817085
-0.3505839799647674
-0.3507891284049644
-0.35090553054275614
-0.35104347578285694
-0.3527636834240866
-0.3533721177234059
-0.3541288326153638
-0.35503543799458726
-0.3550718765520287
-0.35522568789310754
-0.3557237969012931
-0.3557241945818532
-0.3564148747702802
-0.3589209970810059
-0.3598756637263291
-0.3599993633300376
-0.3601294656594594
-0.36183240176160325
-0.36189904917268906
-0.3623406495803768
-0.3625571274314666
-0.3628054306067418
-0.3637153161430938
-0.36376096170843086
-0.363878591346986
-0.3641782295647772
-0.36435173314512215
-0.36483859038304006
-0.3667517282636254
-0.3686416291166097
-0.3688807908052354
-0.36970428422049595
-0.3706127249913891
-0.37079409061407204
-0.3719143793493629
-0.37225908560824905
-0.37286379112263146
-0.37311834629622354
-0.3731935890224307
-0.37460457149427384
-0.376057634751002
-0.37694672893284015
-0.37705815555877314
-0.3786678597365924
-0.378770748464954
-0.38139049919830087
-0.38215010347110884
-0.38228733919034613
-0.38437867462425857
-0.38518715255648317
-0.38521387222006825
-0.3865341360694688
-0.3872248228762406
-0.38750606641256774
-0.38761334871993486
-0.38806632994324275
-0.38837177494455893
-0.3885112910453851
-0.38860986651852725
-0.38902196635026487
-0.3890491710582523
-0.3892956883646548
-0.39087633229749486
-0.3924074358445068
-0.39262638455857785
-0.39272534494512
-0.39351223852083256
-0.39452199494699014
-0.39456503071899834
-0.3956759991706349
-0.3957495439582999
-0.3958497318439186
-0.39680880147248637
-0.3971501008838459
-0.39739207404610966
-0.39757526081502875
-0.39861544271100985
-0.4000688910180372
-0.4045860435718472
-0.40664285991766114
-0.4074935425305739
-0.4076048322183681
-0.40778695118875213
-0.40998839453881375
-0.4100008333334699
-0.41065837032988384
-0.4112027269545706
-0.41211367023384404
-0.413674914024341
-0.4137773918341736
-0.41382240504026413
-0.4158918800348772
-0.4162506285240397
-0.4172823440972479
-0.4186167711410178
-0.41867918186503944
-0.41868884845947224
-0.41888497976765393
-0.41933933694948183
-0.4199170258245431
-0.42028316508564484
-0.42036238512955604
-0.42193626461711475
-0.4227961405707478
-0.4230827184111124
-0.4258264230253796
-0.4262747435002691
-0.4317764204011341
-0.4345973850249071
-0.43612654470942086
-0.43773508399109623
-0.4382557784207165
-0.4387312003258962
-0.43937115367023377
-0.44126451858319343
-0.4414609077824328
-0.4420113532278871
-0.4421653984386751
-0.4427213261948769
-0.44450843099271253
-0.4450276999268681
-0.4452042162185535
-0.44523419099971306
-0.4455871401587501
-0.4464495788258948
-0.4481274587570725
-0.4497123940382153
-0.4501135654121653
-0.45271540652324155
-0.4528381460113451
-0.45317176667352516
-0.4539396418258548
-0.4555828410264648
-0.45785376803105465
-0.4596015783544216
-0.4616567075079274
-0.4624497541891677
-0.465842296768512
-0.46622748591471463
-0.46685178010791006
-0.46747957413188285
-0.4676437785591198
-0.469924209273196
-0.4706204555566526
-0.47160779639376643
-0.4723133218432294
-0.47241959629657987
-0.47279602636392937
-0.47342025727266446
-0.47464443889579605
-0.47490486854010006
-0.47824105406180023
-0.47838354757262397
-0.4790782742534897
-0.4808742739107174
-0.48089609783213355
-0.48096715837023113
-0.48124039704816823
-0.48207819573063815
-0.48471522352699026
-0.48556671669292784
-0.48647730524482374
-0.4871387879829854
-0.49030395451700315
-0.49066214277409015
-0.4910684514422883
-0.4917959149070948
-0.49193356244359165
-0.494730770008573
-0.4956200170930869
-0.4957466907799244
-0.4969655343641837
-0.4973083753720857
-0.49745351101737467
-0.49768616621279055
-0.49993212778167617
-0.5003797727468837
-0.5010766809849884
-0.5014694700017571
-0.5029155908442186
-0.503489218687365
-0.5052891978702974
-0.5062413380364887
-0.5073722748085856
-0.5075775499932433
-0.5097998430072848
-0.5100855141725528
-0.5110069628350402
-0.5110132622353629
-0.516048800527301
-0.517209318553796
-0.5174481718730866
-0.5187868943234791
-0.5204588903912476
-0.5228597313786546
-0.522935661671454
-0.5241199422259797
-0.5253678926965222
-0.5269751531071961
-0.5289293905720115
-0.5299393841996789
-0.5301018776372075
-0.5301313063996986
-0.5304200122898995
-0.5305540122402211
-0.5330312289297581
-0.5353132974379756
-0.535381430061534
-0.5360712713471558
-0.5386396638145293
-0.5403283091261983
-0.5426672649332106
-0.5431032099295408
-0.5431913393549621
-0.5443777546248174
-0.5452474343668049
-0.547582147391075
-0.5485805876992091
-0.5488063289916941
-0.5494318290549473
-0.5496097367140464
-0.550928962683039
-0.5513745872303843
-0.5516850944674973
-0.5518763247528113
-0.555117204785347
-0.5571074367617257
-0.5571131435489016
-0.5577951020187962
-0.5583402169449657
-0.5610646386113431
-0.5708844924146044
-0.5715385857620277
-0.5717103108530864
-0.5725133783437665
-0.5733352770553211
-0.5744350839038361
-0.5760325637063943
-0.5765007980167866
-0.5772012343154529
-0.5781390828787413
-0.5787863542791456
-0.5807629489073796
-0.5810781438776758
-0.5862488131512578
-0.5870336825901177
-0.5878712326288223
-0.5910898435201185
-0.5915913000531248
-0.5930279501314674
-0.5967653533443809
-0.5969422901980579
-0.6006130018076306
-0.606423242110759
-0.6082008882621418
-0.6098180687986314
-0.6103956467704847
-0.6107003660872579
-0.6111700419957439
-0.611674653504906
-0.613489261791392
-0.6136423254398929
-0.6161908285321586
-0.618696059233376
-0.6193686659098603
-0.6201069963475069
-0.621692119538784
-0.621698109122614
-0.6240905307233333
-0.6280617808612684
-0.628693496187528
-0.6289888465544209
-0.6299833233235403
-0.630835385620594
-0.6313366510772279
-0.632273567141965
-0.6323400840163231
-0.6326878756284714
-0.6355342906123648
-0.6362246825093669
-0.6367950179594573
-0.6381329118972644
-0.6406163077814553
-0.6414707251824439
-0.6425059904800037
-0.6431742487475276
-0.6433423908893019
-0.6433770086441655
-0.645938053354621
-0.6472916370257735
-0.6481591460428068
-0.6495159453479573
-0.650332097296736
-0.650586261972785
-0.6514343848451972
-0.6534109849114884
-0.6612782245501876
-0.6649847447872161
-0.6661907745255525
-0.6662357673048973
-0.6666934727691114
-0.66842728232344
-0.6713644387895783
-0.6747047789394855
-0.6793863057262368
-0.6796416143576304
-0.6802580524441547
-0.6811363473534584
-0.6833370196841315
-0.6837717825875903
-0.6845988317625598
-0.6880709608085454
-0.6899517481215298
-0.6915619972028902
-0.6926717897154049
-0.6948451809585094
-0.6990649770013988
-0.7012515009846538
-0.7132080790452164
-0.7164458855986595
-0.7164491320326078
-0.7167067481204867
-0.717685675714165
-0.7181148372590542
-0.7200137250125408
-0.7200733538740375
-0.7204430167164121
-0.7210159376263618
-0.7234703182087591
-0.7356633879244328
-0.7482561646029353
-0.7519008388742805
-0.7521328227594495
-0.7544011473655701
-0.7571794384159147
-0.7578834932892603
-0.7617825725012355
-0.7654505448415876
-0.7657939828932285
-0.7757051781352077
-0.777368656049172
-0.7817919231019914
-0.7862273209417859
-0.7877159751951694
-0.7917188589544821
-0.7937849072872528
-0.7956509279708067
-0.8065299251013331
-0.8138261409476399
-0.8168768485387167
-0.8174189068377018
-0.8198409933182929
-0.8203078046441078
-0.8234209515154362
-0.8284896559455774
-0.8324456778354943
-0.8367005558684468
-0.841693126782775
-0.8441643714904785
-0.844453622030566
-0.8486092635430396
-0.8546449914574623
-0.8551092512789182
-0.8641736089484766
-0.8673193752765656
-0.867796329415179
-0.8706372617485159
-0.8751672618091106
-0.8837800040685883
-0.8900231011211872
-0.8936712592840195
-0.894044435757678
-0.8955747286478678
-0.8971519665792584
-0.8992227971553802
-0.9011765974690207
-0.9038719978804389
-0.9060114794410765
-0.9060639266390353
-0.9178626056062058
-0.9221412613987923
-0.9234065140287081
-0.923983249347657
-0.9283142616972327
-0.9315493907779455
-0.9379669899741808
-0.9415125884115696
-0.9529167152941227
-0.9583177417516708
-0.9604732152074575
-0.9631779948249459
-0.9663188026618362
-0.9683967630068461
-0.9724484883714467
-0.9747109711170197
-0.9884901412879117
-0.9898034270809148
-0.9982627630233765
-0.9999146866321098
-1.0000913955736905
-1.009971769573167
-1.0126535832881927
-1.0127058586019595
-1.0213651994320874
-1.0230302577838302
-1.0234286991035333
-1.02635435416596
-1.030642996231715
-1.032287122681737
-1.0407888946938328
-1.045209757052362
-1.0465965227534373
-1.0469017624855042
-1.0491201082865398
-1.0542002022266388
-1.0591503890852134
-1.065835436185201
-1.0689374742408593
-1.0714532919228077
-1.0752379815094173
-1.0791739374399185
-1.0832155221723951
-1.0845683551742695
-1.0866812666257222
-1.088073548162356
-1.0914708329338672
-1.0920554430534442
-1.0937060713768005
-1.0946165521939595
-1.096376697722722
-1.0983616004697978
-1.0997730518380802
-1.1061679035425187
-1.1183689037958782
-1.1188480399549008
-1.1237521171569824
-1.1308721403280895
-1.1404162130784243
-1.1411825021064033
-1.1434272209588319
-1.17123822743694
-1.1716014544169109
-1.178344915053458
-1.1804435176076367
-1.1816999862591426
-1.1926108812525247
-1.1936311284080148
-1.2066038930788636
-1.2127679144880403
-1.2164016366004944
-1.2167400994803756
-1.231215971216443
-1.2457483410835266
-1.2514254053433735
-1.2586805447936058
-1.2707236210505168
-1.2761670425534248
-1.283203810453415
-1.2861333085224032
-1.2935124635696411
-1.2971364259719849
-1.2979148225858808
-1.2983221337199211
-1.2993836402893066
-1.3017636835575104
-1.3029714538424741
-1.311644454114139
-1.3238215446472168
-1.3374128639698029
-1.3407252579927444
-1.3490832224488258
-1.3501778841018677
-1.380769558831768
-1.4071204964711796
-1.4216160078843434
-1.4216274817784627
-1.4361581455450505
-1.448988894693078
-1.454596024278241
-1.4597363685606979
-1.4645286798477173
-1.4702968001365662
-1.4888717147211235
-1.495414505712688
-1.4958351962268353
-1.512456327676773
-1.5192764670646284
-1.5398569598793983
-1.557841956615448
-1.563255778203408
-1.584124525130998
-1.6078438078984618
-1.6137328743934631
-1.6364652514457703
-1.64078285296758
-1.6423406600952148
-1.65431247651577
-1.656052457059559
-1.6637275244574994
-1.7070019721984864
-1.7077452540397644
-1.7154817581176758
-1.7159638404846191
-1.7182218255863215
-1.7226400971412659
-1.7653486728668213
-1.7817756334940593
-1.784031097466747
-1.8081791624426842
-1.830819567044576
-1.885498285293579
-1.9205546707380563
-1.9208236932754517
-1.9226396083831787
-1.9263442158699036
-1.9313779473304749
-1.931485891342163
-1.939078003168106
-1.9945926070213318
-2.0238741636276245
-2.0840598940849304
-2.109350562095642
-2.1131208688020706
-2.138961345112572
-2.160003185272217
-2.1652011275291443
-2.1685038208961487
-2.176499865949154
-2.1906760931015015
-2.1957635225262493
-2.2388144539145287
-2.2558636218309402
-2.2751177549362183
-2.3019049763679504
-2.3494609594345093
-2.3562017679214478
-2.3621796214332185
-2.4038889558675387
-2.5210468163329836
-2.556082966417307
-2.6067095688017616
-2.617021292448044
-2.6551938277683576
-3.022047698497772
-3.085446536540985
-3.112246334552765
-3.3930013179779053
-3.4124947786331177
-3.518294930458069
