-0.0019708510953933
-0.01696323323994875
-0.02457763347774744
-0.02894587442278862
-0.07697595953941345
-0.09717173910757992
-0.1171935263555497
-0.11724420078098774
-0.1257749927851061
-0.13826342672109604
-0.13964369799941778
-0.1474615341052413
-0.17803767323493958
-0.18352648266591132
-0.18700795341283083
-0.1927564399582999
-0.19870144873857498
-0.20286880945786834
-0.22913881042040884
-0.23911578208208084
-0.2419661357998848
-0.24258027225732803
-0.25680455937981606
-0.26012496948242186
-0.26219959259033204
-0.270673543214798
-0.2711353078484535
-0.2726820488460362
-0.2739079548045993
-0.27906196131759015
-0.2792972060851753
-0.2832080563530326
-0.29328619019361213
-0.2959870519116521
-0.29665353016129564
-0.2975585063298543
-0.3034616408403963
-0.3103741826489568
-0.33060760572552683
-0.3323799285572022
-0.3370518809450524
-0.33762874336181475
-0.34429256801548247
-0.346178564587608
-0.3487666280319293
-0.34895323757082225
-0.35254376676554483
-0.3537299558520317
-0.358279978458692
-0.35899235121905804
-0.3590989046885322
-0.3634596678117911
-0.3635419636964798
-0.3644857009251912
-0.36464541525903926
-0.36544498180349666
-0.3660951741039753
-0.3675375473103486
-0.36874475062359124
-0.36935104926427204
-0.37122660875320435
-0.37523217402458947
-0.3796422179536118
-0.3807540919793689
-0.38142359496227335
-0.38278983021155
-0.38730830081773027
-0.3874605034732006
-0.39087570004630834
-0.3918093482032418
-0.3927406755586465
-0.394672080539749
-0.3949636071920395
-0.3976658563894619
-0.39804079653695223
-0.3989558174674
-0.3993826869286989
-0.4015878361897194
-0.40333347051637247
-0.40469015669077635
-0.40618615690618753
-0.4071643582622831
-0.40724834563055384
-0.40872075657049817
-0.40893672649282964
-0.4098630125517957
-0.41274919806291227
-0.414929517544806
-0.4151976536312658
-0.4217669770005159
-0.4220013107600001
-0.4245339907705784
-0.4258193604958554
-0.42900978771245313
-0.4316208355128765
-0.43742729830555616
-0.43789112027401905
-0.43895619029179217
-0.44036566529519344
-0.44121304957196117
-0.4426427383506153
-0.44419753251211913
-0.4461935459394226
-0.4467979012988508
-0.44824864032367867
-0.4502148221799871
-0.45076814144849775
-0.45153330483784276
-0.45195995178073645
-0.452151827347864
-0.4524490110842245
-0.45391112637844344
-0.45643940195441246
-0.4568963535130024
-0.45945858558019004
-0.46259764074865317
-0.46285333740434
-0.4651264913380146
-0.46659206523604335
-0.46708424063399434
-0.4690288119018078
-0.46986676483518547
-0.46994084808310227
-0.4704679666707913
-0.47053883756910053
-0.4710393956463252
-0.47131425315248116
-0.4722247250378132
-0.473175508188433
-0.47392993469177536
-0.4773250964219467
-0.47871772162616255
-0.4829795048572123
-0.48551175463944674
-0.4857598659291398
-0.48697668050105375
-0.48716577182058246
-0.48744887933135034
-0.4879953865893185
-0.489297245934722
-0.49074777300753025
-0.49146426465692156
-0.49156086379662156
-0.4924525497481227
-0.49313446743326494
-0.49370717383655055
-0.49407567507296335
-0.49424904910847545
-0.49451635821929407
-0.4957775771385059
-0.4988448806107044
-0.49939325395971534
-0.49958021607663894
-0.5002311434105245
-0.5008503614924849
-0.5010969724971801
-0.502316783554852
-0.5034208066063002
-0.5043396914067367
-0.504608565568924
-0.5046232791085329
-0.5046540608629584
-0.5055878901233276
-0.5074204353757364
-0.507566393826735
-0.5075807280372828
-0.5078376508317888
-0.5088454391807318
-0.509856530634517
-0.5102128681111415
-0.5104520321357995
-0.5116588369839721
-0.5120974888226816
-0.5122554880334065
-0.5133836719109431
-0.5153792006894946
-0.5156676364058512
-0.5168941716353098
-0.5169989075511694
-0.5172161674126983
-0.5176787777947118
-0.5178208025172353
-0.5182751108659431
-0.5185087337380364
-0.5197941133131584
-0.5209056218154728
-0.5209696601765851
-0.5210524490103126
-0.5225145895965397
-0.5228832280263305
-0.5241891702670338
-0.5244209084970256
-0.5248287820464207
-0.5258671760951218
-0.5269654020667076
-0.5277767427032813
-0.5302131656721673
-0.5306640716036781
-0.5309170610165562
-0.5315817687660456
-0.5321087848153964
-0.5322570008122258
-0.5325296111404896
-0.534084636795645
-0.5355656469473615
-0.536403395617122
-0.5366209574664632
-0.5368846535682679
-0.5371352525544353
-0.538546865678985
-0.539745264997085
-0.5430839419364929
-0.5433745831251144
-0.5439409033983553
-0.5454714410443557
-0.546180434525013
-0.5464124171063304
-0.5478143788874149
-0.5483310889038775
-0.5489943208613113
-0.5493816820283731
-0.550221049785614
-0.5534081185857455
-0.5541655767301563
-0.5544953709468246
-0.555027131922543
-0.5553376882569865
-0.5554013833403587
-0.556523271412256
-0.5565552627143916
-0.5573920728638768
-0.5574768209416006
-0.5576514653706303
-0.5597834439120359
-0.5603700582869351
-0.5612678477644093
-0.5612830676966243
-0.5614775344729424
-0.5630726555828005
-0.563208280907323
-0.5638728131140981
-0.5659055667264121
-0.5661219283162305
-0.5661526668506364
-0.566291322781091
-0.566900348290801
-0.5669402124360203
-0.5673075303124885
-0.5674091225722805
-0.5674399300478399
-0.5677491769194603
-0.5683961955364794
-0.5699167411075905
-0.5716614276170731
-0.572202488520326
-0.5732113829976048
-0.5745500026270747
-0.5752540081739426
-0.5771307543452296
-0.577597558291422
-0.5791674710810184
-0.5801581086383926
-0.5808118311688304
-0.5819677867877641
-0.5840069201464454
-0.5855451087700203
-0.586254664696753
-0.5878488520199122
-0.5886718668043613
-0.5890221167355776
-0.5897578547398249
-0.5899683409012281
-0.590201249718666
-0.5902366165626938
-0.5903710306156427
-0.5906919311732054
-0.591079671215266
-0.5912992213335302
-0.5926974915782921
-0.5935645842924714
-0.5943360663950443
-0.5947768446203554
-0.5953783934601233
-0.5960194629927477
-0.5960952194873244
-0.5970622994937003
-0.5973339086398483
-0.5983179746195674
-0.5985233189745082
-0.5994326033542166
-0.600931662786752
-0.6014236100018024
-0.602026992458074
-0.6023031252303294
-0.6036204101750627
-0.6039818546601704
-0.6044216774404049
-0.604569585993886
-0.6058245993788458
-0.6064463250804693
-0.6075514882686548
-0.6075550621996323
-0.6075592276950678
-0.6084487969055772
-0.6084625254074733
-0.6088317435216875
-0.6089793455580043
-0.6091659968718887
-0.6096051321106238
-0.6116280605395635
-0.6121227169512875
-0.6123263364036878
-0.6134118001597623
-0.6160909892577264
-0.6169508680701256
-0.6171133629208531
-0.617147795659931
-0.6175731178567124
-0.6176687085535377
-0.6207375583638038
-0.6213605247437954
-0.6219330849458596
-0.6223900516827902
-0.6226877907756716
-0.6228633685710115
-0.6234624971532159
-0.623494092737221
-0.6247388568008319
-0.6265503105652683
-0.6265884059777652
-0.6284628499299287
-0.6285124247893691
-0.628626806777902
-0.6289745292493275
-0.6293401996871191
-0.630613165541685
-0.6314876228570938
-0.6316931811161339
-0.6319751320406795
-0.634882240742445
-0.6353899410363132
-0.635787668870762
-0.6360246876254678
-0.6365379631519318
-0.6366117782890797
-0.6368042950142319
-0.6371965281931418
-0.637690706551075
-0.638004439487122
-0.6385516787154807
-0.6385945053771138
-0.638658471432898
-0.6393229198583867
-0.6400865791106803
-0.6402532533838359
-0.6405018885132103
-0.6405812001321465
-0.6407217963465622
-0.6412333169331154
-0.6422843672335148
-0.6424365501787345
-0.6427719876584079
-0.6433372918982059
-0.6435343448660875
-0.6436735019087791
-0.6456458141619805
-0.6457615038380027
-0.6465581431984901
-0.6474698739126324
-0.6476162183098495
-0.6484862952493131
-0.6490321133873964
-0.6495537172304466
-0.6504678410710767
-0.6511604248397899
-0.6532800974023035
-0.6541163511574268
-0.6544691019649194
-0.6545159129115442
-0.6547112731883923
-0.6547417822293937
-0.6549070999026299
-0.6555433320657661
-0.6556650836552892
-0.6559554260880263
-0.6566733379848302
-0.6567005871070756
-0.6570637181090812
-0.6572165708057582
-0.6574412291869521
-0.6580169858144862
-0.6584003011230379
-0.6584700394887477
-0.6588427945971489
-0.6595076535304543
-0.6597434741755327
-0.6599908247590065
-0.6603236019611358
-0.660435543085138
-0.6610739636234939
-0.6613803398795426
-0.6615137775532074
-0.6615352630615234
-0.6618892252445221
-0.6625901958387759
-0.6630821412296167
-0.6648171635001505
-0.6657797911417825
-0.666436105966568
-0.6676244559057523
-0.6676887792878246
-0.6678849152392812
-0.6695806786417962
-0.6698027231863567
-0.6707514959853142
-0.6710702082607896
-0.6715403314679861
-0.6719360618056575
-0.6728519343305379
-0.6730522215366364
-0.6737596465806875
-0.6737981783226132
-0.6740749892778695
-0.674441431116845
-0.6746231507509947
-0.6749777552671731
-0.676806573221587
-0.6780909895896912
-0.6805928057059646
-0.6806790247559548
-0.6807865481241606
-0.6808649825218779
-0.6832161173224449
-0.683281933516264
-0.6843485565856099
-0.6844295676296147
-0.6848784051835537
-0.6850080814911053
-0.6856020785868168
-0.686056439485401
-0.6870134249329567
-0.6872685043037765
-0.6873700378669633
-0.6875359993427992
-0.6894884468987584
-0.689783751550648
-0.6899946325148145
-0.6900541186332703
-0.6907711218111217
-0.6916200372257403
-0.692561734881666
-0.6945406177546829
-0.6951969107612967
-0.6954424399882555
-0.6971241360763087
-0.6972684856090281
-0.6976314219723766
-0.698083158582449
-0.6985297434031963
-0.700866772128003
-0.7012287311566373
-0.7027808888815343
-0.7034934783975283
-0.7036628592759371
-0.7042097058147192
-0.7045338016003371
-0.7047081754972169
-0.7048826805936793
-0.7059620311949402
-0.7061801105737686
-0.7064601769670844
-0.7066278328187764
-0.7071480697227849
-0.7074493579566479
-0.7078929346882634
-0.7084513200446964
-0.7092924286844209
-0.709545087069273
-0.7102266160904297
-0.7103311901705133
-0.7114498699083924
-0.7117459853844983
-0.7125242079297701
-0.712689513573423
-0.7131140222772956
-0.7134379824468245
-0.7139785362742259
-0.7142754155728552
-0.7145456925500184
-0.7145909864921123
-0.7153078686445952
-0.7154684521124831
-0.716193202389952
-0.7164210608849922
-0.7164760457351804
-0.7169311694800854
-0.7185534779913724
-0.7187259547811534
-0.7192599365694655
-0.7194289739709347
-0.7198239408640398
-0.7200301981398037
-0.720225771702826
-0.7205313146114349
-0.7205707281827927
-0.7208722366227044
-0.7209235916712454
-0.7209650255325768
-0.7216137567172862
-0.7220210240338929
-0.7224019605533353
-0.7249229125678539
-0.7253967587436948
-0.7255909070372581
-0.725714884698391
-0.7269466474120106
-0.7273714761249721
-0.7276842767993609
-0.7283107178906599
-0.7283660945249721
-0.7288901348074432
-0.7293319093684355
-0.7309363442473114
-0.731031984401246
-0.7321977361238429
-0.7325320086028013
-0.7339194816433721
-0.7339492521714419
-0.7349021211266518
-0.7353560379706323
-0.7365537267178297
-0.7368366257952792
-0.7381318418309093
-0.7390059244818985
-0.7403806489892304
-0.7415653721739849
-0.74234617149923
-0.7434552550315857
-0.7435827189280341
-0.7442454418965748
-0.7445988141532455
-0.7447323087188933
-0.744841573695885
-0.7449598221108318
-0.7452676622197032
-0.745580080151558
-0.745651463419199
-0.746283595636487
-0.746719479560852
-0.7467813215684146
-0.7470776628968971
-0.7472601245113072
-0.7477754989328483
-0.7486441855851028
-0.7496204540133476
-0.7519520036876202
-0.7524278499186039
-0.7528367638587952
-0.7530093871057033
-0.7564042754885223
-0.7567581750452519
-0.7576314248144627
-0.7578576157490412
-0.7588043179259532
-0.7591512688280394
-0.7594243860803545
-0.7605737132253125
-0.7607494294643402
-0.7625452217956384
-0.7627788805402815
-0.7653048122301698
-0.7658110910095275
-0.7662636034190655
-0.7663435414433479
-0.7664487783664039
-0.7664951384067535
-0.7674302332103252
-0.7678715791553259
-0.7683734898455441
-0.7689665327114719
-0.7689878375967965
-0.7690549114951863
-0.7691384995356202
-0.7705768689513206
-0.7714205529569881
-0.7722494553774595
-0.7727788491174579
-0.7728570179315284
-0.7728661924068417
-0.7732566233192172
-0.7736213067213872
-0.7738662272691726
-0.7742968055286578
-0.7745965860784054
-0.7752872430202034
-0.7752991716066996
-0.7753910782048479
-0.7754943475127221
-0.7759292675182223
-0.7768178974012179
-0.7769250027421448
-0.7771177177783102
-0.7790262524038554
-0.7790493476204574
-0.7799095787107945
-0.7805170395877212
-0.7807439714670181
-0.7826294756184021
-0.7830553315579891
-0.7837406769394875
-0.7851452960632741
-0.7852764241397381
-0.7856571562588215
-0.7871156815025542
-0.7878103036433458
-0.7883112442990144
-0.7884708307683468
-0.7889402945126806
-0.7891022475022409
-0.7899562321189377
-0.790890711126849
-0.7909600825514644
-0.792219182709232
-0.7947531640529633
-0.7957466145356497
-0.7957913279533386
-0.7961584878154099
-0.798744458394746
-0.7990946429116386
-0.7997507726152738
-0.7998769864439964
-0.8013105789820353
-0.8013234971091151
-0.8014793760246701
-0.8027557101100683
-0.8033754707624515
-0.8044637367129326
-0.8051355092320591
-0.8058018257841468
-0.8063935872374309
-0.8068248267518356
-0.8073629289865494
-0.8076118662953377
-0.8080802978947759
-0.808612483739853
-0.8095259642736479
-0.8096793722361326
-0.8108060928061604
-0.8114834891425239
-0.8118286633065769
-0.8123563858331181
-0.8123992106744221
-0.814049091655761
-0.8141977776540443
-0.8143953803926707
-0.8144624008797109
-0.8145782152811686
-0.8157538423935572
-0.8168074448039988
-0.8178954508854076
-0.8188590208689371
-0.8203139327466488
-0.8209864138936003
-0.821177626773715
-0.8221937988160385
-0.8228577176729838
-0.8233370205594434
-0.8243052826728672
-0.8246128358360794
-0.8277324462930361
-0.8280565783381462
-0.8291076761670411
-0.8292373335986797
-0.8292611693432264
-0.8303154951805481
-0.8303703721612692
-0.8304971441626549
-0.831037213280797
-0.8311506509780884
-0.8323529874207451
-0.8328780820855173
-0.8329618707299232
-0.8329724119976163
-0.8339470819170985
-0.8341689912136644
-0.8356557339429855
-0.8363539711863268
-0.8378337431285117
-0.8383812783868052
-0.8390693268738687
-0.8393208987351196
-0.8395848180225585
-0.8396105095744133
-0.839913722872734
-0.840182593713204
-0.8408068915208181
-0.8426608513626788
-0.8427554209716618
-0.8430989913642406
-0.8443391397595406
-0.845355436205864
-0.8468607308136092
-0.8494420044124127
-0.849702047986082
-0.8502035734563833
-0.8506816079025157
-0.8525164909660816
-0.8529936117120087
-0.8537062605222067
-0.8555912235751748
-0.8578466977924109
-0.8579682549461722
-0.8593683552462608
-0.8594575077295303
-0.8600349340122193
-0.8608120726421475
-0.8638002042259488
-0.8639999901254972
-0.8640758811185757
-0.8643433726392686
-0.8658634386956692
-0.8672311814501882
-0.8676961399614811
-0.8686601221561432
-0.8689904652273981
-0.8703616995077866
-0.8706762591997782
-0.8713011294603348
-0.8727962784469128
-0.8735253363847733
-0.8735852142175039
-0.8757884635900458
-0.8763941332697869
-0.8763986397534609
-0.8788464435686668
-0.8809405080974102
-0.8813719650109609
-0.8815154893589872
-0.881736378185451
-0.8830301687121391
-0.8857808411121368
-0.8868933485820889
-0.8869171440601349
-0.8875425574037114
-0.8877615598695618
-0.889683036133647
-0.8898971527814865
-0.8911619720359644
-0.8911927677690983
-0.8929347228258848
-0.8945382554084063
-0.8966502662748098
-0.899213268281892
-0.8998450597282499
-0.9016315564513206
-0.901825041975826
-0.9028018191456795
-0.9049550520721823
-0.905639442615211
-0.9056864731013775
-0.9057870110264048
-0.9058293783002429
-0.908156289585999
-0.9085454269578415
-0.9117738544940949
-0.9120258083567023
-0.9132285614808401
-0.9145072000101209
-0.9152958869934082
-0.9159842564000024
-0.9182447083294392
-0.9182617226615548
-0.9185628954321146
-0.9234324453605546
-0.92579857292003
-0.9267099350690842
-0.9268880215628693
-0.9273379296064377
-0.9276424501091242
-0.9278739939133326
-0.9288780788580576
-0.9308193964617593
-0.9309027498321873
-0.9328246100081338
-0.9331669064445628
-0.9333627158775926
-0.9351731151497612
-0.937140105292201
-0.9371791088155338
-0.9377320089510509
-0.9385416811066014
-0.9393155634403229
-0.9400298458524048
-0.9416206143796444
-0.942338810612758
-0.9434290954377502
-0.9438733272254467
-0.9444987371563911
-0.9453656108429035
-0.950390474346932
-0.9528156232166415
-0.9532297849655151
-0.9546275585889816
-0.9579815447330475
-0.9587020352482796
-0.9595249193824
-0.959586532579528
-0.9598868404929009
-0.9602048270404339
-0.9603690683841706
-0.9663708743485456
-0.9667613266501576
-0.9671886153519154
-0.9708490691014698
-0.971291571855545
-0.9719804426034292
-0.9738625772297382
-0.9743403593699137
-0.9743459839373827
-0.9746482372283936
-0.9746970036067069
-0.9762637512758374
-0.976736094802618
-0.9775185823440552
-0.9778968885540962
-0.9781106923307691
-0.9797345377504826
-0.9827219843864441
-0.9863953851163387
-0.9895536724361591
-0.9939133934676647
-0.9947392599036297
-0.9986558277159929
-0.9986962668597699
-1.003603829536587
-1.005540663545782
-1.0058486732757754
-1.010624732201298
-1.013651413222154
-1.0141645930707455
-1.0153589211404324
-1.0156701849773526
-1.01894388288363
-1.018975726639231
-1.0201697359637667
-1.0209222797836577
-1.0219260537899875
-1.0220794836474982
-1.0231179788708686
-1.0232667086852922
-1.0238167668382328
-1.025273836683482
-1.025785505771637
-1.02677123749163
-1.0269696334643024
-1.0287284851074219
-1.0288572792924242
-1.031517491862178
-1.0334999561309814
-1.0361018578211467
-1.0374210457251007
-1.0380985190471013
-1.0390541357919574
-1.0393073378751676
-1.0412954739294946
-1.0434182188939303
-1.0435827262699604
-1.0449449803680182
-1.0451459102332592
-1.0483389558891456
-1.051393617875874
-1.0521015518655379
-1.0564168959856033
-1.057829840729634
-1.0582287510236104
-1.0620173513889313
-1.0624524640540283
-1.0648136218078434
-1.0668850243091583
-1.068260345607996
-1.0684315928374417
-1.0694037899374962
-1.0695405080914497
-1.0750697531870432
-1.0765808880329133
-1.0774725113684933
-1.0806200228631497
-1.0820112427075703
-1.0864764067033927
-1.087932825088501
-1.0893001276999712
-1.0895908940583467
-1.089924092590809
-1.0946118757128716
-1.095315782353282
-1.0968484048332487
-1.099399979847173
-1.1043389196274802
-1.1048328034579753
-1.1081179742302214
-1.1081316620111465
-1.1095378309488297
-1.1109959640436702
-1.1114347934722901
-1.1120470687747002
-1.113593503832817
-1.1136756306514144
-1.1137524250225397
-1.1162856929004192
-1.1168918553739786
-1.1172825396060944
-1.1198120784635346
-1.1221581669524312
-1.1222418993711472
-1.1224270090460777
-1.1235861678918202
-1.1235868483781815
-1.1237441251675289
-1.1248101972043514
-1.1300938129425049
-1.1320864140987397
-1.135501007239024
-1.1365424195925395
-1.137410044670105
-1.1392406821250916
-1.1393049819278531
-1.14082239754498
-1.142120513532843
-1.147166796028614
-1.1483657111724217
-1.1486349776387215
-1.1505164102030296
-1.1513577103614807
-1.1539650495563234
-1.154423924162984
-1.1605737431673333
-1.1607309035542939
-1.162594147399068
-1.1630699268134777
-1.16330436617136
-1.1640019963184993
-1.1653739959001541
-1.1667500893984522
-1.167401356001695
-1.1687137412705593
-1.1696222722530365
-1.1698465202003718
-1.1705791514832526
-1.172019938627879
-1.1744051709771157
-1.1753782667219639
-1.1864053606987
-1.1896151527762413
-1.195042601476113
-1.1963090045998495
-1.1967853323689528
-1.1980221668879192
-1.1984114944934845
-1.199131488179167
-1.1992416692276795
-1.199319118866697
-1.2050771117210388
-1.208478331565857
-1.208637612561385
-1.2119105011224747
-1.2124029136030003
-1.2143599657075745
-1.217180989566259
-1.2194050965564591
-1.2200654943784077
-1.227825678884983
-1.2317429619530837
-1.2331098914146423
-1.2334151707589627
-1.2337427213788033
-1.2361686695367098
-1.2367270588874817
-1.2385655120015144
-1.2392519308875005
-1.252459400643905
-1.269532489279906
-1.272973287584526
-1.28039985941723
-1.2805763452779502
-1.2807301431894302
-1.282984461557741
-1.2851166129112244
-1.2900608405470848
-1.2909404252256667
-1.2923019882291555
-1.2982325972989202
-1.2989084258675576
-1.3090138733386993
-1.3137092888355255
-1.3168779388070107
-1.3345851534977555
-1.3391707353293896
-1.345215761102736
-1.3453315440565348
-1.3496831402182579
-1.3498995353778203
-1.354992999136448
-1.3579667148490746
-1.3604024350643158
-1.3659365337807685
-1.3710649174172431
-1.3713982105255127
-1.377385562285781
-1.378999523818493
-1.379346714913845
-1.3842096912364166
-1.3893352498610814
-1.3906471356749535
-1.393521472811699
-1.4017388621966045
-1.4017447233200073
-1.4061751961708069
-1.413700494915247
-1.4152324109338223
-1.415608702499109
-1.4168295860290527
-1.4295844078063964
-1.4307148829102516
-1.4349827021360397
-1.4413038057585557
-1.4437374947592616
-1.4458569027483463
-1.4732166975736618
-1.4743356462568045
-1.4795578693350155
-1.4835896342992783
-1.4877846613526344
-1.4883295893669128
-1.4895161626239617
-1.4921546183371295
-1.4929437041282654
-1.496288575232029
-1.496719542145729
-1.5007933676242828
-1.503421060508117
-1.5069350767880678
-1.5070999562740326
-1.5256262249313295
-1.5316279157996178
-1.53196213953197
-1.5329926162958145
-1.538099119067192
-1.5388061732053757
-1.5505769041677315
-1.5559301050379872
-1.5610430464148521
-1.5678143613040447
-1.5703035816550255
-1.5756241157650948
-1.5760305151343346
-1.5835780389606953
-1.5853324110309284
-1.589039648572604
-1.599982377141714
-1.6148207411170006
-1.6189961731433868
-1.622516400925815
-1.624281729804352
-1.6268196403980255
-1.632126836804673
-1.6494937770379086
-1.6585997939109802
-1.6586113184690476
-1.667146384716034
-1.6707806289196014
-1.6866074055433273
-1.687136709690094
-1.6902563604526222
-1.694353148341179
-1.707922849059105
-1.7091224789619446
-1.7093437984585762
-1.7109079509973526
-1.7148603796958923
-1.7262792587280273
-1.7336218506097794
-1.7363105863332748
-1.7399865575134754
-1.757935439546903
-1.7671758417660992
-1.7965702265501022
-1.8106165826320648
-1.8244548439979553
-1.830113997682929
-1.8393061757087708
-1.8654671646654606
-1.8698989003896713
-1.8754456698894502
-1.8774264591435592
-1.8788073062896729
-1.8869684934616089
-1.8938609659671783
-1.9020418524742126
-1.9039695337414742
-1.9484736323356628
-1.9554489110596478
-2.01163516441981
-2.0131438970565796
-2.0205247215926647
-2.0305680483579636
-2.04228532128036
-2.052669644355774
-2.0686663637558618
-2.073984980583191
-2.0848567485809326
-2.0852018365015588
-2.0920759074700377
-2.0926576256752014
-2.095825731754303
-2.106078267097473
-2.1245476603507996
-2.139816423257192
-2.1513504832983017
-2.1840360835194588
-2.216034233570099
-2.2199278473854065
-2.22139959782362
-2.2324633598327637
-2.237907855771482
-2.2380875972739886
-2.240951657295227
-2.2410129457712173
-2.246639721095562
-2.2501242626458406
-2.263136923313141
-2.274104032665491
-2.2785615073516965
-2.2812198400497437
-2.281252169981599
-2.3199886046350002
-2.322145347483456
-2.3231288293997445
-2.3300727494060993
-2.3342851052681604
-2.3434001803398132
-2.371958911418915
-2.390365332365036
-2.3931590616703033
-2.4075008872896433
-2.4127425154050193
-2.426273822784424
-2.427198201417923
-2.4388391077518463
-2.449172407388687
-2.4495851397514343
-2.4718172351519265
-2.4756798148155212
-2.4936121503512063
-2.50152450799942
-2.513493639882654
-2.5250102082888284
-2.5397157669067383
-2.600607931613922
-2.6120425735910735
-2.6191332042217255
-2.6230012776795775
-2.669498085975647
-2.6729908486207328
-2.6839135885238647
-2.7121506929397583
-2.7368111610412598
-2.7369180787354708
-2.757085849841436
-2.757913668950399
-2.761979967355728
-2.8686081180348992
-2.876738932915032
-2.9095445374647775
-2.964208412100561
-3.0561678409576416
-3.079378455877304
-3.095595711376518
-3.1019259043969214
-3.1576772928237915
-3.176464557647705
-3.245216865092516
-3.2503198385238647
-3.5067620873451233
-3.58937830850482
-3.7031258195638657
-3.7233707904815674
-3.7289241552352905
-3.7632633447647095
-3.7784546613693237
-3.784095048904419
-3.7952838093042374
-3.8180863857269287
-3.8713431358337402
-3.9227259159088135
-3.9667680263519287
-3.992027759552002
-4.0139665603637695
-4.154176235198975
-4.208096027374268
-4.4656094973906875
-4.8876566886901855
-4.989643573760986
-5.396382808685303
-5.413017749786377
-5.431467533111572
-5.565678119659424
-5.5779128074646
-5.582569122314453
-5.841391086578369
-5.947029113769531
-5.987277507781982
-6.896490097045898
-7.091751575469971
-8.519524574279785
-9.977237701416016
-10.742029190063477
