-8.11782301752828e-05
-0.004263119801180437
-0.006140744662843645
-0.007394916101475246
-0.008266989549156278
-0.009054635729019841
-0.012221388085890794
-0.013499236200004816
-0.020161354914307594
-0.05589468307152856
-0.0665881596505642
-0.07475669119503436
-0.07847877972138424
-0.09997735045908485
-0.11049742669274565
-0.11185053425530593
-0.11333110431830089
-0.1302432393655181
-0.13437916179342815
-0.14507717377273366
-0.15489699179306626
-0.16915285121649504
-0.174934484064579
-0.17742197832558304
-0.18558943644165993
-0.18856270175310783
-0.19483202795527177
-0.20666415865222612
-0.2191358518709118
-0.22289804299362004
-0.24542245891851572
-0.24716583770350553
-0.2518959864974022
-0.25418887374043053
-0.255330725905272
-0.25571322268141167
-0.2587072829483077
-0.26265211221762
-0.26501421071588993
-0.26631267071310766
-0.26728000371561694
-0.2710797452746192
-0.27319714586649624
-0.278510856286933
-0.2788906339555979
-0.2850064702797681
-0.2894048693306104
-0.2985296603292227
-0.3081202253699303
-0.3201495152374264
-0.32475949213507455
-0.32616277477548766
-0.33905935287475586
-0.3391872707712041
-0.3416903167963028
-0.3427535574446665
-0.34275690089907584
-0.3445885461341176
-0.34658847967511974
-0.34850506866738823
-0.3515732332311422
-0.35312838037498295
-0.3555703515186906
-0.35864213035801834
-0.362028606235981
-0.36713068063060444
-0.36730971541255714
-0.3684530220925808
-0.370148801500909
-0.37098622880876064
-0.37118006745974225
-0.37320627801818773
-0.3738161111444545
-0.3772799040695342
-0.3822696247613446
-0.3824576377901394
-0.38460816636215894
-0.38812615716597065
-0.3881980260904925
-0.3884809930195843
-0.38953800145585166
-0.39137608325108886
-0.3932833418250084
-0.3936924388632178
-0.3948977378507455
-0.3958638631283975
-0.3979081373610016
-0.3984587700870179
-0.39979181269009134
-0.39997671470373464
-0.4018721033129483
-0.40214055497199297
-0.40354590956121683
-0.40648048368959944
-0.40786982886493206
-0.4083150010133977
-0.4088801958908637
-0.40992049901140865
-0.41005825343121877
-0.4117476726649329
-0.4118809989777219
-0.4127713646407106
-0.41344033417117315
-0.4135132216192274
-0.41352562020464184
-0.41603625207208095
-0.4164631927385926
-0.41718169192776816
-0.4176046138422357
-0.4188473728558165
-0.42001101057976487
-0.4222946308976437
-0.42234897638627444
-0.42363035934977233
-0.4244108117491123
-0.42462152044754475
-0.4258826309815049
-0.4259508007930385
-0.4259848341171164
-0.4277594092018262
-0.42780989342039294
-0.4288909095339477
-0.42929985495097106
-0.4311207700520754
-0.431559118675068
-0.43218362641912084
-0.43224586215166544
-0.4333657346884138
-0.43417217711814576
-0.43471570146139127
-0.4349298481312063
-0.4354379333338276
-0.4355877981787281
-0.435611535795033
-0.4356731353406455
-0.43686304092407224
-0.4391615163458482
-0.44015937307491326
-0.44123212386330124
-0.44194263765166397
-0.44249913189560175
-0.4428396640966336
-0.4431612883183536
-0.4434563763696994
-0.44379294235517996
-0.4483260028170083
-0.44857628773897884
-0.4486229779809946
-0.44889177405275404
-0.4495010018348694
-0.45194454379598026
-0.45268094291289646
-0.45282637570926454
-0.45390499755740166
-0.45618878625423853
-0.45927728241076693
-0.45963971642023743
-0.4615714128077444
-0.462107319952338
-0.46251991325739256
-0.46378321887459606
-0.46457272509319913
-0.4649732474703342
-0.4655126629892038
-0.46658012167816715
-0.46668573097122135
-0.47113948594778776
-0.47165425687741774
-0.4740251719356618
-0.47418375109118643
-0.4747793089365587
-0.4749194068302001
-0.47498722182677333
-0.47538305288132204
-0.47588880313560367
-0.4764825299644144
-0.47694306168705225
-0.4771845669278668
-0.47764687464656036
-0.47840504813939333
-0.4791245460510254
-0.47994452658167575
-0.48107455496986706
-0.48200296610593796
-0.4822988984597032
-0.4832436908009499
-0.4832726663068905
-0.4833365586528089
-0.48353087453288024
-0.4837352961185388
-0.483977636934599
-0.48405570536851883
-0.4840620485574618
-0.485097888819707
-0.4859665940101776
-0.486134962271899
-0.4869186170554409
-0.4879852130954318
-0.4891106646264234
-0.4891121207425992
-0.4891934221799602
-0.48981809954420896
-0.4901753146394818
-0.490831577219069
-0.4911043312400579
-0.491270959074609
-0.49138505198061466
-0.4923634689301252
-0.492736360650796
-0.4928631050313604
-0.4936957933823578
-0.49415886346978366
-0.49703127889034265
-0.49709026248040444
-0.497172276081983
-0.4975485160086666
-0.4985087984158391
-0.4992788886205138
-0.5007224597968161
-0.5014892413919765
-0.5015577481660459
-0.5025663158390671
-0.5037660044068212
-0.5038663355582684
-0.5043802731670439
-0.5058131007720547
-0.5072906019722723
-0.5075416568718841
-0.5076791704632342
-0.5081450343132019
-0.5084315463900566
-0.5089324124564882
-0.5104905079143853
-0.5113023216836154
-0.515331327669426
-0.515507522970438
-0.5158863434893041
-0.5161306058056653
-0.5165385263074617
-0.516774242171128
-0.5188324778739896
-0.519550613949404
-0.5195761386338356
-0.5196356260217726
-0.5198422011322691
-0.5199650978805342
-0.5202661085408181
-0.5204199769844612
-0.5208554362878204
-0.5208902727608802
-0.521106106802248
-0.5211468980647623
-0.5216488454769626
-0.5227776311337948
-0.52468134854862
-0.5247431336902082
-0.5249143222346901
-0.5251211590701133
-0.5254593897494487
-0.5259469902505063
-0.5267219161032699
-0.5278172929039491
-0.5278645406166712
-0.5283208701471772
-0.5285133295052219
-0.5285391849000007
-0.5291009622273123
-0.5292947869747877
-0.5299015983822756
-0.5301872430742757
-0.5319092641067173
-0.5322903917171061
-0.532332319766283
-0.5324818179182734
-0.5325704159493196
-0.5330045767542388
-0.533059212172197
-0.5341531615122221
-0.5356762760085985
-0.5360911320867985
-0.5363115857834486
-0.5364959909702125
-0.5369418930262327
-0.5370176919425528
-0.537359612832006
-0.5385887005499431
-0.538781747312492
-0.5387870591433827
-0.5388454379499308
-0.5389264494801561
-0.5394492908364756
-0.5398478510582613
-0.5399319014977664
-0.5403771068025996
-0.540675266782808
-0.5407103467732668
-0.5413831740079331
-0.5415119992569088
-0.5425912029556154
-0.5426255430959698
-0.5432339549944218
-0.5434268303215504
-0.5454269367264715
-0.5458011774255032
-0.5460805135986043
-0.546234171305384
-0.5462743637876378
-0.5474221365792411
-0.5477542472071946
-0.5480959563050419
-0.5482859234325588
-0.5498693807250155
-0.5501176251321643
-0.5512043159166448
-0.5516755395568907
-0.5524914674460888
-0.5529895748611755
-0.5531071811759014
-0.5531337775496973
-0.5536372690927237
-0.5538374646880234
-0.5541433882899582
-0.5549716560053639
-0.5550844688987127
-0.5556944440598158
-0.556000440501001
-0.5564349805004895
-0.5565294631265311
-0.5570746876997873
-0.5578316901810467
-0.5581730533740483
-0.5586636005817647
-0.5590129022739347
-0.5590995629188709
-0.5591743220575154
-0.5598824696309748
-0.5601985783549026
-0.561917525890749
-0.5619381110368219
-0.562603159652402
-0.5632752142773825
-0.5634293074836023
-0.563627393125978
-0.5642415076727048
-0.5654722730396315
-0.5660909537225962
-0.5662651900202036
-0.5668264162054079
-0.5676676603034139
-0.5677944695213227
-0.568444844149053
-0.5684529083470503
-0.5687016133932048
-0.5689024575985968
-0.5689545594536217
-0.5690110652009025
-0.5708884781426085
-0.5711735725402832
-0.5714521111642372
-0.5717108666160493
-0.5717692629162533
-0.5717767826734215
-0.5725623071120935
-0.5726403058481537
-0.5729318226367468
-0.5739252560500366
-0.5742727262900189
-0.574537328002043
-0.5747202756729993
-0.575515067577362
-0.5765875115638275
-0.577168881893158
-0.5779135132171703
-0.5781069770667024
-0.5781271935158753
-0.5784019912357002
-0.578967169043608
-0.5792381196386285
-0.5799495341643706
-0.580181701789843
-0.580192523698012
-0.5806438817890012
-0.5812824203555161
-0.5824643495609052
-0.583143008486858
-0.5833835624856875
-0.5838717324786558
-0.5853028172360999
-0.5855816981888243
-0.5859771530376747
-0.5860376344727618
-0.5862185194190326
-0.5865741891211655
-0.5888883789801704
-0.5892046520573786
-0.5906256979828218
-0.5906670553473911
-0.5911979403139817
-0.5912488270602937
-0.5913792572055871
-0.591511465725489
-0.5916829423771964
-0.5917183508475622
-0.5923324333885103
-0.5923458574543474
-0.5925120782766109
-0.5931105752279109
-0.5932231053709984
-0.5940484122321423
-0.5944553741386959
-0.5945754880551248
-0.5947682092923464
-0.5951272948645056
-0.5954346214988618
-0.5957613658392802
-0.5960184033961816
-0.597373733855784
-0.597670376021415
-0.5979757882421837
-0.5982146319001913
-0.5998372917514038
-0.6002989667467773
-0.6003338024020195
-0.6008468199055642
-0.6008934540526146
-0.6017515963046915
-0.6021866574883461
-0.6027308683551382
-0.6046266546436527
-0.6046824702061713
-0.6053194170606069
-0.6054801338468678
-0.6061481043040712
-0.6067827820910939
-0.6070898368737235
-0.6072290550926118
-0.6076524396776222
-0.6076770376902358
-0.6077304799109697
-0.6095602810382843
-0.6102064874954521
-0.6109725744980905
-0.6110991407185793
-0.6111947260797024
-0.6113322303475192
-0.6117134316462196
-0.6119074293412268
-0.6143652939470485
-0.6156506357638136
-0.6171103852490584
-0.6174959555501118
-0.6179301114752889
-0.6182479729343738
-0.6186852711252868
-0.6190474079223349
-0.620208877332819
-0.620545750061865
-0.6206092020729557
-0.6207023213307062
-0.6209849105881793
-0.621599679812789
-0.6225357537914533
-0.622566746265511
-0.6227605608957154
-0.6229745858387711
-0.6230342156380754
-0.6233365633524954
-0.6245850791844229
-0.6248670220375061
-0.6249591755784221
-0.6252030368362155
-0.6260954759200104
-0.6265570484101772
-0.626798490424537
-0.6270537865865562
-0.6271240124933684
-0.6275432992260903
-0.6284643672406673
-0.6288041117497616
-0.630331069463864
-0.6308795252349227
-0.6312036457675276
-0.6315288934856653
-0.6315794332573811
-0.6341364905238152
-0.6343780569732189
-0.6346608604718413
-0.6351052346173673
-0.6356251703368293
-0.6365773839255174
-0.6366577896599969
-0.6377347733825445
-0.6379039717838169
-0.6401390179526061
-0.6401851827589174
-0.6406830341438763
-0.6406857576170296
-0.6410263015164269
-0.6412996060593287
-0.6413940936742749
-0.642171355058963
-0.6423365212976933
-0.6430137871260134
-0.6438728125233736
-0.645275933002787
-0.6460407312115422
-0.6461463518440723
-0.6461734660260845
-0.6470147536422771
-0.6473717653580024
-0.6475962472872602
-0.6505420963900784
-0.6510318505045559
-0.6517665189458057
-0.6520875552669168
-0.6523554176092148
-0.6528311799338553
-0.6530332604292891
-0.6534928029010955
-0.6536706718014709
-0.6542640558133522
-0.6544464807957411
-0.65449126187845
-0.6550011406474773
-0.6554254371938961
-0.6558243155479431
-0.6560496726204292
-0.6561914815416457
-0.6578889373267884
-0.6590383547008969
-0.6597718034560481
-0.6613969192629157
-0.6622733537107706
-0.6629844287410378
-0.6630002531805076
-0.6636850653837124
-0.6638523415349482
-0.6643238731776364
-0.6653447576931545
-0.665365754898327
-0.6655996976420283
-0.6656719315849061
-0.6670802012085915
-0.6671820890032905
-0.6678272926559051
-0.6678599896995365
-0.6679089091420691
-0.6682342799613252
-0.6685131466481835
-0.6693470577398936
-0.670089407686776
-0.6701412090292251
-0.6706908578125876
-0.6708538193277491
-0.6723267121447457
-0.6728348838385299
-0.6731739051640033
-0.6738884124077029
-0.6740250015579173
-0.6741500748159726
-0.6745880395174026
-0.6751938059926033
-0.6752781242664371
-0.67546168291301
-0.6767003119530273
-0.6777942354480425
-0.6786331304349005
-0.6810635821408747
-0.6811176646086905
-0.6822440311467896
-0.6822918504476547
-0.6823940983906921
-0.6825223348918371
-0.6825233536240246
-0.6853098099430402
-0.6857140154461376
-0.687007661908865
-0.6871894029929535
-0.6873527886345983
-0.6876444021860758
-0.687728414312005
-0.6879428559687868
-0.6879954072210239
-0.6883515195222571
-0.688435521390703
-0.6893493626266718
-0.6906162401040395
-0.6914678147659288
-0.6916507391020786
-0.6917092970688827
-0.6918193508405238
-0.6921099697550138
-0.6928045344538987
-0.6931094540082499
-0.693121245796127
-0.6933312679175287
-0.6939339869422838
-0.6947100152960047
-0.6958216252096463
-0.6963582675089128
-0.6968886038521305
-0.6970253378152848
-0.6984218978581743
-0.6989356579465998
-0.7003042153315618
-0.7008860129863024
-0.7016165314707905
-0.7017239270731807
-0.7023080282711557
-0.7033456004823425
-0.704222253327699
-0.7051025478452045
-0.7075666123637347
-0.7090156565287283
-0.7096066352678463
-0.7098132798980389
-0.7109038467622466
-0.713705735723488
-0.7143327987619809
-0.7166696184140164
-0.7170688982846009
-0.7177770857399862
-0.7198781670304015
-0.7207095645368099
-0.720964389580331
-0.7212296271075805
-0.721425307635218
-0.7214624006301165
-0.7219222994768643
-0.7220103243986765
-0.7228038127401045
-0.7229330899814764
-0.7240963190793991
-0.7248491421341896
-0.7251250556825349
-0.7260267440229654
-0.726804652307432
-0.727529423602391
-0.7288642630945625
-0.7293029648426455
-0.7311103530228138
-0.7315230256877839
-0.731689647732613
-0.7322980078558127
-0.7324663519393653
-0.7327212076116767
-0.7334831481178602
-0.7336863136539856
-0.7346879660004848
-0.7347371650772402
-0.7348225472212236
-0.7354261170713352
-0.7354858747373024
-0.7360784485936165
-0.736151686006148
-0.7376731498433011
-0.7393092702841386
-0.7409955732800881
-0.7416262762207124
-0.7428350082482211
-0.7437121707147786
-0.7442038673907518
-0.7442059870809317
-0.7451744046178647
-0.7452057354821591
-0.7452904596924782
-0.7466934733092785
-0.7469116214269889
-0.7483962902000972
-0.7488134484738111
-0.7497863695025444
-0.7501934835953372
-0.7505498385677735
-0.7516857391844193
-0.7518846623133868
-0.7519314869685332
-0.7521305146316687
-0.7526438954810146
-0.7528569757539246
-0.7542364843830001
-0.7547106616612937
-0.7550453040748835
-0.7550835309230024
-0.7552315056340636
-0.7559807098337582
-0.7568088565021753
-0.7596898635383695
-0.7598879367578775
-0.7602243061798314
-0.7607783476511637
-0.7613679254427552
-0.7624055325286463
-0.7624540453311056
-0.764064069122209
-0.7642519672711691
-0.7648291792720556
-0.7650875253602862
-0.7652782377166053
-0.7664745834888891
-0.7674282284246551
-0.7683118898421526
-0.7684734173119068
-0.7706697200358447
-0.7736532688140869
-0.773921862244606
-0.774736462533474
-0.7752137841792622
-0.7755415290594101
-0.7757191259339119
-0.7757700806897547
-0.7758689438924193
-0.7762761621011628
-0.7770700239472919
-0.77903654113678
-0.7792760994699266
-0.7797126479446888
-0.7804797912637392
-0.7804804061140332
-0.7810483857989311
-0.7814078330993652
-0.7820087641477584
-0.7820759142749012
-0.7822113920701668
-0.7832123097032309
-0.7842379938811064
-0.7858358003199101
-0.7873110646381974
-0.7874398701306846
-0.7881909012794495
-0.7910314649343491
-0.7910578691711029
-0.7912701099412516
-0.7920328212591509
-0.7927338687909974
-0.7929248209606158
-0.7942513258506855
-0.7948185307905078
-0.7958353155926388
-0.7962718172348104
-0.79646758409217
-0.7965422667887955
-0.7967296963712821
-0.7970784411383127
-0.7982758620443443
-0.7991599887609482
-0.7993528751124229
-0.800271666399567
-0.801174649829045
-0.8015415758515397
-0.8027901925767461
-0.8041526917118712
-0.8047288632286447
-0.8047473683953286
-0.8050574295339175
-0.8074556736592058
-0.8088304484263062
-0.8111418619325074
-0.8137758020311594
-0.8144861737798367
-0.8146734658318261
-0.8154946926224511
-0.8177533334431549
-0.8184231556952
-0.8193353525421117
-0.820443109376356
-0.8246398954470351
-0.8254456371068954
-0.8257826250046492
-0.8270475798053667
-0.8270565957427607
-0.8281754905357956
-0.8290472388267517
-0.8291966840624809
-0.8293818235397339
-0.8295130444069704
-0.8295614048838615
-0.8310550232417881
-0.8325462655888664
-0.8326352498926488
-0.8335587754845619
-0.8338746735826135
-0.8339123642072082
-0.8352512924133667
-0.8355616760440171
-0.8361214531905716
-0.8370468271896243
-0.8394075763600994
-0.8397369758458808
-0.8402646854738123
-0.8418469384002188
-0.8463938421482453
-0.8466692130644636
-0.8481965504054513
-0.8486472889780998
-0.8496114823501557
-0.8498956217247594
-0.8535232888534665
-0.8542872852024933
-0.8548836447298527
-0.8561357868093182
-0.8565579778096435
-0.8594121875034438
-0.860632736980915
-0.8625529586376312
-0.8640452474355698
-0.8644900762592442
-0.8648508501549562
-0.8663343477861157
-0.8683886850951239
-0.8697955740822686
-0.8728857547044754
-0.873474520547461
-0.8746370362568996
-0.8765288144350052
-0.8765731426596176
-0.8772461456246674
-0.8775055504270962
-0.8871580809354782
-0.8882130281999707
-0.8886125041753985
-0.8910906139644794
-0.8911973827385476
-0.891687105972475
-0.8927592024207115
-0.8937161713838577
-0.8953866524000963
-0.8961225726774761
-0.8986027025287816
-0.8994601856917143
-0.8999164357781411
-0.9018540835628907
-0.9025723948143423
-0.9029837587848306
-0.903465212136507
-0.9072549654026969
-0.9092263914644718
-0.9098120302531041
-0.9113461956381798
-0.9128958024084568
-0.9149839625461027
-0.9183330461382866
-0.9192002832889556
-0.9211783508459727
-0.9242791910267746
-0.9269001959328307
-0.9279553009662778
-0.9284003662396572
-0.9304893514781725
-0.9317775724222883
-0.9318360700272024
-0.9323575038995061
-0.9329705685377121
-0.933254803220431
-0.935390742868185
-0.9356604866683483
-0.9357687474361488
-0.9361433585484823
-0.9369963768403977
-0.940291176084429
-0.9482773989439011
-0.9510909706354141
-0.9576598821828762
-0.9580001733265817
-0.9586343476548791
-0.9593201565076015
-0.9601218646275811
-0.9660839140415192
-0.9665484833050868
-0.9672415805980563
-0.9676382906424502
-0.968910813331604
-0.9697814422179363
-0.9706110414311601
-0.9712240697816015
-0.9719771828337495
-0.9739551842212677
-0.9744754228740931
-0.9749738950282335
-0.9752031636695998
-0.9789475481957197
-0.990201735496521
-0.9920892118956545
-0.9925738155841828
-0.9970441437003501
-1.0043159630149603
-1.0075467554852366
-1.0101391390144272
-1.0132706389322266
-1.0140195870383952
-1.01413487381069
-1.0144627097528427
-1.0145115500781685
-1.0146616001147777
-1.015688732266426
-1.0176596209494164
-1.0220961790531873
-1.0257986973987758
-1.0260041309520602
-1.0282242676243185
-1.0286764353513718
-1.0344925324122112
-1.0367547804240271
-1.0368513631013532
-1.0370925133659814
-1.0379269823980783
-1.0387277814249198
-1.0393309593200684
-1.0544331121394255
-1.058380640577525
-1.05885370192118
-1.0612211398780347
-1.0652324219311897
-1.0654762452080224
-1.0655673776442807
-1.0664165331982076
-1.06668640828381
-1.0671821574990947
-1.0698755532503128
-1.069930821036299
-1.0784501410089433
-1.0870877585257404
-1.0885407484893221
-1.0913003124296665
-1.0918798446655273
-1.0924135992924373
-1.0931733747323353
-1.0955879390239716
-1.0956189170479775
-1.0998047292232513
-1.1038344413624146
-1.11016296595335
-1.11155757928888
-1.1172082126140594
-1.1202913845247369
-1.120623323120526
-1.1220089743534725
-1.1226030851636704
-1.126327356925079
-1.1274831518530846
-1.128062124364078
-1.1285457253456115
-1.1349291483210335
-1.1355922470490138
-1.136427427828312
-1.1440169736742973
-1.1464575946331024
-1.152194730937481
-1.1549608019913649
-1.1619881838560104
-1.1628654663994287
-1.1668087479968865
-1.171598380804062
-1.1716302171349526
-1.172187974055608
-1.1722337424755096
-1.1865068584680558
-1.1905306745320559
-1.198019954065482
-1.2016509976238012
-1.2047204077243805
-1.211409404873848
-1.2129473835229874
-1.2159817889332771
-1.2212285882793368
-1.223205041140318
-1.2246958981526808
-1.2301565557718277
-1.2375874972591798
-1.24019136428833
-1.2490750551223755
-1.2517080878218014
-1.2520248770713807
-1.2529430488745372
-1.2541631461159948
-1.258826990922292
-1.2614715113304555
-1.2642729431390762
-1.2662979066371918
-1.2721744279066722
-1.2760113328695297
-1.2811031291882198
-1.2822884559631347
-1.2993976175785065
-1.306111749727279
-1.3086335907379787
-1.3089644902696211
-1.3104565501213075
-1.3140424639277626
-1.3199443221092224
-1.3250460997223854
-1.3270722776651382
-1.3364201337099075
-1.3530559539794922
-1.3534721517935395
-1.3621994137763977
-1.3668560683727264
-1.3693528417497873
-1.374105954542756
-1.377617746591568
-1.3853513449430466
-1.3875340819358826
-1.3991554975509644
-1.4192785212799208
-1.4238940676053364
-1.42945130666097
-1.4335789687756915
-1.464475649195568
-1.4646569838563057
-1.4688762202858925
-1.4692001044750214
-1.4746934576736141
-1.4794514700770378
-1.489222764968872
-1.4925696589052677
-1.502447345604196
-1.5030333556060214
-1.5299772496024768
-1.5327343233705808
-1.5363900661468506
-1.537048652768135
-1.5397501960396767
-1.5403158590197563
-1.5409801784636719
-1.547463744878769
-1.5537560464193423
-1.5591631134351094
-1.5621954798698425
-1.567152597301174
-1.5737494962910812
-1.5815917551517487
-1.5823463648557663
-1.5848581492900848
-1.5854676744590204
-1.6037482048074405
-1.6042926907539368
-1.6236826579115586
-1.6483145952224731
-1.6714998483657837
-1.680060846110185
-1.714430347084999
-1.7217337442561984
-1.7370600163315733
-1.7377342889085412
-1.7431219754798803
-1.760859572639068
-1.7618498727679253
-1.7907181717455387
-1.833807084709406
-1.8429118650965393
-1.8431087471544743
-1.8560407161712646
-1.858890287578106
-1.8707469180226326
-1.8717069304548204
-1.8875878258259036
-1.9006137996912003
-1.908797952036063
-1.9139752785364788
-1.9176270961761475
-1.9542716996511444
-1.9645466744899749
-1.969352419488132
-1.9725709383686383
-2.0108277093774327
-2.027769993059337
-2.031003087759018
-2.040900945663452
-2.0471623626265987
-2.070312206633389
-2.0789624229073524
-2.0930163805411817
-2.0970462441444395
-2.0972278118133545
-2.113610029220581
-2.1215211153030396
-2.1781130499536325
-2.223928514344152
-2.238173231948167
-2.2563849464058876
-2.285507018212229
-2.3480000703129917
-2.3557945986588797
-2.4168176657209792
-2.46494722366333
-2.5308960489928722
-2.741518497467041
-2.842923824675381
-2.847302172333002
-2.8611188381910324
-2.8843192011117935
-2.9401783552602865
-3.116223456338048
-3.160344462725334
-3.186071328818798
-3.212742567062378
-3.292146641178988
-3.3051855880767107
-3.319999053142965
-3.3770890682935715
-3.389189638197422
-3.4100068351253867
-3.522562291705981
-3.5293423583110175
-3.543400153517723
-3.549319459067192
-3.5555095257004723
-3.6903437842265703
-3.694106124341488
-3.825439634732902
-3.8528335094451904
-3.888443350791931
-3.929936650500167
-4.127705454826355
-4.207421436905861
-4.450352509816487
-4.604208946228027
-4.65615177154541
-7.349183917045593
-10.85300350189209
-10.86612606048584
-11.81954574584961
