-0.001944320960319601
-0.006986107621438957
-0.007678084424696863
-0.06625561706605368
-0.07359135591832455
-0.09891737145205427
-0.10491941115469672
-0.14092003700456449
-0.15856103357132437
-0.16000998418894596
-0.16579618168761953
-0.16794112819479778
-0.17002957897639134
-0.1747175628891758
-0.17499446868896484
-0.17507690160528
-0.17585890320090888
-0.1838383703472153
-0.18837326969757365
-0.19023917485872516
-0.19801874809463
-0.20264845776467194
-0.20306112512073013
-0.21315646589405682
-0.21706373792498515
-0.21861294249214958
-0.2205680781805443
-0.2298167059689149
-0.23116380120336544
-0.23238682681515527
-0.24339731958591276
-0.2433997117933662
-0.24441716008170095
-0.24721648140569283
-0.24784945823279592
-0.24844490498799132
-0.24859644848435314
-0.2537356044556777
-0.2546444709179923
-0.2560379132848452
-0.25664435799990315
-0.257360941185907
-0.25853872124207555
-0.2594476523809135
-0.26466871117701796
-0.2671592093268243
-0.2675120026867192
-0.26861251025972405
-0.26908605227217774
-0.2708078256594793
-0.27187888232300694
-0.27231679997612446
-0.2752815097446728
-0.2774106500927653
-0.2781447069805033
-0.27885796103995136
-0.28080437098635064
-0.28088373104323444
-0.2811608773045009
-0.2813531254717721
-0.28202944497024873
-0.2823915169108659
-0.2901173889331403
-0.29013125134008955
-0.29369131112792146
-0.2940660334895186
-0.2941547064844847
-0.29443208719481173
-0.29489868293943194
-0.2959903016786224
-0.30107374111604357
-0.3018110849221888
-0.3051030841111242
-0.30521979736888033
-0.30532085768222544
-0.3061617717342285
-0.30752515369178063
-0.3142982376550208
-0.31772529383791454
-0.31850224444497144
-0.31882347144819506
-0.3189753056416521
-0.32103719319841023
-0.32114352864895906
-0.321203722635151
-0.32368482726936537
-0.3263997249310705
-0.33069822444979635
-0.33151937598861125
-0.33162914495701173
-0.33394796168108265
-0.33542938926257193
-0.33576323329988456
-0.3362506690817619
-0.337086147130796
-0.3376366831178434
-0.3417303312037672
-0.34187718903413045
-0.3438784197648972
-0.34453312299835187
-0.34471024860007066
-0.34607936730346156
-0.34664292518476336
-0.34673764133228413
-0.34820490333044696
-0.348480472387746
-0.35211422075517473
-0.35550881598665
-0.35567137984980945
-0.3585476673394843
-0.35925920815261636
-0.3598173099712262
-0.36060190089119715
-0.3613568792740504
-0.36269864393398166
-0.36284923174607686
-0.36380965127942283
-0.3640975729318928
-0.3650720183271915
-0.3653775691011106
-0.36732032846193763
-0.36744819212213364
-0.36807710710231084
-0.3689587650870736
-0.37060650419752006
-0.3717327250094968
-0.37708750975850436
-0.3779920630477136
-0.37830438357777896
-0.37853557131408405
-0.37903919946190645
-0.3795776460192428
-0.38049957290705705
-0.38509625027152905
-0.3856027353758691
-0.38581592975606327
-0.38590526908644407
-0.38822091169668754
-0.3885069102150737
-0.39058430642601
-0.39384260087778483
-0.3940618745206545
-0.3955387828355015
-0.39615935944020747
-0.3965562778437743
-0.3983685394729643
-0.40071446797810495
-0.40496499250487733
-0.405449717797132
-0.4061650607941879
-0.4062349202601278
-0.4090051681580787
-0.40925470626971217
-0.41007521802869934
-0.41361014544963837
-0.41419025682844224
-0.4149638552723142
-0.41536981176856597
-0.41621198033923673
-0.41821317754802295
-0.41891323248273693
-0.4198915251892888
-0.4205800227031836
-0.42171576113582104
-0.42189248563954607
-0.42432284444294055
-0.4261852056822843
-0.4270475670462474
-0.4284081381435196
-0.43173889722675085
-0.43866107123467374
-0.43916508376908797
-0.4396265863809579
-0.4427750015820493
-0.4429457280697534
-0.4432534790413973
-0.44593832614399226
-0.4470207670949296
-0.44783561646181624
-0.44827776037418515
-0.450834567489801
-0.4514030060221558
-0.4538148043677211
-0.45401821976520296
-0.45404597881206427
-0.4543705252217478
-0.4570053899324893
-0.45845678810858065
-0.4627417027950287
-0.46307968188517
-0.4654865841019071
-0.4664084160904167
-0.4673900622292422
-0.4685394846019335
-0.473714698112287
-0.47420914008075166
-0.4744121873518452
-0.47540416762349197
-0.4776358228642493
-0.4807180094940122
-0.48305866179159945
-0.48351224039215596
-0.4840926263665703
-0.4843351462235053
-0.4849109906742039
-0.48516072141355837
-0.4860430740573065
-0.4866941492946353
-0.48733685245840913
-0.4897733356732975
-0.4903388960020883
-0.4909443825017661
-0.49516619285568597
-0.4958130636174853
-0.500046464818297
-0.5021827537400115
-0.5026616126831088
-0.5029473254922777
-0.5063718258121904
-0.5069441550858755
-0.5088578511236442
-0.5091716651557363
-0.5135664449771866
-0.5136837433325127
-0.5140012297779322
-0.5147911935695447
-0.5207970959794087
-0.5239519200154713
-0.526039238364839
-0.5319586674107996
-0.5321276221802691
-0.5330989574031264
-0.53464709554828
-0.5407813156821898
-0.54098753058653
-0.5449672510892722
-0.545266765917404
-0.548643185198307
-0.5507259953010362
-0.5507378476678342
-0.55073997173713
-0.5507786703916887
-0.5512526973228281
-0.551324509803736
-0.5519459918141365
-0.5542485337064136
-0.5595482538143793
-0.5600998660538608
-0.5618473165668547
-0.5624231665084759
-0.5631173706104164
-0.5634621909619975
-0.5636642402839951
-0.5640795402642753
-0.5647056305970182
-0.5655169661123571
-0.5668983052133366
-0.5721505900194946
-0.5735759267958606
-0.5741958842845634
-0.5755386246179114
-0.5803823261942145
-0.5810133334210453
-0.5825573707879812
-0.5826069630316592
-0.5830012743050853
-0.5832170618698
-0.5851614492841892
-0.586985836410895
-0.5887248911167262
-0.5889522548648529
-0.589213153180026
-0.5920963157162381
-0.5933353250846267
-0.5944005865476356
-0.5944143948727287
-0.5944737845954174
-0.5946548040859246
-0.5969225585460662
-0.597245506408702
-0.597483416851901
-0.604782783271124
-0.6051090914794864
-0.6083209268545033
-0.6097176780949667
-0.620146527359288
-0.6207103868480772
-0.6218382267281413
-0.6220074405428022
-0.6242842745204042
-0.6281752000407627
-0.629626220299138
-0.6312780494003424
-0.6327340806092252
-0.6332125403452664
-0.6349666036461713
-0.6359298670930522
-0.6399987494878587
-0.6409234259481309
-0.6415527013854848
-0.6424700119066984
-0.6431383949005977
-0.6446042249396365
-0.6462524988746736
-0.6499562396597217
-0.6544783483550418
-0.6566002644598484
-0.6569742110092193
-0.6593870893702842
-0.6627104207873344
-0.6649460345506668
-0.6669833872467279
-0.6690522637090908
-0.6697321705985815
-0.6702171362470836
-0.674111447694789
-0.6776759034954012
-0.6796957397988687
-0.6806626790639712
-0.6813963555323426
-0.6883004875853658
-0.6910827547108056
-0.6926257629945342
-0.6954386650274197
-0.6989773809909821
-0.7018888293532655
-0.7070588714734185
-0.7123433721620435
-0.7130103434938064
-0.713553834054619
-0.715282300094259
-0.7174743491507668
-0.7203541434835643
-0.7204360142641235
-0.7236165579291992
-0.7271871291100979
-0.7330587147274249
-0.7374808192253113
-0.7456701842020266
-0.7477561078655223
-0.7574911113712005
-0.757828580152074
-0.761790357530117
-0.7618184922982685
-0.7694837146361048
-0.7698163511231542
-0.7724854338448495
-0.7734558476756016
-0.7742121203809802
-0.7750037922072807
-0.7753702892470755
-0.7790691156017905
-0.7792517659720033
-0.7821012326516211
-0.787031639367342
-0.7913222281495109
-0.7985305741545744
-0.8006242513947655
-0.8035514420829714
-0.8168819032725878
-0.8192068177140754
-0.8223702283750753
-0.8369038315722719
-0.8369805737063871
-0.8507032927125693
-0.8546003920879836
-0.855622166156536
-0.856656376644969
-0.866576670249924
-0.8778458932481173
-0.8797622647136449
-0.8820205266986575
-0.900193582099746
-0.931370643277963
-0.9343567138537765
-0.9366819994989782
-0.9554272542397181
-0.9759159081482461
-0.9842613439977868
-0.9848576080112252
-1.0469062149350066
-1.051439392613247
-1.0644579496777926
-1.1024736708495766
-1.134234284516424
-1.1413477808237076
-1.1560454610735178
-1.165189728140831
-1.2137829959392548
-1.2578880973160267
-1.2661763727664948
-1.3241501259617507
-1.3859501825645566
-1.3949751250135403
-1.406612142920494
-1.438982505351305
-1.4580537714064121
-1.4676215127110481
-1.4745661330634903
-1.4840740483923582
-1.4844780210405588
-1.4933964915573597
-1.5303786378353834
-1.551923862658441
-1.577340492978692
-1.5868496274575592
-1.6970682789882023
-1.763042845763266
-1.7698587253689766
-1.7881296923539292
-1.8128335885703564
-1.8472303226590157
-1.9111615074798465
-1.9192952425219119
-2.0666970163583755
-2.0930333929136395
-2.193533573920528
-2.2010764060541987
-2.267515311425086
-2.389139622449875
-2.417187452316284
-2.455145448446274
-2.467969253038367
-2.5165810734033585
-2.536778688430786
-2.5671861039396995
-2.6210551261901855
-2.6246566474437714
-2.6922638416290283
-2.6984703540802
-2.7310438603162766
-2.74868209392298
-2.8476820290088654
-2.875053882598877
-3.08170947432518
-3.1335363760590553
-3.231145143508911
-3.547622323036194
-3.6397733287885785
-4.179778695106506
-4.428788946941495
-4.480568004219094
-4.481818616390228
-4.667113159084693
-5.152668476104736
-6.0681586265563965
