-0.00017712931730784476
-0.009717141976580024
-0.024218583134643267
-0.029889572730705066
-0.046145749278366566
-0.058823060448048636
-0.0797564908862114
-0.08434933749958873
-0.09547378569841385
-0.10404940880835056
-0.11928230330037574
-0.12939920152227083
-0.13046656467992893
-0.13074612815398723
-0.13374464195021574
-0.13955564613085394
-0.14080770686268806
-0.15235492686624638
-0.16301325473250472
-0.16520623210817575
-0.17155507502275213
-0.18368561938405037
-0.18521747598424554
-0.19932262400980108
-0.20133635831977395
-0.20181292295455933
-0.22010423243045807
-0.22418785930575622
-0.2288815953052108
-0.2442957889288664
-0.2443848226685077
-0.24857838631474546
-0.24932972714304924
-0.251516165625357
-0.2540481314063072
-0.2692395084304735
-0.2717067119665444
-0.2896868996322155
-0.2989267122466117
-0.3081180947367102
-0.3242966228634551
-0.32827365351840854
-0.33368628786411136
-0.3369189211063915
-0.339226998848192
-0.3399702198803425
-0.3417908474802971
-0.3440792394865502
-0.34433152153672253
-0.34651483589297405
-0.34655951661066603
-0.34883754327893257
-0.3499773896874103
-0.3523681366544527
-0.3533955206349492
-0.355090843513608
-0.35540966117615524
-0.36041954159736633
-0.36243540358264
-0.3641275835481273
-0.36562193397225606
-0.36682194932118845
-0.3672484972274914
-0.3706400604622269
-0.3716056643142587
-0.3721141080216815
-0.37568432791158557
-0.37679020687937737
-0.3789549288007298
-0.37927563341621023
-0.3804801781835623
-0.38224509296317893
-0.3823070050123836
-0.382716883689648
-0.38453739068871884
-0.384756863117218
-0.3866492406038257
-0.38684319201413364
-0.3870312476530671
-0.38827926230151205
-0.38856419721618296
-0.3892742420679757
-0.3899938754704116
-0.3909280174023782
-0.3933195706922561
-0.39397597739186424
-0.394967821482569
-0.39503875124223886
-0.39602602894883604
-0.39841482738847844
-0.40183777481122107
-0.40613317839732327
-0.40696791016866884
-0.40721962603063067
-0.40937297811938655
-0.409600966386497
-0.4096550473563925
-0.41076696030795573
-0.4115578094186441
-0.4141941552183458
-0.41465824918821453
-0.41593366492306816
-0.4176309364589138
-0.41809218838486983
-0.41860181075476466
-0.4188377526833823
-0.42262462699646774
-0.4235541288368404
-0.42410756181925535
-0.4241915219812654
-0.4250693166852995
-0.42671954690444247
-0.4270274519221857
-0.4279262238465574
-0.4288966429885477
-0.4300391756405588
-0.43018875965688136
-0.4314134357846342
-0.4325660773674431
-0.43256938830018044
-0.43345774002373216
-0.4354804257551829
-0.43575380461547397
-0.436706615924777
-0.4374874177883612
-0.43971338926348835
-0.4406916637898475
-0.4407637244221405
-0.4413386329154794
-0.44157752909020265
-0.44234010215667596
-0.4424658273346722
-0.4430227604193183
-0.44339441459037754
-0.44410618181739536
-0.44505322249387974
-0.4460508506386899
-0.44716140455299563
-0.449225980527699
-0.4541144858424862
-0.4547505141235888
-0.4555407542890559
-0.45567362250662163
-0.46828345467925203
-0.4695537026040256
-0.469772522081621
-0.47000788028041524
-0.47196593873215736
-0.4730502468830144
-0.47448518229648473
-0.4745899592526257
-0.47545403949916365
-0.47825330807469213
-0.4790629186667502
-0.47911089857952904
-0.4798040948808193
-0.48082643519673085
-0.48172257258556783
-0.4844359669271607
-0.4865002501755953
-0.4873208303004503
-0.48739570938050747
-0.48757562866537935
-0.4888807014071972
-0.4901062321021325
-0.49035952994282445
-0.49068801848289484
-0.4955515851774676
-0.4958988136301438
-0.4977870984468609
-0.49965110851432354
-0.49979129309455556
-0.4998082181834131
-0.5005198661237955
-0.5007807351427064
-0.5010825948789716
-0.5014516512035496
-0.502636773451029
-0.5048871500831511
-0.5049020797014236
-0.5049368347972631
-0.5053435544978129
-0.5060035844466516
-0.5062416438013315
-0.5066634689324668
-0.506691153560366
-0.5073011265679573
-0.5073405613570854
-0.5087384990878895
-0.5094982854789123
-0.5103265756120284
-0.5108736241236329
-0.511070018368108
-0.511380487749272
-0.5122321224480402
-0.5130248329722769
-0.5134526221081614
-0.514551968978984
-0.514606290915981
-0.5149081496056169
-0.5160518292751577
-0.5173343516289606
-0.5176844914177698
-0.5179054084130459
-0.5180727306753397
-0.5184528388393422
-0.518566746974102
-0.5186286432668566
-0.5201074352212758
-0.5212927758693695
-0.524102398310788
-0.5244795550825074
-0.5267531960465325
-0.5271134550450369
-0.527195333968848
-0.5278541290511688
-0.5293126518838107
-0.5294466010527685
-0.5302676661974854
-0.5338093396276236
-0.5351462279342942
-0.5365411335140899
-0.5365469350169102
-0.5367925767592775
-0.5370968644108091
-0.5420417085212345
-0.5424206353324864
-0.543842995131854
-0.5459020460645357
-0.5462350305169821
-0.5463118502870202
-0.5464007240720093
-0.5486975820967928
-0.5497277323156595
-0.550838559793192
-0.5530130799327578
-0.5560455732532622
-0.5594652911917365
-0.5613405581195062
-0.5624867312610149
-0.5630037514492869
-0.5640093695372344
-0.56496125148312
-0.5738724531142257
-0.5763479400692242
-0.5780943332772169
-0.5792264644987881
-0.5793955103144981
-0.5794765945257885
-0.5806060114875435
-0.5807730089873075
-0.582948390346246
-0.5832618039234408
-0.5848667078708887
-0.5878488658927381
-0.5878850063600112
-0.5879227936384268
-0.588613321158019
-0.589574136930878
-0.5944014629640151
-0.5953688923831438
-0.5955901813382903
-0.5969060375044744
-0.5976657042476952
-0.5977634253545797
-0.5983656639647152
-0.5988176212542586
-0.599376855553904
-0.6021910707155863
-0.6022957955719903
-0.6052643536490255
-0.6055844165384769
-0.607569053536281
-0.6078479856951162
-0.6091055885980106
-0.6100144586525857
-0.6104008053662255
-0.6110367783881624
-0.611977389009553
-0.616981816291809
-0.6182481629269508
-0.6187411534400391
-0.6208337407766117
-0.6212192181911733
-0.6215540797316602
-0.623058583199357
-0.6244273158954456
-0.6246385137589338
-0.6247738990932703
-0.6261720022497078
-0.6264335662126541
-0.6267968309777123
-0.6310569365980174
-0.6324245652894637
-0.6346704104915262
-0.6348502533510327
-0.6361366031924263
-0.6363654423563275
-0.638416977333171
-0.642859188980717
-0.6431164969108067
-0.6466357674863603
-0.6500694811344147
-0.6509665790945292
-0.6517900390112225
-0.6519330096068896
-0.6522770767332986
-0.6541916843917635
-0.6546785518682251
-0.6552758940628597
-0.6554471308365464
-0.6626237034797668
-0.6626429156098953
-0.6650606141376653
-0.6687433589249849
-0.6693752990270566
-0.6708139305313429
-0.6728248084944329
-0.6752735073678195
-0.6755739496904425
-0.6755774696837762
-0.676026432050599
-0.6764570453337261
-0.6765256249345839
-0.6775331515818834
-0.6797589187586558
-0.6828918153963363
-0.6831101645133458
-0.6839573762512633
-0.6848017052092473
-0.6856949169168729
-0.6861276105046272
-0.6882621581666172
-0.6904322577729112
-0.6932499930262566
-0.6965674635954201
-0.6970998627560524
-0.6979059047169156
-0.6983167085796594
-0.698564413562417
-0.6997186535348495
-0.6997689401937855
-0.7011640756881159
-0.701344683766365
-0.7013627037328357
-0.7016931747687826
-0.7030012205359526
-0.7047213774640113
-0.7061766225619067
-0.7064318267665314
-0.7074370676002052
-0.7085470660988774
-0.7098929131669658
-0.7110838888059204
-0.7120211808942258
-0.7140519968504252
-0.7151435523293912
-0.716235970457395
-0.7177357769804076
-0.7179652123309747
-0.7186199620009575
-0.7204729470759048
-0.7214860426528114
-0.7219587253251424
-0.7242507122457027
-0.7245343172628629
-0.7280179023055098
-0.7291313589022528
-0.7293984770658426
-0.7321753229480237
-0.7321893163025379
-0.7332859677927834
-0.7336907310411334
-0.7340068828780204
-0.7347549692397782
-0.73484817892313
-0.737633154541254
-0.7378443896578735
-0.7379683295264841
-0.7413066786713898
-0.7423367712957164
-0.7441847222701957
-0.7446199293647494
-0.7478114089795521
-0.7484480232000351
-0.7497748501598835
-0.7498076030984521
-0.7512347110443645
-0.7553362414881122
-0.755817699848729
-0.7567115823427836
-0.7613304345286451
-0.7620517653413117
-0.7627193547253098
-0.7634721212089062
-0.7640469116824014
-0.7649642262607813
-0.7653036406263709
-0.7654980216175318
-0.7663456302668367
-0.7665439217817038
-0.7668836899101734
-0.7689972428811921
-0.7719544842839241
-0.7726193631016132
-0.7759625792503357
-0.7776278927922249
-0.7786537107080221
-0.7790090428665281
-0.7808306492166593
-0.7825650274753571
-0.784866628004238
-0.7851880788803101
-0.7856063248796595
-0.785910732442062
-0.7861621777992696
-0.7865509554071145
-0.7868761852797534
-0.7896667838096618
-0.7903435872319866
-0.7915232013652308
-0.7941820101267594
-0.7998353685675696
-0.8006319239735603
-0.8040335867553949
-0.8058366126060719
-0.8079027496278286
-0.8081855988129973
-0.8082544406255087
-0.8086100717555382
-0.8092643011580495
-0.8096719635650516
-0.8109158460925259
-0.8121675848960876
-0.812742772201697
-0.8149028080515563
-0.8160758500453085
-0.8195034628733993
-0.8198066353797913
-0.8202999215573072
-0.8205321951536462
-0.8226317412086895
-0.8229362234609047
-0.8236758852885528
-0.8237233571708202
-0.8244758868891308
-0.8246757086922116
-0.8250357559300028
-0.825070123752812
-0.8261964682708768
-0.8263093158602715
-0.8275681365936179
-0.8296856929858526
-0.8316752441644081
-0.8329571727663279
-0.8334507763385772
-0.8342978209257126
-0.8343677580356598
-0.8369453713530675
-0.8373367435165814
-0.838336069136858
-0.8412968922464643
-0.8420943886041641
-0.8427738112707933
-0.8430119100958109
-0.8441735176512828
-0.8457787044699216
-0.8458773558959365
-0.8463531079945824
-0.8467865151663622
-0.8469639172156652
-0.8478516340255737
-0.8504548066179268
-0.8532740958034992
-0.8602379883329073
-0.8611684565742811
-0.8614079076571215
-0.8615242062757412
-0.8664797493755032
-0.866653174161911
-0.8684063538908958
-0.8684324494429997
-0.869583743291774
-0.8706243545748293
-0.8720817975699902
-0.8726125483711561
-0.8727168454123395
-0.8734072319824587
-0.8772009503096342
-0.8773370732863744
-0.8785346959318433
-0.8798589715734124
-0.8805522478651255
-0.8845877109561116
-0.8879848435656944
-0.8892333176253098
-0.8908772603608668
-0.8912254393100738
-0.8936216318979859
-0.8942663476802408
-0.8943990885745734
-0.8945656225085259
-0.8946926343025552
-0.8956902250647545
-0.8960448876023293
-0.8977299753576518
-0.8988374311251391
-0.9018505293643102
-0.9021138856187463
-0.9026363235380914
-0.9043257424174953
-0.9059531685824578
-0.9067327588796615
-0.9070540919899941
-0.9077800139784813
-0.9082025969401002
-0.9094471694901586
-0.9114449739456176
-0.9125907482313258
-0.9130114198196679
-0.9134896472096443
-0.9153252467513084
-0.9160793920358022
-0.9161748217249458
-0.9168784233669822
-0.9192318522504398
-0.9193140582491954
-0.9198308343067765
-0.9207811582212647
-0.9216774277811055
-0.9217018832763036
-0.9218156803399324
-0.9242930248379707
-0.9242945127189159
-0.9267834795431958
-0.9283803526777774
-0.928428841488702
-0.9315158832498127
-0.9328732658177614
-0.9348160723845164
-0.9353022743016481
-0.9379772245883942
-0.9380769060755317
-0.9380986999021843
-0.9381043463945389
-0.9388127131387591
-0.9396367307220187
-0.9400577706595262
-0.9406009009107947
-0.9419276021420956
-0.9425135970115661
-0.9431208438239992
-0.9450026042759418
-0.946192990264131
-0.9468769449740648
-0.9471628024242819
-0.9473916321992875
-0.9484432662526766
-0.9487573165220965
-0.95008643095692
-0.9509675577282906
-0.9568940786910909
-0.9572412138804793
-0.9576095321940051
-0.9602863962451617
-0.9606082927435636
-0.9632936462553011
-0.9651415403932333
-0.9675790944269725
-0.9696151078161266
-0.9707138072699308
-0.9709957018494606
-0.9729302128156027
-0.9734299370586086
-0.9757096986286342
-0.977811732257788
-0.9779469966888428
-0.9784748741923976
-0.9811697006225586
-0.9814406996592879
-0.9821865726262331
-0.9824427259819848
-0.9829899532099565
-0.983109924197197
-0.9843720678860942
-0.9853576445685965
-0.9863030646856015
-0.9863159361162356
-0.9870112538337708
-0.9883709576679394
-0.9953145623207093
-0.9957743386427561
-0.9981270894408226
-0.9990319518579377
-0.9992787223309278
-1.0005311517044901
-1.0013002966131483
-1.0045573243073054
-1.0075114912663896
-1.00754732824862
-1.013810848351568
-1.0153333438294274
-1.0153357706731185
-1.0166472405195237
-1.0169093549251556
-1.0169946989044547
-1.021082617342472
-1.0214299757320147
-1.0214813500642776
-1.0215877257287502
-1.0223786237339179
-1.0231810264910262
-1.0236076979587476
-1.0261603772640229
-1.0297207246573332
-1.0348269879817962
-1.0367477466097625
-1.0415710397064686
-1.0428770255142201
-1.043741762638092
-1.0477097183465958
-1.0486240395758715
-1.0489985818664234
-1.053536243736744
-1.0571441715098142
-1.0593167310580611
-1.062082052230835
-1.062761487966054
-1.0686322723825772
-1.0705966075882316
-1.0720657531637698
-1.0727591710165143
-1.0742223607376218
-1.0761817230843007
-1.0762166490778327
-1.0776736297088467
-1.0790137549241383
-1.0796582020389347
-1.0798209667205811
-1.0908509222790599
-1.0917613634183698
-1.0973776429891586
-1.0987433241680264
-1.0996884455283482
-1.1036515387240797
-1.1052195913636953
-1.1099192876368762
-1.110929200053215
-1.1119070425629616
-1.1150275588863425
-1.1185176253318787
-1.1189952475950122
-1.1200804263353348
-1.122862240144362
-1.1277135252952575
-1.1323591346542041
-1.1352561401824157
-1.1424058934466705
-1.1450310786021873
-1.1517804116010666
-1.1526582663257916
-1.154023111894882
-1.1563822627067566
-1.158099795866292
-1.1581042170524598
-1.161443656472127
-1.1637049125773566
-1.1667609946802258
-1.1688539454092581
-1.1697864660527557
-1.1719713344549139
-1.17380962872024
-1.1915778351540212
-1.193743709474802
-1.202601652406156
-1.20790795981884
-1.2117873504757881
-1.2173673212528229
-1.2284739464521408
-1.2337644576909952
-1.237865388393402
-1.2405644586930673
-1.2426842256449162
-1.2450955122088392
-1.2453157462554776
-1.24929737612339
-1.253249790519476
-1.254008015152067
-1.2545553212985396
-1.2611355781555176
-1.2648576200008392
-1.2690315501386067
-1.27238324090528
-1.2749439974625905
-1.2779249012470246
-1.2967904016375542
-1.3064298257231712
-1.307283578440547
-1.3079448143641155
-1.312463328242302
-1.326775765667359
-1.3304162994027138
-1.3351910198107362
-1.3379887253977358
-1.33823360023754
-1.3477623333455995
-1.3622556806076318
-1.3625220193061978
-1.3649977631866932
-1.36675905755588
-1.3682088752587636
-1.3747636856777328
-1.384527275338769
-1.3868429012596608
-1.3902272523513861
-1.3903550133109093
-1.3930170225600402
-1.4042928218841553
-1.412921165737013
-1.4373936913907528
-1.4384687093552202
-1.4392457604408264
-1.451102831136571
-1.4627336526289583
-1.469171031191945
-1.4698178966840107
-1.47630190414687
-1.4822693372145295
-1.4907744526863098
-1.494440495967865
-1.4951848934094112
-1.4960651397705078
-1.497605349868536
-1.4993487326428294
-1.5026020457347233
-1.5026260167360306
-1.5383287130721979
-1.5451427299529314
-1.5457441354170443
-1.5503036677837372
-1.5525294272229075
-1.59100263658911
-1.5950089931488036
-1.59654868778307
-1.599613854661584
-1.6006007641553879
-1.6181186940521002
-1.6511245578527451
-1.6819631805022557
-1.7039207831694512
-1.7356900816839698
-1.7425461026529472
-1.7519606284797191
-1.7617812752723694
-1.7703392654657364
-1.78468983117491
-1.8197384354425594
-1.825112869342168
-1.8266966510564089
-1.8517372384667397
-1.856861154238383
-1.8650464629754424
-1.867100017145276
-1.8706687688827515
-1.8728285813704133
-1.8942010700702667
-1.898386643268168
-1.9176288098096848
-1.932284700567834
-1.951263688504696
-1.9530393262829904
-1.9816354759968817
-1.985875278711319
-1.9948492083349265
-2.006883578685423
-2.0122568478109315
-2.03565713763237
-2.1145554611769817
-2.197960466146469
-2.213264986872673
-2.233623889973387
-2.248010860872455
-2.3221010584384203
-2.3237096569500864
-2.3506609201431274
-2.4154997865358987
-2.4288889368375144
-2.470625122388204
-2.4808833996454873
-2.616028110186259
-2.6468956569830575
-2.6703768968582153
-2.8854123950004578
-2.8933733105659485
-2.9262435833613076
-2.9354591966839507
-2.9455618460973105
-3.2256622911663726
-3.2878773387055844
-3.3540022547822446
-3.4183982610702515
-3.5027107449714094
-3.791600488126278
-3.918601870536804
-4.231346368789673
-5.282190799713135
-5.434307098388672
-5.55426287651062
-5.671156406402588
-5.87816596031189
-5.881172180175781
-5.979278802871704
-6.08918571472168
-6.390926361083984
-10.00795841217041
-12.038064956665039
-12.701130867004395
-13.655938148498535
-13.670221328735352
