-0.0039237490491359495
-0.004065807952429168
-0.004815457623408292
-0.007058694609440863
-0.012508388329297303
-0.01807863370049745
-0.01869118124401818
-0.03153677119795854
-0.036270601718570106
-0.04467951878905296
-0.048555732322711265
-0.055387122589309
-0.06620789924636483
-0.0739606440246108
-0.08010819191113114
-0.09328166736850108
-0.10601029153622221
-0.1239293372866866
-0.13021284465988478
-0.131041532987706
-0.14412026718254736
-0.14882372319698334
-0.15211393539791515
-0.15760206384584308
-0.16381437987164477
-0.16583169748385748
-0.1664513647556305
-0.16937707359592322
-0.17853473953182403
-0.1848430335214996
-0.19021628351349915
-0.19398966050773328
-0.19474681354762188
-0.19652911781131102
-0.19680729816895487
-0.20069975664955564
-0.20075343517236396
-0.2011767503967917
-0.2016869930869679
-0.2039394135955387
-0.20688431442310198
-0.20949738417111802
-0.21251362248333155
-0.21260025024978468
-0.21270549744322126
-0.21449363660044582
-0.21451235190033913
-0.21475007055999848
-0.2156740531470774
-0.21988373355155114
-0.22162953897658383
-0.2223409079015255
-0.22393664826735235
-0.22457974013574047
-0.2248508562167229
-0.2248812858624931
-0.22673147371237973
-0.22784375616659722
-0.23151458092033864
-0.23220300902471536
-0.23315756050246622
-0.23323776557415954
-0.23463887123546948
-0.23653921245689727
-0.237659849536903
-0.2409164931595432
-0.24590884706461225
-0.24902951929948358
-0.2493370571390964
-0.24996747099794447
-0.25179833160402154
-0.2527300901710987
-0.25437567638333086
-0.2549907599859466
-0.2560674211731589
-0.25673567009506826
-0.2580255100464228
-0.25909517161520373
-0.25918709296453407
-0.25925111833211645
-0.26136233191840574
-0.2641748864220241
-0.2667345930156609
-0.2685959606349684
-0.2694966184280929
-0.26975132963464904
-0.2705542491719484
-0.2709253743523732
-0.27372108384345967
-0.27695436793343453
-0.27708865393649756
-0.27972641927044606
-0.2805821802286824
-0.2809779446623806
-0.2839917671400826
-0.2854326259064237
-0.28904829005168603
-0.2894880017799248
-0.29122568686284467
-0.2932674390657702
-0.2951503540900578
-0.2954011709697524
-0.29865170549101094
-0.3004575239175514
-0.3014911243949143
-0.30301947632960946
-0.3040766368309657
-0.3043421237574269
-0.3046929607177257
-0.3071512269321602
-0.3072167203845058
-0.3072374576120637
-0.30904975310404553
-0.3103158019969377
-0.31072056949293864
-0.3114552078718589
-0.3115460588587098
-0.31399585475591923
-0.3151565711832518
-0.3175161987559737
-0.31790678556509583
-0.31849768627412234
-0.3254892264332625
-0.3256763837709142
-0.32674237332321354
-0.32823104009293047
-0.3286925127898712
-0.32923078787277404
-0.33039663217641646
-0.3308298467881059
-0.3322758888021653
-0.33702895593725973
-0.33755338724170414
-0.33799114974847555
-0.33816332536312427
-0.33888351138981915
-0.3398891272093654
-0.3409327794274254
-0.3417520897473878
-0.34378646966069937
-0.3440058516080171
-0.3464161874549063
-0.34818958558174984
-0.34935893463746953
-0.3494451767564897
-0.3496913749489876
-0.3497867912054062
-0.3501415776585926
-0.3526240149510613
-0.3526451448269654
-0.35269425767930646
-0.35325474501341886
-0.35338235025604564
-0.35523520617021453
-0.35587139680449453
-0.35764390321537576
-0.3577873188769445
-0.3591757610091008
-0.3613194467647832
-0.3625483340575253
-0.3635963085541169
-0.3667604490183294
-0.3680387532970469
-0.37282749358564615
-0.3731098725507763
-0.37381649226881564
-0.3738932168732087
-0.37622183460151604
-0.3764448164728037
-0.3770214785180052
-0.3777403435004609
-0.37895091717655305
-0.3793220914230915
-0.3804900671631913
-0.3809538089449883
-0.3814177027504359
-0.38285631665689834
-0.38607707666230745
-0.3862221470023239
-0.38660843861871397
-0.3874958921223879
-0.3876622133797759
-0.3884853098541271
-0.39708774635153077
-0.3985811974853277
-0.39860490926366765
-0.40314403977055235
-0.403984307443875
-0.40478349328041074
-0.4057314971248868
-0.4082028026226908
-0.408639872036872
-0.40882459117295233
-0.40942336585915956
-0.40997589020324604
-0.41548761636394455
-0.41557730439651713
-0.4166578845013949
-0.417080995212018
-0.41883523767683073
-0.4189768644049764
-0.4211790104810562
-0.42420969968952704
-0.4244934696341968
-0.425309663736698
-0.42620165562257173
-0.4268201683336656
-0.4274008338979911
-0.427866290219956
-0.429093570727855
-0.4312087002210319
-0.43175189107984935
-0.4331929396970996
-0.43373515157815323
-0.4343034138582053
-0.4348681789444527
-0.4363664140168112
-0.439474206417799
-0.440324476276146
-0.44262731897179036
-0.4426514020888135
-0.44453481113305315
-0.44645178446080536
-0.44736461679179534
-0.4482882965842561
-0.4492328241467476
-0.44980156240053476
-0.449896115534362
-0.4499549437912975
-0.45326966263798696
-0.4542803870754142
-0.45503634760098066
-0.45584228429920587
-0.4566113415174186
-0.45939729259927325
-0.46069204263327873
-0.4624875049572438
-0.4653830695897341
-0.4657561372150667
-0.466198423347022
-0.4666223836306017
-0.46719266478925825
-0.4672276844357839
-0.4677771083931172
-0.46814025363294476
-0.4696071723285838
-0.4718989987543662
-0.4720948928863638
-0.47336487465405036
-0.47430149172032543
-0.4788134016174202
-0.4789876241490371
-0.47996482392500184
-0.48000835329294206
-0.481260268936353
-0.4814262756972312
-0.4830082440748811
-0.48417145060375333
-0.48572004928719253
-0.4857243502305614
-0.48581723545212296
-0.4864386133736439
-0.48799049647229065
-0.49124950368423015
-0.4935245176777244
-0.49610982884284266
-0.4968676049262285
-0.497794259339571
-0.4984842375593467
-0.49955083907116205
-0.4998113140638452
-0.5001100221996543
-0.5006192075554281
-0.5038913547723496
-0.505027909646742
-0.5054610755760223
-0.5070770338975957
-0.5070953611284494
-0.5085812439909205
-0.5097873946244362
-0.5108869034530861
-0.5121951287495904
-0.5177252801756064
-0.518754110871149
-0.5188451212801738
-0.5199485058765276
-0.5199555621482432
-0.5204928094521165
-0.5216055529352162
-0.5227757280744199
-0.5245450213238095
-0.5256318958707501
-0.528348284297473
-0.5293698786990717
-0.5303389260532438
-0.530481990142208
-0.5337568590184674
-0.536365969567214
-0.537476624820556
-0.5381441870704293
-0.5388550309580751
-0.538933908659601
-0.5390841761836782
-0.5401145975338295
-0.5403261839304693
-0.5414378540590405
-0.5483464158489368
-0.5519402184124503
-0.5531875470061323
-0.5537263857404469
-0.554274339787662
-0.5548709176558381
-0.5552833946421742
-0.5567155862559697
-0.5588771806408962
-0.5594222958898172
-0.5607373041631136
-0.5608312822878361
-0.5627187148153704
-0.5671383083288675
-0.5690747456392273
-0.5690906259050179
-0.5700851895274549
-0.5744850556366146
-0.5766801220285439
-0.5857770282018464
-0.5861316197309255
-0.5864799315335664
-0.592590626927891
-0.5968729096597859
-0.5983022275779929
-0.6007755545392034
-0.6016275439954674
-0.6033957004547119
-0.606168633127319
-0.6063924729824066
-0.6190811696462333
-0.6210866489454929
-0.6232812111125635
-0.6236188935322894
-0.6251524414556116
-0.6262753012269968
-0.6263544947529832
-0.6300253735648261
-0.6317610275931657
-0.6325787033885717
-0.6346210879448335
-0.6374593584798276
-0.6400221654136354
-0.6427487207644541
-0.647992823091853
-0.6485800448442913
-0.6512550677189589
-0.6540610023907253
-0.6541802402786914
-0.663883394189179
-0.6657874430529773
-0.6660218904027715
-0.6661989192167918
-0.6669903919100761
-0.6765623849902909
-0.6788641334611124
-0.6819250782330831
-0.683291574959488
-0.6911260294601789
-0.695226379414089
-0.6965767176821828
-0.6971380636096001
-0.6973636283849677
-0.6981217029194037
-0.7061669644438856
-0.7100846157797301
-0.7134003951546869
-0.7144231328148862
-0.7162584165732065
-0.7199094365467318
-0.7245573347910457
-0.7256711424949268
-0.7309101962484419
-0.7340084996540099
-0.7346137336453011
-0.7349772387649864
-0.7468351829927997
-0.7509288698432556
-0.7513990211300552
-0.7597124253704047
-0.7632731350313406
-0.764963992219009
-0.7696393132755475
-0.7746254378495097
-0.7796812032659849
-0.7816196563871927
-0.7862830959849816
-0.7871480857332548
-0.7880216830838306
-0.7922468965698499
-0.7980855866335332
-0.7980878030745467
-0.7997240087599493
-0.8003789514976234
-0.8004105851054192
-0.8058113120496273
-0.8061251500615981
-0.8076378736377592
-0.809124221249173
-0.8128964840434492
-0.8132899748161435
-0.8165334606010219
-0.821996686993225
-0.8255426916681851
-0.8277013396533827
-0.8290820095629897
-0.8335815455764533
-0.837938365759328
-0.8386140304307143
-0.8454085115105651
-0.8506244042121883
-0.8530265098321251
-0.8552623987197876
-0.8580776825547218
-0.8820799380274755
-0.8823942968418124
-0.8877667598426342
-0.8981719262665138
-0.8991620456799865
-0.8994924340929303
-0.9036253759433748
-0.9076646221801639
-0.9085681791300886
-0.908666467666626
-0.9183957267762578
-0.931117070093751
-0.9331899111469587
-0.945051074391813
-0.9586741377570434
-0.9604247162739435
-0.9656407767906785
-0.9682755535468459
-0.9699246771051548
-0.9744924262544373
-0.9777262851530395
-0.9785595511396726
-0.9977945461547019
-1.0017982792315934
-1.0062330085784197
-1.0092827400990896
-1.0161611661314964
-1.0219862063725789
-1.0346581091689586
-1.0520729665731778
-1.0536378498363774
-1.055797191336751
-1.0563703775405884
-1.0663101002573967
-1.093679659278132
-1.0995843280106783
-1.1033929674163119
-1.1034619510173798
-1.1105475552612916
-1.1274012277523677
-1.1349779912998201
-1.147096201311797
-1.1604326829081402
-1.16282716691494
-1.1678075368205707
-1.1771012544631958
-1.1785819781980535
-1.1961973674595356
-1.2020574295893312
-1.205689976612727
-1.2180655566044152
-1.2338712414105732
-1.2396494695713045
-1.2591192486385505
-1.2698842205107213
-1.290914870488147
-1.305632345378399
-1.3474452818433444
-1.3510491196066141
-1.3546020155675553
-1.3890538066625595
-1.3973169907694682
-1.407189965248108
-1.4126977821191151
-1.4774925112724304
-1.492202042718418
-1.504180230665952
-1.504449196625501
-1.5069732380410035
-1.5096299704164267
-1.5153278076759307
-1.5288632083684206
-1.539616882801056
-1.544093059070292
-1.5580155934828024
-1.5731617892549064
-1.5773321390151978
-1.581040261934201
-1.6070882640779018
-1.6444969177246094
-1.6753311157226562
-1.683765909075737
-1.7015685373917222
-1.737877222398917
-1.758893463605394
-1.7722997032105923
-1.8131708335131407
-1.8156973123550415
-1.8300472497940063
-1.8334689531475306
-1.8850500844419003
-1.9110570003588994
-2.0345735047012568
-2.045593104014794
-2.096251646988094
-2.1178233025129884
-2.1207150910049677
-2.125533699989319
-2.1424857787787914
-2.180319955960537
-2.1837029407421746
-2.189524881541729
-2.279673245968297
-2.3009901119706533
-2.366167268832214
-2.367750696837902
-2.4329729676246643
-2.484359137713909
-2.493990814934174
-2.4974540062248707
-2.5057023745030165
-2.586620569927618
-2.6325772758573294
-2.6645029932260513
-2.7318153381347656
-2.8632555343210697
-2.912873025983572
-2.9148239698261023
-2.9709342308342457
-3.0316221676766872
-3.095762073993683
-3.1131980770733207
-3.278196334838867
-3.481701557568158
-3.537256121635437
-3.5854701485125893
-3.652759866366978
-3.695179767906666
-4.085568717004207
-4.090639952803031
-4.267224739305675
-4.271821022033691
-4.346738891254063
-4.647830927744508
-4.723879337310791
-6.188165307044983
-7.517242908477783
-8.372586250305176
-8.644853591918945
-8.920228004455566
