-0.0012794301605936198
-0.012597206514328718
-0.02371361529603746
-0.04487445019185543
-0.05787597465459839
-0.09056388272438198
-0.11695830337703228
-0.1271243784121907
-0.15150247504288927
-0.16043451242148876
-0.1618507789025898
-0.16770019978284836
-0.18117485952825518
-0.20067984356574015
-0.2061187290722349
-0.21160460070241244
-0.2532970514148474
-0.2583678066845276
-0.2600493513775291
-0.26096313898597145
-0.2634917246205003
-0.26467645041317883
-0.2691019536411789
-0.28345321767847054
-0.2850478501568432
-0.28523706358387485
-0.2891338914632797
-0.29208228612005543
-0.2981568986441618
-0.29991429289802907
-0.30853294079838023
-0.3098586753898417
-0.3229803380866845
-0.32542232289546486
-0.3267388765658329
-0.3294342918057477
-0.32944404568024765
-0.33170663345233836
-0.3345498367428566
-0.3345755146046241
-0.3364492802647874
-0.33748335968161425
-0.3417771226799279
-0.34592096548917195
-0.3462264621740419
-0.3479036741741116
-0.3487617813837763
-0.3494490609631637
-0.35128396949797086
-0.3520388465607539
-0.3522718365850655
-0.3525846115742002
-0.3536333608770778
-0.35508192873177385
-0.3586011158244219
-0.361835224987999
-0.36487789590254255
-0.36605648696422577
-0.36842129589565176
-0.36958993939333595
-0.3736148487553237
-0.3741558866843531
-0.37603046979243765
-0.37823464336579493
-0.3808846050483352
-0.3814083586338585
-0.38196295196248686
-0.3831444256007671
-0.3840508734034482
-0.384422406663128
-0.3855156751235469
-0.3858127701470429
-0.38955752292115775
-0.3902241503528785
-0.3914279030369861
-0.39147743362314674
-0.39738178185070866
-0.3978923706206842
-0.39852634394446795
-0.3989133437549194
-0.39983014122844907
-0.4048374369740486
-0.40543894767243827
-0.4092456779239001
-0.4121188309198601
-0.41476121905491403
-0.41518507695374346
-0.41645382952410726
-0.4185871329973452
-0.4195716828107834
-0.42014697742468554
-0.420629378752962
-0.42227974117499356
-0.4224522491567768
-0.42412957691090264
-0.42461752454831486
-0.424767276395869
-0.424788939456145
-0.4265598391909784
-0.4280872382140452
-0.4316619002056541
-0.43339757956982794
-0.4349099464016035
-0.43881527151097544
-0.43907029243807
-0.44381412259735953
-0.44526976029442267
-0.44570049045917887
-0.44676812939585486
-0.44857243652950274
-0.4494133943059881
-0.45047570655762165
-0.4509620159864426
-0.4517421288151776
-0.45205963624903234
-0.45224505932037573
-0.45280387050297577
-0.45299645609015393
-0.4570954452834225
-0.4576281607951387
-0.4576360395501979
-0.4584161809038051
-0.45920896172780584
-0.46005780173431154
-0.4602204768702255
-0.46029875101297735
-0.4626441987555154
-0.46292179681144524
-0.4650674007070137
-0.46520121551875493
-0.4663887023925781
-0.4679711200296879
-0.46936016412642984
-0.47124486716097636
-0.47240376752051816
-0.47296683591492994
-0.47296767684747465
-0.4764813792824043
-0.47725077838237795
-0.47790351327566893
-0.4779781536684999
-0.4782065508740121
-0.4790767677808958
-0.47925341165311863
-0.479571417439729
-0.4812612992382128
-0.48303249421178407
-0.4840912548151703
-0.48469726616773795
-0.4848458568255107
-0.4870245918866483
-0.48715924699829616
-0.48766473895300116
-0.4879969804917045
-0.4889762330179413
-0.48916823047006297
-0.4892237490663926
-0.48997550703214704
-0.49022946967225933
-0.4914745930582285
-0.492985682431586
-0.4935333390558998
-0.4973310387285892
-0.4984506184569909
-0.49969091800380006
-0.5026900360909556
-0.5052291049529231
-0.5053054089949001
-0.5070646533393983
-0.509254850469612
-0.5105331683874587
-0.5119245634931657
-0.5126023182686065
-0.5132850320411606
-0.5136086946176047
-0.5175000782032368
-0.5178586043650284
-0.5191619530475388
-0.5199343483444763
-0.5204518447212144
-0.5222000448912796
-0.522465081611881
-0.5245402610097898
-0.5259298831741843
-0.5270805271331482
-0.5272627458220427
-0.5279464752084095
-0.5296623098383861
-0.5309942335588858
-0.5324070026787618
-0.5339218023543556
-0.534124951028692
-0.5348995482717527
-0.5357678889646195
-0.5357915603621034
-0.5364938384542862
-0.5365293499032434
-0.537760414449925
-0.5392024051398039
-0.5411589204644164
-0.5434403295318285
-0.5440841516904454
-0.544841300152161
-0.5471200377963085
-0.5478999102022499
-0.548148917036867
-0.5483434890759074
-0.5487162281962001
-0.5510300424256356
-0.5510318926069886
-0.5513290319533553
-0.5532385185893376
-0.5556319155635719
-0.5557366034900345
-0.5573004650084639
-0.5573839305766991
-0.5581196986925837
-0.5591490169827011
-0.5598704127129167
-0.5619584359192231
-0.5620204109905494
-0.5659140441566706
-0.5679991151607412
-0.5686330929906531
-0.569027878345878
-0.5702932256273925
-0.5725122752509461
-0.5749395355285908
-0.5761039377345393
-0.5762395797258554
-0.5767181366682053
-0.576868129738917
-0.5778016718051565
-0.5790205936064012
-0.5791298443509731
-0.5797221668835846
-0.5804178438135447
-0.580475466608602
-0.5814327001589845
-0.5816473452266817
-0.5826703276713675
-0.5827414633240551
-0.5827615216063956
-0.585201383870164
-0.5852394762598578
-0.5863715187038502
-0.5864017791429754
-0.5866925592223803
-0.5868430760322372
-0.5876076701346652
-0.5885664152465324
-0.5886647470207677
-0.5913157236451904
-0.5918457321822643
-0.5934140863828361
-0.5935921189297612
-0.5942399558283527
-0.5948714365561804
-0.5989221901400015
-0.6002710578723054
-0.600551929772741
-0.6009862827126199
-0.6011134136748296
-0.6014091661225913
-0.6019629375077784
-0.6027257833405847
-0.6037283470155671
-0.6040338334253399
-0.6043175207534139
-0.6043567021664785
-0.6046332711259657
-0.6049932361995822
-0.6065428816509666
-0.607823497928794
-0.6086706911255533
-0.6090697248398556
-0.6098738141357899
-0.6102009845017164
-0.6105502130447868
-0.6111491155379554
-0.6113540405407548
-0.6118688085698523
-0.6118722736351959
-0.6121055072639138
-0.6122242306274447
-0.6123672146100684
-0.6127213571149199
-0.6130900238347653
-0.613361103214427
-0.6135598693061184
-0.6138193920603954
-0.6138463538436554
-0.6143176853656769
-0.6171459339610313
-0.6173621226011569
-0.61822802571578
-0.618276117289497
-0.619123758498302
-0.6192319752194066
-0.6193074538993338
-0.6201226366600168
-0.6201458672682444
-0.6219425665232847
-0.6221118468969614
-0.6234499150660768
-0.6255083017333943
-0.6287519660079852
-0.6287871421547606
-0.6296947450639837
-0.6308573715411642
-0.6316836668068871
-0.631853095122746
-0.6318663786601973
-0.6323585381291387
-0.6331228502094746
-0.6347789242863655
-0.636125606432971
-0.6366634668771439
-0.6367341013643454
-0.6380920857415427
-0.6400077423450592
-0.6401674865434567
-0.6406341278914625
-0.640782407010972
-0.6422094033332542
-0.6429196508252062
-0.6434406940825284
-0.6443997293374397
-0.6449101497204729
-0.6461789843703049
-0.6466653173057628
-0.6467528025926256
-0.6468299478292465
-0.6472483248217031
-0.6486665703564035
-0.6489573970902711
-0.649277139469632
-0.649592282170488
-0.6499030419927294
-0.6501197981581625
-0.6502798459259793
-0.6512723746127449
-0.6524110399768688
-0.6538378181608095
-0.654521850210358
-0.6555459067670969
-0.6565180867866729
-0.6566207833122462
-0.6567483101655398
-0.6573638901622458
-0.6594356305948471
-0.6601226425764253
-0.6605395326440141
-0.6613174841695582
-0.6630693255887868
-0.6635391101396332
-0.6640507258824073
-0.6643552407016008
-0.6646674154366742
-0.6652625924282872
-0.6664278740179725
-0.6678091684921778
-0.6688680205659239
-0.6693658419302665
-0.6695654343813657
-0.6701396368443966
-0.6705443606098176
-0.6705923588675572
-0.6719473838806153
-0.6726220508011466
-0.6730766422538594
-0.6739069931022641
-0.674920087524596
-0.6749764440270761
-0.6753839268814772
-0.6754591293632984
-0.6757941076664591
-0.6764326206203722
-0.6765212244612889
-0.6766918514040299
-0.6779639943270013
-0.6801664661616087
-0.6806691951987887
-0.6813227832317352
-0.6815997185185552
-0.6823196474065566
-0.6839486425987592
-0.6842897773923242
-0.686964001157321
-0.6872036875768875
-0.6884477757754212
-0.6900106036019596
-0.6906122496972481
-0.690738812839148
-0.6921948349050321
-0.6934492867439985
-0.6936983978246443
-0.694784657370974
-0.6951254649708668
-0.6969999765022658
-0.6972438771465224
-0.7026736261323094
-0.7043430373968559
-0.7043828425599713
-0.7046643979847431
-0.7052042188096004
-0.7061590359849755
-0.7079786204638367
-0.7091113959031645
-0.7091566683569303
-0.7108099052815565
-0.7113068426206155
-0.711572055754784
-0.7127463437616826
-0.7127585013707479
-0.7127692608840086
-0.7127760928900292
-0.7141189405065234
-0.7149265988264233
-0.7150379412865732
-0.7157685523759157
-0.7162909085912231
-0.7166367289610207
-0.7180415380601268
-0.7214432383502404
-0.7221764488106904
-0.7223519394756295
-0.7224685209919699
-0.7240490476999965
-0.7242313350240389
-0.7242481354624033
-0.7242551684728824
-0.7245410054878448
-0.7254629172214967
-0.7266263057078634
-0.7272136169429779
-0.7281049570616839
-0.7296276570332338
-0.732734232623544
-0.7335544198707794
-0.7338255463400856
-0.736564766349537
-0.7368862417836984
-0.7377973012626171
-0.7387235307445129
-0.7388867840636522
-0.7413598207737474
-0.7422152852403896
-0.742459743283689
-0.7428252181562129
-0.7435000347239631
-0.7475818804232404
-0.7478217086089509
-0.7493439067515624
-0.7502515777829103
-0.7511234761250307
-0.751211271612394
-0.7529949603273053
-0.7531101608482358
-0.7538269458009381
-0.7541946060539756
-0.7547409813851118
-0.757136061329422
-0.7588219104567543
-0.7598657116759568
-0.760515063838102
-0.7615236697951332
-0.7627769824799283
-0.7636113161453977
-0.7636896179092219
-0.7639007180929184
-0.7645595650705778
-0.7646187698790947
-0.7649867595329332
-0.7650832845829427
-0.7662774229732653
-0.767806630814448
-0.767913174600662
-0.7685637808172032
-0.7703322403155782
-0.7713942856838306
-0.7731504933132479
-0.7753013897658497
-0.7755553202114243
-0.7768519189987619
-0.7779780902317726
-0.7783711206720909
-0.7810160494642332
-0.7824338787351734
-0.7861902349783728
-0.7864035939007105
-0.7870440668322973
-0.78809862833441
-0.7880994694916388
-0.788972881910417
-0.7892255026866527
-0.7892962929221881
-0.7895508225608084
-0.7915423195736366
-0.7919785162579501
-0.7920765802264214
-0.792354499300321
-0.792395190190291
-0.7955687953120408
-0.7967408411204815
-0.7972000895034788
-0.7983994361545358
-0.7990027577034198
-0.7991472535562935
-0.7995250154106179
-0.800673413149626
-0.8013297478771872
-0.8025572226486273
-0.8067839891937183
-0.8076240016671363
-0.8079557356941223
-0.8092270145813624
-0.8106993653345853
-0.8117088993183441
-0.8130316432927631
-0.8135266293946188
-0.813541867537424
-0.8135450585751096
-0.8164414450681458
-0.8191169934968153
-0.8203137484981198
-0.8208709011475245
-0.8219063392840326
-0.824291158389921
-0.8250378318967705
-0.8257707453303738
-0.8282617477420394
-0.828875633318805
-0.8300260698670172
-0.8347045580667327
-0.8347987135251363
-0.8362166564911604
-0.8372183889106963
-0.8381126395943284
-0.841647075934452
-0.8416846338659525
-0.8453598213899467
-0.8461357105060459
-0.8469674273843079
-0.8474731273017824
-0.8483586192480288
-0.8526791799813509
-0.8532703175675124
-0.8549862550571561
-0.8591794117353857
-0.8613875336013734
-0.8617502624789873
-0.8643253174086567
-0.8651900508751472
-0.8657062947750092
-0.8668578248471022
-0.8681010405343841
-0.8686703729132811
-0.8693181256142756
-0.8699640993436333
-0.8731247675226769
-0.8733212850987911
-0.8743541779307028
-0.8754913992961519
-0.8756158117612358
-0.8758707188797417
-0.8759675621986389
-0.8766402392211603
-0.8800186645938084
-0.8834698580515882
-0.8845739074361821
-0.8875311486423015
-0.8877220213413238
-0.8890156058801545
-0.8902453102171421
-0.8903491440966415
-0.891822220524773
-0.8921944215893746
-0.8956882051295705
-0.8966136313642242
-0.8970050706023661
-0.9005305111175403
-0.9013903500079843
-0.9015634071780368
-0.9069129138370045
-0.9090341898961924
-0.9105486031621695
-0.9135559245944023
-0.9136418917526706
-0.9162004701793194
-0.9176774695515633
-0.9206813840816418
-0.9213933728635311
-0.9219666957855225
-0.9260329558055673
-0.9261307508817741
-0.927130788564682
-0.9280817029583786
-0.9289903045573737
-0.9378085159890664
-0.9386051233325686
-0.9386882744729519
-0.9440336138010025
-0.9451236713988086
-0.947282250970602
-0.9478201297294747
-0.9485456943511963
-0.9502555029466748
-0.9557521119713783
-0.9636582256644033
-0.9640784589573741
-0.9642677456140518
-0.9672942572894195
-0.9693836238235235
-0.9706546634435653
-0.9736114637926221
-0.9739645247658094
-0.9764107689261436
-0.9770323023613956
-0.9787689166971378
-0.9794308519643286
-0.9835076928138733
-0.9915975494950544
-0.994485785541959
-0.996237761399243
-0.9973628851884213
-0.9975183988232553
-0.9982444354488204
-0.9994456519683202
-1.003160983324051
-1.004417546093464
-1.0096185514703393
-1.0110939028971997
-1.013705588538869
-1.0152503236507375
-1.0196852410833042
-1.022881269454956
-1.0236932018564806
-1.0268879649229348
-1.0290827391935247
-1.0317452235613018
-1.0371556610334665
-1.0375166842713952
-1.0377901618679364
-1.0382225771900266
-1.0398392697485785
-1.0399457740907867
-1.045587213910767
-1.0498874373733997
-1.0519703493586607
-1.052812614128925
-1.0538805680615562
-1.0546239537652582
-1.055391759146005
-1.0561944704502821
-1.0627027261070907
-1.0629518441855907
-1.0689495453197095
-1.0719817990902811
-1.0739892795681953
-1.0747990105301142
-1.0769011229276657
-1.0779548597056419
-1.079420730471611
-1.0802625494077802
-1.080714851617813
-1.0842999087221363
-1.085738789816935
-1.0923875282917703
-1.0941774273912113
-1.096949715167284
-1.0998708307743073
-1.1022000723621912
-1.1079518359154463
-1.108451674381892
-1.1103119398467243
-1.1121747210466613
-1.1154362363740802
-1.120247233659029
-1.121950164437294
-1.1228816862979631
-1.125413571484387
-1.1325770715872447
-1.1410242370329797
-1.1420657634735107
-1.14422369763876
-1.1477531996788457
-1.1489230040460825
-1.1491013504564762
-1.1514470763504505
-1.1520460784435271
-1.1552417576313019
-1.1562773259356618
-1.1584950926092763
-1.1592402756214142
-1.1608121671015397
-1.1639768406748772
-1.1676271525876862
-1.1748840510845184
-1.1857630304164357
-1.1882184371352196
-1.195512542501092
-1.197103078994486
-1.1971559428609908
-1.1982256174087524
-1.2105988796800375
-1.2118605975061656
-1.2122452769960677
-1.213097881572321
-1.2138253994286061
-1.2147356681525707
-1.2163734262188275
-1.2166121202535578
-1.2197999328840523
-1.2227776311168175
-1.2264517270701214
-1.2357306039411924
-1.2379695954067367
-1.2424361013496916
-1.2441945523023605
-1.2443290545294683
-1.2452768579125404
-1.2466682756785303
-1.2517691751321156
-1.2567809422810872
-1.2607676025480032
-1.2624898036010563
-1.2631718644665346
-1.2693777254649572
-1.2727544491179288
-1.2744691396752994
-1.2748774668434635
-1.2766424572716157
-1.2768251668661832
-1.2776384451426566
-1.2791352389114243
-1.280932438870271
-1.281598738860339
-1.2937963927785556
-1.294983631465584
-1.2959855328469227
-1.2995955422520638
-1.3060972973222047
-1.3082704641856253
-1.30865684337914
-1.311611733958125
-1.3119687181897461
-1.3137573096901178
-1.316157395641009
-1.3165754580071993
-1.3194811884313822
-1.3243013898609206
-1.3283766150474547
-1.3354846289148554
-1.338443785533309
-1.3402523815631866
-1.3445422591951985
-1.3449590276926755
-1.3500985693186522
-1.3546675393978755
-1.3547820709645748
-1.3615795794342245
-1.3625582850072533
-1.364505723118782
-1.3717554807662964
-1.3744164070260012
-1.3750257224695814
-1.3770586177706718
-1.3771136202849448
-1.378035047115797
-1.3811189768603072
-1.3851608435312908
-1.3867033650832516
-1.389102402329445
-1.389721143990755
-1.3899295033461385
-1.3903335730234783
-1.3960493214428424
-1.39658368875583
-1.4006877720355988
-1.402503328452258
-1.4056891377549618
-1.4069708188374836
-1.4090752308256924
-1.4093944902221363
-1.4113503752483263
-1.4265102969689503
-1.4386364308796715
-1.4427025641004245
-1.4451982186486323
-1.4454627484083176
-1.4455023195062364
-1.4464226535388403
-1.4534049433423206
-1.4548323333263398
-1.4613653318956494
-1.4635727811837569
-1.4652776450770033
-1.4697115280561976
-1.4815678775310517
-1.4904712706804275
-1.490875780582428
-1.4922259356826544
-1.49877192886197
-1.4994988625869154
-1.5003613301863272
-1.5026505527396996
-1.507783625807081
-1.5090228902796905
-1.516755759716034
-1.524714469909668
-1.530350275337696
-1.5396670624613762
-1.5576256439089775
-1.5578236977259319
-1.5732519030570984
-1.5774809814368684
-1.5802056789398193
-1.5838427250273526
-1.586297196149826
-1.5878454968333244
-1.5961682101090748
-1.5984601944684982
-1.6030151071026921
-1.6041181300367628
-1.6082608103752136
-1.6116861463524401
-1.627149909734726
-1.6273774807341397
-1.6333995461463928
-1.6378335729241371
-1.6452425383031368
-1.670408844947815
-1.6783308744430543
-1.6876616477966309
-1.689032608270645
-1.6909158032387495
-1.6912902086041868
-1.6986487619578838
-1.702947199344635
-1.7210995107889175
-1.742081731557846
-1.7448956579901278
-1.756989624351263
-1.7585877925157547
-1.7711787819862366
-1.785177767276764
-1.8121106326580048
-1.8620824366807938
-1.8654269091784954
-1.9092238664627075
-1.9201524257659912
-1.9215995073318481
-1.930631548166275
-1.9417340695858
-1.9804633418098092
-1.9914597074190776
-2.013319581747055
-2.0216607693582773
-2.022266519069672
-2.036692221959432
-2.0456495446242116
-2.070445239543915
-2.084695214405656
-2.107964463531971
-2.1082975417375565
-2.13639897108078
-2.2186018228530884
-2.229613061994314
-2.2494811080396175
-2.2541613976160684
-2.2626827359199524
-2.2673442661762238
-2.2808391054471335
-2.2842524014413357
-2.3359900102950633
-2.337972581386566
-2.393651792779565
-2.393730378826149
-2.408561587333679
-2.4348267912864685
-2.4471355453133583
-2.4825534969568253
-2.4971459905306497
-2.5199954360723495
-2.5249574184417725
-2.5290731079876423
-2.6307950019836426
-2.6484191827476025
-2.6542836278676987
-2.687179110944271
-2.715311845143636
-2.745144168535868
-2.7837483724579215
-2.7842890545725822
-2.79997318983078
-2.8015388088921704
-2.830983519554138
-2.8615691624581814
-2.8724690675735474
-2.9427375942468643
-2.9894529581069946
-3.076818268125256
-3.085544149080912
-3.19628673652187
-3.211654782295227
-3.2116787806153297
-3.2146611710389457
-3.262769937515259
-3.3229042291641235
-3.344257434209188
-3.385531483683735
-3.5510669350624084
-3.7123303413391113
-4.115220069885254
-4.127028465270996
-4.1549153327941895
-4.192330837249756
-5.694242477416992
-6.761765480041504
