-0.0009606037638150156
-0.004291005898267031
-0.013333903392776847
-0.04769583937013522
-0.0727409889223054
-0.07577414507977664
-0.08035890261332194
-0.10592358852736652
-0.11082983073429205
-0.11586926702875644
-0.12107065133750439
-0.14304588942387556
-0.1543918679623554
-0.17182821484311717
-0.1855659568682313
-0.20071556543310484
-0.20280371762055438
-0.20500365278567187
-0.2067472374086113
-0.2109643172426288
-0.2115189288626425
-0.21301620794110931
-0.21575758451945148
-0.22237999891513027
-0.22949806262146344
-0.2393670305609703
-0.24040050210001376
-0.24341978585150736
-0.2501204206297795
-0.25658475768951966
-0.25674792693462223
-0.2579062449003686
-0.2611517351033399
-0.26320766285061836
-0.2634514980018139
-0.26586961074070514
-0.26702052769833245
-0.26987431956579466
-0.27081613284535705
-0.27181294802576306
-0.27247703421281505
-0.2774411290884018
-0.28214179538190365
-0.28958605567459017
-0.29048345921983126
-0.2922263501677662
-0.29329108274541793
-0.29531887598568574
-0.2990544251888423
-0.302190716777529
-0.30446825869108174
-0.3045159256882471
-0.30537691218560215
-0.30908288125465333
-0.3119452353901579
-0.3159290176505844
-0.31909054251653807
-0.3222248822268356
-0.3228593465496993
-0.3251215851277165
-0.3272682379523758
-0.3283324895426631
-0.3295785994268954
-0.330807260548075
-0.33536978873113793
-0.3373875795449648
-0.3393125869333744
-0.3398272632353837
-0.3421972211832657
-0.34366810905547546
-0.3456908108592971
-0.3458074007066898
-0.3462792433856521
-0.3486656470534702
-0.35089718902269273
-0.3517805834611257
-0.3525092654994556
-0.353200146346353
-0.35446293252919403
-0.35579628485720605
-0.35966213047504425
-0.36196751706302166
-0.36337892534502314
-0.3650978217296402
-0.3666074334283217
-0.36858431246115025
-0.3710223269299604
-0.3711367833893746
-0.3729110524436692
-0.3729743113120397
-0.3745096830991517
-0.37558686340013414
-0.376181981904665
-0.37777104854831123
-0.38107285142177716
-0.3820467097684741
-0.3824732416441016
-0.3829570108958121
-0.38326740219054045
-0.38381770874063176
-0.3853835924915724
-0.3872149965027347
-0.38810702125515995
-0.39031724173533305
-0.39091804674826564
-0.3914446148135959
-0.39231310330796987
-0.3924554716795683
-0.39289584251777604
-0.39399140950575073
-0.394111829996109
-0.4007220677660717
-0.4009526052645275
-0.4011025527601305
-0.40167158629952204
-0.4021122425037902
-0.40222969009644455
-0.40274200746948324
-0.4030288785385589
-0.40313541528303176
-0.404565699059458
-0.4077868840191513
-0.4079784297413426
-0.40946308771162876
-0.41049352971285336
-0.410884002619423
-0.4120618697654988
-0.41268691905048294
-0.41386544042810175
-0.4151920651040402
-0.41522312397137284
-0.41549375076364314
-0.4165977027732879
-0.4166368721718235
-0.418860033195718
-0.41888348618522286
-0.41920779015587567
-0.4193783733062446
-0.41981309859381455
-0.42037876146949
-0.4212983556563914
-0.42140707241681713
-0.422549385912654
-0.4281705271700048
-0.43007635639514774
-0.4305632943374803
-0.4307641583686096
-0.43097275437321514
-0.4345791231219967
-0.4353425571074088
-0.43600637788109625
-0.4373680902644992
-0.4382148650940508
-0.43884906312450767
-0.43894666527246173
-0.4395804951753754
-0.44020687514566814
-0.4414960536790507
-0.4415020063519478
-0.4419761612662114
-0.4424645369872451
-0.4433276660820411
-0.44398739139229293
-0.4441678462194671
-0.44461864822854597
-0.44545827307229047
-0.4470576906123346
-0.4473429939182377
-0.4473555663327196
-0.44867707037897514
-0.4487654669210315
-0.45009832705060643
-0.4503077708359342
-0.45124007392275545
-0.4518314026063308
-0.45396967587294057
-0.45415024744981003
-0.45460004282860356
-0.4593555213417858
-0.45984676795908147
-0.46004218442572486
-0.4600704347695714
-0.46035896509420127
-0.46116841727052815
-0.46717430369753854
-0.4705460276454687
-0.4712072380455485
-0.4715813864281194
-0.47209549872957934
-0.47217688825912774
-0.47255739183165135
-0.47294899650754546
-0.47385714718257077
-0.47611644456908553
-0.47640621215105056
-0.4775330880915539
-0.47754015364140895
-0.478943648088413
-0.4790462553501129
-0.4805052807953741
-0.48062271825256175
-0.4817960763350129
-0.48279020719928667
-0.48339488805504516
-0.486451531201601
-0.4866116433917983
-0.48931703487178313
-0.48954894621339107
-0.4899013791647222
-0.49215802426139516
-0.49332844286691396
-0.4933352774112589
-0.494233898763519
-0.4944343687966466
-0.49490887945285067
-0.4960288083055639
-0.4965095554706985
-0.4977223210968077
-0.49886661395430565
-0.4992949813604355
-0.4997701596294064
-0.5004069916903973
-0.5018964401269504
-0.5018972721198225
-0.5041194932535291
-0.5042025971373445
-0.5050724173585573
-0.5061134194644789
-0.5095839454119818
-0.5097633570432663
-0.5099842311086832
-0.5131109658007821
-0.5147162660978211
-0.5160684718284756
-0.5177638754248619
-0.5180939874359561
-0.5182138135257576
-0.5187485334737336
-0.5193215714767575
-0.5193473625143892
-0.5200771648170692
-0.5211783947888762
-0.5225599706172943
-0.5227271367330104
-0.5228279506037425
-0.5236027525804404
-0.5237041194268386
-0.5238782283467069
-0.5239190301605655
-0.5249894294887781
-0.5266595880190531
-0.527006070408485
-0.5279019343999187
-0.5280386133817956
-0.5286227564016978
-0.5310673727071844
-0.532102390009095
-0.5321138704312034
-0.532976504182443
-0.5331744106137194
-0.5333176873425733
-0.5337715119951301
-0.5340610246406868
-0.5341651187544423
-0.5358992716763169
-0.5363324173376895
-0.5371478522720281
-0.5379351889704205
-0.5393102631671354
-0.5397291201266593
-0.5397394111983885
-0.5403112581188907
-0.5412645503602107
-0.542052942328155
-0.5441735900563395
-0.5445470376871526
-0.5445990111446009
-0.5446495758369565
-0.5449224323965609
-0.5449334859848023
-0.5457483991510877
-0.5474514216184616
-0.5480629770706097
-0.5488141844923828
-0.5500367480396692
-0.5506860179157229
-0.5509644482750445
-0.5519484922042466
-0.5543870936510049
-0.5550936449319124
-0.5555491939950217
-0.5567240618402138
-0.5567456504878854
-0.556790006945708
-0.557798104925314
-0.5580727215523699
-0.5581519295980494
-0.5591855426984174
-0.5611511691152243
-0.5614314214991671
-0.5615707437197367
-0.5623652319656685
-0.5629005895752925
-0.5635919321672797
-0.5651842885805914
-0.5654315012507141
-0.5666145437280647
-0.5696693691621476
-0.5699460202207168
-0.5701970491403093
-0.5708100972697139
-0.5713780596852303
-0.5716827790020034
-0.571823507528669
-0.5723640015348792
-0.5731675753835589
-0.5741973577998578
-0.5742966862453613
-0.5747199625993744
-0.5770479567748096
-0.5785613283514977
-0.5789094398551242
-0.5803881091997027
-0.580969943391392
-0.5810047566890717
-0.5814873327035457
-0.5816132722073235
-0.5820565502055817
-0.5828388594207354
-0.5864278613948651
-0.5873865141256829
-0.5875381745697398
-0.5878098957320617
-0.5881494630593807
-0.5899787734207862
-0.590148662449792
-0.5906985920321729
-0.5909502369344726
-0.5932268199976534
-0.5933543309569359
-0.5950004141260352
-0.5955329389156153
-0.5955461461562663
-0.5957518331172954
-0.5963045780081302
-0.596527812588546
-0.5970180224976502
-0.5989012280188035
-0.5991725382045843
-0.599560625452016
-0.6000430632007515
-0.6009984174743295
-0.6010254177945171
-0.6018572386237793
-0.6020681913296357
-0.602592448471114
-0.6030561412335373
-0.6032569137298398
-0.6041883230209351
-0.6048274608561769
-0.6053882270851838
-0.6059130746871233
-0.6072913590663424
-0.6076823059120215
-0.608329612102049
-0.608996595773432
-0.6090814977716137
-0.6096370555460453
-0.6113381223054603
-0.6114527035970241
-0.612867957247848
-0.6131066747475415
-0.61364076344762
-0.6145863637328148
-0.6154178542346926
-0.6157511862305304
-0.6167832162536797
-0.6175344185257927
-0.6180451356672815
-0.6183280589228327
-0.6188219508954457
-0.6200302869547158
-0.6203381973318756
-0.6204232292249798
-0.6212351325899362
-0.6216198236733261
-0.6217167801223695
-0.6218920230865479
-0.6223338848474669
-0.623535139975138
-0.624731897775616
-0.6264033203246072
-0.627285364731506
-0.627405313840427
-0.6279752687551081
-0.6290469003841281
-0.6308513724361546
-0.6309331709053367
-0.6316257752478123
-0.6327014252543449
-0.6350427003843444
-0.6351071409881115
-0.6351126384817891
-0.6355737405829132
-0.6365378582184869
-0.6374509000452235
-0.6377152143395506
-0.6384368737538656
-0.6388762210262939
-0.6401560347941186
-0.6410338372224942
-0.6419774232083
-0.6428619985365205
-0.6434392008522991
-0.645395628775337
-0.6469801757484674
-0.6471653125093629
-0.6502143634217126
-0.650798823684454
-0.6511919187614694
-0.6520255718980638
-0.6520921874674969
-0.6528505974759659
-0.6551528695970774
-0.6553679846360215
-0.6558320784630874
-0.6562489225470927
-0.6592850973829627
-0.6597576326530543
-0.6601481133451065
-0.6605981565153343
-0.660598355345428
-0.6611442094668746
-0.6628078180365264
-0.6646485719829798
-0.6657187051139772
-0.6666195706697181
-0.6693714075736352
-0.6710075759328902
-0.6721054824593011
-0.673251326325246
-0.6735453605651855
-0.6738803833077327
-0.6740524534003011
-0.6744129355906302
-0.6745127066969872
-0.6746794317982027
-0.6751529599229494
-0.6778110943268985
-0.678357414365746
-0.6790032128670386
-0.6792088861776782
-0.6793403900228441
-0.6793463642243296
-0.6805629904293987
-0.6808651316511843
-0.6816845337549845
-0.6819680506984392
-0.6826349676509077
-0.6830495446274654
-0.683542903047055
-0.6835460639041331
-0.6835760904476047
-0.6842243745923042
-0.6858426034450531
-0.6859171589215597
-0.6879344144836068
-0.6879918698541587
-0.6880333114298992
-0.6895402501453646
-0.690203539445065
-0.6904761058071421
-0.6916731332195922
-0.6918050982931163
-0.6927804127335548
-0.6930843303497467
-0.6935106853023172
-0.6935775532167301
-0.6951627338587839
-0.6956299492823226
-0.6968549887339274
-0.6968586777026454
-0.6968822666385677
-0.6976139965570636
-0.6978286481462419
-0.697957781653612
-0.698149512289092
-0.6987891323515214
-0.698973798850784
-0.6995464712381363
-0.7012546600599308
-0.7015449116006494
-0.702314825107654
-0.702523666084744
-0.7033720208980542
-0.7034138914197683
-0.7040934245917014
-0.7047568772520337
-0.7049823090434074
-0.7065083784317332
-0.7065092239528894
-0.7066893462091685
-0.7081296367881199
-0.7081602519998947
-0.7099134141579271
-0.7100179232656956
-0.7124587908387184
-0.712948117259657
-0.7130429924776157
-0.7142028371803463
-0.7154204436228611
-0.7176434571156278
-0.7188904869253747
-0.7189756709897969
-0.720263790546192
-0.7212674086913466
-0.7213357384316623
-0.7216900214552879
-0.7221703571849503
-0.7229078948497772
-0.7229226343333721
-0.7245215574900309
-0.7246584951877594
-0.7247996900308257
-0.724803295193447
-0.724997728690505
-0.7251547597199013
-0.7252140978399741
-0.7261254152150026
-0.7266765239506235
-0.7284600673126989
-0.7291525291188413
-0.7308931327497703
-0.7312221970059909
-0.7322088127257302
-0.7327846785386404
-0.733026932226494
-0.7336803575356802
-0.7350962515920401
-0.735630260159572
-0.7429768124543793
-0.7438893254277192
-0.7442121259019976
-0.7449084449443035
-0.7456052151289495
-0.745923692981402
-0.7463122067386464
-0.7464342736639082
-0.7479690567299258
-0.7499064492682616
-0.7511488113552331
-0.7522197527810931
-0.7532747322693467
-0.7536178486916469
-0.7542737483978271
-0.7562606324042592
-0.7579134318977594
-0.7586141739040613
-0.7589061026099242
-0.7596037321620517
-0.7607925158808939
-0.7622819473628903
-0.7629811023232631
-0.7633827291429043
-0.7656210052664392
-0.7667584068008831
-0.7686559974574873
-0.7690073563135229
-0.7703661719957987
-0.7705081743853432
-0.7714373202063143
-0.7720564940323432
-0.7752356364857406
-0.7756064081830638
-0.7783546485006809
-0.7794820268948873
-0.7802206593332812
-0.7820908682686942
-0.7823304816016129
-0.784596863668412
-0.7854570468189195
-0.7863608560728608
-0.7878193400600659
-0.7908164442575071
-0.7918522953987122
-0.7944950983898403
-0.7949004272619883
-0.7957123130559921
-0.7960446438519284
-0.7972947859338352
-0.7986561137998555
-0.7994211630097457
-0.7998588690792935
-0.8027382289408707
-0.8036926891800249
-0.8040229534148239
-0.8050389700802043
-0.8058002591133118
-0.8078900328707985
-0.8084846927473942
-0.808966908354023
-0.8098728850673069
-0.8112830674120536
-0.811488409837087
-0.8115235822333489
-0.8123630600679866
-0.8136273920536041
-0.8144969403278083
-0.8152795205158847
-0.8158509765926283
-0.8173206640090535
-0.8209255660573641
-0.8220158287634453
-0.8238654183223844
-0.8245134513292994
-0.8245369686545538
-0.8276270632981323
-0.8287436046770641
-0.8288334012031555
-0.8311061646257129
-0.8329559847479686
-0.8331698154448531
-0.8336430660315922
-0.8355183984552111
-0.8356599861937057
-0.8365344970661681
-0.8372974521060113
-0.8384760469198227
-0.8395830350928009
-0.8411446359008551
-0.8416933078624425
-0.8444807428556184
-0.8450373832602054
-0.8461570867026845
-0.8482933441797892
-0.8490302483551204
-0.8499608889222146
-0.8503809518047741
-0.8510101531632245
-0.8511467203497887
-0.851623087855322
-0.8527929258222381
-0.8544611074030399
-0.8578840579837561
-0.8593389736585474
-0.8610188543647787
-0.8631527149118483
-0.8662105718006691
-0.8662453442811966
-0.8668003459461033
-0.8670154660998378
-0.8696505390107632
-0.8699642152706575
-0.8701168889674591
-0.87030179053545
-0.8715947046875954
-0.871975913643837
-0.8734850731012153
-0.8735152560693678
-0.8767177086057407
-0.8769022426900587
-0.8777417749166488
-0.8810946403869561
-0.8811852904036641
-0.8884754139580764
-0.8908876061323099
-0.8916803687810898
-0.8918030983186327
-0.892197257024236
-0.8933148011565208
-0.8935872197455157
-0.8952527190558612
-0.8952906310247878
-0.8953322808258235
-0.8970559053122997
-0.8973128553812525
-0.89758466815369
-0.8981502888103327
-0.8987801037728786
-0.8992320504372141
-0.9002429406158626
-0.9039098509310861
-0.9050836889073253
-0.9063152253627778
-0.9077463428483397
-0.9085796600556932
-0.9106632638722658
-0.9135775106648604
-0.9136726592667401
-0.9138998831622303
-0.9140020211537679
-0.9152925610542297
-0.9191353600937873
-0.9204030739609153
-0.9236303516227053
-0.9247980701271444
-0.9270648656412959
-0.9305505732273949
-0.933674497064203
-0.9339961782097816
-0.9343097601085901
-0.9347445722669363
-0.9397259429097176
-0.942186414077878
-0.9427655413746834
-0.9450836246833205
-0.9460049699991941
-0.9471773892227147
-0.9478238639324749
-0.9479265838861466
-0.9514876512810588
-0.9516032185711083
-0.9518185921312708
-0.9595210041131524
-0.9597765053622425
-0.9618575911348065
-0.9642380774021149
-0.9643948256659011
-0.9646245199255645
-0.9652339829398053
-0.9655941188335418
-0.9661993525805883
-0.967640633136034
-0.9682037532329559
-0.9687989664380439
-0.9717034552789604
-0.9722714859009203
-0.97256350537969
-0.9762871034443379
-0.9767735656350851
-0.9785178083194686
-0.9790815947810187
-0.9800260812044144
-0.9802868932019919
-0.9811020705383271
-0.9837924987077713
-0.983817247407777
-0.9854641294878093
-0.9923863796429941
-0.9934985126580743
-0.9956368394196033
-0.9964818114414811
-0.9980096220970154
-0.9985084724095132
-0.999460745457327
-1.001607513275101
-1.0033289327735215
-1.0034909037381619
-1.0073284952280421
-1.0076984241604805
-1.007751688361168
-1.009525607029597
-1.0107569587028895
-1.013457377958629
-1.0168624509125948
-1.028241929365322
-1.0299913417606148
-1.0375068833430607
-1.0378500397006671
-1.0385241608601063
-1.040537814425382
-1.0406482206973513
-1.0468986295163631
-1.0494363266974687
-1.0524253127348078
-1.052589350938797
-1.0602816231548786
-1.0632635268072288
-1.0658490645083865
-1.0679438580215599
-1.0708990514278411
-1.071265616790697
-1.0715957970491476
-1.0718272551894188
-1.073907735447089
-1.0767343209849463
-1.0776787959621288
-1.0781898473699887
-1.0783524472266435
-1.0793677638931614
-1.0796577855944633
-1.0829794548335485
-1.0842115361243487
-1.084730722475797
-1.0886850580573082
-1.0923395751276985
-1.0964815290644765
-1.1073205173015594
-1.1084574591426644
-1.1108351103030145
-1.1112000290304422
-1.111205130815506
-1.1122196685581003
-1.113383390319844
-1.1145503893494606
-1.115416031330824
-1.1187284934567288
-1.125143826007843
-1.1252608339612682
-1.1342635850111644
-1.1359457386036713
-1.1457475794346206
-1.1475044270046055
-1.1483671080204658
-1.1510960531886667
-1.1515630467162867
-1.153908021748066
-1.1544690032800038
-1.1556890606880188
-1.15753750577569
-1.160916505381465
-1.1615148702015479
-1.1645808666944504
-1.1669587045907974
-1.1706177324056626
-1.1742105054824303
-1.1748639661818743
-1.1759737396690373
-1.1762910224497318
-1.1776406332850455
-1.1777274819711845
-1.1810822635889053
-1.1816774507363637
-1.1842925176024437
-1.1845032962866955
-1.1903618574142456
-1.1907188418424792
-1.1985892206430435
-1.2008719978233178
-1.2014447549978893
-1.2049113884568214
-1.205031381174922
-1.2076582364737987
-1.209806225573023
-1.2148560953792185
-1.2175872147083282
-1.2185329496860504
-1.2206048425287008
-1.2220268310047686
-1.2226544953882694
-1.2235734575428068
-1.2243766207247972
-1.2249483863512676
-1.2251635902561246
-1.2270169756375253
-1.228330597281456
-1.2368729785084724
-1.238067905108134
-1.2441614369551341
-1.2466344684362411
-1.2476646152790636
-1.2479302287101746
-1.2510834733645122
-1.255942702293396
-1.258586249873042
-1.2596742796401184
-1.2634185653179884
-1.2643984779715538
-1.2650239729943376
-1.2653024699538946
-1.2665401577639084
-1.270025435835123
-1.2706811940995977
-1.273019050558408
-1.2743670497244846
-1.2767518671850364
-1.280975291505456
-1.2810811027884483
-1.2815798474475741
-1.2851059675449505
-1.2852841969579458
-1.2855652005722125
-1.2880373392254114
-1.2899037897586823
-1.289976954460144
-1.2903908120157819
-1.291921563912183
-1.2946486696223474
-1.2958869847158592
-1.2971761748194695
-1.2989944458240643
-1.3019864233210683
-1.3027811086503789
-1.3035133481025696
-1.3106735594570638
-1.315840807184577
-1.3215886922553182
-1.324689507484436
-1.329839696486791
-1.3310001466888934
-1.3321615755558014
-1.3419435638224968
-1.3469025393327076
-1.3647799789905548
-1.3716525422642007
-1.3744337409734726
-1.3777363263070583
-1.3912704940885305
-1.391536651977471
-1.3981531126690763
-1.39990776181221
-1.4060486055910588
-1.4065095980962117
-1.4071258064359426
-1.4088945873081684
-1.4158411202952266
-1.4191632084548473
-1.4204315319657326
-1.4217202464739482
-1.4352575726807117
-1.435376423011933
-1.4378338468571503
-1.4423370523644345
-1.44734867811203
-1.456666600704193
-1.457471726462245
-1.4638009741902351
-1.464645430445671
-1.468081708997488
-1.470225657025973
-1.4831726551055908
-1.4876891076564789
-1.5044901669025421
-1.5054117540518444
-1.506027529637019
-1.5092181848206867
-1.5177532061934471
-1.5212108194828033
-1.5289730876684189
-1.532333631068468
-1.5355320870876312
-1.5371163971722126
-1.554375165462261
-1.5550543665885925
-1.5564547419548034
-1.5614432394504547
-1.5636981911957264
-1.5649010077118874
-1.5710672121495008
-1.5776903529961903
-1.600913554430008
-1.617729549606641
-1.6221411004662514
-1.631961852312088
-1.6415975689888
-1.6556981690227985
-1.6601013839244843
-1.6658949926495552
-1.6706269010901451
-1.6792176365852356
-1.697993814945221
-1.72269669175148
-1.7384036965668201
-1.7401025295257568
-1.7410460909207661
-1.7561828456819057
-1.7578660647074382
-1.7605232894420624
-1.764221866428852
-1.7722580085198085
-1.773634081085523
-1.7991717252880335
-1.8017546832561493
-1.802634447813034
-1.8064828515052795
-1.8181802549709876
-1.824221432209015
-1.8437677025794983
-1.8705024321873982
-1.8868362456560135
-1.9280080003663898
-1.9424477871507406
-1.945865070912987
-1.9939484894275665
-2.0224802494049072
-2.035751144091288
-2.0607687532901764
-2.0655694312105575
-2.06919314712286
-2.0713309478014708
-2.0833650287240744
-2.104242980480194
-2.159744918346405
-2.176242709159851
-2.1917464435100555
-2.20700048469007
-2.212730646133423
-2.218473196029663
-2.2415339946746826
-2.260341852903366
-2.3469510078430176
-2.356550931930542
-2.375440835952759
-2.3885488510131836
-2.4042556285858154
-2.4123745461304984
-2.4192938804626465
-2.4251352397259325
-2.430671771367391
-2.4543755054473877
-2.4905527532100677
-2.491474469502767
-2.493842601776123
-2.517854332923889
-2.5260326862335205
-2.53328537940979
-2.538432538509369
-2.5656421979268393
-2.592698353032271
-2.5940373117725053
-2.6027732864022255
-2.6061574618021646
-2.611646294593811
-2.6371892789999642
-2.6691747903823853
-2.8221116550266743
-2.8543916046619415
-2.926685154438019
-3.0268117543309927
-3.037663698196411
-3.062382936477661
-3.1087542374928794
-3.2421334981918335
-3.318296511967977
-3.4247571071609855
-3.4693241119384766
-3.48028302192688
-3.493028100579977
-3.5421387553215027
-3.903598725795746
-3.922064185142517
-3.9561197757720947
-4.311989605426788
-4.332927227020264
-6.332561016082764
-6.3558878898620605
-7.3598856925964355
-7.715606212615967
-9.002382278442383
-9.412789344787598
-11.353094100952148
