-1.8079694446745027e-05
-0.001190898782806471
-0.0027148115354975744
-0.01339349900081288
-0.01764536699920427
-0.04601045060553588
-0.059319222267731675
-0.08111015208123717
-0.12354010560229653
-0.1246734936721623
-0.13600941144654322
-0.15052656525383806
-0.15654706704986487
-0.1777444154540717
-0.18370036813939805
-0.1923112436197698
-0.22188196126371623
-0.22256273935095122
-0.22597515035886317
-0.22859087400138378
-0.2287980819819495
-0.23013050784356892
-0.23044330533593893
-0.2335570420604199
-0.23787823327584193
-0.24337895978242158
-0.2495460390160588
-0.25574824094655924
-0.2571880406467244
-0.25739893796431024
-0.2601311706627409
-0.2657011253075325
-0.26620902156623505
-0.26999087166635927
-0.2711500195819604
-0.2713732479709766
-0.28069756423550035
-0.2854484285986646
-0.28690103424780417
-0.2882633240462239
-0.2883453954066984
-0.29038444338857516
-0.2904165622926245
-0.2926448753569275
-0.2960362400729483
-0.2989616536302492
-0.2989879725500941
-0.3001561502909074
-0.3070666330556075
-0.3108812720273487
-0.31365553186818335
-0.3158952839439735
-0.3191354349255562
-0.32025672134477645
-0.3212728702173291
-0.32239638837054374
-0.3243082150605915
-0.3243726479820907
-0.3282980113807652
-0.3392506263125688
-0.34068726413232947
-0.342489795145494
-0.34695922128424894
-0.3478782692711383
-0.3502701750721489
-0.350672425679267
-0.35212269883049885
-0.35219065024575685
-0.3523709853512368
-0.3530075279879384
-0.3542162182616835
-0.35708168426824405
-0.3581779412829333
-0.3602251375509102
-0.36167407642226734
-0.36181817677182454
-0.3619509640360775
-0.3620250132464042
-0.3640312997561393
-0.36412752294887063
-0.3649587039924328
-0.3668000671241316
-0.36680660711135715
-0.3674668668196925
-0.3714966010709759
-0.37173206182342255
-0.3737969440888264
-0.37402824957210284
-0.3748408693354577
-0.3798020751680997
-0.37990124828340616
-0.38005515185868716
-0.38197222239311185
-0.3822887510451598
-0.38476047842762684
-0.388011589141873
-0.3880142859901146
-0.3906252891756594
-0.39865254793904537
-0.3998144593220786
-0.4004616360277093
-0.4007999270554242
-0.4045644198712479
-0.4085553849924679
-0.4105802834033966
-0.4108166737237035
-0.41300594022565446
-0.41325452625751496
-0.4138440288079437
-0.4159810935175806
-0.416478558909148
-0.41685343033168465
-0.41730568846687677
-0.4232682202182332
-0.4234568689100797
-0.42377046624194636
-0.4272713822623094
-0.4299487760500051
-0.4317872209358029
-0.438285286926354
-0.4388755813706666
-0.4403443243354559
-0.44894776113189594
-0.4495947319082916
-0.45083387875800124
-0.45178195333573967
-0.4524071365594864
-0.45370425507523277
-0.4549460014719183
-0.45889105908572675
-0.46012560051167384
-0.46036732700298005
-0.4640692561784817
-0.46507318110389373
-0.4657819470359755
-0.46673943565692755
-0.47068916253192583
-0.47222464986843987
-0.47666498956969006
-0.4774888998072129
-0.47875722751228345
-0.48044353321165545
-0.48381772138236556
-0.4869281232305285
-0.4908481158386816
-0.4940989908762276
-0.49609667774186367
-0.49697947604581716
-0.4984679421592903
-0.4991619332693517
-0.5014937274208933
-0.506097704404965
-0.5100876003157084
-0.5103959830419627
-0.5236445803246979
-0.527490560489241
-0.5281736231020963
-0.5298992353258655
-0.5306731537608097
-0.5311427312612068
-0.5459151139317934
-0.5480575207934285
-0.5524551652061442
-0.571869955410269
-0.5749875579689009
-0.5766856621019543
-0.578107438981533
-0.5807130440537419
-0.5842088702469482
-0.5859162256653819
-0.5961817312719566
-0.5988526514009572
-0.6053120514021858
-0.6073881254664489
-0.6079370928557637
-0.6116149064951709
-0.6131962745317391
-0.6180713749778078
-0.6195719131878029
-0.6237081663372616
-0.6365938295299808
-0.6372872865370786
-0.6457770750970667
-0.6469874996691942
-0.6579867428168654
-0.6593766820927461
-0.6717468379996717
-0.6726881686065879
-0.6790610266998556
-0.6822740385687212
-0.6822857793420554
-0.6829475646372885
-0.6849943850189447
-0.6853996559899921
-0.6862226108787581
-0.6881495936773717
-0.6920177471532952
-0.695191594273118
-0.696193590772704
-0.7026558533500065
-0.7026848391800741
-0.7076350933473025
-0.7135548786682193
-0.7193661254364997
-0.726730368786472
-0.7334208119926708
-0.7339100166157421
-0.7345939504739363
-0.7453196175396443
-0.7459333824816794
-0.7465132826870434
-0.7511886377465998
-0.7571696159257044
-0.7587521734770105
-0.7621531552036426
-0.764875821950328
-0.7656834340305068
-0.7692868227879646
-0.7732528891792754
-0.7742510506766849
-0.7799435090836293
-0.7833222571993247
-0.7936253687366843
-0.8021836637369363
-0.8026236099315156
-0.8030472671865331
-0.8031080599175766
-0.8065334324874129
-0.8079091748419159
-0.819873893392772
-0.8221838447740689
-0.8237930579350127
-0.8240071129920479
-0.8247583275660872
-0.8259507226217205
-0.8301508525067524
-0.831205853494339
-0.8312605337705463
-0.8345200967879565
-0.8463167116165601
-0.8476333847002999
-0.8480656556821486
-0.8579914294781962
-0.8735510559782597
-0.8856253689487598
-0.8917182974206904
-0.8997973988168977
-0.9062645892522091
-0.9067237476507822
-0.9108971740691535
-0.9185332300969296
-0.9200831675119941
-0.9236741241992503
-0.924962435674388
-0.9260387826361693
-0.9393736510408215
-0.9474261831076417
-0.9503292747976957
-0.9548702995137622
-0.9567675393939551
-0.9600533623655793
-0.9719006955390797
-0.9775495014000626
-0.9806057900190354
-0.983372953615617
-0.9852323373197578
-0.9929439589743398
-1.006735291564837
-1.009701368565272
-1.0105010904371738
-1.0132972860610607
-1.0207626175082016
-1.0237683079321869
-1.0456681310897693
-1.0457053574034945
-1.0464656993863173
-1.0557349543087184
-1.0619193807360716
-1.0765817309397139
-1.0911081328522414
-1.099130971070099
-1.1033962602405154
-1.104482793663111
-1.1081573512767338
-1.1086281640196427
-1.1142070459201932
-1.1153702907264234
-1.1325848987908103
-1.1351490077377093
-1.138994167871715
-1.1433240037683088
-1.147777195317758
-1.1548931937250018
-1.1564382540075004
-1.1611133810494922
-1.165497256288654
-1.1687809422874125
-1.169664347951766
-1.1720010684803128
-1.1821403168141842
-1.187393064275966
-1.1891171666017424
-1.193026796715068
-1.2037676420683663
-1.2142407148057828
-1.226722755189985
-1.2272576918985578
-1.236103548668325
-1.2555438230192522
-1.2604914379771799
-1.26752637551787
-1.289065902121365
-1.296342670917511
-1.300362103804946
-1.305289311476372
-1.3059941132863362
-1.3066210429450231
-1.3110082982207782
-1.3137264458753635
-1.3330368074433256
-1.3411627979949117
-1.3461825328995474
-1.3465736846472802
-1.3490957072935998
-1.3509699444596965
-1.360036418773234
-1.3703739834018052
-1.372498237011314
-1.388516225237658
-1.4140286108922737
-1.4167495034130948
-1.434109950903803
-1.4371623694896698
-1.4438876416534185
-1.4447959251701832
-1.4476223265131314
-1.4530073259957135
-1.453902781009674
-1.4553354826445382
-1.4585288834869061
-1.461399326267253
-1.4709473511647957
-1.4822473058011383
-1.4960853978991508
-1.499983534000219
-1.5040314553429197
-1.5092002075786393
-1.5105312665303547
-1.5110135953873396
-1.579037755727768
-1.6324809401907259
-1.6333673491608351
-1.6549963752206946
-1.710526991635561
-1.7139842569260508
-1.7284336760640144
-1.732886403799057
-1.7357075802532822
-1.7453521330996107
-1.7561506993702747
-1.7618988901376724
-1.7799953608487808
-1.7860566795487622
-1.8218009403236566
-1.8231040832951193
-1.825070207293902
-1.850206166339506
-1.8577559671422932
-1.9202639758586884
-1.922123908996582
-1.961798531225213
-1.965736957709305
-1.976572334766388
-2.0092930032369622
-2.0120236575603485
-2.015300531638786
-2.020372599373028
-2.0597383678056453
-2.0625393092632294
-2.0629807876423003
-2.0816613733768463
-2.0895744161301386
-2.096335881203413
-2.1512402296066284
-2.156741350898907
-2.183565071473519
-2.303956376039423
-2.3416106986502805
-2.37455415725708
-2.400510346889496
-2.418082368373871
-2.4208375213752333
-2.5079281826814017
-2.539597322640475
-2.5553041601115183
-2.5915787611373466
-2.5919673442840576
-2.6071078632958233
-2.6201544776995433
-2.629718432823817
-2.672032322967425
-2.683125148216883
-2.7044532690413994
-2.736781726280848
-2.7945523165963095
-2.866839104302926
-2.8806231021881104
-2.956563455363115
-2.971236681449227
-3.0544851447145143
-3.1017653797753155
-3.108001470565796
-3.112152636051178
-3.1532418727874756
-3.371565898259481
-3.449694871902466
-3.4781959201900037
-3.5462547143300376
-3.5955294370651245
-3.657427019224997
-3.717881441116333
-3.725320061047872
-3.785236934820811
-3.9007600734476
-3.9843746419792296
-4.037182509899139
-4.102948285682942
-4.222608663185383
-4.242671489715576
-4.465478420257568
-4.519343733787423
-4.668311189782439
-4.689646005630493
-5.266548481808665
-5.359708189964181
-5.480566759904225
-5.915960636960032
-7.473929489206057
-7.538734674453735
-9.550479173660278
-9.588768005371094
-9.612149238586426
-10.6216402053833
-13.819496154785156
-14.305818557739258
-15.627370834350586
