-0.004157623930950649
-0.004274185688700527
-0.005919849354540929
-0.00607927207602188
-0.010785765160107985
-0.019573767413385214
-0.021195793955848787
-0.024332517641596496
-0.025227606296539307
-0.026301124948076904
-0.03043382620671764
-0.03520818772024844
-0.046568648889660835
-0.04786624414555263
-0.048857977730222046
-0.04918837867853654
-0.05752340059261769
-0.06854557991027832
-0.07004446350038052
-0.0805470886706254
-0.08396815119340317
-0.12185300325897212
-0.12946779469851977
-0.13052737368337017
-0.14113572917412967
-0.14435145142488182
-0.1497305912515685
-0.15104050844761746
-0.1533507116837427
-0.1551646208145928
-0.15780743308393236
-0.1607090792999904
-0.1642269448738034
-0.16503340093186125
-0.16578535035864558
-0.16903194691983214
-0.17331237345933914
-0.1766088394437886
-0.18124435724530485
-0.18208443745970726
-0.1825159948057164
-0.18328956370047914
-0.18333156406879425
-0.1837078332901001
-0.1843580825787825
-0.18609220759334186
-0.18751277761839447
-0.18891880068691422
-0.19350641198404725
-0.19449866656409814
-0.19486642070114613
-0.19772816347956126
-0.2000140436295352
-0.20146221519098617
-0.204280976546562
-0.2054028563531022
-0.2073132812131927
-0.20786111127822354
-0.20928791916021489
-0.2103427508822267
-0.21750398450240027
-0.2201137942133135
-0.22119593814682945
-0.22120879074388236
-0.22146344609658347
-0.22224306563148274
-0.22380513156927911
-0.2253563494110964
-0.22729168268045896
-0.22932852528726602
-0.2298501857527242
-0.23174478245382488
-0.2355308429338038
-0.23572768897449553
-0.23870267194286612
-0.2401129168657852
-0.24269223862208733
-0.2442530362556378
-0.24682328972728895
-0.24686678198601916
-0.24702379470565755
-0.24802790123503654
-0.25169342290610075
-0.25189558019186814
-0.25457871264370624
-0.2546039828943726
-0.2566634516515478
-0.2578207244015565
-0.25809813889126026
-0.26227418146299897
-0.2642062625123395
-0.27027711893121403
-0.27055888277601525
-0.2709589608052738
-0.2717338459488625
-0.2720388353150661
-0.2737631091964431
-0.2740305277518928
-0.2757843420449528
-0.2777728860732168
-0.27926861092855687
-0.2818063357818181
-0.28284172561424464
-0.28548798749689014
-0.2855005478486419
-0.28683258084086877
-0.29329057018897703
-0.2952402057549493
-0.2979179471190686
-0.2981346072338056
-0.2982088545194039
-0.29888413403693903
-0.30219959501515736
-0.3035040478610123
-0.3047264894370788
-0.3050707224290818
-0.3060432360507548
-0.3093173470813781
-0.309466505626905
-0.31234571552098106
-0.3152153517251333
-0.3163931198483364
-0.3192178392522692
-0.3195064452235329
-0.3203505148925225
-0.3223103384869838
-0.32359132652441774
-0.3252292964585245
-0.32698015059571617
-0.327309572376862
-0.3288030924159102
-0.32975436199917063
-0.33140220050674996
-0.33320513661924955
-0.3334373403224163
-0.3340503715402292
-0.34012719419681364
-0.3403620037715882
-0.34066677663940936
-0.3417768298855258
-0.3461424615231635
-0.34831493579549716
-0.35043628829953377
-0.35111520845781674
-0.3514605726314975
-0.35240714791434585
-0.35521523909743075
-0.35564805637088737
-0.3569781787394147
-0.35742012063005507
-0.35862892128837603
-0.3593164742454367
-0.3619543366134167
-0.36346390452414806
-0.36524200077272123
-0.3674100725274705
-0.36794903392616946
-0.3680544715607539
-0.37048469264118467
-0.3707391946663847
-0.370901869982481
-0.371341272102048
-0.3719218075275421
-0.3735230598637524
-0.37655494660098154
-0.3775319207880574
-0.37786954201227574
-0.3786038933758391
-0.37892839702544734
-0.3797171167389024
-0.37972589377204713
-0.38033997991587964
-0.3828255464832182
-0.3844877183873905
-0.3852547936141491
-0.3870713297898571
-0.38710433723171034
-0.38793214357325007
-0.3929690167341115
-0.39371825265698135
-0.39451955473050476
-0.39499430009163916
-0.3955813749926165
-0.39581531565636396
-0.3966593066579662
-0.39685643168114537
-0.4010271539623823
-0.40578861092217267
-0.41188799290518674
-0.4125176578139265
-0.4125516519648954
-0.41408682477194814
-0.4167961836154642
-0.42058186513604595
-0.42302976036444306
-0.4235231608358845
-0.426152846775949
-0.42646733578072193
-0.42673920951783656
-0.42908844735939056
-0.4293942987883034
-0.4300217310432345
-0.43430168885964804
-0.43530911393422683
-0.43587069869681727
-0.43795413384214044
-0.4409656078147236
-0.4426227219955763
-0.4434162031975575
-0.44363145587449254
-0.4455806659098016
-0.4466122891870327
-0.44769292406272143
-0.448380717386802
-0.44961703874287196
-0.4514779231459316
-0.452225468121469
-0.4522561486926861
-0.45370040996931493
-0.45390147703437833
-0.45397329406113157
-0.4542545046075134
-0.4567113551674993
-0.4591911755036563
-0.46114106038585306
-0.4615033899899572
-0.46256856035906824
-0.46273757740467164
-0.4631123396060275
-0.4633706195745617
-0.46471705277716474
-0.4685700066383561
-0.4688849554484477
-0.46974758778233083
-0.4708830188727006
-0.4731866759248078
-0.47341157835342074
-0.4746284432088335
-0.47694704708828795
-0.4789858814328909
-0.4809764106757939
-0.48493096462916585
-0.48541056871828103
-0.4875625997988714
-0.4900889474665746
-0.4911235711382081
-0.4918997508274125
-0.49277090990217404
-0.4930978254612585
-0.49330243672739016
-0.49549805384594947
-0.49579729842953385
-0.49600124813150615
-0.49866954621393234
-0.49921414847485723
-0.49975008454639464
-0.500714015836517
-0.5020635471058262
-0.5030074608525216
-0.5085527513349787
-0.5089709039644471
-0.5102793566572169
-0.51029401404311
-0.5108783800969832
-0.5110940577994499
-0.5117228369069077
-0.5124294822337105
-0.5124862174969167
-0.5130901548213193
-0.5137529088416954
-0.5138308915972759
-0.514097212165195
-0.5174150844795804
-0.5177048280990372
-0.5181652924045921
-0.518727553387483
-0.5190020211738215
-0.5200522534549237
-0.5203216868851867
-0.5216517560184002
-0.5220163759891762
-0.522260069536666
-0.5232928721932695
-0.5233197913039476
-0.5234616581000751
-0.5266940534467202
-0.5272645459044725
-0.5302750383780221
-0.5304032095482398
-0.531307365745306
-0.5323263507685511
-0.5325076893903316
-0.5335279393142888
-0.5335589788854123
-0.5340390029097242
-0.5375276313861832
-0.537853660993278
-0.5391661762259901
-0.5403613981907143
-0.5408229886816116
-0.5416231658658944
-0.5443469861522316
-0.5446905386925209
-0.5451644038916129
-0.5454679478092918
-0.5461308303185635
-0.5466718846455478
-0.5475660403142684
-0.5485628482678698
-0.5504346583716142
-0.5541564283415937
-0.5549074605639491
-0.5553591167153576
-0.558238339174568
-0.558794405311346
-0.560382013519605
-0.5640982091426849
-0.5645783784036413
-0.5664896497748688
-0.5668652378735715
-0.5682352872432342
-0.5702222463959414
-0.5704127438298201
-0.5713577517308295
-0.5717590459855273
-0.5720715334638953
-0.5727144390569135
-0.5727292252704501
-0.5737479114905
-0.5739860186392131
-0.5745435419780228
-0.5753565649501979
-0.5764226065104594
-0.577314467350204
-0.578260062472899
-0.5791454847591618
-0.5819824232719839
-0.5823987725242559
-0.5834246508570181
-0.583678126335144
-0.5837142907031294
-0.5883613175246865
-0.5885694180324208
-0.5900594997219741
-0.5919908519956932
-0.5937621103366837
-0.5968946206381328
-0.5982120768399909
-0.5988970497774062
-0.5990373375160354
-0.5991308642081398
-0.6011547788123911
-0.6019737008318771
-0.6020219692727551
-0.6021631197305396
-0.6029687025505458
-0.6045400601190826
-0.6047716842330778
-0.6068809451826382
-0.607048496867416
-0.6084996003176002
-0.6085739573463798
-0.6109861662391469
-0.6113108745776117
-0.6114312440156937
-0.6124092928948812
-0.6127655000891536
-0.6130924230819801
-0.61329581748162
-0.6176545129856095
-0.6220710272124658
-0.622538772444906
-0.6267079428187572
-0.6270369601358349
-0.6283836457805592
-0.628441668838655
-0.6292275816202164
-0.6298179974158605
-0.6301341572855433
-0.6324023634195328
-0.6326397990942496
-0.6332955909375515
-0.6352694453962613
-0.635281281080097
-0.6361813642937099
-0.6362287521672746
-0.6368742750957608
-0.6408674050471745
-0.6413403530605137
-0.6425272852182389
-0.6427631215580428
-0.6468205619085994
-0.6473973715781338
-0.648462276167993
-0.651237314980891
-0.6533331751415972
-0.6538457028567791
-0.6547688206022334
-0.6553826305942494
-0.658111967460718
-0.658594088954851
-0.6586321118908623
-0.6684798059810418
-0.6722956417749325
-0.6766259542976817
-0.6801099178679578
-0.6806392286362097
-0.6846635570749641
-0.6856583707034588
-0.6862859608871597
-0.6871628296960678
-0.6884000527982911
-0.6903162239385503
-0.6910198017075244
-0.695300143561326
-0.7005017393135599
-0.700543066087578
-0.7012293294072152
-0.7034757741106054
-0.7057337053051924
-0.7111143331625499
-0.7121956410507361
-0.7131531309957305
-0.7139814756810665
-0.7171149134635926
-0.7193904938173545
-0.724816014803946
-0.7251314800232649
-0.7257464788854122
-0.7277742526493967
-0.7300969848758541
-0.7321104461249585
-0.734137608482888
-0.734860809006932
-0.736876974653569
-0.7405933467640352
-0.7462982511147856
-0.746789476275444
-0.747249286233758
-0.7477668949092428
-0.7502385803963989
-0.7555873095989227
-0.7559301787987351
-0.7572251884266734
-0.7583976665744558
-0.7597373951381693
-0.7600999927148223
-0.7607400900451466
-0.7616035595004048
-0.7624516625061611
-0.7633112303835029
-0.7641932623458161
-0.7646913019474596
-0.7662012040615082
-0.7732088281704819
-0.7740794527344406
-0.7765870047733188
-0.7799953925423324
-0.7817654912360013
-0.7905646075627634
-0.7958656326023629
-0.8054278498515487
-0.8083364126893381
-0.8101035185779134
-0.8143959754893331
-0.8239370882152538
-0.8263929784297943
-0.8319469601483434
-0.8334139565005898
-0.8407489926190465
-0.8497748017377619
-0.8524843593394118
-0.8581614656723104
-0.8599038467588495
-0.8618269144610369
-0.8621510692561666
-0.8625853398814798
-0.8692185841500759
-0.8737061209908461
-0.8751583317294717
-0.8793864624785783
-0.8824770855717361
-0.8830461907430921
-0.8869049954228103
-0.8874603440053761
-0.8927973883223785
-0.9011364105157554
-0.9061379922287804
-0.9061389096787025
-0.9099240038541211
-0.9105074314866215
-0.9118154454044998
-0.9189008573579486
-0.9225047795102
-0.9473662187810987
-0.9569994190707802
-0.9589096518803772
-0.9601417110388866
-0.9627359071746469
-0.9638035448210758
-0.964713918533865
-0.9671436178808411
-0.9702920760028064
-0.9705522211211246
-0.9728848535035338
-0.9760038703680038
-0.9798749954705792
-1.0000501819886267
-1.0050932856808816
-1.0102445439551957
-1.012453715866286
-1.016336852684617
-1.02064572944073
-1.0245373840734828
-1.0336600951799886
-1.0383494603447616
-1.0477514825761318
-1.0608886269619688
-1.0681232556235045
-1.078427067104106
-1.0832409039139748
-1.092471531033516
-1.0943301187362522
-1.0944086061092093
-1.1075842883371934
-1.1077301038327279
-1.1084212384885177
-1.1119486870593391
-1.1192075365356036
-1.119989054085454
-1.121567862399388
-1.122900025298198
-1.1320127604994923
-1.1490077430731618
-1.1875861937587615
-1.189219986088574
-1.195953082293272
-1.2082948926836252
-1.2129903268069029
-1.2360522254991035
-1.2373287553151993
-1.2413931959539088
-1.250650035450235
-1.2667150343186222
-1.3008650922080658
-1.3042042669840157
-1.3149725757539272
-1.3154204525053501
-1.3193302986522515
-1.3396251561741035
-1.3538528100276987
-1.3558699315413834
-1.3640515834093094
-1.3797294261554878
-1.3958681349176913
-1.4095737238725026
-1.4187348121777177
-1.4200717508792877
-1.4325498528778553
-1.439055621623993
-1.4494333515564601
-1.5105000113447506
-1.523430585861206
-1.5279538979521021
-1.5377919592428952
-1.5464619720975559
-1.559070774167776
-1.5825952589511871
-1.5828022651083302
-1.6114681429462507
-1.6121144741773605
-1.6835293464071583
-1.6942390827462077
-1.6961167200934142
-1.6998330714801948
-1.7008507251739502
-1.7017342874023598
-1.7167849409161136
-1.7225027191452682
-1.7397684554258983
-1.7556069294611614
-1.8114870836337407
-1.8505210704170167
-1.9248273100238293
-1.9348431847368677
-2.0032957208653293
-2.0059552006423473
-2.027826428413391
-2.02865207195282
-2.090409149415791
-2.127800837159157
-2.190350835211575
-2.225305343667666
-2.2465055314823985
-2.2532145120203495
-2.2754816599190235
-2.3328998431097716
-2.333605159074068
-2.3469864428043365
-2.3621261388373873
-2.398384302854538
-2.437929434236139
-2.4882176630198956
-2.5453820087229055
-2.590966200456023
-2.603220329154283
-2.6067083422094584
-2.6540114283561707
-2.678973078727722
-2.7015841715037823
-2.750551752746105
-2.753476911224425
-2.8517640344798565
-2.9540565895537534
-2.956007108092308
-2.961824595928192
-2.9752960045589134
-2.9950658455491066
-3.0781043767929077
-3.094691723585129
-3.1901947436854243
-3.2087988721905276
-3.2434242295566946
-3.366861807066016
-3.530177904292941
-3.6286995771030583
-3.9313696531462483
-3.9618871212005615
-4.3145551681518555
-4.400282382965088
-4.460159039823338
-4.868762811024983
-5.25191056728363
-5.2742815017700195
-5.461818303912878
-5.729311943054199
-7.431294918060303
-8.178505897521973
-8.18939208984375
