-0.003004919271916151
-0.02985744457691908
-0.09149614535272121
-0.10469767637550831
-0.10860750451683998
-0.12551443949341773
-0.1636459631845355
-0.22524545108899474
-0.23462486639618874
-0.2582647278904915
-0.297350506298244
-0.30438005924224854
-0.30636616041883824
-0.31040132739063764
-0.31561457458883524
-0.31992973014712334
-0.32266505528241396
-0.3415517210960388
-0.346719588773946
-0.36715119757822584
-0.38126841550692914
-0.3833456039428711
-0.39632006486256915
-0.3983541585505009
-0.4047773416257567
-0.41287221312522887
-0.4206916142720729
-0.42465372880299884
-0.429800758138299
-0.43524707295000553
-0.44618604828914005
-0.4473141108949979
-0.44998729738749954
-0.45760742167961627
-0.4743565803295688
-0.47703802213072777
-0.47756395558826625
-0.4791910703101292
-0.47964809105852274
-0.479859678872994
-0.4815216778467099
-0.48190168084369767
-0.48820785656571386
-0.4885873414043869
-0.4924249985358781
-0.49442588963449513
-0.49513841345906257
-0.49525379975966644
-0.4968791988988717
-0.49961405338919057
-0.49961536303162574
-0.5010719855626424
-0.5031576791162868
-0.5036981328438711
-0.5077845372259617
-0.5080365621146153
-0.5093139021524361
-0.5103414495009929
-0.5104513598572729
-0.5202112064549798
-0.5212907055392861
-0.5260574136346835
-0.5266361562978654
-0.5273407602933451
-0.5278886348844088
-0.5288930842437333
-0.5290927216626221
-0.5305509572582585
-0.5306581184267998
-0.5336652708356269
-0.5353073036441436
-0.5366105430460136
-0.5367229214403778
-0.5369011915754527
-0.5375605087195124
-0.5389834413891313
-0.542118514329195
-0.5426083469064906
-0.5439719345420599
-0.5442410745977044
-0.5446264661848546
-0.5473135821521282
-0.5476076749619097
-0.5496364360352834
-0.5520357824862003
-0.5520702677313238
-0.5529138818383217
-0.5550948393841585
-0.5599670648160908
-0.570323184877634
-0.5711063586175442
-0.5716485167470049
-0.5722672721894924
-0.5746394920950899
-0.5758712099974647
-0.5779265977012423
-0.5814634963870049
-0.582176998257637
-0.5834775259350672
-0.5850936961360276
-0.5858993768278096
-0.5863654452065626
-0.5883525926619768
-0.5909498538821936
-0.5910249272073131
-0.591119783045724
-0.5912279579788446
-0.5912854721827898
-0.5929667112919
-0.5935721114898721
-0.5938084435606883
-0.5944628966972232
-0.5948758172536535
-0.5965785883832723
-0.5967263744937049
-0.5969313622474492
-0.5975468358956277
-0.5993933981005103
-0.6005225228810949
-0.6006345062050968
-0.6022357666864991
-0.6022428059950471
-0.6038932673633098
-0.6039825528860092
-0.6042165954907736
-0.6067171825229057
-0.6070949417703292
-0.6078845203854144
-0.6106565375204968
-0.6128832036629319
-0.6133528503123671
-0.615521531784907
-0.6169705966487526
-0.6175449344972592
-0.6187520809471607
-0.6213546373570958
-0.6242586829995905
-0.6265780173242093
-0.6278272403611077
-0.6302437810943677
-0.6306307564179102
-0.6322503574192524
-0.6337469042628072
-0.6355563468403287
-0.6362752155026621
-0.6370060158427805
-0.639852869124817
-0.6398813777110156
-0.6410996858030558
-0.6437770694401115
-0.6467815431981132
-0.6473772736731916
-0.6475475483707019
-0.6479627366061322
-0.6487234140407633
-0.6495767794549465
-0.6495795670896769
-0.6516365381054735
-0.6517317732796073
-0.6555471147003118
-0.6557343896231888
-0.6567119142439749
-0.6567434393703783
-0.6569159545004368
-0.6583589712681714
-0.658513162932966
-0.6585783980165919
-0.6585977651729163
-0.6591698531475332
-0.660314527137772
-0.6613689735531807
-0.6675969742937014
-0.6680005790665746
-0.6694453273500715
-0.6697046313758778
-0.6716659050434828
-0.6720451179324932
-0.6752109285867349
-0.678679436488892
-0.6791899995878339
-0.6801332373704229
-0.6813963630547126
-0.681861275061965
-0.6852528242503896
-0.685833833810951
-0.6862022328293986
-0.6901811843737959
-0.6915821861475706
-0.6973128695639649
-0.7018372781574727
-0.7034034019598039
-0.7053281361974465
-0.7096660832564036
-0.7136992280371487
-0.7168583062011749
-0.7173754014074802
-0.7185002610087394
-0.7193675717072827
-0.7224635992664844
-0.7235307613387704
-0.723764366346101
-0.7247097002342343
-0.7249044477939606
-0.726658075194185
-0.7358060659219822
-0.7358891645239459
-0.7391609451459611
-0.7391737678398689
-0.7394002663592497
-0.7394114853814244
-0.7401433431077749
-0.7411651185068947
-0.7415025308728218
-0.7422190656885505
-0.7432649085919062
-0.747382272578155
-0.7487725201062858
-0.7501134173944592
-0.750690994085744
-0.7562951780855656
-0.7599185657687485
-0.7608293388038874
-0.7621668287449412
-0.7638875486329197
-0.7647579711560598
-0.765079775871709
-0.7678069490939379
-0.770148565992713
-0.7701570766977965
-0.7715035411529243
-0.7763503390763488
-0.7787935116461345
-0.7833544638007879
-0.7840992932518324
-0.7844823344864629
-0.7853149934671819
-0.7854851285616556
-0.7862187077934366
-0.7870823623878616
-0.7892306285470517
-0.7907805415115466
-0.7921020000143663
-0.795881737023592
-0.7980495318770409
-0.8001388690123955
-0.8014862718991935
-0.8016089401207864
-0.8033723837181338
-0.8040539514687326
-0.8047205489128828
-0.8073709067888558
-0.8092772454023361
-0.8095670343292031
-0.8097608738379287
-0.810303958831355
-0.8131641652435064
-0.8138306252658367
-0.8172913357615471
-0.817488431930542
-0.8179215617477894
-0.8195040255784989
-0.8212348131669892
-0.8219384420663118
-0.8221444367405234
-0.8228842760824288
-0.8240876537747681
-0.824793327289323
-0.8265956472605467
-0.8318629964228926
-0.8327549560261625
-0.8331343106925487
-0.8347158640623092
-0.8354006677400321
-0.8379306126670498
-0.8386105607884625
-0.8401977501809597
-0.8454589307308197
-0.8463580750215512
-0.8473696261644363
-0.8485839382176183
-0.8534119077958167
-0.8538347682915628
-0.8546258560714445
-0.8553677548964819
-0.8568796559881705
-0.8573411971499975
-0.859369435746755
-0.8606387725643193
-0.8628034129738807
-0.8674215562999822
-0.8683231368660926
-0.8684399599830309
-0.8697688807215955
-0.8719986461102962
-0.8723009089007974
-0.873268411308527
-0.8733202004184325
-0.8741561190153544
-0.8742694843560457
-0.8747015915811062
-0.8748004876077176
-0.8768005304866366
-0.877420088276267
-0.8783751606941224
-0.8796399490368602
-0.8825963161885738
-0.8846944738179445
-0.8879354439675808
-0.8884415342049166
-0.8887014214415103
-0.8890932999551296
-0.8897613383829593
-0.8980071879923344
-0.9000893219063679
-0.9002429964020848
-0.9003382232040167
-0.9010547786019742
-0.9028776634950191
-0.9032670916834226
-0.9044495262205601
-0.9045996560404698
-0.9048955122541104
-0.905472744256258
-0.9060362172313035
-0.9060731075704098
-0.9151240179780871
-0.9166826102882624
-0.9175577394664287
-0.9183302901685237
-0.9184895517925421
-0.918586544226855
-0.923809670481003
-0.9247336834669113
-0.9250612104311585
-0.9256305553019046
-0.9288487270474434
-0.9300357811152935
-0.9301366458336512
-0.9319051214959473
-0.9332096910104155
-0.9347678422927856
-0.9400798201560974
-0.9404409651954969
-0.9417505445890129
-0.9455400432149569
-0.9488789944443852
-0.9501189101073477
-0.9599484006563822
-0.9604360349476337
-0.9636364281177521
-0.9670496126636863
-0.9688099892482569
-0.9693009538782967
-0.9712665544822812
-0.9723687254720264
-0.9747423495476445
-0.9748724293895066
-0.9760174136608839
-0.9767581618257931
-0.9771246835589409
-0.9780698960853947
-0.9791602534907204
-0.9809130273759366
-0.9816447171781745
-0.9854470081627369
-0.9857671626377851
-0.9930083577831587
-0.9980370923876762
-0.9996824961207393
-1.0020804814994335
-1.005275652876922
-1.0053880909457802
-1.0065388604998589
-1.0070431351661682
-1.0097762116541464
-1.0121828560562183
-1.0138154918327928
-1.0166829856009119
-1.0190208465127009
-1.0191112272441387
-1.0194849173227947
-1.0210965112265613
-1.0227587819099426
-1.0267192708328365
-1.0277555512264371
-1.0297132285565815
-1.0297147668898106
-1.0299968332052232
-1.0303805984556675
-1.0349794905632734
-1.0386536036218916
-1.0416035268987929
-1.0426832392811776
-1.0469216778874397
-1.0480415069808562
-1.0490821595968944
-1.050631961060895
-1.0509672914114263
-1.055238028574321
-1.0626169994473458
-1.0641951272264123
-1.0644682709955506
-1.064726173877716
-1.0698081587441266
-1.0710198245519265
-1.0795537561178208
-1.0803981460630894
-1.0815202631056309
-1.0821550958789885
-1.086264979094267
-1.0878809193770091
-1.0962697621434927
-1.096575491130352
-1.1011875777372293
-1.1020665929785796
-1.102220955491066
-1.1068649590015411
-1.1077188948790233
-1.1078466377221048
-1.113680902040667
-1.11672278560905
-1.1181346401572227
-1.1186981469392776
-1.1189875503381093
-1.1201366210977237
-1.1211582869291306
-1.123937088996172
-1.12537058070302
-1.1281023224194844
-1.1297501269727945
-1.1310169041156768
-1.133550067897886
-1.1365157742467191
-1.1409493647515774
-1.1412345074117183
-1.1422861099243165
-1.142901806626469
-1.1446120664477348
-1.1455261901021003
-1.1469334224238992
-1.147638022692667
-1.148301975801587
-1.1486145071685314
-1.150351167966922
-1.1514572501182556
-1.1516038510017097
-1.152409765869379
-1.1532043516635895
-1.153689481731918
-1.156574497361564
-1.1578422617167234
-1.1610382664948702
-1.1652369172208838
-1.1672490201890469
-1.1686592634767294
-1.1704340775807698
-1.1708107789357503
-1.1710228751827445
-1.173373045399785
-1.1757799439132213
-1.175796464085579
-1.1770528927445412
-1.1777629752953847
-1.1791109825883592
-1.182290221254031
-1.1836124832431476
-1.1837547686882317
-1.1888972148299217
-1.1890350958953302
-1.1960227092107136
-1.1965644992887974
-1.1981345117092133
-1.2057853317819536
-1.2076071411371232
-1.208078396320343
-1.2089883722364902
-1.2091802537441254
-1.209408551454544
-1.2096306066960096
-1.213439717888832
-1.217500352114439
-1.2201879257336259
-1.2217824459075928
-1.2232659481465817
-1.2294419673271477
-1.2355002470624943
-1.2388709628333647
-1.242276593628857
-1.243560125430425
-1.2439493630081415
-1.2476787737437658
-1.2483641815682252
-1.249085173010826
-1.2512600623071193
-1.2514669274290402
-1.2536731655709445
-1.2555056752171367
-1.2653329585279738
-1.2664420617123444
-1.2667424492537975
-1.2688520103693008
-1.2711939960718155
-1.2735579162836075
-1.2748683985943596
-1.2759350776672362
-1.2781239058822393
-1.278383762575686
-1.2793389409780502
-1.2814552750852373
-1.282094195485115
-1.2827882249839604
-1.2852161725362141
-1.2882372662425041
-1.2916700442632039
-1.2922487407922745
-1.2939108535647392
-1.2948496780591086
-1.2964956685900688
-1.298660432298978
-1.3045528426766395
-1.3092877409653738
-1.3145281374454498
-1.3214473745652608
-1.3242989629507065
-1.3247507028281689
-1.3259422838687898
-1.3310401439666748
-1.3342709988355637
-1.335775891939799
-1.3398546708437304
-1.3431706726551056
-1.3457107841968536
-1.3469296966213733
-1.3503036461770535
-1.3519941953321297
-1.3540077153593302
-1.3609107910500218
-1.3642975650727749
-1.3673435705048698
-1.368590623140335
-1.3767247572541237
-1.3811186648284395
-1.384211242198944
-1.391133599448949
-1.4000064213760197
-1.401243305206299
-1.405536377429962
-1.4076828698494606
-1.4078305447474122
-1.4131076246500016
-1.4170431118458509
-1.417499592261655
-1.4188557509332895
-1.4226030800491571
-1.4227773495949805
-1.4239519471302629
-1.4252789267338812
-1.4276873417198659
-1.4282905062039692
-1.4294913336634636
-1.4302699419980247
-1.433084393984505
-1.4355880548246205
-1.435611171381814
-1.4368820199742913
-1.4500271039349693
-1.4505884665995836
-1.4569593109190464
-1.4583361784461886
-1.46591749095491
-1.4717977911233902
-1.472972306329757
-1.4790177792310715
-1.483640349470079
-1.489622135957082
-1.4901320729404688
-1.4958349732416016
-1.5001569166779518
-1.5010722999771435
-1.5058576613664627
-1.5061234296964747
-1.5089643001556396
-1.5102972487608592
-1.5136101456979911
-1.5174008771777152
-1.5216615465469658
-1.5299937314509104
-1.530005921299259
-1.5307127982378006
-1.5315172498424847
-1.535391429066658
-1.5378481679751228
-1.5391993183176964
-1.5552961031595867
-1.56238576695323
-1.5639756520589192
-1.5693260443707306
-1.569684403638045
-1.5719669193029404
-1.576908065006137
-1.581119131296873
-1.5819698505103588
-1.583402931690216
-1.583612381014973
-1.5903655872680247
-1.6039061211049557
-1.6076043049494426
-1.6087964421936445
-1.6088897604495287
-1.6198071181774139
-1.6250895380973815
-1.6322160959243774
-1.638934132596478
-1.644382756203413
-1.6492701526731253
-1.6547409445047379
-1.6598199009895325
-1.662458635866642
-1.6743234936147928
-1.6809768870472908
-1.691082070581615
-1.7034789863973856
-1.7091914026273622
-1.7163776357968648
-1.716688794394334
-1.7184778153896332
-1.7232222386768885
-1.7252628485051293
-1.7388704895973206
-1.7514247857034206
-1.7607680906852086
-1.7616144195199013
-1.761960819363594
-1.7694075107574463
-1.7752815584341686
-1.775390671832221
-1.7911939521630604
-1.7970407009124756
-1.8250005841255188
-1.8332761724789937
-1.851769633591175
-1.8628035184616845
-1.8882393824557464
-1.9002016067504883
-1.904731566241632
-1.9216577960178256
-1.9410338047891855
-1.959572796192434
-1.9606389701366425
-1.9956425428390503
-2.033052945137024
-2.0434426739811897
-2.0451122760772704
-2.048314519226551
-2.0566002503037453
-2.0572473406791687
-2.0766060054302216
-2.0854078453965483
-2.0934182167053224
-2.0934972167015076
-2.094513574615121
-2.1435019920269647
-2.150251325964928
-2.1723549142479897
-2.1869896749655404
-2.1946081042289736
-2.214899778366089
-2.217010321095586
-2.217684005945921
-2.259694085240231
-2.30183482170105
-2.3023305237293243
-2.3067376971244813
-2.3305859565734863
-2.3527052998542786
-2.363825023174286
-2.372731742449105
-2.3897489458322525
-2.4262306094169617
-2.45902352531751
-2.4831691682338715
-2.488178074359894
-2.5231335163116455
-2.553615927696228
-2.5795338159659877
-2.583200054509299
-2.6019113063812256
-2.6050907969474792
-2.6333641409873962
-2.647960603237152
-2.662848174571991
-2.6647698718921413
-2.667312741279602
-2.678581396738688
-2.7534425668418407
-2.7772255688905716
-2.821789449080825
-2.883726045489311
-2.8913009613752365
-2.9213666915893555
-2.9436256289482117
-2.9970268458127975
-3.0055131713549295
-3.030228763818741
-3.1823270320892334
-3.182529111703237
-3.201641336083412
-3.2249330496415496
-3.2739872336387634
-3.308589776357015
-3.3119291067123413
-3.31599497795105
-3.355346923073133
-3.50167179107666
-3.5083936667069793
-3.587190266698599
-3.5992451310157776
-3.646809697151184
-3.6573944687843323
-3.685112114995718
-3.7067862055264413
-3.8849663734436035
-3.96011386141181
-3.9615169763565063
-4.085100889205933
-4.131465268135071
-4.146344590187073
-4.211609244346619
-4.353032412628333
-4.370013952255249
-4.386897802352905
-4.415431261062622
-4.6771659677227335
-4.697141011555989
-4.749098459879558
-4.8458571434021
-5.033013671636581
-5.458521127700806
-5.579006195068359
-5.837220589319865
-5.959115743637085
-6.1099772453308105
-6.3001933097839355
-6.35557746887207
-6.393853664398193
-6.437576770782471
-6.734914779663086
-7.264447450637817
-7.338788032531738
-7.879678249359131
-9.717449188232422
