-0.00019643761334009469
-0.020916041530047853
-0.039026494952850044
-0.05738602369092405
-0.08296010663616471
-0.11699575569946319
-0.12919158684962895
-0.13857999599228302
-0.14822236912524595
-0.15023039653897285
-0.16365535512263055
-0.16483087717642775
-0.1713160190731287
-0.18636241093352307
-0.19659236217719606
-0.21583247963068666
-0.2168331467702228
-0.21787633195053785
-0.2201969709503293
-0.2289962949726032
-0.23073259947969663
-0.23106067211119807
-0.2336355485835077
-0.23432667503493576
-0.2357149032584857
-0.23753967381829474
-0.2442696845636502
-0.24728728012541978
-0.24781242435953268
-0.24784420465584844
-0.25132294206131894
-0.25765920014110516
-0.258418823386926
-0.2586319865461389
-0.2616646201437106
-0.2630789778565734
-0.26473142533897137
-0.2650522243925747
-0.2651622833855072
-0.26525523366500336
-0.2672816877796625
-0.2700125005192541
-0.27148310465013814
-0.27218006250283605
-0.2727495434519369
-0.27325731004767523
-0.27486276693331696
-0.2773088147265038
-0.27864644866789795
-0.2828288677517455
-0.28337768539349784
-0.2840719711268321
-0.2849092671006777
-0.28682375092757867
-0.2874887700076215
-0.2885998231358826
-0.28951809911750387
-0.2897655733783419
-0.29039946964748314
-0.2913574144594826
-0.2914843520961262
-0.2916941338090427
-0.29202987703879796
-0.29243692757477724
-0.29571002536441054
-0.2958833839489111
-0.30111211233564134
-0.30182393090884335
-0.30404179956795735
-0.3051191928197196
-0.307258236737003
-0.3077320527947796
-0.3123106013615894
-0.31258694160432143
-0.3140897462477109
-0.3146287091931299
-0.3153260051816081
-0.3170196549530374
-0.3179022668752753
-0.3201899609606092
-0.3214734803546485
-0.3221546464919811
-0.3235772896376956
-0.32509391133789906
-0.3257301286082818
-0.32580009108377533
-0.32921397281838666
-0.33049587019755006
-0.3344985784296157
-0.3345590529279434
-0.3357176082178194
-0.33693436334336485
-0.33904553875674115
-0.3427277058362961
-0.3431247889914084
-0.34336773424183775
-0.3449678257036592
-0.3477450220903847
-0.3481628165131302
-0.35350749833294404
-0.35566550464136526
-0.3559529271442443
-0.3565101992183675
-0.3588414770413444
-0.3590324717247552
-0.35904224528349005
-0.3617515708401334
-0.3640207403287705
-0.36405502311794813
-0.36509892653806936
-0.36658757890108973
-0.3670783017538876
-0.36918984659714627
-0.37218187870021213
-0.3724463135650795
-0.37463731391714344
-0.3755117680211697
-0.37635614994724165
-0.37646603961766234
-0.3772762715816498
-0.37736974491175107
-0.3777161095050461
-0.37805520617191424
-0.37846908739103174
-0.3788496479287278
-0.38006262067291474
-0.38100745595875196
-0.3821053907861291
-0.3826687291380949
-0.3857246533676516
-0.3857684349641204
-0.38606632774193445
-0.38608154678270995
-0.38661007102928124
-0.38703810242004694
-0.3882674776889164
-0.39008519268827513
-0.3962490004986258
-0.3970121621544725
-0.3986720115353819
-0.39997043225905926
-0.4009016341296956
-0.40142416831481065
-0.4021212802035734
-0.4032454998305184
-0.40339159971335903
-0.4075812281678534
-0.40770320076990174
-0.4083858103564125
-0.4092549325025175
-0.409494456439279
-0.4103732496245357
-0.4104197814064849
-0.4131762267788872
-0.41537366501209116
-0.4162075174224031
-0.4170539192855358
-0.4213419100269675
-0.42181941022136016
-0.424218561752171
-0.4245091505884678
-0.4249560683965683
-0.4255912211762431
-0.4266918474071038
-0.427694203768624
-0.4297121480223723
-0.4297403617658549
-0.43054000708507373
-0.43295576530508695
-0.43671092903241515
-0.4370415512967156
-0.439459159476522
-0.4411012912984006
-0.441963175762794
-0.44428476714529097
-0.4468340232197079
-0.44943547762858754
-0.45189634468406437
-0.45275389569966745
-0.4578000437293667
-0.460352161899209
-0.46295661813928746
-0.4653181772911921
-0.46603266519701314
-0.46832882598246217
-0.4715824734616595
-0.4718229106533377
-0.4751857288647443
-0.4813586577656679
-0.48218295417933
-0.48502931319962955
-0.4863535337582497
-0.49044697163189993
-0.4921658101458369
-0.49355785416191794
-0.4940264128148556
-0.4947674497648572
-0.4955552864786504
-0.4990546835168939
-0.4993697223253548
-0.5010012510368446
-0.5013683466415386
-0.5069574586911282
-0.5086066630552523
-0.5113897402770817
-0.5130740653614339
-0.5139127977236058
-0.5195500251502381
-0.5219384887425874
-0.5226792813692656
-0.5263594081237292
-0.5276317020403579
-0.5291756345017348
-0.5310496665537358
-0.5311474954316509
-0.5319895502412691
-0.5325409486083247
-0.5344061281532049
-0.535603150466664
-0.5365153593399251
-0.5368296740177486
-0.5409724022287669
-0.541778292064555
-0.5430281317560002
-0.5439050637263184
-0.5451894816942513
-0.54827437466447
-0.5488593854533974
-0.5510942863507403
-0.55387185069008
-0.5576608381751511
-0.5612701839501304
-0.5632489053855857
-0.5649368637758825
-0.5652718014316633
-0.566732166734125
-0.5667510918505286
-0.5672958907671273
-0.5689975268251146
-0.5696997468476184
-0.5713496034150012
-0.5730161331885029
-0.5759514829454323
-0.5763061560626904
-0.5771440901444294
-0.5782983973456014
-0.5811275015169356
-0.5814384105615318
-0.5878902516431279
-0.5907602979335934
-0.5917746067047119
-0.5922155559092062
-0.5937943309212902
-0.5939523091850182
-0.5959117899515799
-0.5973545386287797
-0.6017877637641504
-0.6022635836852714
-0.603992562420899
-0.6087259938940406
-0.6101964363449952
-0.6109845457831398
-0.6110778700837857
-0.6114237263488272
-0.6114950958290137
-0.6142708271425883
-0.6153280582123747
-0.6158383399597369
-0.6158402550499886
-0.6167356338636536
-0.6199462968590004
-0.6224979414055269
-0.6259448535740375
-0.629436143860221
-0.6300122939755965
-0.6301032330175076
-0.630907008246868
-0.6325376690438134
-0.6342871803091839
-0.6346431549871341
-0.6359494796876485
-0.6414583201339055
-0.6460712913734218
-0.6472520559715728
-0.6474038190374684
-0.6498174674010703
-0.6510096220299602
-0.6542900604836177
-0.6602342703845352
-0.6610347074844564
-0.6628675947431475
-0.6632998193148524
-0.6637850134367389
-0.6665555878425948
-0.6735284460841545
-0.6746230384645363
-0.6782028719358745
-0.681137855106499
-0.6835581434570486
-0.6841370472684503
-0.6897391639649868
-0.6904166258173063
-0.6918800441004956
-0.692109649341243
-0.6952485216061177
-0.6987401758262421
-0.6996442719495722
-0.6996668344945647
-0.6998440967872739
-0.7003517858684063
-0.7014213517374758
-0.7050733839342784
-0.705395181561471
-0.7067520146229072
-0.7097573480556699
-0.7106970344417883
-0.7108507411487933
-0.7147169805830345
-0.7179626064898912
-0.7200642317378273
-0.7265723198652267
-0.7290143890131731
-0.7358040391829692
-0.7384113481578728
-0.74184107586431
-0.742566081850479
-0.7426242721267045
-0.7461426489899168
-0.7480633555512343
-0.7482271740057816
-0.7482445976153637
-0.7512039749999531
-0.7531200123388165
-0.753449093317613
-0.7537897790316492
-0.755675950353699
-0.7558087914367206
-0.7587338657394866
-0.7597336413649222
-0.7606756945088919
-0.76225765212439
-0.762519713724032
-0.7728076828178019
-0.7772097429648662
-0.7785739792045205
-0.7845927502294217
-0.7915889777553579
-0.7918008407965923
-0.7987501216586679
-0.8024561962423226
-0.803644950123271
-0.811332309086408
-0.8180884902481921
-0.823715168714989
-0.8436952950432897
-0.8547548892286917
-0.8549278569407761
-0.8603896941902349
-0.860596164315939
-0.869123151054373
-0.8693426094638804
-0.8707889012002852
-0.8733536881481996
-0.8739158672251506
-0.877280388820509
-0.8864216301823035
-0.887520037532037
-0.8951714649530393
-0.895989216864109
-0.89601298669974
-0.90400820198868
-0.904390186204442
-0.9069791647738644
-0.9096058712806553
-0.9105107295992119
-0.9114250695953766
-0.915297251962329
-0.9195118766278029
-0.9202543115243316
-0.9215303993551061
-0.9317950695597877
-0.9371551115812812
-0.9381912542041391
-0.9385787992796395
-0.9619635939598083
-0.9749742476269603
-0.9793071847331399
-0.9935483842273243
-0.9947847605217248
-0.9969919438340834
-0.9986269978495935
-1.0041605830192566
-1.0075973783619703
-1.0103395050391555
-1.0132239270787977
-1.015260836109519
-1.0289705395698547
-1.0378714924833428
-1.0404625657945872
-1.0478220419026911
-1.0485520005226134
-1.066090436000377
-1.0723286475986242
-1.0749907344579697
-1.0778050816152245
-1.081804305980248
-1.09110242780298
-1.0919699768225353
-1.0920832189149223
-1.1067123683169484
-1.1172174551989884
-1.1295262855564943
-1.1323785527376458
-1.1468845456838608
-1.1493414892582223
-1.1608137369155884
-1.1733153104782104
-1.1888017430901527
-1.1968766156584025
-1.198598563671112
-1.206535667181015
-1.2480811530258507
-1.2885727087656658
-1.2887146294116973
-1.2890119478106499
-1.290263232588768
-1.2934274096041918
-1.345181792974472
-1.3519679543872674
-1.358155608177185
-1.369930700957775
-1.3810054080095142
-1.38347189888979
-1.4291847348213196
-1.4329472333192825
-1.4344357596710324
-1.4388919472694397
-1.4474647045135498
-1.462767482327763
-1.485961765050888
-1.5062091106083244
-1.5300819985568523
-1.5357183441519737
-1.5550083716710408
-1.566330762890478
-1.580040156841278
-1.5904110471407573
-1.6237943476686876
-1.6303823192914326
-1.6489209031220526
-1.6491342385609944
-1.6511210398748517
-1.6534046636273463
-1.6744586825370789
-1.697689425200224
-1.7242823746055365
-1.7359185609554213
-1.738835612932841
-1.8061074788371723
-1.8171621759732564
-1.8315474016126245
-1.8340844511985779
-1.8399152616038918
-1.8556984858587384
-1.8691777610220015
-1.896423414349556
-1.9325341181829572
-1.942474581534043
-1.9440188200678676
-1.9682148694992065
-1.9922710760729387
-1.9959996938705444
-2.003514645077909
-2.0061177210882306
-2.054666825764192
-2.089997351169586
-2.1187272927588006
-2.125519096851349
-2.133491277694702
-2.2057514786720276
-2.2062235176563263
-2.2124757766723633
-2.242230474948883
-2.254318634668986
-2.284447362801681
-2.3097951213518777
-2.341517617033484
-2.40728352467219
-2.419746220111847
-2.4388675317168236
-2.447116829454899
-2.4613757133483887
-2.489548683166504
-2.523895069685144
-2.5412781834602356
-2.5444225668907166
-2.6547572761774063
-2.720184624195099
-2.9104623794555664
-2.9835819182917476
-3.184726431965828
-3.2679622769355774
-3.269949436187744
-3.3374083042144775
-3.714687943458557
-3.7217767238616943
-11.146498680114746
-11.614248275756836
-12.405511856079102
