-0.002080584643408656
-0.017644741766465206
-0.019699563660348456
-0.17228137108863198
-0.19388039690481187
-0.20657116040820256
-0.22286146998845247
-0.23779415665194392
-0.25319490674883127
-0.2573865184482808
-0.25769839662031946
-0.27036818345853436
-0.2716916218400002
-0.27249386634503026
-0.2758073901598066
-0.2854434671928175
-0.30036487551406027
-0.3196513951290399
-0.32526502387029016
-0.3289232051698491
-0.3290498462514594
-0.33052826987113804
-0.33380769547974604
-0.3340690521727083
-0.3402575680632323
-0.34119255512952806
-0.3422035993814158
-0.3442987138072827
-0.3477898353178586
-0.34848901875375304
-0.34873151711653916
-0.35201532023281534
-0.35609268281405093
-0.35721185902366415
-0.3591969056611156
-0.36364323330053594
-0.3667967252043562
-0.3717807036330719
-0.3732563557439587
-0.3734939428832149
-0.3759906758294584
-0.3764772889470415
-0.3773693233443838
-0.37882430069141265
-0.3835425039578695
-0.3863056083791889
-0.3863526444220636
-0.3880087658762932
-0.3934494924938513
-0.39399195234291257
-0.3966831864684805
-0.3999775017242276
-0.40052210459694393
-0.40513374744762626
-0.40779664976954727
-0.4079280702280812
-0.4084785226463842
-0.41042605589609593
-0.411975786043331
-0.4133100607432425
-0.41439812480727295
-0.4147499859742499
-0.4170365480351306
-0.4187943896249635
-0.4188611357406314
-0.4189996054628864
-0.4197869785263907
-0.42113650320097806
-0.4228364618708535
-0.42598860414243417
-0.4262053645103974
-0.427148620104965
-0.4287324388045818
-0.4287685124242368
-0.42962338542565703
-0.43204781958392185
-0.4338871145797572
-0.4367513719771523
-0.43754144882684787
-0.43763252496968824
-0.43771926404103095
-0.43960646279447246
-0.4408658960600064
-0.4417067911320676
-0.44257810148077886
-0.4436225337786195
-0.4438272495754063
-0.44531083506132874
-0.4534326145159347
-0.45488405763160245
-0.4576662380194258
-0.4590513188159093
-0.459989024972511
-0.4607035621984637
-0.4611822145080796
-0.4612026388909166
-0.462491928691244
-0.4627132369813112
-0.4669540823254335
-0.46706781471480746
-0.47173903975635767
-0.47223626717683287
-0.47376123936394127
-0.4744057425763458
-0.47556645957229193
-0.47758516116947347
-0.47985118100504304
-0.48148250891091793
-0.4869519206824609
-0.48727868773858063
-0.49159905426204203
-0.4921509031206369
-0.49655575964501814
-0.4970227388451652
-0.5001314065419138
-0.500943700057891
-0.5018695534672588
-0.5052753863733654
-0.5090055560693145
-0.5188286582041266
-0.5188867484768187
-0.5210854476317763
-0.5213108285526303
-0.5216704061280729
-0.5279198586009443
-0.5294259088113904
-0.5327715522990647
-0.5340143810899463
-0.535581250296597
-0.5407468964536251
-0.5414627870486584
-0.5422079535201192
-0.547569460597717
-0.5496702759774053
-0.5521490241711339
-0.554505899787182
-0.5549654794740491
-0.5551031295210123
-0.5614101389190183
-0.5619047409189599
-0.5655203922942746
-0.5655277811383712
-0.5671793058514595
-0.569356262916699
-0.5725841429084539
-0.5741589343961095
-0.5770727494265884
-0.5786366990327628
-0.582566300733015
-0.5881031208555214
-0.5908075297742875
-0.592775855679065
-0.5965882488817442
-0.5989223796132137
-0.6048671164385536
-0.6056499398228797
-0.611475697834976
-0.6128572003993517
-0.6144745239418827
-0.6157861595973373
-0.6183578323365914
-0.6201939599588513
-0.6244176377852758
-0.6271518871653825
-0.6294869766803458
-0.6299143828315815
-0.6320673390291631
-0.6380489076953382
-0.6446378912078217
-0.647736566956155
-0.6515725479694083
-0.6550853482137123
-0.656346456038163
-0.6581018266285985
-0.6603485472500324
-0.6621410585939884
-0.6639369311225083
-0.6718823953531683
-0.6721905364247505
-0.6809064373994868
-0.6896138301914713
-0.6992529632407241
-0.7000457467802335
-0.7022872624220327
-0.7028022983577102
-0.7035825818093144
-0.7038178218062967
-0.7049253162695095
-0.7054611411876976
-0.71014672772338
-0.7118161092454102
-0.7158167997840792
-0.7160399838467129
-0.7251221872866154
-0.7307218887976238
-0.7309066786741217
-0.7355467300706854
-0.746367471141275
-0.7482339801887671
-0.749917215842288
-0.7513387466024142
-0.7591685359107537
-0.7603211119615784
-0.7609679258118073
-0.7734630726543921
-0.7741052400320768
-0.7744591169425153
-0.7776276853789265
-0.7794723057188093
-0.7798122572130524
-0.7910235591439737
-0.7968949466335289
-0.807539089682645
-0.8186106112785637
-0.8198485169559717
-0.8257545635569841
-0.8261628588661551
-0.8286036030954814
-0.8351873288920615
-0.8353361846762709
-0.8393018268514425
-0.8478918381035327
-0.848187399030264
-0.8493703818447622
-0.8600727058947086
-0.8609414191284616
-0.8629041217733174
-0.8715420651844599
-0.8736698179771858
-0.8769192949015027
-0.8833801623259205
-0.8837668863125145
-0.8887442520741994
-0.893727818193535
-0.893759598955512
-0.8976086694165133
-0.9035903161598576
-0.922802920686081
-0.9302109104714223
-0.9303587165195495
-0.9346400918439031
-0.9367950619198382
-0.9372031146970888
-0.9385726464291414
-0.9432153108878992
-0.9804242253303528
-0.9821076281368732
-0.9838497646152973
-0.9855021958420467
-1.0048522071835275
-1.0104513098252936
-1.0243358109146357
-1.0276076532900333
-1.0312615890288725
-1.0425123278421649
-1.0449546889401973
-1.049579946181944
-1.0649535325355828
-1.0704308642695348
-1.0734889176674187
-1.0756560737001044
-1.0798943046781158
-1.106972349062562
-1.108310968304674
-1.1200258254539222
-1.1267069243825971
-1.1490589214954525
-1.1551141009898855
-1.1832284949487075
-1.1841440094368798
-1.1888938946649432
-1.2433020675671287
-1.249705158174038
-1.2540439758449793
-1.2661862567067146
-1.272969538345933
-1.2778212903504027
-1.2826439552009106
-1.2982053349426548
-1.3043587368696794
-1.3232806507498025
-1.3254768275655806
-1.3255683247532164
-1.3521792487241329
-1.3567970134317875
-1.380208555754507
-1.3834731196984649
-1.3925091964192688
-1.3969476857746486
-1.4239195027912501
-1.4795277165352931
-1.4809889886528254
-1.5008664913475513
-1.5387393295920144
-1.5429725437328063
-1.5480193849653006
-1.5590248651181657
-1.6185198600093524
-1.71687650680542
-1.7467374354600906
-1.752772817388177
-1.7647167146205902
-1.9487980032960575
-1.9563922137022018
-2.061786651611328
-2.081735134124756
-2.0999388694763184
-2.142029792070389
-2.168026660569012
-2.2065396811813116
-2.3150925636291504
-2.3380180870493255
-2.399856465558211
-2.4373031556606293
-2.5088297526041665
-2.5407470713059106
-2.5551889340082803
-2.5876404345035553
-2.631568799416224
-2.6463652849197388
-2.752283960580826
-2.839695413907369
-2.9006254946192107
-2.9031136898944774
-2.9464431405067444
-3.0532114232579866
-3.077889561653137
-3.2477186657488346
-3.942549467086792
-4.072267055511475
-4.1074453592300415
-4.178370498702861
-4.266561031341553
-4.335354845970869
-4.359184980392456
-4.641038417816162
-4.920989632606506
-4.9301971005043015
-4.9427043199539185
-6.225654125213623
-8.747940063476562
-9.234959602355957
-9.426616668701172
