-0.002399133169092238
-0.004085506443516351
-0.02429901393770706
-0.09947395051777777
-0.11923971800133586
-0.18604170266189612
-0.21626256728943968
-0.24597817104677233
-0.24634375291882155
-0.2580787490999053
-0.27100792844778526
-0.2816419395036064
-0.2861456154948284
-0.28848333683010424
-0.2906643647342571
-0.2941340117357322
-0.2978261538573861
-0.29880787431029604
-0.30445725289957964
-0.30485477356705815
-0.30856752620699507
-0.3134369502171467
-0.3136892702120046
-0.3268319881365945
-0.33080111697199754
-0.3374958089680149
-0.3399235152919573
-0.34802384191042574
-0.3489592954822857
-0.3520295645701646
-0.3570548094809055
-0.36094598589393584
-0.3613872719807145
-0.363796043349374
-0.364005154744114
-0.3654406716127414
-0.3683761842750957
-0.36974954999851223
-0.3720238460745249
-0.37263767488939964
-0.37292263153894484
-0.3770056862111752
-0.3806813228008347
-0.38258147000124154
-0.38731703013763763
-0.3894251413841266
-0.3896176660899073
-0.3907505883835256
-0.39578961057122797
-0.398756410743873
-0.4072320243285503
-0.4072461719775607
-0.40741516379785025
-0.41003343385969415
-0.41317442059516907
-0.41340998113155364
-0.41637044157236924
-0.41672745828400365
-0.4167907072842354
-0.4197790390187745
-0.4219420815740402
-0.42273496836423874
-0.4229117962194406
-0.4233962149359286
-0.4248044320459788
-0.42863571420457447
-0.43186844381853007
-0.4338977923580387
-0.43924366767584744
-0.44060821270810874
-0.44255462341393936
-0.4430018535594603
-0.4438889594935712
-0.4446343268957987
-0.44721504359986286
-0.4477436586312251
-0.4477866092289332
-0.45068598474608734
-0.45145645226067344
-0.4518557282099209
-0.452091839613526
-0.45275933313574307
-0.4529304948326013
-0.4553408359854736
-0.4556182889079893
-0.4610232724371599
-0.46163138395382297
-0.46272488147369584
-0.46559736339366753
-0.47070832312056154
-0.47124140578406776
-0.47159331981755614
-0.4749005330701878
-0.4758368526341251
-0.4790416418441704
-0.4806302170152776
-0.484470292693004
-0.4846548476980388
-0.4867063879035413
-0.4867828172937152
-0.4869335026790698
-0.48820416449679116
-0.4909879956394434
-0.49234768543909824
-0.49345241000992246
-0.4949131171852059
-0.4950023550489528
-0.4956957033718936
-0.49652290805533994
-0.4965714823221788
-0.49847527748594683
-0.49933719322367465
-0.5012386293314836
-0.5040725642058532
-0.5049542092359237
-0.5077133610223731
-0.5084996840392705
-0.5086131564807147
-0.5095120219884848
-0.5102235826974114
-0.5112545348970814
-0.5119412175316195
-0.5126678478823473
-0.5166173749279955
-0.5187088437515366
-0.5196242322621402
-0.521155508207316
-0.52152350624674
-0.5224468979017379
-0.52280303821899
-0.5234630661667324
-0.5242964635706611
-0.5273835369385779
-0.5282394610759285
-0.5291565449388145
-0.529182254233294
-0.5306169521238189
-0.5326944520430905
-0.5332857607863843
-0.5339131582166172
-0.5345401014367651
-0.5373092900263146
-0.5400820666713116
-0.5455395496295145
-0.5458008121155823
-0.5462497638120567
-0.5478036204731325
-0.5532103190470177
-0.5535734202389399
-0.5552311040874984
-0.5556368975434453
-0.5579504262714181
-0.5611660480499268
-0.5622350766013066
-0.5629105243521432
-0.5636434397116924
-0.5639748467697895
-0.5663370905030105
-0.5808114474639297
-0.5842543936916627
-0.5850225330901925
-0.5881396881304681
-0.5885863877831272
-0.5898674758708304
-0.5926183336747012
-0.5945329043315724
-0.5959647098090499
-0.5986994360906205
-0.5990530045237392
-0.6010711628825447
-0.605748350214627
-0.6067595920633592
-0.607695323932502
-0.6086602356924231
-0.6105702479502985
-0.6127707103732973
-0.6136520394356921
-0.6158996993842514
-0.6175065145303961
-0.6186334171021978
-0.619296140386723
-0.619420116645415
-0.6196758821800662
-0.6196880922652781
-0.6244852370000444
-0.6245478581513453
-0.6297858849167823
-0.6319807214837055
-0.6344703807553742
-0.6345980195494901
-0.6348463125048309
-0.6352767507649131
-0.6385397132617072
-0.6389458531302807
-0.6405973058215089
-0.6408350118843373
-0.6468770396430046
-0.6480053077726292
-0.6486028323881328
-0.6492807124741375
-0.6616502012009733
-0.661674477159977
-0.664561276369366
-0.6673813753994182
-0.6693435361511547
-0.6711156531586312
-0.6716168267012108
-0.6725378462346271
-0.6726163298531901
-0.6786161449235806
-0.6794119357234902
-0.6807527312388023
-0.6836556807786109
-0.6870874240671078
-0.6871259936830029
-0.6882123168790713
-0.6899495729982542
-0.6950619386974722
-0.6986250860629499
-0.7043089153511184
-0.7045264084719949
-0.7125245570722554
-0.7145846867933869
-0.7146538267916185
-0.7151138505578274
-0.7153940231406263
-0.7170958598144352
-0.7179174335673452
-0.7181487875056973
-0.7228786775836448
-0.7245027440949343
-0.7258665315914966
-0.7289839689952454
-0.7322367617938047
-0.7377704464985678
-0.7379940274792413
-0.738499438024259
-0.7406221887407204
-0.7444365680217743
-0.7454471721624335
-0.7468875268888142
-0.7500156505557243
-0.7562569276546128
-0.7591097285704953
-0.7593733987450833
-0.7635959470644593
-0.7646878056028592
-0.765151574675526
-0.7657731816943851
-0.7661881067241276
-0.7687408441931687
-0.7693086069359977
-0.7724394749643074
-0.7752177715301514
-0.7759463891852647
-0.7767173772677779
-0.776889965753071
-0.7780462950468063
-0.7801540444294611
-0.7802777013421291
-0.7806773100746796
-0.7812322395787176
-0.7847167074214667
-0.7861822849760453
-0.7873412117977361
-0.7873568864805358
-0.7877859752625227
-0.7952308369114891
-0.7972989016445353
-0.8050595006207004
-0.8080343585267352
-0.8087844302256902
-0.8100632552855781
-0.8115726815927441
-0.8164369626902044
-0.8167451987844996
-0.817156673901731
-0.8231075629591942
-0.8248050802620128
-0.8250029885530239
-0.8285362242786505
-0.8312772056741835
-0.8340558734198567
-0.8350811429942647
-0.8366842326504411
-0.8409724977682345
-0.8420469579867813
-0.8471069235354662
-0.8525529793929308
-0.8525951966585126
-0.853675184505229
-0.8562429212033749
-0.8566104129755071
-0.8574283714289777
-0.8582553833257407
-0.8585192078724504
-0.8674104329095118
-0.8690434146137704
-0.8709605741605628
-0.874531271867454
-0.8758464251230988
-0.8763571911092315
-0.8769180478120688
-0.8782022329978645
-0.879182198217937
-0.8829897017433093
-0.8843134574598537
-0.884734350389668
-0.8889556555410049
-0.8925231369129116
-0.8984899173956364
-0.8995868961016337
-0.9021724905157628
-0.903975227409059
-0.9042736984789371
-0.9073098025151661
-0.9095998514029715
-0.9097021568865914
-0.9097522730007768
-0.9100441663925137
-0.9147975892334317
-0.9151558578014374
-0.9154750622343272
-0.9173225385269949
-0.918284401452676
-0.9211197421886027
-0.921767346560955
-0.9247279986739159
-0.9316645711660385
-0.935216116851994
-0.9359783637854788
-0.9437419950429883
-0.9445791477104649
-0.9571238495409489
-0.9643432796001434
-0.9654825943020674
-0.9690182308355967
-0.9731760054627168
-0.9777310461038724
-0.9782823907832304
-0.9796825831435854
-0.981290659711893
-0.9821908181377997
-0.9833547350327384
-0.9884006475719312
-0.9903464039865261
-0.9994550379915381
-1.001949459447165
-1.0040570796118118
-1.0114696100354195
-1.021008646514604
-1.021163523197174
-1.0231805443763733
-1.0297709969870215
-1.0374730906138818
-1.041011427839597
-1.0579682190145832
-1.059494610258428
-1.062280533107696
-1.06602693349123
-1.0671985026979363
-1.067543991530935
-1.0753308340596657
-1.0795741655996867
-1.0802347796658676
-1.0806952800069536
-1.0856290678493679
-1.08717151855429
-1.0887915827333927
-1.09564770932775
-1.0996198947541416
-1.1010431941598653
-1.102727730962215
-1.103063785781463
-1.1037683861989838
-1.109798151999712
-1.1293014632101404
-1.13030277091145
-1.132244428618651
-1.1391900713089853
-1.1472745537757874
-1.1699009067378938
-1.1777261445337597
-1.1816634656216982
-1.1911284276450584
-1.203001320362091
-1.2040417674385633
-1.2123017499211528
-1.2281368516385556
-1.2292024616950326
-1.2391068611759692
-1.2545633770513631
-1.2670804928056896
-1.2685435675080612
-1.268748700618744
-1.2694734095130116
-1.2790413697560628
-1.2934208899736404
-1.294133323693781
-1.295517385005951
-1.2996735995014508
-1.3022070626417797
-1.310907058045268
-1.3307030598322551
-1.3365422083297744
-1.3503711581230164
-1.356893703341484
-1.3684327006340027
-1.3696829094551504
-1.3712767642457038
-1.390454458631575
-1.4014451622962951
-1.4074644694725673
-1.41025324904258
-1.4146039865911006
-1.4203156679868698
-1.4277441278100014
-1.4407395472129185
-1.441618597507477
-1.4482941925525665
-1.4593936145305633
-1.4668485634028912
-1.4772288404249896
-1.4818397561709087
-1.4840831279754638
-1.4851976037025452
-1.495369910961017
-1.5049349083565176
-1.507557725161314
-1.513255716767162
-1.5157970422878861
-1.5332343690097332
-1.5335855666780844
-1.5351393781602383
-1.551441055489704
-1.5623726584017277
-1.565343399066478
-1.5987514893058687
-1.6255899481475353
-1.6280049614142627
-1.635798245858041
-1.661896987781347
-1.6782295629382133
-1.687790649632613
-1.6878447262570262
-1.6905758883658564
-1.6966406609863043
-1.7158092404250056
-1.7365880936823714
-1.7383209485519728
-1.7515965700149536
-1.7588479816913605
-1.7592606971302303
-1.7634420300368219
-1.771569311618805
-1.7851184606552124
-1.844644288532436
-1.8649394313494365
-1.8685647621750832
-1.9092583525925875
-1.9283243825775571
-1.9315194487571716
-1.9561865318343432
-1.9626085758209229
-2.0069878089949875
-2.0110950469970703
-2.0185141563415527
-2.0366687178611755
-2.05838544483413
-2.0713787525892258
-2.1369478702545166
-2.140107601881027
-2.1421195711009204
-2.1468731894080215
-2.194005103036761
-2.2225194760685554
-2.2958450069030127
-2.3033365020528436
-2.313384398818016
-2.4379474410787223
-2.447823643684387
-2.458344517275691
-2.479871805757284
-2.508631189664205
-2.5581720092644296
-2.5617474210836613
-2.630178390381237
-2.6722053223832822
-2.6906014680862427
-2.852311463404097
-2.8905547372220703
-2.917297250625173
-2.9834766802378
-3.047479952375094
-3.447250969707966
-3.840852379798889
-4.16236412525177
-4.219216346740723
-4.254810109734535
-4.289008259773254
-4.302481651306152
-4.318992733955383
-4.365164041519165
-4.419558167457581
-4.43278968334198
-4.515294551765692
-4.57066535949707
-4.825768947601318
-4.989835262298584
-5.214468240702445
-5.609905123705782
-5.843678951263428
-6.1451651652499395
-6.148984670639038
-6.222397685003671
-8.269097328186035
-8.90580129623413
-9.148417949676514
-9.528042793273926
