-0.01790426323639167
-0.026156956562772393
-0.03361422708258033
-0.040349431335926056
-0.04399281303631142
-0.07995909040328116
-0.10431037346522014
-0.14828128479712177
-0.17448090855930332
-0.19028497487306595
-0.20104287751019
-0.21573463082313538
-0.2629296714529801
-0.26776803478909034
-0.28281437010238214
-0.3219433362595737
-0.34921051970117595
-0.3605571368502246
-0.36232415959239006
-0.36832390010822563
-0.382825932581909
-0.38861552856087656
-0.3952003326885208
-0.3991163468454033
-0.4050989368464798
-0.4052913068671387
-0.40983094474566834
-0.4100423151006301
-0.4101941436993798
-0.4112292071375642
-0.413604744613167
-0.41792156889569015
-0.4179656077458276
-0.41972487298279215
-0.4201554100304334
-0.42201296027842544
-0.43080309519751203
-0.44483846038287994
-0.44667767125342833
-0.4507535911442784
-0.4524119727102516
-0.45580272669238703
-0.46371410340070723
-0.4719199317731636
-0.47265374605776744
-0.48050913168117404
-0.48095980153552126
-0.48287769288955523
-0.48445916904020125
-0.48455042723799124
-0.4895852175377513
-0.4896710705222082
-0.4912202997116505
-0.49205791371641683
-0.4929839239921421
-0.4979560294203111
-0.4987949728965759
-0.5007932466454804
-0.5010068292419115
-0.5031979367136955
-0.5119054519105702
-0.5178549546334479
-0.5181170487776399
-0.518850083828371
-0.5230463435208159
-0.5244736265158281
-0.5262765200313879
-0.5287663551710986
-0.5288680421363097
-0.5292724139194783
-0.5322679108357988
-0.5324119757153767
-0.5327211722305188
-0.533091948578658
-0.5368932609627437
-0.5387812666594982
-0.5404584332263767
-0.5405351407127454
-0.5413034623919982
-0.5420754331164062
-0.5422009433774898
-0.5423040013863809
-0.5484848409891129
-0.5506023607005974
-0.5531473399605602
-0.553715128640988
-0.5546575299464166
-0.5546778530233496
-0.5558447500822175
-0.5568138750063049
-0.5591782430369083
-0.5591858028074848
-0.5615808573462534
-0.5616060653701425
-0.562251444997104
-0.5627013655379415
-0.562898050993681
-0.5630217880631486
-0.563866682143675
-0.565285461437371
-0.5653216772609286
-0.5674214550950141
-0.5678237230042994
-0.5687433995703941
-0.5692117524207182
-0.5694803608581424
-0.5710366059054195
-0.5716432473028752
-0.5727221332490444
-0.573638428049162
-0.5737196759728249
-0.5740372802157743
-0.5740874726325274
-0.57740396417516
-0.5777677518005172
-0.5802243917113326
-0.5814404090633616
-0.5827448108588884
-0.5868523434425393
-0.5874246448629492
-0.5904498802497983
-0.5910517472486548
-0.5918920851212793
-0.5920017450380978
-0.5929786000730625
-0.5940146827003142
-0.5942293479363596
-0.5961590915450999
-0.6015240622994801
-0.6024756945500319
-0.6033143075183034
-0.6033291245500246
-0.6057768042082898
-0.6058820715406282
-0.6060586408726522
-0.6061623620667628
-0.6074125925661065
-0.6077661213057581
-0.6079662876423687
-0.6090344602732026
-0.6090657770239757
-0.609326290232917
-0.6095175772964012
-0.609648389252834
-0.6097785764270358
-0.6100737334539493
-0.6104761599563062
-0.6119642683558844
-0.6130469299239849
-0.6139950313455691
-0.6152852178784087
-0.6159145145502407
-0.617166233646761
-0.6175150412458337
-0.6179798213040788
-0.6184788625066479
-0.619395333785077
-0.6211316994805303
-0.6212873302362822
-0.6216433632187546
-0.6229957015784074
-0.6237659626187653
-0.6238496891326375
-0.626874428525168
-0.6295876842923462
-0.629612565045245
-0.6297515406045672
-0.6311255002558938
-0.6314158127643168
-0.6336670014564879
-0.6355925665702671
-0.6358862683176995
-0.6389436965941319
-0.6389616443339037
-0.6411939101471944
-0.641836148686707
-0.6429888483573449
-0.6433330532599939
-0.6434069430804812
-0.643418567092158
-0.6443561888183467
-0.6444646267013417
-0.6454301411997423
-0.6469268037180882
-0.6488373625907116
-0.6497697079903446
-0.6516143607829387
-0.6539173447976778
-0.6541089148006656
-0.6541646563088183
-0.6559725880622864
-0.6568805015273392
-0.6584740331662553
-0.6591108063131261
-0.6594844316714443
-0.6595454549921366
-0.6604323473983186
-0.6621782950765919
-0.6622475941975912
-0.6649359421734027
-0.6651737418025732
-0.666241539735347
-0.666444816510193
-0.6675331581694385
-0.6693623869976301
-0.6695458451953982
-0.6709176924042367
-0.672822563644414
-0.672871220856905
-0.6738833678620202
-0.6739457450069798
-0.6751339176093767
-0.6754546076473262
-0.6756667621019814
-0.6758069092174992
-0.6763252677819575
-0.6815551324980333
-0.6838590365368873
-0.684842900476522
-0.6855135080956021
-0.6865892496166958
-0.686735469942505
-0.6877215334347316
-0.6877671627444215
-0.6945747417863458
-0.6946190870609522
-0.6948554809205234
-0.6953390315175056
-0.6985856122919358
-0.7001774022873077
-0.7038166961050593
-0.7064980331342667
-0.7076527965148741
-0.7092824918217957
-0.7105128617889326
-0.7105824826148284
-0.7134447990448236
-0.7142287626862526
-0.7143008296377957
-0.7158503777214459
-0.716584258446736
-0.7174881067039678
-0.7192454610485584
-0.7201929334551096
-0.720772820769686
-0.7228910593459239
-0.7245562071495392
-0.7246521081738138
-0.7266035399192737
-0.7270282821846195
-0.7300239998536805
-0.7304713704555373
-0.7310041517484933
-0.733121532946825
-0.7374633634821154
-0.738641285977792
-0.7395329060037901
-0.7406000409807477
-0.7410741173274195
-0.7413412513107889
-0.7455032774294779
-0.7468352450523525
-0.7468942677602172
-0.7472188530373387
-0.7481043133884668
-0.750310542475846
-0.7512302353279665
-0.7519942899657921
-0.7535216675864326
-0.7538411455849806
-0.7551899938844144
-0.7573679563589394
-0.7590088384846846
-0.7596882742575624
-0.7631473430831518
-0.7641425309120677
-0.7656212955713272
-0.7697937128832564
-0.7705964222550392
-0.7707176208496094
-0.7711223036050796
-0.7714818120002747
-0.7732018060663617
-0.7763615087606013
-0.7765452585648746
-0.777055850205943
-0.7800357199157588
-0.7810936861523342
-0.7860000573290402
-0.7861775165423751
-0.7867302720745405
-0.787110355993112
-0.7878710508978527
-0.78938738465279
-0.7897704704664648
-0.7904844717787844
-0.7906233120177474
-0.7924615644982883
-0.7927735843432402
-0.8042200004681945
-0.8052244311464685
-0.8052718524995726
-0.8082696510744947
-0.8099625669419765
-0.8109029564740402
-0.8125362426042557
-0.8137836017382597
-0.8162822309467528
-0.8208611923369712
-0.822313542995188
-0.8224296391010284
-0.8242643564764875
-0.8252063356339931
-0.8258616395294667
-0.8270229084417224
-0.8295009925961494
-0.8300304366275668
-0.8318531336262822
-0.8329549640591722
-0.8335110110078509
-0.8354053422808647
-0.8411845266819
-0.842023053439334
-0.8444799440912902
-0.8457656832677978
-0.8467773258686065
-0.8579955697059631
-0.8603713096235879
-0.8687662333075423
-0.8697280496358871
-0.8711315919645131
-0.8729363135993481
-0.8730587793514133
-0.8753145089722238
-0.8830021098256111
-0.8850212097167969
-0.8881480280659162
-0.889411089476198
-0.8909640952944755
-0.8911976084113121
-0.8936033017002046
-0.9044189052656293
-0.9054749637842179
-0.9057382928488854
-0.9115406251706494
-0.9126610886887647
-0.9145511753029294
-0.9188657780177891
-0.919374031114525
-0.9209810176657306
-0.921069989601771
-0.9227801939705387
-0.9238477625573674
-0.9253889073928198
-0.9266970828175545
-0.9282534147302309
-0.9302225289866328
-0.9302637875080109
-0.9313529387116433
-0.9326821759343147
-0.9367504890251439
-0.9372511154838971
-0.9373845088788691
-0.9444832445846664
-0.9453986957669258
-0.9464179572532885
-0.9469292834401131
-0.9485237785753042
-0.9508490131960975
-0.9518023508024358
-0.9527649606267611
-0.9543759254738688
-0.956950629906108
-0.958544226984183
-0.9620912021464392
-0.966248381882906
-0.9669033017837338
-0.9694876983761788
-0.9714113482170634
-0.9799047611653805
-0.9807682000100613
-0.9932976551353931
-0.9961661895116171
-0.9982134578749537
-1.000430471263826
-1.0025875525565684
-1.0079987571595914
-1.013727955520153
-1.0185158088803292
-1.01949298158288
-1.0247472791622083
-1.0311478355899453
-1.033892049838323
-1.0368944727815688
-1.0391380786895752
-1.045204721391201
-1.0548677355051042
-1.057518740495046
-1.0613412976963446
-1.0721129034645855
-1.0728725518565625
-1.073469667385022
-1.0739791778226693
-1.0746500506065786
-1.0860559886759802
-1.1016436517238617
-1.1056010744401388
-1.1092723921950285
-1.1157739261786144
-1.121925080815951
-1.1247772052884102
-1.129368225199869
-1.1720941712458928
-1.1819782496563025
-1.1822227388620377
-1.196021278699239
-1.225901022553444
-1.2273731425404548
-1.2361827443043392
-1.2366552899281185
-1.2428834189971287
-1.243869864323642
-1.24785009175539
-1.2501860752236098
-1.2614678000099957
-1.265200647059828
-1.2659326427965425
-1.2850133776664734
-1.2915102019906044
-1.2928967475891113
-1.293434667090575
-1.2960192136466504
-1.301619827747345
-1.3059531648953755
-1.3185723423957825
-1.321427345275879
-1.3374744057655334
-1.3387725099921226
-1.3471274202068646
-1.382829762995243
-1.3932496085762978
-1.396871192380786
-1.4130339615046978
-1.4261250421404839
-1.4323381413705647
-1.4444330334663391
-1.4636779849727948
-1.467622406159838
-1.4865535100301106
-1.4890836079915364
-1.5004769563674927
-1.504036858677864
-1.5052019438783948
-1.5464033737778664
-1.5628881596960127
-1.5674031600356102
-1.5759606175124645
-1.5827160775661469
-1.5871561023717125
-1.5943064838647842
-1.6138631105422974
-1.6290799925724666
-1.6296455518652995
-1.6605308999617894
-1.6810414493083954
-1.6863242387771606
-1.6888454193249345
-1.6892053081343572
-1.715698778629303
-1.7284020073711872
-1.7380287796258926
-1.738279104232788
-1.7387692464981228
-1.7581580579280853
-1.7650759816169739
-1.7724252343177795
-1.8413995802402496
-1.9105736405278246
-1.9320859909057617
-1.9965430796146393
-2.0173673033714294
-2.058536820113659
-2.0677490234375
-2.340811848640442
-2.527311086654663
-2.545310866087675
-2.5733987043301263
-2.77880867322286
-2.7911586786309877
-2.9912050285493024
-3.061523250595201
-3.3595540523529053
-3.5979667126666754
-3.7159057080280036
-4.039320997253526
-4.063617836218327
-4.104524951428175
-4.2493444085121155
-4.540380835533142
-4.547211527824402
-4.656820297241211
-5.125863134860992
-6.520864009857178
-9.195769309997559
