-0.004731001798063517
-0.054595074616372585
-0.1308801995723375
-0.1384365129584997
-0.18507230239142897
-0.19810524670821097
-0.22180215099495398
-0.2221110282298658
-0.22345581092529598
-0.2237438759766519
-0.22517082282346174
-0.23686182438508363
-0.2373768853981996
-0.24560427236051777
-0.246405434608327
-0.2503508796179913
-0.25472031421730207
-0.2563751439702173
-0.2602341516110457
-0.2619471675924225
-0.2625953324962514
-0.26376218515853156
-0.26717605066232863
-0.2696340487649043
-0.27032516431063414
-0.2756412286104163
-0.27792893211354286
-0.2783697414724884
-0.27905246782838417
-0.2791937008721561
-0.2795243036165186
-0.27992898725275545
-0.2813703894058832
-0.2818859576717451
-0.28753355263600905
-0.287650294481481
-0.2935268449864452
-0.30108265640144427
-0.301681546387674
-0.30208151281441076
-0.30606924289263826
-0.3067768431483273
-0.3145319452757273
-0.3161412621848285
-0.3169660915581127
-0.3186648457957644
-0.31903743964711695
-0.32142075480976473
-0.3220627702588293
-0.3224405842338456
-0.3227431421676859
-0.32384075572186205
-0.3259688778534534
-0.32805238787572805
-0.3293964189001924
-0.3328710317291552
-0.3352327382450473
-0.33639573911085563
-0.33794144762699335
-0.33925069623364834
-0.3480119065481631
-0.34961583703989163
-0.3507543906042553
-0.3547058112843128
-0.35579633813512584
-0.3581792769245195
-0.3606238946711528
-0.36332248103068804
-0.36410560052312435
-0.366510628187421
-0.36810798012167933
-0.3715875389171882
-0.3753544479712016
-0.37561245485913886
-0.37823778816128595
-0.37918177188385016
-0.3812908242194121
-0.3824606765950496
-0.38374594608467305
-0.38746029788211067
-0.38974457043722005
-0.39171211291215424
-0.39174861275107387
-0.39703892743481056
-0.397636251748606
-0.4043966377778108
-0.4051528287767083
-0.41393004351895796
-0.41741454747303425
-0.4233227712538792
-0.4281648759264499
-0.43122026346463826
-0.43235310865566134
-0.4501011422447239
-0.45222683770389266
-0.4548712641421041
-0.45910724220448174
-0.46681616643244134
-0.4697779076595907
-0.4707088931463659
-0.4758219150680816
-0.47661991119384767
-0.47786594936527155
-0.4794193386998294
-0.4798514792531602
-0.48091710585382924
-0.48729747677377117
-0.49556971440279085
-0.49681170138743863
-0.5021393917995738
-0.5040205235626283
-0.5077954067237442
-0.5124073638823271
-0.5132503822609478
-0.5208406750413511
-0.5223621488031414
-0.5240461606798428
-0.5298363986757977
-0.5328209563373093
-0.5367581779395955
-0.5465123800793663
-0.5518654293070236
-0.551957355812192
-0.5753526406595484
-0.5954645419493317
-0.6008200846263207
-0.6012351938115899
-0.6039897035860288
-0.6087312482164374
-0.608834108074916
-0.6145200992003084
-0.6193252789787949
-0.6225286861050335
-0.6319692406437493
-0.6359973441992354
-0.6467242577794221
-0.6584052959889439
-0.6724095761439659
-0.6756392869996489
-0.690110436444229
-0.6910732773030759
-0.7049982398515567
-0.7122770547672795
-0.753283962066884
-0.7589539592154324
-0.7667203565128148
-0.7864067472013024
-0.811571695531408
-0.8131787014038613
-0.8198306517054638
-0.8242706750364354
-0.8434573706860343
-0.8669861412296692
-0.8682831274345517
-0.877001543296501
-0.9299602212073902
-0.9333603461273015
-0.9661856394183511
-0.9739747160114348
-0.973989207452784
-0.9748089579599244
-0.9893998518586159
-1.0027641106396914
-1.0090116672217846
-1.0202566797233885
-1.0221646984107793
-1.103417044505477
-1.158462052543958
-1.1658400396949478
-1.2346999384462833
-1.2445385180413724
-1.2579337758943439
-1.2823993558995426
-1.3400623723864555
-1.3874728833325207
-1.390688106417656
-1.4063787460327148
-1.5083338990807533
-1.6641063624992967
-2.0892492135365806
-2.1694403517370424
-2.318086341023445
-2.359641334041953
-2.527711649735769
-3.1940224170684814
-3.4315431118011475
-3.9072139402851462
-4.06862691626884
-4.56165075302124
-5.728008270263672
-5.974309921264648
