-0.000460982060758397
-0.010472040589471968
-0.012276549357920885
-0.059229444712400436
-0.08648705708037596
-0.1061546706284086
-0.1318215123937989
-0.13685786209534853
-0.1726796622388065
-0.21388318361358769
-0.22042790651321412
-0.22671925130167178
-0.24307539637666195
-0.26049150463950355
-0.26547475047409536
-0.2682808233766991
-0.2706557959318161
-0.28564509720017667
-0.2896022178077449
-0.29158577083985115
-0.29812894264856976
-0.30813671980376967
-0.31811391077935697
-0.3264574013766833
-0.32802487219617305
-0.3292533149263666
-0.334578885963856
-0.33671594858606113
-0.34528767935828203
-0.3583430705152245
-0.3596905195328873
-0.3641907217388507
-0.3678186732402537
-0.3765367908719262
-0.37679740415615015
-0.3816904562863783
-0.3848786222848243
-0.3856502459935395
-0.38602650329994503
-0.38960746036755156
-0.39931078169805306
-0.4002527146105422
-0.40028641362550843
-0.403454806526295
-0.40459921459356946
-0.4059713539900258
-0.4105080954840459
-0.41208794456057757
-0.4171677555714268
-0.41812463186982185
-0.42142561705986736
-0.42427374103239607
-0.42569803998672534
-0.4358266869223573
-0.43695645412663
-0.44015295134951365
-0.4497073910383733
-0.45550831543368986
-0.4644231361686252
-0.46762235797117074
-0.4720968732310991
-0.4721541033068206
-0.4739183783822227
-0.47518464911263436
-0.47631161033987157
-0.47810291229905033
-0.4814715822576545
-0.48455131708178667
-0.48505655368272627
-0.4891595662126995
-0.4893306322961247
-0.4951904354051554
-0.4953143270570515
-0.4972543060779572
-0.4992468170123175
-0.5028630222815182
-0.5043523623192284
-0.5069640013738536
-0.5082100816071033
-0.5107964259971466
-0.512165559029745
-0.5153717705494879
-0.5173571129868689
-0.5185032695575501
-0.520441959874006
-0.5208289763956729
-0.5245561664691195
-0.5245879679918289
-0.5275679039914394
-0.5313583874382554
-0.5322148219881637
-0.5326349027810566
-0.5336975958268795
-0.5340175966266543
-0.5345140255937751
-0.53589884378016
-0.5383828474829594
-0.5384555609816744
-0.5386704812861152
-0.5439560795202851
-0.5452554082231862
-0.5461822832585312
-0.5463420142283818
-0.5469916396323242
-0.5491082488733809
-0.5514777016651351
-0.552556405775249
-0.5539882544107968
-0.5545033381120967
-0.5570075901923701
-0.5584293526975671
-0.5585259342832225
-0.5605080361783621
-0.5625673928414472
-0.5627947581104107
-0.5633564758134763
-0.5636825179452293
-0.5681006329134106
-0.5689093040194936
-0.5693645520756642
-0.5710684147197753
-0.5740550930230793
-0.5744729913852137
-0.5755118670291267
-0.5799292430497839
-0.5808927029041419
-0.5866844720461544
-0.5869616657495499
-0.5874385786810308
-0.5876624797626088
-0.5878461301326752
-0.5883710401249118
-0.588826130776267
-0.5891313746612034
-0.5898106838909111
-0.5914754692477634
-0.5920428413082846
-0.5923496649047593
-0.5948047004640102
-0.5952486451365985
-0.5953590476177245
-0.5956547515466809
-0.5963935389133569
-0.5998901046259562
-0.6033565310235645
-0.6044131517410278
-0.6058616533511035
-0.6076468012179248
-0.60772932248397
-0.6084362963059297
-0.6090363517403603
-0.6103150543058291
-0.6106609913753346
-0.6131086635868996
-0.6137497141957283
-0.6139274375513196
-0.6143540740013123
-0.6143945151474327
-0.6166352137923241
-0.6188869660677896
-0.619784559472464
-0.6199017253093189
-0.6207672188951013
-0.6259551701756815
-0.6280630909178788
-0.6290528040586246
-0.6305016014026478
-0.6309275559282729
-0.6322422667772943
-0.6333210620843298
-0.6372152448490273
-0.6373954086344124
-0.6381108369013501
-0.6391081727151686
-0.6410207900964148
-0.6412836775183678
-0.645514650925179
-0.6465037671862228
-0.649581538818893
-0.6518180089893235
-0.6525309963358773
-0.6539380966336467
-0.6554743855457572
-0.6565078870592697
-0.6573816221595431
-0.6604467800186414
-0.6618863103794865
-0.6639030086142677
-0.6641875743865967
-0.6644561551511288
-0.664766040444374
-0.6686180822628861
-0.6688846343941987
-0.6720163294424614
-0.6730349425148839
-0.6747872723266483
-0.6747986749396659
-0.6753916917174744
-0.675503350639095
-0.6812130462910447
-0.6820201790134888
-0.6823260328144117
-0.6832287931232713
-0.6862539393979863
-0.6870070559283098
-0.6877745114163392
-0.6879985045774707
-0.6899425215170985
-0.6899694652835789
-0.6915537664032084
-0.6918247062712908
-0.6945032774719635
-0.6965012429035806
-0.6980998753902635
-0.6983083155290741
-0.6997403047650799
-0.700974333708291
-0.7018164119111713
-0.7028100381019237
-0.7029974165682992
-0.7048820086388982
-0.7059546026994212
-0.7066241367768574
-0.7070449105463922
-0.7077705272722283
-0.7082228826358914
-0.709136869659199
-0.7126701223824057
-0.713788092811592
-0.7158915512263775
-0.7166104426025413
-0.7168262399333928
-0.7239423258773362
-0.7241091550741758
-0.7254403808377295
-0.7261620760895312
-0.7279327912256122
-0.7279983339685714
-0.7282357302804788
-0.7301107367689145
-0.7307974583702161
-0.7333397514419631
-0.7333849444763473
-0.7351091779354546
-0.7398309522818636
-0.7398691241925751
-0.7431628657359397
-0.7457570553255769
-0.7472030429635197
-0.7480309354141355
-0.7481743262615055
-0.7484698201180435
-0.7486912935336087
-0.7513434085994959
-0.7530342005193233
-0.7536326709927784
-0.75447748741135
-0.755063608288765
-0.7567421766978345
-0.758001773338765
-0.7586328744655475
-0.7598168660249365
-0.769474607992119
-0.7704938309761928
-0.7714460986084305
-0.773589746793732
-0.7781324897843757
-0.7860126690939069
-0.7879528343134249
-0.7882045929630598
-0.791309577669017
-0.791464046575129
-0.7920156985521316
-0.7959496434001873
-0.7975901143974624
-0.797642609078644
-0.798881241188307
-0.8003590937310037
-0.8059947565197945
-0.807462912318962
-0.8078108518238878
-0.8079458221793174
-0.8087718486785889
-0.8144566022092476
-0.8147395713021979
-0.8148792988180907
-0.820018735794852
-0.8202056741640262
-0.8213206900139178
-0.8218864427035442
-0.8243328454490337
-0.8265905275475234
-0.8266331117289761
-0.8279703673389223
-0.829583319402965
-0.8329880820587278
-0.8404064678276578
-0.8456904746395034
-0.8496722442408403
-0.8512347088350604
-0.8578492035157979
-0.8626477085053921
-0.86424222181981
-0.8651536577614024
-0.8701909078023163
-0.8711628913879395
-0.8744613751769066
-0.8772774562239647
-0.8833286316366866
-0.8837731458712369
-0.8963769674301147
-0.8980369823984802
-0.8994577855748289
-0.9004928908427245
-0.9017001106129849
-0.9025753548261352
-0.9033138826489449
-0.9053232485578823
-0.9068852955408927
-0.9101937171382208
-0.9122208084308487
-0.9169687384273857
-0.9170261189762338
-0.9206489070266899
-0.925247841165401
-0.9259126682300121
-0.9336136132478714
-0.9351006958944102
-0.9430670757511896
-0.9438825527560968
-0.9488423444495043
-0.9531710543411059
-0.9534330561757087
-0.9537389576435089
-0.9573981008595891
-0.958883908810094
-0.9612128511071205
-0.9646659468611082
-0.9681134885842246
-0.9734148742223624
-0.9735313884913921
-0.9811381697010801
-0.9922330133267678
-0.999635043204762
-1.0032347988405188
-1.0056015774607658
-1.0058369524776936
-1.0152096052964528
-1.0155360108885148
-1.0165513716638088
-1.0289305855403654
-1.0325735825113953
-1.034280102699995
-1.0502414003713056
-1.0546246378289652
-1.0683092940598726
-1.0684900485925026
-1.0835132282227278
-1.0915158494739443
-1.1060635522007942
-1.1149805175761383
-1.1264870151062496
-1.129180561809335
-1.1329771145246923
-1.1412165250097002
-1.1431204651792843
-1.1576709077926353
-1.1597980715800076
-1.1642750956583767
-1.181983546470292
-1.1938767731189728
-1.1965881084712844
-1.2303827740252018
-1.2540634637225594
-1.2624437398044392
-1.2762776426970959
-1.3007120843976736
-1.3045495301485062
-1.313946433365345
-1.336936314900716
-1.3746666936203837
-1.3976303786039352
-1.413579449057579
-1.417957196633021
-1.434933158569038
-1.4396476475521922
-1.4512176411226392
-1.530029594277342
-1.549256980419159
-1.5558084050814311
-1.5698623942832153
-1.5848875294129054
-1.6116850785911083
-1.6395201981067657
-1.7305626542001846
-1.7508869111188687
-1.7731468540926774
-1.8190580606460571
-1.8365513682365417
-1.8415623903274536
-1.884098717321952
-1.9213129878044128
-1.9445036662121613
-2.005526680557523
-2.0426564006096064
-2.078176364302635
-2.1150850970104025
-2.193584968103096
-2.296301543712616
-2.330376733094454
-2.3920293878763914
-2.5869629811495543
-2.630538667241732
-2.6490680209050574
-2.734034792209665
-3.317713813856244
-3.3215462118387222
-3.6680586338043213
-3.95582515001297
-3.9805758595466614
-4.128592893481255
-4.2907620603218675
-4.567219912736618
-5.048771224595839
-5.063131332397461
-5.598158419132233
-6.0755611546337605
-6.26716947555542
