-5.070182070691468e-05
-0.0003436594342929311
-0.00048818659422522614
-0.0027807399164885283
-0.0034592436810877794
-0.008609593810563507
-0.013267493131125876
-0.026206614399727966
-0.0415082673462166
-0.05360739535379772
-0.0573434990202486
-0.0576852759168105
-0.07992225512862206
-0.08029890654142946
-0.08375967290339759
-0.11493489658460021
-0.12244586097222054
-0.12245407206783057
-0.12788165314123034
-0.13264011495145192
-0.1485631906434719
-0.1538845845243486
-0.15697639382900283
-0.16142125859308484
-0.16254273728035123
-0.16628396735541173
-0.1809295924603589
-0.1863736066178616
-0.19400286560994573
-0.20914035268913267
-0.21367775828548474
-0.21625616105814482
-0.21674774072268038
-0.2182953842469336
-0.2186705772089772
-0.21898569459444844
-0.22333367950826263
-0.2277061179134762
-0.2282564282650128
-0.23425956832943484
-0.2344947227044031
-0.23507629533827412
-0.23788629722925922
-0.23883999391388067
-0.23910815370732053
-0.2412351362614168
-0.24273237007270967
-0.24434803442030292
-0.24537112470059821
-0.24792396457253466
-0.24834853760815653
-0.24876218182099466
-0.24970347434282303
-0.2507186020025983
-0.2520176194702799
-0.25249948974011377
-0.25268909943651335
-0.25379180796735457
-0.254131616741818
-0.257932153478032
-0.258695707443456
-0.2589533652135766
-0.2602896142096142
-0.26129919739568663
-0.261509305345553
-0.26160752997748205
-0.26247136712823743
-0.2627671999329727
-0.2635405559283552
-0.26392600035476443
-0.264620757662442
-0.2648612994933501
-0.26486997849375865
-0.2653594162132625
-0.26540192768879933
-0.2675584549193445
-0.2724247489463778
-0.2728791353244257
-0.27327476523350924
-0.2764551141044649
-0.2769701218189103
-0.277011823616735
-0.27818221374384494
-0.28042086163747204
-0.2817291770025349
-0.28215760980997906
-0.2822085395770652
-0.28303353685085947
-0.2848513226661993
-0.2864942282957499
-0.28689526262072224
-0.28752097460879666
-0.2882804188411683
-0.2887138715454373
-0.29154739568475635
-0.2921611096937126
-0.29242130162947433
-0.2925930240890011
-0.29388673479358357
-0.2959717036809169
-0.2964305906207301
-0.29698637551628054
-0.2971476477428546
-0.29729475188069043
-0.2992973540147597
-0.3005352265269418
-0.30106212832033635
-0.3047813947337265
-0.30647132038211566
-0.3065100447885925
-0.3093492886296056
-0.3116136520518921
-0.3118713881740405
-0.31275479602239403
-0.31468515821586607
-0.3165073975666878
-0.3165363828241728
-0.3169883213650556
-0.3175016598212427
-0.31806358878998253
-0.3189603123085978
-0.31991022047079487
-0.3209815390804391
-0.3245971949305385
-0.32629464831084076
-0.3267359311717148
-0.3268611991853222
-0.32724720613207053
-0.3279981407427436
-0.32859234884381294
-0.32981442929965477
-0.33138906717067584
-0.33215831141812185
-0.3353407023835189
-0.3358218301073066
-0.3380011838494933
-0.3399000424348439
-0.34077646565992836
-0.34101388877606953
-0.3417608202435076
-0.34394759837962074
-0.34452151842907325
-0.34535954418618076
-0.34548632310634275
-0.34833221774215417
-0.35070090112276375
-0.3516579912655288
-0.35240110176216277
-0.35289612728722985
-0.35502231285499875
-0.35530544826987254
-0.3558779406330359
-0.35906401594329507
-0.36025153918308206
-0.36052393186837434
-0.36060863664675125
-0.36063916444420424
-0.3612435707298573
-0.362906161745611
-0.3646499542133154
-0.3647824718265156
-0.36966244953766686
-0.37040157900191845
-0.37267789580962724
-0.372931563120801
-0.37344760610722005
-0.3747521061304724
-0.37585715963505206
-0.37592977403250294
-0.3773038634099066
-0.378449791121966
-0.3790432536654407
-0.3793056070701116
-0.3795685801395358
-0.38221638732526725
-0.38230619143931627
-0.3855817939879166
-0.3872777137439698
-0.3875164599730397
-0.3879282699570121
-0.38986685456863296
-0.39040157956128496
-0.3908010767772794
-0.3949296767888073
-0.3960800865234988
-0.3981591678623642
-0.4051290958886966
-0.40644491254352033
-0.4066963763383683
-0.4070775054387923
-0.41073404331691565
-0.41093919559248854
-0.4137067541945726
-0.4139124651206657
-0.41551947743412004
-0.415599083606503
-0.4158157410898379
-0.41595385619439185
-0.4177930363143484
-0.42084420040773696
-0.42094581643808243
-0.42131522167474034
-0.42448490104870873
-0.4282184157859774
-0.42840147471870293
-0.4286830325666718
-0.42977598167878267
-0.43105996574740857
-0.43295430356051334
-0.4331447682088765
-0.43324966213913285
-0.4340432549182039
-0.4365206260424909
-0.4368993394697706
-0.43784938894714287
-0.44131456555000376
-0.44138818888718057
-0.44338777445227606
-0.4442021324926567
-0.4447520928557164
-0.44526803867756826
-0.44791390739070874
-0.4511546406217597
-0.4531611319631338
-0.45359365795738993
-0.4538822693483036
-0.45444625637565667
-0.4576216021830785
-0.45839426952200785
-0.4584503458812833
-0.4593114291783422
-0.4620883602700714
-0.46212984579699423
-0.46314863102510573
-0.4645261404919438
-0.46455420778147527
-0.46545487963591575
-0.46553218203449376
-0.46620999727656454
-0.46732347970717253
-0.4694918508612318
-0.4701504657045007
-0.47050777543336153
-0.4707993894274653
-0.4710773396072909
-0.4717345830751583
-0.4725598606918169
-0.4733554787623386
-0.4738628858346298
-0.474750669367495
-0.47520886077066393
-0.4752099708152505
-0.4764722757136042
-0.47887263260781765
-0.4794800952076912
-0.47950103093619245
-0.4832606567069888
-0.48385420365666504
-0.4859590534120798
-0.48635979521107703
-0.4871942589059472
-0.4878646818300088
-0.48843936985358594
-0.48949437480087
-0.4908208583171169
-0.49398475043805473
-0.49596780887804925
-0.4963126230313719
-0.49882984951432263
-0.4995048979123697
-0.5034323674304427
-0.5058655619475758
-0.5067709619179368
-0.5114403925836086
-0.5124799713149615
-0.5138051244056052
-0.5140134762041271
-0.5150848003650026
-0.5176068255677819
-0.5179879700881429
-0.5186189637421295
-0.5196266015060246
-0.5196283627135146
-0.5225499512494675
-0.5228470678412123
-0.5229897037539298
-0.5233993478032062
-0.5235785349881957
-0.5273601847700775
-0.5290379215392477
-0.5300843483069911
-0.5304851649329066
-0.5312660144021114
-0.5322359912097454
-0.5405894365782539
-0.5410412075463682
-0.5429659146272267
-0.5456165662294047
-0.5458214016778887
-0.5481532019875885
-0.5482069153471717
-0.5485040300215284
-0.5493320011191827
-0.5534926685271785
-0.5539914653442489
-0.5603555352827243
-0.5607171994311752
-0.5609853384899907
-0.5613025859735595
-0.5624474478377537
-0.5627059532063348
-0.5671976034529507
-0.5682219730690121
-0.5690631326287985
-0.5690666739828885
-0.5708751048441627
-0.5719029239068428
-0.5758573245257139
-0.5758696010505612
-0.5781605718657374
-0.5787226803262125
-0.5790078171218435
-0.5820613480173051
-0.5822226688679721
-0.5847551940008998
-0.584832263251883
-0.5852521945019232
-0.5885930433869362
-0.5893794379688708
-0.5896563623100519
-0.5922712390311062
-0.5941179029436575
-0.5982770979011952
-0.6004080379346306
-0.6027689805875222
-0.6059316458180547
-0.6080498521705522
-0.6089347450137471
-0.6115821236417105
-0.6132914358422568
-0.6145639824972022
-0.6195311802827442
-0.6227977273021159
-0.6233347197296097
-0.6239975829375908
-0.6260392783093266
-0.6261736820342776
-0.6274949780532292
-0.6286636833101511
-0.629293474368751
-0.6333341060671955
-0.6335671494404475
-0.6344001643359661
-0.6367798275303156
-0.6368439609983138
-0.6391580158961006
-0.6397944114432903
-0.6422481155022979
-0.6434787586331367
-0.6441654388792812
-0.6442778473719954
-0.6452614248904865
-0.6462949895193459
-0.650143033452332
-0.6522777840081189
-0.6579328975931276
-0.6595948813366703
-0.659807837762249
-0.6607830015321573
-0.6619230272714048
-0.6622252429271611
-0.6636658204719424
-0.6642085377326501
-0.6660923957824707
-0.6661813561804593
-0.666896681700434
-0.6670890883708905
-0.667956399731338
-0.6708221973094624
-0.6717099032856433
-0.6740282970584102
-0.6752286436036229
-0.6818964763342024
-0.6827094852962026
-0.682874804894839
-0.690750952080028
-0.693018007389037
-0.6932235138956457
-0.6942620058211365
-0.6944849092047661
-0.6951571962209268
-0.6981796473264694
-0.699459727096837
-0.7042203131956057
-0.7058445770914356
-0.7089601646044424
-0.7176489995558768
-0.7190074203535914
-0.7236500547400543
-0.7249490923713893
-0.7370099758263677
-0.7443810730829783
-0.747667932882905
-0.7534878184877536
-0.7541517137060509
-0.7568760754074901
-0.7573830995534081
-0.7612490719184279
-0.7633838556706906
-0.7691117086048637
-0.7694715129910037
-0.7731041645165533
-0.7761354744373724
-0.7787258089985698
-0.7813678980950499
-0.7814489156007767
-0.7823514533229172
-0.7832605202371875
-0.7862817444838583
-0.7877651695162058
-0.7922932299785316
-0.8009567174885888
-0.8020485552959145
-0.804289743459473
-0.8044840463747581
-0.8068034708516539
-0.8088011629879475
-0.8091738158109365
-0.8101722844876349
-0.8111815191805363
-0.8182206985851129
-0.8187462302396398
-0.8273355558514595
-0.8385857212124392
-0.841530462106069
-0.8443529671640135
-0.8446185679385962
-0.8486937701702117
-0.8497573733329773
-0.8531496532261371
-0.879878943786025
-0.8867223698180169
-0.8871790113626048
-0.8957801014948927
-0.8967320472002029
-0.8972724351362558
-0.898546501994133
-0.9054203402251005
-0.9124815762042999
-0.9132519828854129
-0.9282441698014736
-0.9289391633439144
-0.9404233670880785
-0.9431021412213644
-0.9444381464660788
-0.9521367214620113
-0.9531890228390694
-0.9653708891710266
-0.9709843993186951
-0.9724009879420918
-0.9766976935206912
-0.979485507744054
-0.9801154867357885
-0.9821085818111897
-1.0148059248924255
-1.0185211425026257
-1.0285357858732216
-1.0327536971225137
-1.0330151915550232
-1.035179842884342
-1.0378429256379604
-1.050711238135894
-1.0515594630657386
-1.0524027780396863
-1.06627129688859
-1.0674871979281306
-1.0697727351604651
-1.0873355213552713
-1.0902242946904153
-1.0973455781737964
-1.0979949633280437
-1.0988581934943795
-1.118522323766835
-1.1191191027561824
-1.123021190599372
-1.1291377941767375
-1.1422694027423859
-1.1441758225361507
-1.1521379232096176
-1.1631585334738095
-1.1633718696733315
-1.17311579734087
-1.1791187524795532
-1.19403482069278
-1.1953313260310097
-1.1991119487647666
-1.2082589070002239
-1.2157376338727772
-1.2429127097129822
-1.2640948990980785
-1.273821067996323
-1.276382952928543
-1.2839747965335846
-1.287104845046997
-1.2882472053170204
-1.2944711446762085
-1.3087434396147728
-1.3098327385426576
-1.3250638047854106
-1.327894926071167
-1.328529173068091
-1.3316369438543916
-1.3416488589718938
-1.3475566797287684
-1.3596030075956758
-1.3601617217063904
-1.361439276797076
-1.3753369455552615
-1.3830569172278047
-1.3986465813244042
-1.4050618708133698
-1.4126203060150146
-1.4167895205318928
-1.4262319207191467
-1.4285552501678467
-1.4322535196940105
-1.4399297485748928
-1.4415849198121578
-1.4472185148236651
-1.4507122039794922
-1.4550364017486572
-1.466970458549137
-1.4885419607162476
-1.4911293387413025
-1.5060663257415097
-1.513631522655487
-1.5165501299925381
-1.516992674022913
-1.5196405303043623
-1.536507934331894
-1.5458467900753021
-1.5491018183529377
-1.5600292384624481
-1.5742163062095642
-1.5767705999314785
-1.5859177053207532
-1.5889062881469727
-1.6065420061349869
-1.6183056831359863
-1.620015799999237
-1.6202927827835083
-1.6299692392349243
-1.6483167707920074
-1.6552839279174805
-1.671793282032013
-1.675576315075159
-1.7011002898216248
-1.7016061941782634
-1.7283163138453688
-1.7410089896547447
-1.7547792593638103
-1.7567539601381668
-1.7793413996696472
-1.7976253032684326
-1.8421511724591255
-1.8467195828755696
-1.8581161499023438
-1.8880733083933592
-1.9036321473540738
-1.910135871420304
-1.9539329558610916
-2.1400630176067352
-2.158035233616829
-2.2270697988569736
-2.24921914935112
-2.3068714589426236
-2.3171982439234853
-2.4768610866740346
-2.6138328629701086
-2.660757774137892
-2.7116749584674835
-2.809469912201166
-2.9153478145599365
-3.100816817252204
-3.1284045358909984
-3.2343626022338867
-3.3024592846632004
-3.555508613586426
-3.8004458735559488
-3.887444176788146
-3.900156795978546
-4.27368013933301
-4.950776887417305
-5.21022489387542
-5.276790618896484
-5.46127986907959
-5.544032096862793
-8.49011516571045
-8.767642974853516
-12.875454902648926
-13.092811584472656
-13.736886024475098
