-0.003534440853400156
-0.0063355290330946445
-0.009427103213965893
-0.03728304244577885
-0.05038008652593362
-0.06345956555257241
-0.06376867555081844
-0.0705708726454759
-0.08166076987981796
-0.10673099385458044
-0.12668569246307015
-0.14925370272248983
-0.15652914345264435
-0.161494679749012
-0.1799593663826171
-0.19735088937450201
-0.2083313124254346
-0.21091740054544061
-0.23141188032847518
-0.25043189546300304
-0.25409992784261703
-0.2748941296473883
-0.2885920204222202
-0.2913981508463621
-0.29903111989713377
-0.2997854979087909
-0.30186751268047374
-0.30554885380635305
-0.3075934052467346
-0.30804946310818193
-0.31187204134184865
-0.3120205787010491
-0.3195645237962405
-0.3260299650253728
-0.33058473565615715
-0.33199195498600603
-0.33206181242130695
-0.33395541484933344
-0.334030829421762
-0.3381338172126561
-0.3487716130912304
-0.35099067364353687
-0.36217730414743227
-0.3625473742140457
-0.3628130973213249
-0.3672109540551901
-0.3696051511913538
-0.3726987278554589
-0.3862458733427856
-0.38742611603811383
-0.3909012287837868
-0.3911690484266728
-0.3913518346846104
-0.3915897086262703
-0.39174310366312665
-0.392965570744127
-0.3944139291997999
-0.3966400295495987
-0.39700661357492206
-0.39783436013385653
-0.3979771461337805
-0.3988229939714074
-0.3990157214658601
-0.40274159278866745
-0.4028997818628947
-0.4062703405506909
-0.40769033340944183
-0.40935374700347893
-0.41013853911620873
-0.4106927774846554
-0.41851234436035156
-0.4196400293149054
-0.42447156500485206
-0.42506634909659624
-0.42537360009737313
-0.43062616598326714
-0.43464245460927486
-0.4358142647892237
-0.43828902636111405
-0.4442330956459045
-0.4483150407613721
-0.45162231392330593
-0.45221257333954173
-0.4526430244247119
-0.456574275624007
-0.45856157019734384
-0.4614122902442302
-0.4646155829541385
-0.46838567592203617
-0.47117159594836266
-0.4718195330351591
-0.4782356594999631
-0.47840615630977684
-0.47853364813740235
-0.48653402373505134
-0.4869682615001996
-0.48846212588250637
-0.48979266200746807
-0.49089894630014896
-0.49358946266251486
-0.4952676604901041
-0.49665829276532997
-0.5006082789041102
-0.5006487023913198
-0.5020699587961038
-0.5084189272796115
-0.5092062684617793
-0.5127004934743477
-0.5131839588284492
-0.5162183820373483
-0.5184707670576043
-0.5192277764749283
-0.5193347726017237
-0.5213161897328165
-0.5216897336067632
-0.5224205509293824
-0.5290604074770171
-0.5302853425964713
-0.5343806675768324
-0.5346477748826146
-0.5357843171357393
-0.5372378763517943
-0.5373775224304862
-0.5394287582021207
-0.5412454776465893
-0.5421299818903208
-0.5437476964240583
-0.5464393272064626
-0.5487083409513746
-0.5517637901939452
-0.5521518941968679
-0.5532202473841608
-0.558586809784174
-0.5630835369229317
-0.563600845169276
-0.5648322723805904
-0.5650153606693493
-0.565233196131885
-0.567829796272379
-0.5693327574966437
-0.5701238906088596
-0.5722615253180265
-0.5726793032653373
-0.5728629345772788
-0.5732275908376323
-0.5735844579525292
-0.5750244148075581
-0.5756299884524196
-0.5776887342333794
-0.579921231046319
-0.5812547052545207
-0.5821818518969748
-0.5824062564581829
-0.5833576163742691
-0.5847331948578358
-0.5854349510951175
-0.5856075522800287
-0.5856546601862647
-0.5873036875522563
-0.5877598811473165
-0.5879579777596519
-0.5914419588807505
-0.591809709596544
-0.592509561048549
-0.5931609289889986
-0.5931868006785711
-0.5940041457070038
-0.594493036735398
-0.596407039090991
-0.5983833998441697
-0.5997513137757778
-0.6010944299555073
-0.6020736634964123
-0.6038828923233918
-0.6049760835511344
-0.607333712093532
-0.6128173983759351
-0.6130508497479328
-0.6160172348221143
-0.6164068755803301
-0.6180635271981979
-0.6181943796575069
-0.6205471903644502
-0.6218858774751425
-0.6220086026522849
-0.6264920871830187
-0.6266964798172315
-0.6304662860929966
-0.635360198944588
-0.6355933356616232
-0.6363538250671295
-0.6364830695092678
-0.6370993614610698
-0.6408217144943774
-0.6418946749251336
-0.6429063702623049
-0.6445836026816525
-0.6476130839437246
-0.6485406929119066
-0.6503397636270771
-0.6534038782119751
-0.6584798283874989
-0.6632852771319449
-0.6643979097293182
-0.6646001860499382
-0.6680164677756173
-0.6726104479283095
-0.6729428432881832
-0.6736075431108475
-0.6759297847747803
-0.6778019577264786
-0.6801378619275056
-0.6845772191882133
-0.6921950500458479
-0.6935130447149277
-0.6948336511850357
-0.6962297804653644
-0.6987951037706808
-0.699740295112133
-0.701147211715579
-0.7013144412776455
-0.7049398735165596
-0.705737350236935
-0.7058675555246217
-0.7060320678584534
-0.7091631976266702
-0.7106907088035608
-0.7114739872515201
-0.7115413935971446
-0.7118521612137556
-0.7123779430985451
-0.7141270221676678
-0.7145674028433859
-0.7166548230581813
-0.7191961693267027
-0.7198951970785856
-0.7201506782258893
-0.720406037655526
-0.7209131750795577
-0.7209853190579452
-0.7218110019966844
-0.7218209143417577
-0.722856555506587
-0.7249460086226464
-0.7256426194475757
-0.729906916701501
-0.7315273657441139
-0.7318858590850141
-0.7322216629981995
-0.7326043518260121
-0.732693893801687
-0.733402610889503
-0.7363169863820076
-0.7368998134431118
-0.7382465917617083
-0.7393964510411024
-0.739967655390501
-0.7415355928242207
-0.7420166861265898
-0.7436566490679979
-0.7438795651708331
-0.752615082077682
-0.7552436623308394
-0.7584688456522094
-0.7586706664413214
-0.7607340609732395
-0.7617296396832293
-0.7623658506199718
-0.7642839204519987
-0.7659122315235436
-0.7668073578970507
-0.7672044126316905
-0.7673012096434831
-0.767947884897391
-0.7727427026256919
-0.7731576671358198
-0.7736537239979953
-0.7754413295042468
-0.7766795812381638
-0.7782449685037136
-0.7786584123969078
-0.7798207174986601
-0.781362883746624
-0.7822353206574917
-0.7829790641036298
-0.7853629626333714
-0.7854892121007045
-0.7862938437610865
-0.7896016590424221
-0.7897285104263574
-0.7911231102355357
-0.797570463642478
-0.8004134206081895
-0.804727563900607
-0.807997751282528
-0.8126137096434831
-0.8162206833561262
-0.8170519726616996
-0.8188373651355505
-0.8191407014216695
-0.82039190903306
-0.8219128645956516
-0.8258658562387738
-0.8260873953501383
-0.8303936198353767
-0.8305128401344908
-0.8313045039222661
-0.8341964536812156
-0.8361883209020432
-0.8402233487358899
-0.8432695493102074
-0.8478887404004732
-0.8490363175980746
-0.8558016695082188
-0.8596360174007713
-0.8688506147494385
-0.8728358103997178
-0.8737966354404177
-0.8760344423353672
-0.879499430819932
-0.8801071408458732
-0.8802043170541186
-0.8831836510383125
-0.8871661714381642
-0.8872499780409271
-0.8897874029353261
-0.8966632653027773
-0.8974162258207798
-0.8997335042571649
-0.9028424102813005
-0.9073211494833231
-0.9074674026148083
-0.909748026835067
-0.9117812131132398
-0.9118737533717649
-0.9122232847980091
-0.92032416873715
-0.9231325675888608
-0.923480323702097
-0.9246816401438857
-0.9258995603595395
-0.9275853293282645
-0.929979824594089
-0.9314080514013767
-0.9382681323870741
-0.9427862450635681
-0.9430959090349023
-0.94515417941979
-0.9485081185897192
-0.9487624270841479
-0.950038228716169
-0.9530834318575216
-0.9537327140569687
-0.9610667091328651
-0.9612454374631246
-0.9617068703685488
-0.9630075381802661
-0.9641031424204508
-0.9709129340092962
-0.9850149326026439
-0.9902192130684853
-0.9910207080344359
-1.0070369243621826
-1.0135432680447896
-1.0144291626056656
-1.0148360058665276
-1.0197193113466103
-1.0219371254955019
-1.0349697445829709
-1.049230983053955
-1.052749969996512
-1.0540073232259601
-1.05710369348526
-1.0622092293841499
-1.0663727521896362
-1.0752610829658806
-1.0766729513804119
-1.0828070037066937
-1.1011903859907761
-1.1050410729367286
-1.1066156961023808
-1.1130209248512983
-1.1167675405740738
-1.141567893869554
-1.142004668712616
-1.1528985908565421
-1.1621900103986262
-1.1625594580546021
-1.1737769768903188
-1.1841485182909917
-1.1937690414488316
-1.1989226788282394
-1.2014203623614528
-1.2052418643143028
-1.2087377384305
-1.2110086878140767
-1.2520005693193526
-1.2585098948329687
-1.2602767354498308
-1.2611065010229747
-1.2840617969632149
-1.2885647155344486
-1.2886757949988048
-1.2913509085774422
-1.2957764640450478
-1.2962776919205983
-1.297225405772527
-1.2975012362003326
-1.2996026543634278
-1.2998147681355476
-1.319944143295288
-1.3213889932570357
-1.328533222898841
-1.332304614968598
-1.3498562316481884
-1.3692433203642185
-1.3768202524918776
-1.3856319983800252
-1.3922909370490484
-1.4331710015442998
-1.4403780698776245
-1.447948174260091
-1.4507626363864312
-1.4561650755886848
-1.4664600917271204
-1.4919079542160034
-1.4968724381178617
-1.4986774921417236
-1.5028387804049999
-1.5348095297813416
-1.5680880552157759
-1.60830659866333
-1.6226039628187816
-1.6435383632779121
-1.665652573108673
-1.6681083529256284
-1.684480608906597
-1.7016985068718593
-1.7362548721333344
-1.7427716713864356
-1.7495656609535217
-1.749699966982007
-1.7661856226623058
-1.7791361570358277
-1.7799978256225586
-1.7878596782684326
-1.7930179100949317
-1.7949759165445964
-1.8409690782427788
-1.8538949117064476
-1.8746864162385464
-1.9216690517961978
-1.940171006321907
-1.9408919215202332
-2.036978000216186
-2.0578108445741234
-2.0836525758107505
-2.121851623058319
-2.1416021982828775
-2.151502560824156
-2.2210488300188445
-2.2606169432401657
-2.270754861831665
-2.286931423150236
-2.2931973189115524
-2.311101345025236
-2.3316947489976885
-2.3330192625522614
-2.362078607082367
-2.381408838555217
-2.391960105781133
-2.446133238077164
-2.4925875179469585
-2.511407909542322
-2.5515009611845016
-2.570218245498836
-2.672113399486989
-2.677683003246784
-2.688806583173573
-2.7459424808621407
-2.7517029009759426
-2.7553971290588377
-2.887536254711449
-3.0235234946012497
-3.0533591508865356
-3.061970449052751
-3.1207345966249704
-3.1931829103268683
-3.24766823137179
-3.2882671076222323
-3.3516455041244626
-3.38156269188039
-3.4855327024900666
-3.6746418689532825
-3.722693920135498
-3.8387130796909332
-3.8581593548879027
-3.8688414692878723
-3.9278499633073807
-3.9428911209106445
-4.046932925780614
-4.104861736297607
-4.105277836322784
-4.110794266918674
-4.309752464294434
-4.4766294956207275
-4.546157360076904
-4.628102779388428
-4.708733479181926
-4.902931392192841
-4.980607350667317
-5.376779794692993
-5.40715628862381
-5.6272947788238525
-5.7421464920043945
-6.668372392654419
-7.378370046615601
-8.501240730285645
