-0.00023836187023107414
-0.00033371669754463557
-0.004140040851780213
-0.0042219809838570654
-0.00822922761896431
-0.015419398743157823
-0.015959248737393256
-0.017140351554189692
-0.020246500559941132
-0.027910705416746038
-0.039560424296074155
-0.04322970426437678
-0.044166300858099326
-0.051983620981263814
-0.06203635409474373
-0.0684076413162984
-0.08344802150531905
-0.09803459285476493
-0.10149468923503134
-0.10252708192921192
-0.10441728297882946
-0.11426396950577732
-0.1355950071343354
-0.1473249445358912
-0.1515485527183955
-0.15779904115970567
-0.15961074536789965
-0.17098613859949788
-0.17368296535486089
-0.18155275080061983
-0.18358660192461684
-0.18756722696125508
-0.19457587075885385
-0.2160606678808108
-0.2212825069388297
-0.2265046526057025
-0.22897710092365742
-0.23540733035770245
-0.2355412095785141
-0.23730675053811864
-0.24011878081073518
-0.2404036668724277
-0.24828858892821395
-0.2533697606995702
-0.2665427518513752
-0.2670911120134406
-0.2679689998120011
-0.27638254405277013
-0.28136474994244054
-0.28156300356204156
-0.28617495496291667
-0.291314230408817
-0.3040969137057093
-0.3065696102567017
-0.31236859078437973
-0.31941542991747457
-0.31991350653697737
-0.3237490431223705
-0.3252167594007915
-0.3261662480712403
-0.3262528713879874
-0.32723662329165865
-0.327970554571948
-0.33380244082945865
-0.3399506153849264
-0.3427797773620114
-0.3435144507505659
-0.3448558183794376
-0.34539685351774096
-0.34697666615247724
-0.3481110294637296
-0.34950037551364704
-0.3551565361101114
-0.3562341726152226
-0.3592575690985945
-0.36127723421668634
-0.3620643177564489
-0.3625557888299227
-0.36492813083653647
-0.3657745461807483
-0.37197556492465084
-0.37206479880114784
-0.37244454368405966
-0.3736221288134785
-0.3738577819778584
-0.37808513139316346
-0.37884542198541266
-0.3834597337990999
-0.38568771276186453
-0.3859974731846402
-0.388610322214663
-0.39214423612575044
-0.39376697926713355
-0.39654972106654895
-0.39804038607204956
-0.39881139912861674
-0.39992809881057056
-0.40043794376106234
-0.40127579173713457
-0.40312860969495684
-0.40506839761510494
-0.4052264806759056
-0.40557567549123114
-0.40660313930170056
-0.40750323244719766
-0.40757822179743514
-0.4094393340001261
-0.40975076499251795
-0.40986302182432155
-0.41068462743178796
-0.4124517499411013
-0.412511354254093
-0.4129423804115504
-0.41394843927810143
-0.4146992060705088
-0.41590516694954466
-0.4179189894639421
-0.4180065051962932
-0.41815428232418045
-0.41860502898351926
-0.41941682221367954
-0.42020960892033243
-0.42109039798378944
-0.4232521850004559
-0.42803506844186884
-0.42863760453959304
-0.4288152479049232
-0.4305246770310987
-0.4322286262893333
-0.4330640021203594
-0.4335886424878481
-0.4343587015508092
-0.43663445704150944
-0.4370180360710947
-0.4371729975433222
-0.43812599233351646
-0.43816181453682174
-0.43854940524324776
-0.44074562406989143
-0.4410383207636187
-0.44151815349727663
-0.4417524904323121
-0.4421752491500229
-0.4423717314348323
-0.4425446921522962
-0.44480175769422203
-0.4472665405037868
-0.4489124224183393
-0.44991471847752107
-0.44994818258475366
-0.45035133172059433
-0.45084437621676443
-0.45393191315233705
-0.4546826607756884
-0.45551572262775153
-0.4560832421993837
-0.4580315581988543
-0.458343873139529
-0.4584246703113119
-0.4588303620482541
-0.45958254547440447
-0.45968430137145333
-0.4614696347917844
-0.4617217461216367
-0.4622844430786144
-0.46243544869745773
-0.46346563755651005
-0.46368792772825274
-0.4642074424191378
-0.46452029959023505
-0.46641360817011446
-0.4669983272388991
-0.4673351355221322
-0.46751077405254665
-0.4675272819076781
-0.4684647936373949
-0.4686197191476822
-0.468628165202972
-0.4687039985175943
-0.4689595390944025
-0.4689841878207517
-0.4702557974640513
-0.47070379965007303
-0.4707215539334963
-0.4728079991722812
-0.47313502652104944
-0.473729458222806
-0.47448570470442064
-0.4752151865719093
-0.47547074323483685
-0.477846398796828
-0.47838429364492185
-0.4785662666127791
-0.47864555462729186
-0.47867895094677804
-0.47926578142020543
-0.4806926575211037
-0.4810439703287557
-0.48204156970023176
-0.4845196746115107
-0.48651468893513083
-0.48729131611146254
-0.48789464531000704
-0.48797256186265836
-0.48869922986653236
-0.4907254625677524
-0.4914425202714483
-0.4928390327608213
-0.4932773116435985
-0.4935631035914412
-0.49389595625017624
-0.4941803307912778
-0.4943564194254577
-0.4954838292407138
-0.4960353914280667
-0.4962346186964876
-0.49672389103631887
-0.49743755410114926
-0.4978274296678137
-0.49979743013452543
-0.5025317338469903
-0.5031296811306675
-0.5032748085860577
-0.503291507717222
-0.5037065638009355
-0.5038451816886663
-0.5046561537310481
-0.5052145621739328
-0.5054207711715435
-0.5057176952767704
-0.5067767571114624
-0.5079493867466226
-0.50823048574643
-0.5085697071626782
-0.5088362001032303
-0.5097271452774293
-0.5106489116679532
-0.5108757006176012
-0.510948337521404
-0.5118375287856907
-0.5119009241720455
-0.5130980212208149
-0.513405844103545
-0.5142555019267294
-0.5147613017819822
-0.5151598684881863
-0.5158047134100798
-0.5160863865650234
-0.5160880993482553
-0.5177792241618804
-0.5186327816585877
-0.5189444120164568
-0.5193413868546486
-0.5207108169561252
-0.5227688461309299
-0.5229839567464831
-0.5244488143653143
-0.525409595042124
-0.5255080646375063
-0.5267073207767681
-0.527350434115347
-0.5280132056504954
-0.529249277053168
-0.5295961994367341
-0.5299077496331718
-0.5304760434955824
-0.5308996880670417
-0.5317170214321878
-0.532566202559974
-0.5332512980260488
-0.5336260966539971
-0.5340830178133079
-0.5344701139967785
-0.5346173528980996
-0.5347878481868816
-0.5356176249188138
-0.536040703766048
-0.5364193022251129
-0.5365228264223939
-0.536579426843673
-0.5366645146437804
-0.5369584650982654
-0.5376030486637589
-0.5379509932309803
-0.5381238701837984
-0.5392657752903082
-0.5395619341405109
-0.5401599563774653
-0.5403717350834215
-0.5411843889212998
-0.5433319628549119
-0.5445300056848542
-0.5450310070533305
-0.5451603904366493
-0.5460812275090979
-0.5467737733588365
-0.546967319077036
-0.5471388807572011
-0.5494558031196902
-0.5504168549086899
-0.5505957067551511
-0.5507165249126653
-0.550812253540951
-0.5510677565923996
-0.551159491924488
-0.5526912436577153
-0.5541016499579806
-0.5546580804470328
-0.5552785586462252
-0.5561117020552047
-0.5567825997455252
-0.5569087033509277
-0.5574489413760603
-0.5574794986227062
-0.5577254971023649
-0.558949522615876
-0.5597801079921838
-0.5608100867830217
-0.5614381301195615
-0.5616425042389892
-0.5627933185961511
-0.5630014733178541
-0.5631004848893588
-0.5632277935743332
-0.5638017022676649
-0.5645340353978099
-0.5648475750346051
-0.5650055349299995
-0.5651348349638283
-0.5654947514995001
-0.5659446242664542
-0.56673654159531
-0.5667998855931984
-0.5675346204079688
-0.5678027416113764
-0.5686844808224123
-0.5688189262824986
-0.5688280806534749
-0.5719382668446217
-0.5722840785620065
-0.5723617920652032
-0.5732482582097873
-0.573468218324706
-0.5736187784253465
-0.5746984072029591
-0.5764053808758035
-0.5766077469452284
-0.5767671605523598
-0.5768515838775784
-0.5775222185378274
-0.5776781679375008
-0.57773271007929
-0.5782717699039495
-0.5787924955283026
-0.579441421454595
-0.57959943645983
-0.5797418424597709
-0.5799250069620281
-0.5819143978025143
-0.582712225150317
-0.5829687481988609
-0.5839634732343256
-0.584335906120638
-0.5845117193336288
-0.5851833138614893
-0.5853902810153419
-0.5854138320783022
-0.5858987718044469
-0.5868540505456622
-0.5870244327323655
-0.5881106717445489
-0.5882287039858056
-0.5884511767576138
-0.5887274409469683
-0.5890242962787549
-0.5892297813443292
-0.589353462960571
-0.5893739820457995
-0.5897583485020732
-0.5904215474923452
-0.5905043015256524
-0.5906598478832166
-0.5919685518310871
-0.5923314002441027
-0.5926934875832457
-0.5929400211792778
-0.5942005962133408
-0.5942382159617929
-0.5949944420070905
-0.5950687658041716
-0.5953768577892333
-0.5963345781514923
-0.5966412830554569
-0.5970254650339484
-0.5992031798675834
-0.5995018072717357
-0.5996737628399084
-0.5999457606589064
-0.6000573750685102
-0.60120880805496
-0.6015803789099058
-0.6016941224224865
-0.6028081007922689
-0.6030530390689819
-0.6045902334153652
-0.6045918589893517
-0.6045959750452312
-0.6057670167763718
-0.6059002889785916
-0.6064771568801787
-0.6074843353126198
-0.6082817633238543
-0.6084869532933226
-0.6089801936122967
-0.6089926556684077
-0.6107376700738314
-0.6114288150332868
-0.6116730717694736
-0.6123287044814788
-0.6138627826236188
-0.6140145435929298
-0.6148196403783831
-0.6149056916474365
-0.6156828724197112
-0.6167434950669607
-0.6178652700036764
-0.6179927645328765
-0.6184243445750326
-0.6186810029507291
-0.6188812943679901
-0.6195115038509746
-0.6204605965947849
-0.6212739872116799
-0.6212915864566134
-0.621618754696101
-0.6217714065666465
-0.6240357457233282
-0.6253945337278614
-0.6255710594526206
-0.6280992498452013
-0.6293126679900525
-0.6296845753095113
-0.6305031593397467
-0.6308206877554767
-0.631119295126862
-0.631414650590159
-0.6323711131032204
-0.6324096998224766
-0.6324371294118464
-0.6328228440787436
-0.6329644792195823
-0.6350748059963475
-0.6356332975439727
-0.6359408425697539
-0.6362780458877231
-0.6363539793116312
-0.6368307154431628
-0.6381937315066656
-0.6384630474308506
-0.6391407355355719
-0.6392438221519114
-0.6403924042048553
-0.6416234211064875
-0.6422394816119257
-0.6424046272683578
-0.6425264200159291
-0.6449857370794884
-0.6456299194962614
-0.6462483498267829
-0.64712596219033
-0.6474382172649106
-0.6487051262854948
-0.6489815078417046
-0.6499319846431414
-0.6505131041340064
-0.652025690128034
-0.6526420032605529
-0.6545079754578182
-0.6545774659575222
-0.6553483555726416
-0.6555729255662299
-0.6559253300783894
-0.6570492127910257
-0.6584603444347158
-0.659500096179545
-0.6614684447170779
-0.6615004105759519
-0.6618290729903882
-0.6660860918782419
-0.6685227075649891
-0.6685297131276456
-0.6686632726341486
-0.6704591368325055
-0.6711907080066989
-0.6735698853852228
-0.6740224837703863
-0.6744009013766319
-0.6744867863857912
-0.6746500262136882
-0.675143441837281
-0.6756449119736013
-0.6764629237353802
-0.6767059754347429
-0.6778562731633428
-0.678383564518299
-0.6818784514018716
-0.6821889595982308
-0.6830280007779947
-0.6845277391374112
-0.684649311344732
-0.6858193193232486
-0.6871723767059544
-0.6874583684340385
-0.6887726879352704
-0.6891723480075598
-0.6911966579034925
-0.6924733658010761
-0.6928088891509105
-0.6930348254856653
-0.6931991726160049
-0.6936813605818315
-0.6936875813873484
-0.6945407961960882
-0.6945437209215015
-0.6952269354602322
-0.6956491026515141
-0.696413493307773
-0.6965706195672586
-0.6978189920460304
-0.6982002443530493
-0.6995125085115432
-0.7002318497333262
-0.7027150648355018
-0.7044815465342253
-0.7057477521840545
-0.7068482374112742
-0.7087866866320838
-0.7090902614649027
-0.7107426230407631
-0.7108314212438507
-0.711951551415647
-0.7123413244029507
-0.7128541751631668
-0.7130574012796084
-0.7133469209074974
-0.7144202167733705
-0.7145435716956854
-0.7150049994185489
-0.7157462000614032
-0.7158923029589156
-0.7173124407418072
-0.7205697422032245
-0.7223982872507934
-0.722875465080142
-0.7233486908122099
-0.7251560198076602
-0.7256619731585184
-0.7258844871073962
-0.7272960077243624
-0.7275542066432535
-0.7281556084053591
-0.7296964056789875
-0.7320371043169871
-0.7339082888138364
-0.7340105267552038
-0.7347306654489026
-0.735587789710345
-0.7361398033797741
-0.7368998025943126
-0.7373874709010124
-0.7400796328341434
-0.7414539097808301
-0.7430598897238573
-0.7458057816450795
-0.7464496941878073
-0.7471673806197942
-0.7478838330121675
-0.7503453545671489
-0.7507669380533376
-0.7512991149107822
-0.752029928175034
-0.7536791422947621
-0.7558153320569545
-0.7559410326182843
-0.7584921504104776
-0.7585675954016753
-0.7596147172152996
-0.7599061209475622
-0.7603722658347
-0.761342137074098
-0.7614459726771909
-0.7623055705800652
-0.7643934585619718
-0.7646819154955059
-0.7647795517928898
-0.7651015046052635
-0.7660043567804427
-0.7674361719255103
-0.7706046920269728
-0.7713535711324211
-0.77295152197725
-0.7735565751791
-0.7745455828428801
-0.7746023798619197
-0.7748704215744511
-0.7750686466577463
-0.7773165536976497
-0.7775782407261431
-0.7776178866590726
-0.7787751349193665
-0.7793009580345824
-0.7798589733951115
-0.7815462147118524
-0.7827131442532441
-0.7835426198629042
-0.7840932028615498
-0.784426969505148
-0.7864125164435661
-0.7867213825229555
-0.7875615730216461
-0.7879476929083467
-0.7889038978144527
-0.7895866483449936
-0.7898530340462457
-0.790439993981272
-0.7905189502052963
-0.7923737727105618
-0.7925605620257556
-0.7959670193631609
-0.7962610993667373
-0.7963846020575147
-0.7968842146219686
-0.7970726446365006
-0.7982108132564463
-0.800245471897402
-0.8023558403542016
-0.8053855765610933
-0.8066332230654163
-0.8073397440020926
-0.8081878149241675
-0.8092461079747105
-0.8094201032072306
-0.8098967686860955
-0.8109511683384577
-0.8117019809782505
-0.8144938666373491
-0.8157296052244916
-0.816403782555426
-0.8175029289908707
-0.8175612427090527
-0.8205480369506404
-0.8205871782265604
-0.8207767107756808
-0.820927285036305
-0.8227189183235168
-0.8232310214856019
-0.8235513580896493
-0.826463171798322
-0.8291163244284689
-0.8293813384176852
-0.831733232611441
-0.8334253511275165
-0.8387361526489258
-0.8393048949219519
-0.8414951127953827
-0.8447959834690361
-0.8466306391637772
-0.8471710940357298
-0.8483769219213476
-0.8489306537168366
-0.8515749349462567
-0.8516638614237309
-0.8538154847296288
-0.8549440838396549
-0.8553992751258193
-0.8565790781751275
-0.8588494459788004
-0.8598690830403939
-0.8627194408327341
-0.863468483556062
-0.8640240679184595
-0.8674813221053531
-0.8678713897243142
-0.86836804933846
-0.8689814824610949
-0.8690574131906033
-0.8698066715151072
-0.8704244239488617
-0.878835932824586
-0.8791030880965991
-0.8831450349905274
-0.8849243968725204
-0.8855100738042633
-0.887921792268753
-0.8913758549897466
-0.89316725730896
-0.8984341025352478
-0.9006314634655913
-0.9017186930432217
-0.9034641568238536
-0.9068841060482858
-0.9088588959732858
-0.9112321472590944
-0.9114221101917792
-0.9167785274657945
-0.9169520415365696
-0.9180137263683719
-0.9189373966306448
-0.9196462713181972
-0.920376870315522
-0.9231764983851463
-0.9234283551573753
-0.9242716208100319
-0.9271933175623417
-0.931230347516248
-0.9377425568721568
-0.9403388917999109
-0.941515389084816
-0.9434416885545943
-0.9510641507804394
-0.9532786383642815
-0.9534875139128417
-0.9548617851920426
-0.9558520152204437
-0.9560742999116579
-0.9579319668167349
-0.9579398949474125
-0.9580896808765829
-0.9603107819954554
-0.9629846018201028
-0.9646079801023006
-0.968500379472971
-0.9744368468721708
-0.9770842844445724
-0.9789958491289455
-0.9815552135308584
-0.9886169520517191
-0.9940454381923902
-0.9976471904665232
-0.9981644298467371
-0.9992262025674185
-0.9994187796421882
-0.999960720539093
-1.001239417385867
-1.0032621572415035
-1.0070684949556987
-1.0086298671861489
-1.0097957216203213
-1.0153471605153754
-1.0156812204255
-1.0188090995507082
-1.0207414676842745
-1.0224961936473846
-1.0237713896785863
-1.0284505870113207
-1.0290048303237807
-1.0303334953496233
-1.0440549353908863
-1.0468361751658708
-1.0473252556810622
-1.0484353819823202
-1.0495080948652078
-1.0518699475447648
-1.053665492683649
-1.0579004001338035
-1.0591522380709648
-1.0641745626926422
-1.0657415078021586
-1.0743599961667012
-1.074385091662407
-1.0758509835369685
-1.075866161032796
-1.0823695013920467
-1.0846205128182191
-1.0854023158317432
-1.0872833381096523
-1.090022161602974
-1.0904206782579422
-1.0934795027133077
-1.0960069429129362
-1.1039420359302312
-1.1073724571615458
-1.1124528249104817
-1.113452156384786
-1.1196070402899447
-1.1275239785512288
-1.1316385436512064
-1.144239963653187
-1.1526447599753737
-1.1530837087581556
-1.1597333292011172
-1.1600982280215248
-1.163481086725369
-1.163574895792408
-1.174878641788382
-1.1756639146478847
-1.1796652625004451
-1.1938617803389207
-1.1940737962722778
-1.2101352625977597
-1.212630286347121
-1.214112920477055
-1.2150524209777358
-1.218374326825142
-1.2216703779995441
-1.2294745831750333
-1.2341524908939998
-1.2368138134479523
-1.2402116222074255
-1.2457757540396415
-1.2475940383592388
-1.249611402013605
-1.2512133922427893
-1.2615652283808838
-1.2725042367965216
-1.2731176283032255
-1.2790997990135413
-1.2791564650979126
-1.2871434302069247
-1.2890014847119649
-1.3040532292798162
-1.3059154252211254
-1.3135685324668884
-1.3222196319450934
-1.3270701365545392
-1.3384069299791008
-1.3420025433103244
-1.3430847525596619
-1.3464831113815308
-1.3593729734420776
-1.3629141959827393
-1.3652200641499803
-1.3671233654022217
-1.3694844243946136
-1.373819458676735
-1.3742013277951628
-1.3883364895979564
-1.390028641144454
-1.3937989653398593
-1.3951703310012817
-1.3969244162241619
-1.4050055676198099
-1.407889485359192
-1.414320906958892
-1.4197637180459424
-1.426006719470024
-1.4420283907093108
-1.4744773690278332
-1.4755520888138562
-1.4759084495405357
-1.4774484634399414
-1.4831072912493255
-1.4833244134982426
-1.4868495841510594
-1.487336773891002
-1.4922639364376664
-1.4956044852733612
-1.503103457391262
-1.5055961478501558
-1.5137430931790732
-1.5141331202248693
-1.5169014930725098
-1.5177907968560855
-1.521825208212249
-1.522677579894662
-1.5235389719406764
-1.5247230231761932
-1.5261736978078262
-1.5416297279298306
-1.5483881233609282
-1.555774886510335
-1.5569347701966763
-1.5693843175734703
-1.5746143857638042
-1.5808345153927803
-1.5845871831552358
-1.5859528556466103
-1.5891991835087538
-1.5998259381158277
-1.600060760974884
-1.6022555455565453
-1.6059017678101857
-1.6085861809551716
-1.6101954977493733
-1.6160567083085577
-1.6232550702989101
-1.624348297715187
-1.6359565258026123
-1.6530441641807556
-1.6587795168161392
-1.6716321110725403
-1.6826092996634543
-1.6983831685171027
-1.7004759746487252
-1.700832486152649
-1.7131583648733795
-1.720160722732544
-1.7226100153056905
-1.7531709571679432
-1.7635526061058044
-1.785075616304918
-1.8187274932861328
-1.8188260346651077
-1.8223534636199474
-1.8395952144637704
-1.8434487581253052
-1.8523047268390656
-1.8685356001369655
-1.8895005285739899
-1.8896261416375637
-1.9362380504608154
-1.9474630951881409
-1.9537503719329834
-1.9917622852760057
-1.9930458068847656
-2.0021631438285112
-2.010721206665039
-2.011933445930481
-2.0184533447027206
-2.038749316610241
-2.059152126312256
-2.060586929321289
-2.062224963059028
-2.0874167680740356
-2.0907772898984454
-2.102553859896337
-2.103374323186775
-2.112631320953369
-2.138696535897907
-2.144743502140045
-2.1665379107168214
-2.171527268132195
-2.1775513887405396
-2.179667592048645
-2.189883914674283
-2.1940503120422363
-2.2201194763183594
-2.2588497400283813
-2.2946428079303587
-2.296237130959829
-2.322262763977051
-2.3289499282836914
-2.3512150049209595
-2.370647132396698
-2.3946728308025436
-2.396841138601303
-2.401250241945187
-2.437958108377643
-2.4649693369865417
-2.5082054138183594
-2.5324894189834595
-2.534269705414772
-2.6362067840527743
-2.674686129845213
-2.7082836157642305
-2.7566677927970886
-2.8008549585938454
-2.8390130257854858
-2.8478122825423875
-2.869736402783019
-2.8882858040742576
-2.9709784388542175
-2.9776517748832703
-3.004530668258667
-3.03880945709534
-3.086784412019673
-3.0871118307113647
-3.1109960079193115
-3.123490333557129
-3.129072349416674
-3.148270010948181
-3.16852068901062
-3.2906946989241987
-3.305407255444152
-3.316497128456831
-3.3615206480026245
-3.381930385658052
-3.4057074785232544
-3.46039080619812
-3.5236079692840576
-3.631820903508924
-3.7009074687957764
-3.7537219524383545
-3.7835376262664795
-3.7954573060269468
-3.801190009864513
-3.8938178319561607
-3.917350113741122
-4.091515491406123
-4.105814583017491
-4.121938479443391
-4.136269514759381
-4.218665877022431
-4.332773447036743
-4.5019844439812005
-4.670998016993205
-4.7563650333322585
-4.780306577682495
-4.883194923400879
-4.937465727329254
-4.956940948824922
-4.9966416145907715
-5.053985731035937
-5.333092451095581
-5.507677624002099
-5.542064683046192
-5.628388404846191
-5.6524067371938145
-6.02344536781311
-7.6966776847839355
-8.343904972076416
-8.401493072509766
-8.429974555969238
-8.460172653198242
-8.804965019226074
