-0.0018976782448589802
-0.006121966638602316
-0.03261875283559285
-0.07949449308216572
-0.11139764702329558
-0.12793197319842875
-0.1349514308506817
-0.1453846281627193
-0.1692577405134216
-0.17899568320717663
-0.19246524727592865
-0.19801220653607743
-0.20991774608514138
-0.21166305050220607
-0.22322310030410467
-0.2287834088007609
-0.22907430420355013
-0.23466337099671364
-0.24380273872138786
-0.24759699980495498
-0.24807224120013416
-0.2527132127434015
-0.2661405333039713
-0.26830412762637934
-0.2724764644699462
-0.2884570802183589
-0.2918743965287831
-0.29473280895035714
-0.3098535995398249
-0.3151509776297543
-0.3166924964503518
-0.32214134217550355
-0.3254379628924653
-0.34126532168738777
-0.34651495695834456
-0.3514684570995996
-0.3611263361902026
-0.36421021411519583
-0.36463103315922624
-0.36510963049901574
-0.366728725417488
-0.3679409892564373
-0.3681383244693279
-0.37160769541715655
-0.37550319250494796
-0.3761646747653786
-0.378918668532216
-0.37975790072232485
-0.38021440473080886
-0.3834911613404984
-0.38570355450631016
-0.38667148797373685
-0.3923273439036815
-0.3932416361138408
-0.39611958865342295
-0.39868679863718626
-0.3998457008492551
-0.40009433117384935
-0.4013830010912248
-0.40394588729577663
-0.41086113478741026
-0.41180954079795307
-0.41378249808462897
-0.4158852086402476
-0.4213382601737976
-0.42531454598065466
-0.42867851108312605
-0.4291934496360367
-0.43009407135347527
-0.43268126197381207
-0.4354291672952968
-0.43840534206246956
-0.4396904557858891
-0.446193273703102
-0.44774591360474003
-0.4484090548422601
-0.45152626999833956
-0.4517672694924436
-0.45180120994336903
-0.45300586029894807
-0.4542382406660181
-0.4608379533331432
-0.4627027323262559
-0.46442532316723373
-0.46526944875186016
-0.4673506760053796
-0.46830471989233047
-0.4712690249107254
-0.4713468764510051
-0.4730746539309621
-0.47334845960140226
-0.47614740058779714
-0.47646844267692356
-0.4766198689980229
-0.48237076783194566
-0.48461923241201377
-0.48494582625571636
-0.4863789954947101
-0.48763056142654804
-0.4889262469485402
-0.4897726979500021
-0.49042964892901686
-0.4909468265250315
-0.49341619826320987
-0.495577689667698
-0.4974129536920892
-0.498589358641766
-0.5009213558354532
-0.5041525392637899
-0.5045861572027206
-0.5066911540925503
-0.5071820284618298
-0.507182594551624
-0.5082778148776428
-0.5086792701048479
-0.5089539808927672
-0.5168165430012677
-0.5192638811276993
-0.5193821775261313
-0.5214582308476565
-0.5226225921289369
-0.5232091110316105
-0.5234870254789712
-0.5243543439363647
-0.5249838477000595
-0.5280440914484643
-0.5292139164525906
-0.529488840373233
-0.5315995762124658
-0.533097310612599
-0.5342452004551888
-0.5359066974825899
-0.5375204176060444
-0.5378334637873474
-0.5400582822432611
-0.543311060943849
-0.5440043326363795
-0.5459734576467711
-0.5478723730193451
-0.5481853934211863
-0.553584210621193
-0.553817966976203
-0.5548582983649865
-0.5551068993285299
-0.5564338341355324
-0.5568564580753446
-0.556988911651994
-0.5584442279662957
-0.558530944385388
-0.5595990806468762
-0.560529629244229
-0.5606204109863029
-0.5617301019936276
-0.563687045253937
-0.5645236389282218
-0.56473721900127
-0.5649538529622886
-0.5658496311865747
-0.5666495338082314
-0.5667667979646972
-0.5701668387278914
-0.5715558496303856
-0.5725072504696436
-0.5726634203951108
-0.5736852038530742
-0.5743926375187585
-0.5749200588713089
-0.5764350067361698
-0.5778957780014025
-0.5781073195576028
-0.5782663631835021
-0.579379569876685
-0.5817190652014688
-0.5827182428794913
-0.5831729546189308
-0.5843976949214597
-0.5849308371543884
-0.5852425179669045
-0.5856343357823789
-0.5860454306937755
-0.5871310183364484
-0.5872725503897527
-0.5900820254348218
-0.5905238146938029
-0.5928557001882129
-0.5934522167710383
-0.5981558217400951
-0.5983680421367126
-0.6006233667333921
-0.600765614697189
-0.6011443683877588
-0.6014683995163068
-0.6033131399344711
-0.6041712363560995
-0.6061942958302098
-0.6068230085074902
-0.6071545886225067
-0.60920112646584
-0.6096825883335745
-0.610940249049842
-0.6139678352046758
-0.6169126482254796
-0.6180463979641596
-0.6189703256444773
-0.6200085163445157
-0.6212623466483571
-0.6231820613756182
-0.6252261226807055
-0.6256540521447148
-0.6272979321656749
-0.6298518965947247
-0.6302760322154923
-0.6334086979622526
-0.6356602430096245
-0.636623699644891
-0.6370657650162078
-0.6383358972525457
-0.6387868179008365
-0.6388847620623376
-0.6402616787290754
-0.6404371513053775
-0.64311060635373
-0.6449247826223856
-0.6459313668310642
-0.6459937365104073
-0.6475748096459678
-0.6484499835914903
-0.650444782874547
-0.6515692084794864
-0.6537505710790952
-0.6555963594364584
-0.6581292049129829
-0.6600617616977615
-0.6611020544078201
-0.6623986659385264
-0.6625650561957931
-0.6628242582082748
-0.6654845472552221
-0.6664459070630578
-0.6665069308882166
-0.6669386732581986
-0.6671380001519408
-0.6674525908061436
-0.6676982539735036
-0.6706495390411594
-0.6714002070762217
-0.6754136383533478
-0.6777461141787676
-0.6779149401649509
-0.67875057696765
-0.6811829688553901
-0.6813885415438549
-0.6822487701429054
-0.6827348931692541
-0.6833988003976023
-0.6847771980932781
-0.6872641493876775
-0.6887490397057263
-0.6887634287122637
-0.6889149686321616
-0.6890265851416189
-0.6899859469849616
-0.6907022361244474
-0.6909201256353299
-0.6933360969026884
-0.6935484481888124
-0.6958229914307594
-0.696076643516426
-0.6985604963403219
-0.7011887314064162
-0.7021548499663671
-0.7053536998961741
-0.7097555992659181
-0.7140927094966173
-0.7141270743062099
-0.7179791554606155
-0.7187538951634679
-0.718980165819327
-0.7210153181003989
-0.7216516742482781
-0.7227662159621104
-0.7240826046202832
-0.7250917693600059
-0.7263623897131766
-0.7265470996003387
-0.7305864542722702
-0.7315956113646583
-0.7347772390581667
-0.7370319093111888
-0.7382478471333039
-0.7383397055672987
-0.7384504824876785
-0.7384617167214552
-0.7393658662447692
-0.7401353013184335
-0.7406177470256807
-0.7413178877905011
-0.7440578180708384
-0.7448228493332862
-0.7449135091155767
-0.7481944171246141
-0.7488586238715536
-0.7498212233185768
-0.7520186321188324
-0.7525810714190205
-0.7534648701548576
-0.7556277085095644
-0.7585803126258885
-0.7604196786880493
-0.7608152291151782
-0.76856360557859
-0.7692782575743169
-0.7699153586756438
-0.773972622215903
-0.7742026752481858
-0.7758164688944816
-0.7783182446977922
-0.7795722928648401
-0.7808478432042258
-0.7845742657780648
-0.785613723927074
-0.786049380840268
-0.7880778898085866
-0.7895072255050763
-0.7901329760040555
-0.790397386731846
-0.7915621242848121
-0.7962886992841959
-0.7969611135130334
-0.8021311235747167
-0.8071547001600266
-0.8094331179208194
-0.8108972882231077
-0.8133568286895752
-0.8146367392369679
-0.8168618354414191
-0.81866036914289
-0.8200059473929286
-0.8204492468919072
-0.8217609663094793
-0.8257474732111275
-0.8323919624090195
-0.8333842864570519
-0.8338741531595588
-0.8399483529584748
-0.8411011441665537
-0.8432812094688416
-0.8487516046880046
-0.8492011214824515
-0.8500537872314453
-0.8513112642935344
-0.8546218872070312
-0.8591006971999176
-0.8603284492024353
-0.8615359298086592
-0.8620258813520195
-0.8638785555958748
-0.8675102715690931
-0.8687887688477834
-0.8688300780951976
-0.8689833457271258
-0.8734538331623298
-0.8760374739233937
-0.876380523640546
-0.8799896931071999
-0.8959917342884486
-0.896348825097084
-0.8994010061025619
-0.9004938447916564
-0.902687191141821
-0.9043032609313539
-0.9058529115951387
-0.9107804745435715
-0.9119192331927479
-0.9127991050481796
-0.9182352697680471
-0.9187484608652691
-0.9195741568692029
-0.9208056728045145
-0.9230389478616416
-0.9237512706448407
-0.9263247015575568
-0.9284528742233912
-0.9337543139699847
-0.9338467316702008
-0.9369224905967712
-0.9383433467398087
-0.9399119538720697
-0.9474185841596302
-0.9508761084638536
-0.9511725541487976
-0.959203927218914
-0.959896445274353
-0.9601699604342381
-0.9604369597509503
-0.9645181993643442
-0.9699705160261752
-0.9709570837439969
-0.971562385559082
-0.9737244719040713
-0.9777914205832141
-0.9783546626567841
-0.9785896386682192
-0.9824268619219462
-0.9832186437803708
-0.9837658083270071
-0.9898145139850385
-0.9929985668044538
-0.9949535429477692
-0.9949740543961525
-0.9974833652377129
-1.0029111069937546
-1.007194754978021
-1.0101478544862144
-1.0124107151573298
-1.0162185735107414
-1.019582121723215
-1.0251859873142166
-1.027111617848277
-1.0316296238452196
-1.0328836426138879
-1.0340836088483532
-1.0360888328868896
-1.03816940014561
-1.0385179114333976
-1.0500454157199783
-1.050990038861831
-1.051615655524074
-1.059437026323091
-1.064383435009707
-1.0738931794961293
-1.0835419446229935
-1.0930252792659303
-1.0938233971595763
-1.09457305832766
-1.1023343682289124
-1.1039715905984242
-1.1051818691194057
-1.112107664346695
-1.112866884097457
-1.1164558132489522
-1.1218815811444074
-1.146275594830513
-1.1474811534086864
-1.1528386771678925
-1.1562800779938698
-1.1802611722766112
-1.1815658137202263
-1.1840428900904953
-1.1895901322364808
-1.1954056188696995
-1.1979083167389035
-1.2187908867839723
-1.2242637321352958
-1.2255459427833557
-1.2299350184388458
-1.23218992476662
-1.2334875064316293
-1.2352650165557861
-1.23743869860967
-1.2478970885276794
-1.2482891082763672
-1.2516960203647614
-1.2582209706306458
-1.2619542080210522
-1.2717113364487886
-1.27757203951478
-1.2841559499502182
-1.2850393056869507
-1.295197769999504
-1.2967861759243533
-1.2976054437458515
-1.2989243529736996
-1.302224040031433
-1.3092470751143992
-1.311821582261473
-1.3141909025609493
-1.3185798875987529
-1.319518447155133
-1.3255151033401489
-1.3287090915920479
-1.32938292901963
-1.3305218815803528
-1.3354139626026154
-1.3367882519960403
-1.3393208527122624
-1.339355076663196
-1.3434215442393906
-1.3436402082443237
-1.3492222266892593
-1.3498073443770409
-1.3521361351013184
-1.352707017911598
-1.3544316007755697
-1.3598575765887897
-1.361339833199357
-1.3645914793014526
-1.3663837519241497
-1.3682263912633061
-1.3722379207611084
-1.3726206235587597
-1.3809844103408977
-1.3873745705932379
-1.3897945582866669
-1.3916687667369843
-1.3922508855660756
-1.399426892385236
-1.4079761505126953
-1.4133189171552658
-1.4173074290156364
-1.4199118666583672
-1.4210500717163086
-1.4231113540008664
-1.4237453937530518
-1.424150750041008
-1.4262520223855972
-1.428617537021637
-1.4335146695375443
-1.4557292761746794
-1.458352003911776
-1.462271955423057
-1.464451864361763
-1.464459220568339
-1.4693902730941772
-1.4775420911610126
-1.4800577461719513
-1.4825206995010376
-1.486344337463379
-1.5010024785995484
-1.502668264467502
-1.5069377198815346
-1.5248612754512578
-1.5266217430180404
-1.5313735961914063
-1.542493562369297
-1.5593646261258982
-1.5632184743881226
-1.585037714568898
-1.6090242862701416
-1.610387608408928
-1.636287768681844
-1.7006441354751587
-1.717014029622078
-1.7186077237129211
-1.732479174931844
-1.7335757613182068
-1.7396645148595173
-1.7397525354421564
-1.75430389183263
-1.7577211782336235
-1.7706379437004216
-1.775539681315422
-1.8041686415672302
-1.8449397087097168
-1.8455168229993433
-1.876168636372313
-1.8915482626762241
-1.892226129770279
-1.8932946920394897
-1.9132253527641296
-1.9140876829624176
-1.9457095464070637
-1.989519864320755
-2.009099460556172
-2.0128559271494546
-2.0372328758239746
-2.0400543212890625
-2.0684293465067944
-2.0900084376335144
-2.1018651388585567
-2.105822443962097
-2.131601254145304
-2.1425272300839424
-2.1549764201045036
-2.1606501929927617
-2.2693991661071777
-2.3705195150105283
-2.402411460876465
-2.419476814374017
-2.542089283466339
-2.562068044735497
-2.787132501602173
-2.8265894651412964
-2.827380135189742
-2.8313427567481995
-3.110297421575524
-3.3275991678237915
-3.4740278521785513
-3.7280024251667783
-3.9422272405354306
-4.084929466247559
-4.807665125001222
-4.853720664978027
-5.4263458251953125
-6.517462730407715
-7.012601852416992
