-0.0004839305365749169
-0.0012367651725071482
-0.0019921544382668797
-0.003307925086119212
-0.0037893004482612014
-0.004054710345371859
-0.005181455228012055
-0.006321273108672661
-0.006513740459922701
-0.006601969459249328
-0.007070409709639434
-0.007868366923099125
-0.007888125346289599
-0.008415453834459186
-0.009025999257573858
-0.00970177130915949
-0.010719417371001327
-0.010883196497161407
-0.011392781918402761
-0.011401467202085768
-0.012033168639754876
-0.012680095067480579
-0.01286727263747404
-0.013240127984317951
-0.013322441308264387
-0.013438149590607887
-0.013958897305807719
-0.014162130188196898
-0.015546116589878997
-0.015547739783263145
-0.01564709225961754
-0.016214888348865013
-0.016671970067545772
-0.017322917468845844
-0.01789165078662336
-0.01924981561023742
-0.021804940595757216
-0.0250144690896074
-0.02510355113513975
-0.028976846204993006
-0.029570799611974508
-0.032376462942920625
-0.03542898801388219
-0.03891855158872204
-0.040609092847444114
-0.04127373550242434
-0.049863065504723636
-0.05189904853856812
-0.05237427307292819
-0.05243989910619954
-0.059256507200188935
-0.0611055764725279
-0.06271721768716816
-0.06444867141544819
-0.06782397406641394
-0.07319977964652935
-0.07476765696628718
-0.07816347442567348
-0.07825283093344686
-0.07970558296905697
-0.08091187602258287
-0.08265179799248774
-0.08311449962202459
-0.08635931213696797
-0.09021391427959316
-0.09325698451963642
-0.09467488657828653
-0.09726899422821589
-0.09768347365024965
-0.10018031613839816
-0.1013201782738583
-0.1045411812540676
-0.10473525994166266
-0.10507727732765489
-0.10725673696724698
-0.10861672834624186
-0.11053740374627523
-0.11157332042542596
-0.11432962864637375
-0.11536685227959727
-0.11660510516958311
-0.11696182658696282
-0.11754379726860659
-0.11845044968649746
-0.12014233677958448
-0.12468865351984278
-0.12489344354253262
-0.12648651787094423
-0.12704695586560114
-0.12838978235959075
-0.1284810827637557
-0.12901204451173953
-0.12964582132796446
-0.12964720425661652
-0.13026673969216063
-0.1318726528469207
-0.13323598259012215
-0.13365346755433297
-0.13475199849854108
-0.13596793325195905
-0.13778010075727182
-0.138907683295353
-0.1395772006799234
-0.1397654687154702
-0.13994173785588254
-0.14020332937045504
-0.14573547917534596
-0.1469828535337001
-0.15299146140459924
-0.15356576240312145
-0.1573956294450909
-0.15943413986257693
-0.16430021144068715
-0.16753510250903977
-0.1685286718480851
-0.17076038976665586
-0.17102546427262813
-0.1718182951370295
-0.17189774386739978
-0.1722456455164493
-0.17246355927688586
-0.1726679985389756
-0.17283523579438528
-0.17370103897247874
-0.17530928658197809
-0.1797873813733791
-0.180620147302155
-0.1817042810223592
-0.18321962416070164
-0.1848095392816731
-0.18533088257202138
-0.1857733106473326
-0.186023558574644
-0.18607019649183107
-0.18688229626111155
-0.18689345848005082
-0.1879397381895355
-0.19133281280619485
-0.19162023242897702
-0.19255887045073905
-0.19361832210900806
-0.1938650298613572
-0.19425207056337968
-0.19458300867855932
-0.19558629296287627
-0.199976822670405
-0.20092767350641744
-0.20160096061105529
-0.20195122270767266
-0.20218303516157904
-0.20471903342387612
-0.204790527621905
-0.20582740924631557
-0.20608819415792823
-0.20631121482559442
-0.20673742117143143
-0.20677328551294957
-0.20709794016147498
-0.20993157951452304
-0.21009383971744683
-0.21094111891995584
-0.21115516444842797
-0.21159839077693135
-0.21160256024450064
-0.21175165550731537
-0.21208936601760797
-0.21340767104993574
-0.21352043019776995
-0.2154817179825841
-0.21594388197700026
-0.21747359420723197
-0.2180822646866242
-0.2184183366887737
-0.21905425742806983
-0.21950733207631856
-0.2195366761770856
-0.21987030702534274
-0.22009052912574628
-0.2213255121608269
-0.22283500564223382
-0.22325805365107954
-0.22352730052080005
-0.22560459697286625
-0.22608549163366357
-0.22694625805265137
-0.22696549398824573
-0.22742071721909773
-0.22965469433499588
-0.22999716285407126
-0.23142817789422615
-0.23319370180252008
-0.23504817562643437
-0.23662953492021188
-0.23670862136641518
-0.23890425384161063
-0.23907959297745643
-0.2406387223742898
-0.24069212988615618
-0.24294273993417964
-0.24367717081414803
-0.24429633813754967
-0.24721839043518734
-0.24800329318968578
-0.2517135609315509
-0.25176155803325984
-0.2553663847502321
-0.2553998793446226
-0.25565338193174003
-0.2561466036713682
-0.25638426884142973
-0.2573831763916782
-0.2580285184085369
-0.25914288245581296
-0.26026342616933107
-0.26081298608422304
-0.26137928437990765
-0.2639958249637857
-0.26456034812144935
-0.2659056252927662
-0.2679326478391886
-0.2716297700535506
-0.2740196210569203
-0.27432131555397066
-0.27498815381633385
-0.2752600824626695
-0.2754479654424358
-0.2757795007588963
-0.2775256642125896
-0.2784785996856434
-0.2788407176504782
-0.2797647790896008
-0.28030680562369525
-0.28093072390183804
-0.2818160833687418
-0.2822568176896311
-0.2826865669339895
-0.28392593436486396
-0.28438732701470143
-0.2844199874724092
-0.28479898870379355
-0.288876590383653
-0.29011203860864043
-0.2913779731839895
-0.29319289984414354
-0.29362347195651467
-0.2937347824074095
-0.2940361503351596
-0.29429609852959404
-0.29584175162017345
-0.2969004404472394
-0.29697853076504543
-0.29856752714840695
-0.2994606728769011
-0.2995088516268879
-0.3001456074998714
-0.3009470191651157
-0.30112660489976406
-0.30325259154196826
-0.303766647043085
-0.30388406358127085
-0.30406094091013075
-0.30443902565166353
-0.3045725632691756
-0.3046395377374817
-0.306117426790297
-0.3066237076127436
-0.30680186465340537
-0.3073799828271149
-0.307525235414505
-0.3076992841437459
-0.30839194021084243
-0.3095381530999605
-0.31011977558572607
-0.3111892533255741
-0.3114999371270339
-0.3121559134218842
-0.3123268191702664
-0.3132112081980267
-0.313892456702888
-0.3140979426760168
-0.3150993722156272
-0.31539707400967015
-0.3156023647056827
-0.31635546647012236
-0.31771053376308245
-0.3180114059858689
-0.3205476575143014
-0.32092198870959693
-0.32152455020695925
-0.3226775761868339
-0.32316690345760435
-0.32328554772539064
-0.32386920780845685
-0.3239430431895016
-0.3246549567673355
-0.3247421085834503
-0.32547549533192066
-0.32740551432652865
-0.3274451422621496
-0.3275634540283742
-0.328336456474582
-0.32881341096945105
-0.3288530707440158
-0.3296284897951409
-0.329932473222046
-0.3303330200586869
-0.33131329631129014
-0.3313551447871659
-0.3326507948397193
-0.3333303316976526
-0.33361044210905677
-0.333962569758296
-0.3350371745200391
-0.3353482341626659
-0.33570426508085804
-0.33708302620216274
-0.33760771714150906
-0.3380601799322499
-0.3395340934548585
-0.34046352498080523
-0.34113478410581594
-0.3411693641683087
-0.3414347161804991
-0.34152189661981536
-0.3426893332944019
-0.34578659421660835
-0.34597093782940647
-0.34600035796756856
-0.34629808608442547
-0.3470367578265723
-0.3471873195376247
-0.34734031250700353
-0.3473736803446497
-0.3484694417566061
-0.3489782702421912
-0.3495230846456252
-0.3507500053716025
-0.3508407796252868
-0.35101958027807995
-0.3524286883730383
-0.3524558546137996
-0.3532677956132425
-0.35547238059007213
-0.35596081193871215
-0.3564764687092975
-0.3575152197096031
-0.3576159290969372
-0.3583996720327478
-0.3587510216748342
-0.3593148408191545
-0.35935452273115515
-0.35948891314910725
-0.3605447045216958
-0.3611067100428045
-0.3614624610470076
-0.3626783886990909
-0.36435097761568613
-0.36519171844702214
-0.3652505310019478
-0.3653550815070048
-0.3659936337848194
-0.36627865445576996
-0.3665227110290693
-0.366765523989064
-0.3676256858743727
-0.3677905350923538
-0.36807916002799174
-0.36811500636395067
-0.36879434873117134
-0.369148217124651
-0.36994536066049477
-0.3726252559572458
-0.3730096879492824
-0.37336824473459274
-0.3747125558787957
-0.3747425746405497
-0.37574225367279723
-0.37696473215085763
-0.3776047233492136
-0.37792518206697423
-0.3780235860289799
-0.3785085203242488
-0.3786952382249113
-0.3795032419397363
-0.37999261713897187
-0.38198601840537905
-0.38251580647192895
-0.3825434135893981
-0.38450711825862527
-0.3861952547216788
-0.3868590977508575
-0.3872687136899913
-0.3873128090053797
-0.3874777940509375
-0.3876032263797242
-0.3876487504000709
-0.3905356093697871
-0.3914024209661875
-0.3914344017393887
-0.39221785315312446
-0.39391700035360244
-0.3954242405792077
-0.39570836636266904
-0.39849966304027473
-0.3992872136645019
-0.4000095800962299
-0.4002504287753254
-0.4016541330856853
-0.4025876797531964
-0.402885013143532
-0.4047761074616574
-0.40505602306802757
-0.4056370910950457
-0.4069403796456754
-0.4069814944717412
-0.4073379918312033
-0.40807322081592345
-0.40849677168298515
-0.4088919344164121
-0.40919281144306296
-0.40955037350431667
-0.4096148712793365
-0.4104506114090327
-0.410973037558945
-0.4122246550832642
-0.41250486051430924
-0.4127596582661176
-0.4133839405064161
-0.4143937162256667
-0.4145007602928672
-0.4146256398773403
-0.41514397609571463
-0.4157888063540061
-0.41601331604437697
-0.4170813902414271
-0.4173407793750812
-0.4180156017537229
-0.4195030150779833
-0.41979627980617806
-0.4198963366448879
-0.4212760448930427
-0.42148625338450074
-0.42188585698992637
-0.42190453441747067
-0.422043775957718
-0.42242418717628777
-0.4231584134831792
-0.4231724959798157
-0.4233277024468407
-0.4236071251664096
-0.4243937563151121
-0.4247792732702302
-0.4254294437414501
-0.42587797860614957
-0.42753426551020574
-0.42759711197577416
-0.427738378632057
-0.4280937936709961
-0.4282689329236746
-0.4284865133522544
-0.42904123302044656
-0.42960582482628523
-0.4298151833853418
-0.42986809655225705
-0.42996918117860333
-0.43105955922510475
-0.4330130401067436
-0.43307013154844753
-0.43378540223638995
-0.43512476385027793
-0.4354072010144591
-0.4354221841120826
-0.4354401052197708
-0.43623419237919736
-0.4373467903118581
-0.4375513779731201
-0.4379546594396483
-0.43828557716915384
-0.43898896302562207
-0.43951747791531187
-0.4398933315117444
-0.4400408882245435
-0.44006042725717026
-0.4400728813904737
-0.4402624405273754
-0.44060457120316904
-0.4419626955475126
-0.4428888933866152
-0.44340632105013356
-0.44403960536389303
-0.44555525751596126
-0.44558473816141486
-0.4457933169440366
-0.44612493477761744
-0.4471586571598891
-0.44836980969245943
-0.44843265963053064
-0.44851614156505093
-0.4493140029226197
-0.4493725875675279
-0.44973317911434507
-0.44997241062810645
-0.450663186609745
-0.45170916797360405
-0.4517507780757215
-0.45223612675908953
-0.4530336933094077
-0.4534926831984194
-0.4542258992377255
-0.45520583559118677
-0.4566373493289575
-0.45673450233080076
-0.45716977580579826
-0.45836579217902906
-0.4586953428661218
-0.4590884327578048
-0.45919336828713614
-0.4595074509787891
-0.4600261260929983
-0.46027211234904825
-0.46154122912485035
-0.46208720100629663
-0.4620896449720021
-0.4622061112080701
-0.462293373964106
-0.4627441965525837
-0.4638938338321168
-0.4645895663416013
-0.46545291532747796
-0.4661149087827653
-0.46665711334208027
-0.467734694480896
-0.46845056186530515
-0.46885099022911164
-0.47114193570127505
-0.47165015278733335
-0.4725261973653687
-0.4734957161256009
-0.4739878245496324
-0.4748411732531774
-0.4759556012286339
-0.47659524565096945
-0.4768011377354924
-0.4774801710930963
-0.478241541447993
-0.4791169005717772
-0.4793062346056104
-0.4799054068280384
-0.4805772743254368
-0.48066245287300263
-0.481985906999196
-0.48206750644991797
-0.48252160982228814
-0.48264301268916043
-0.483101605437696
-0.48342567175859585
-0.48545397714608246
-0.48672741014807896
-0.48678509341552856
-0.4870084321592003
-0.48706981740958455
-0.4873882445847682
-0.48774999685701914
-0.4879104225999779
-0.48804420630525175
-0.488597892823496
-0.4889219193054097
-0.48899123578199316
-0.48975398381783936
-0.4907204029020957
-0.4911853908819871
-0.4912598206761426
-0.4914064218173735
-0.49194434992710334
-0.4921076036989689
-0.4934491880238056
-0.4937615982988583
-0.4938338047691754
-0.4939573688380834
-0.4941569990381443
-0.49424107037484644
-0.4943477468596856
-0.495107834537824
-0.4960526979661414
-0.4967608265578747
-0.49736892179186853
-0.49844645104640223
-0.4986075593405985
-0.4990450192967223
-0.49914437004675466
-0.4992178353946656
-0.49987709129254654
-0.5005358844064176
-0.5006183981895447
-0.5017189978250827
-0.5037515990746518
-0.5041862897915053
-0.5041938089832131
-0.505302194324031
-0.5054263496422209
-0.50672134491615
-0.5068339565623319
-0.5072437564958818
-0.5073197271807918
-0.5078671293475054
-0.5084000914875004
-0.5094226688185396
-0.5094558134675026
-0.5110980614990694
-0.5116934693521924
-0.5117205229471438
-0.5120759632554837
-0.5131248146644793
-0.513685753957058
-0.5138288934191223
-0.5140399080584757
-0.5141630224243272
-0.5147926725136737
-0.5148978131590412
-0.5150425478682986
-0.5154362772009335
-0.5173869683232624
-0.5186870387697127
-0.5188029979019322
-0.5188878885577045
-0.5189096144999245
-0.5190462798992586
-0.5197190612321719
-0.52059721366968
-0.520783485332504
-0.5210047240169453
-0.5213160541122003
-0.5213524407138013
-0.5220474928307036
-0.5227844246197492
-0.5234289950531092
-0.5238689492922276
-0.5245654748723609
-0.5245977291924646
-0.5247461294444898
-0.5248591981289792
-0.5258764229365624
-0.5258948285132646
-0.5266274470741337
-0.527394840249326
-0.5284633444001278
-0.5288354633608833
-0.5288547533046868
-0.5291885808110237
-0.5307677888777107
-0.5316247936571017
-0.5316740645664848
-0.5329872913716827
-0.5330180297547485
-0.5332396190081324
-0.5342808236859532
-0.5349702940904535
-0.5350465247101965
-0.5355162768624723
-0.5384956423464852
-0.5387538564338518
-0.5392804218323103
-0.5392892312229378
-0.5394130739383399
-0.5400321026681922
-0.5410440822597593
-0.541436780968474
-0.5422409012292823
-0.5429153265237497
-0.5436968178255484
-0.5438237049513392
-0.5444650442223065
-0.5458457435925084
-0.546253700327361
-0.5462772242261862
-0.5464434742203189
-0.5470906925121588
-0.5477517998544499
-0.548637277812564
-0.5498776387757971
-0.5511291558941593
-0.5528970651170572
-0.5564267339909242
-0.5564374639187009
-0.5577533143639032
-0.5584812956706932
-0.559619750611351
-0.5600636108928094
-0.5603079059597803
-0.5611124106993278
-0.5618654314700203
-0.5626542985846754
-0.5631049161117213
-0.5636166320182383
-0.5673870742321014
-0.5685830424384525
-0.5690832282804573
-0.5695967802777886
-0.5723573497371035
-0.5735593068529852
-0.5759943450102583
-0.5780355520546436
-0.5781331774778664
-0.5786453503681818
-0.5804859358662119
-0.5806256184005179
-0.5811051209457219
-0.5820399116724729
-0.5824522938579321
-0.5827549360692501
-0.5833780117100105
-0.5837492956003795
-0.5867882984845588
-0.5878887405352933
-0.5886252796238599
-0.5889686510854517
-0.5904776390525512
-0.590638684562873
-0.5910068029447252
-0.5914203053107485
-0.5917727142514195
-0.5931726107224676
-0.5948840749333613
-0.595301015409253
-0.5965007796767168
-0.5971633743045257
-0.597215485657216
-0.5979793958249502
-0.5989684285159456
-0.5994398928347177
-0.6009816906215357
-0.6009939163923264
-0.6017584424601713
-0.6033373552898411
-0.6040296029698636
-0.6052001324715093
-0.6054493257478397
-0.6070101842284202
-0.6072674029920664
-0.6085312470012079
-0.6088515774213842
-0.6088915755639651
-0.6091386378498606
-0.609288303692463
-0.6101583169356672
-0.6104577805381268
-0.610603301253702
-0.6109670573205221
-0.6120682445665201
-0.6126553501971002
-0.6128477120406127
-0.6132752962294035
-0.6146464655263116
-0.6147812857452664
-0.6147880222914475
-0.6151566536197303
-0.6152077475230077
-0.6152765454765662
-0.6157088547479361
-0.6161280993061761
-0.6164989126846194
-0.6172833779244684
-0.617353297265557
-0.6179816319749484
-0.6190139177876214
-0.6190307209423432
-0.6194524723105133
-0.6226629196200519
-0.6269283271556358
-0.6271528716022456
-0.6274035860385213
-0.6278023746078057
-0.6297116369823925
-0.6308462120825424
-0.631776802794775
-0.6346592612357603
-0.6353844776749611
-0.6356423370210299
-0.6365888339447944
-0.6375726819504053
-0.6381415671718665
-0.6394392088986933
-0.6398320572251188
-0.6400003066389925
-0.640336737013422
-0.64093715178832
-0.6417259709236937
-0.6423387924857836
-0.643493407589267
-0.6442203214724681
-0.6443516403378453
-0.6476055353414267
-0.6494007125846111
-0.6494349483400583
-0.6510030719218776
-0.6512909558692223
-0.6580800831850085
-0.6595395228747899
-0.660532565218293
-0.6614296764601022
-0.661988710175865
-0.6620238266768865
-0.6626890493664958
-0.6659241755389504
-0.6691810631891713
-0.6705979369453416
-0.6709702932987056
-0.6729309660357623
-0.673052268809493
-0.673581117251888
-0.6753488540610609
-0.6759991436847486
-0.6763588639774493
-0.6768162157386541
-0.6769397058960749
-0.6778485014801845
-0.67993098734878
-0.6808168048820724
-0.681435201340355
-0.6830361757117013
-0.6836214375216514
-0.6845548765733838
-0.6850146704236977
-0.6862110713191214
-0.6876074718976659
-0.6881306802898608
-0.6914510973211792
-0.691853723799189
-0.6918889695920775
-0.6924946303738074
-0.6931407736556139
-0.6952578360214829
-0.6958316937477017
-0.6959718071933215
-0.6961811840800303
-0.6973488579193751
-0.6974835256114602
-0.6977389799896627
-0.6988738675718196
-0.6995391696691513
-0.6998009573435411
-0.7005400639027357
-0.7010254273191094
-0.7019084951025434
-0.701999007165432
-0.7032089419371914
-0.703726291510975
-0.7040863689649591
-0.7044101785868406
-0.7052617995417677
-0.7058662213385105
-0.7067397841407607
-0.7083014929434285
-0.7092025813981309
-0.7104407325241482
-0.711223394901026
-0.7112320954765892
-0.7123639995697886
-0.7125890931347385
-0.7154145687818527
-0.7175118064042181
-0.7178031706251204
-0.7178386967991375
-0.7179711959324777
-0.7180814600954667
-0.7184063009917736
-0.7225510867720004
-0.722610664021756
-0.7253522996150221
-0.7270952481000373
-0.7280990292783827
-0.728335622465238
-0.7291112877661362
-0.7299222320085391
-0.7301184479147196
-0.7313767609238211
-0.7321122024311788
-0.7343630276445765
-0.7345125266195586
-0.7346800124893585
-0.7361450404472029
-0.7368101437265674
-0.7376071612040201
-0.7383126296103001
-0.7396265286176155
-0.7408565796083875
-0.7410180292557925
-0.7423762083053589
-0.745306269323919
-0.7459502538840752
-0.7501615502738527
-0.7511433642357588
-0.7541869747130678
-0.7553384279832244
-0.7561616895254701
-0.7564768645679578
-0.75674316463992
-0.7591667909485599
-0.7592378531917348
-0.7620916026644409
-0.7623922278483709
-0.7624739650636911
-0.7625009550829418
-0.7638508593663573
-0.7638696962579464
-0.7644929155773882
-0.7648512305167969
-0.7655267375521362
-0.7658360654188853
-0.7668530801311135
-0.7670875898911618
-0.7698642412821451
-0.7734972999120752
-0.7735477509753158
-0.7744506139861187
-0.7780874661402777
-0.7784547259410223
-0.7787514701485634
-0.7800961192697287
-0.7820793832070194
-0.7821138520169674
-0.7836639653425663
-0.7860951086855493
-0.7862075087531204
-0.7862940183674384
-0.7880396822816692
-0.7888247674680315
-0.7919821310538931
-0.7924324741535302
-0.7927128718438325
-0.7935244313208386
-0.7948299767061447
-0.7955210397485644
-0.7971821400511544
-0.7977302833460271
-0.7982175775396172
-0.7992643334204331
-0.8007535450548554
-0.8027327371761203
-0.8044244301438864
-0.8074410352855921
-0.8074931161012501
-0.8116873586550355
-0.8122417616075837
-0.8136270172311925
-0.8150810336519498
-0.8164349486818537
-0.8192701637744904
-0.820214690019687
-0.8208218679452935
-0.821268027027448
-0.822256564948475
-0.8249397080258599
-0.8270387304821472
-0.827976044639945
-0.8313523354299832
-0.8337664807389956
-0.8371441472321749
-0.846623578016685
-0.8467047261074185
-0.8469895531889051
-0.8472576886415482
-0.8497058347798884
-0.8500826669624075
-0.8534701641649007
-0.8540132815639178
-0.8552568756664792
-0.8561944477648163
-0.8564465147598336
-0.8566573868239564
-0.8601535332854837
-0.8621647449908778
-0.8657350467401557
-0.8657806916162372
-0.8663133701516522
-0.8666252437978983
-0.8688092201773543
-0.8701151988352649
-0.8743568979585284
-0.8779838957590982
-0.878945726978903
-0.8820922077633441
-0.8830569833517075
-0.883063854649663
-0.8836452960968018
-0.8840730283797408
-0.8846385478973389
-0.8896058258309495
-0.8917676949640736
-0.8933679899200797
-0.8935701106674969
-0.8947426515320936
-0.8965505842585116
-0.8995262188836932
-0.9050642030779272
-0.909154157503508
-0.909449970597052
-0.9094969473662786
-0.9095279168977868
-0.9124242120888084
-0.9151287041604519
-0.9180532079190016
-0.9180840458720922
-0.918095069937408
-0.9184443228878081
-0.9199292850389611
-0.9201133915921673
-0.9202773748353744
-0.9210380210230747
-0.922426212268571
-0.9237170988344587
-0.9282111329957843
-0.9283733428455889
-0.9291461650282145
-0.9318847293325234
-0.9364395760858315
-0.9377191006205976
-0.9391488688997924
-0.9403385866899043
-0.9414329491555691
-0.9422846406931058
-0.9427733045174844
-0.9453382161361029
-0.9458986138633918
-0.948047699406743
-0.9525901337852701
-0.9536629274177054
-0.9574274115730077
-0.9589642663486302
-0.9597333843287613
-0.960703103201619
-0.9614978889294434
-0.9641023202178379
-0.9654942160676001
-0.9667083552210696
-0.9683707763130466
-0.9686438284697942
-0.9726964414743028
-0.973335243848851
-0.9735321801155805
-0.9776838881274065
-0.977874047239311
-0.9794799104332924
-0.9815289043821395
-0.9851426526904106
-0.9851841326802969
-0.9883017078973353
-0.9890890129193265
-0.9891904105606955
-0.9908555536530912
-0.9930256992520299
-0.9971635689338049
-0.9985040806441248
-1.0027536496520042
-1.0100919964703887
-1.0131509447237477
-1.0179411033459473
-1.0263222385838162
-1.027539685368538
-1.0290046674199402
-1.0547801427310333
-1.0561423922578494
-1.0573592223227024
-1.058919743169099
-1.0605416260659695
-1.0619660560041666
-1.0619932617992163
-1.0632612937188242
-1.0682992587486904
-1.0699984192698528
-1.0806484803557397
-1.0835469751618803
-1.0850270632654428
-1.0890396346512716
-1.0978644478018396
-1.099382613985134
-1.1014997527003287
-1.109397143125534
-1.111237895814702
-1.12006133235991
-1.1212568061115842
-1.1334328197990544
-1.1349751484037067
-1.136621526752909
-1.1459043473005295
-1.14729972044006
-1.1510871186852456
-1.156214464455843
-1.1577297309413552
-1.1629466220943465
-1.1736543929825227
-1.1766269654035568
-1.1771333968887727
-1.1774336099624634
-1.180280602692316
-1.1843542272690684
-1.1923224329948425
-1.1939515406265855
-1.1993903061229503
-1.2024989516474307
-1.205116830766201
-1.2058636555448174
-1.206220789734895
-1.2227117344737053
-1.2232316175941378
-1.228109061717987
-1.2299860051910703
-1.2354856732999906
-1.236114263534546
-1.2436306776944548
-1.2483930771995801
-1.2610780352144502
-1.267525706673041
-1.2696626238369693
-1.2707430131966249
-1.273071777226869
-1.2774946754798293
-1.2775543257594109
-1.289459046675256
-1.2920943852514029
-1.2975618136697449
-1.3012067386880517
-1.3021267044183333
-1.3074907461802165
-1.3083246868724625
-1.3110676765907556
-1.3128510266542435
-1.3160541816614568
-1.3370623807422817
-1.3377327302781243
-1.3400152325630188
-1.345448326296173
-1.3471458479762077
-1.3473318653802078
-1.356948954751715
-1.3571707382798195
-1.3578822989948094
-1.358954131603241
-1.3601254248060286
-1.3755586767802015
-1.3792255555745214
-1.381926057394594
-1.3827599711949006
-1.386373302866923
-1.3918846904765814
-1.393890102704366
-1.3990296089323238
-1.3997021801769733
-1.405022958914439
-1.408338866312988
-1.4090240811929107
-1.4106754306703806
-1.427431408315897
-1.4332900047302246
-1.442895695567131
-1.4616711230870958
-1.463777482509613
-1.4658888771664351
-1.466416597366333
-1.4717406630516052
-1.473008718341589
-1.4739386621513404
-1.4747647320230801
-1.4774764478206635
-1.490042246451291
-1.497709873598069
-1.4998996648937464
-1.5143944495357573
-1.5160187049768865
-1.5183541923761368
-1.521341472864151
-1.5214568758383393
-1.5242189137497917
-1.525271315826103
-1.5385069846524857
-1.5422504764671128
-1.5497727167870228
-1.5500351389249165
-1.5503393411636353
-1.5529048586031422
-1.5558890529209748
-1.5595278243223827
-1.5617461502552032
-1.5629662722349167
-1.564929306594422
-1.5837183594703674
-1.587910302914679
-1.5920006164815277
-1.5979442452662624
-1.6003657467663288
-1.6051863273993756
-1.610291475430131
-1.611704582348466
-1.6154816340034206
-1.624340530950576
-1.624885552242631
-1.631532211555168
-1.6412569293170236
-1.644590862095356
-1.6543239548336715
-1.6554021500051022
-1.656064528139541
-1.6598453869422276
-1.6629811308036249
-1.6630621254444122
-1.663450762629509
-1.6653587923695643
-1.6705145080632064
-1.6752046644687653
-1.6767724579258356
-1.6778346934588626
-1.6783582586795092
-1.6849947119917488
-1.7002463339013048
-1.7189059040198724
-1.7192505424900446
-1.7199878692626953
-1.7204950153827667
-1.721102458104724
-1.721851830681165
-1.7279436588287354
-1.7327492535114288
-1.7362389874178916
-1.7455013375729322
-1.748207677155733
-1.752539799141232
-1.7605281143914908
-1.762240886921063
-1.7848146530256297
-1.7872127691904705
-1.795469492673874
-1.8093638091619748
-1.8111054578548647
-1.812490432241854
-1.8140069618675625
-1.82891647296492
-1.8301043845713139
-1.8319582960878809
-1.8324924032203853
-1.8344840419789155
-1.835610255599022
-1.8380941503564827
-1.8386816001147963
-1.8402364847715944
-1.868448215497968
-1.90273946201584
-1.9034856812407572
-1.9044798221439123
-1.907132312655449
-1.9075010180628549
-1.908547927935918
-1.925387050296801
-1.929821839556098
-1.9307032600045204
-1.9350270457798615
-1.942276873625815
-1.9430949804373085
-1.9438659942825325
-1.9548428475197095
-1.9551565469009802
-1.9612640843115514
-1.970036642975174
-1.974086917936802
-1.9762347831419902
-2.0149729437034694
-2.0189619871477285
-2.024082907635602
-2.0262530092149973
-2.052644487004727
-2.0641610897534215
-2.077943298073175
-2.082374583929777
-2.104208249171885
-2.1121705464756815
-2.1221362724900246
-2.1236207485198975
-2.125309724251565
-2.157858431339264
-2.1588979444350116
-2.2615363001823425
-2.2887837886810303
-2.294751212000847
-2.3120210262713954
-2.315918207168579
-2.3562133378970125
-2.3941704432169595
-2.425492560490966
-2.46231360345458
-2.474103769287467
-2.5206326220650226
-2.528923785313964
-2.542911248281598
-2.553911877796054
-2.6062790155410767
-2.6184099912643433
-2.7342274859547615
-2.7956311794696376
-2.867637475952506
-2.88968194986713
-2.9140394534915686
-2.9391278425852456
-3.145278250798583
-3.233285744984945
-3.2535235973773524
-3.2914846122148447
-3.3340195111668436
-3.356671660367283
-3.3919742993748514
-3.4151972997933626
-3.4236620462615974
-3.423729717324022
-3.590641796356067
-3.9096682665403932
-3.9472010729368776
-4.0624624490737915
-4.126535728573799
-4.933941960334778
