-0.0022000248136464506
-0.010527651757001877
-0.01354165953428795
-0.024933650332968682
-0.04296626936411485
-0.05816738189120466
-0.07501440523524902
-0.0768568931768338
-0.08138996685738675
-0.08954000473022461
-0.09563473146408796
-0.13255403824150563
-0.135024540591985
-0.14910761930514127
-0.15103291317548914
-0.15452411770820618
-0.1688184686936438
-0.16955275007057935
-0.17048785397782923
-0.17169743451190048
-0.1797127136029303
-0.18767523765563965
-0.18795600409309068
-0.19060867335647344
-0.1922751015808899
-0.19321849532207125
-0.19570964691180848
-0.2062766790493495
-0.20876119914464653
-0.21166020445525646
-0.21212488690798637
-0.21401281522776117
-0.21614038835533017
-0.2199082022998482
-0.21999560249969363
-0.22068846423967947
-0.22304832531517604
-0.22332738433033228
-0.22574719064868987
-0.23757452191784978
-0.23868297667050845
-0.240807347727241
-0.24620892495322214
-0.24704229254275561
-0.24829262603088864
-0.24832699256949126
-0.250119399279356
-0.2523334267219373
-0.25590447388822213
-0.256542477873154
-0.2567061163717881
-0.25794050833792426
-0.2610384429281112
-0.26144744476187043
-0.26174121704774306
-0.2671505196340149
-0.2676856741309166
-0.2695284497054268
-0.269554737652652
-0.26989362176929627
-0.2706836781144375
-0.27126939482210827
-0.2721710031231244
-0.27288437086099293
-0.27390671050816306
-0.2756949969202651
-0.27708790760620367
-0.2780867832211348
-0.2790178644572734
-0.27942573185646324
-0.2819556644959084
-0.28234055343394476
-0.28258002613022526
-0.28429018760410446
-0.2865585583993899
-0.2873523862101138
-0.28819389555246744
-0.28975607559550554
-0.28991679660975933
-0.29193340402056683
-0.29391334848478434
-0.2954594158155877
-0.29630050056480933
-0.30108453048747974
-0.30183897986426017
-0.3024533064541174
-0.3030542269763019
-0.303748227592972
-0.3042347799777817
-0.3063260530498155
-0.3068826824809158
-0.3082719210685943
-0.3093295641697478
-0.31004270247503884
-0.3103436199189336
-0.31036081844285945
-0.312074999102541
-0.3121864944223489
-0.3122988978866488
-0.312604685284532
-0.3135935818252619
-0.3140605525889744
-0.31410931569262174
-0.3143666225692464
-0.31585467022114244
-0.31835636391770095
-0.3201200071319666
-0.3209262852990072
-0.3235962122936534
-0.3238318308746481
-0.32387686366564594
-0.32463760244818646
-0.3258641890861327
-0.32604612081957474
-0.32852584865759127
-0.33019931470334996
-0.3309938739992157
-0.3323718307869664
-0.33238107105717063
-0.3324620347120799
-0.3332997728139162
-0.3360541194851976
-0.3362172055412884
-0.33666243669576945
-0.33666326068341734
-0.3370929665179574
-0.33730510619650683
-0.3376891856547445
-0.33788079388129216
-0.338467935003185
-0.3388548629106178
-0.33903673329265216
-0.33951856943571734
-0.3404811974382028
-0.3411282631477661
-0.34236351661384107
-0.34238945644756313
-0.344560297369349
-0.3450103385128184
-0.3451324694065584
-0.3476857462332451
-0.347917796112597
-0.3479583966436621
-0.34851677450933494
-0.3487394877186583
-0.3487736049376152
-0.34971245852971655
-0.3504554566456761
-0.3508638737093861
-0.35251890460494906
-0.35297080245396095
-0.3542339637875557
-0.3544718449236825
-0.35535705623301006
-0.35599313774663544
-0.3565692551071859
-0.3576642729341984
-0.3580393744596222
-0.35816781523559865
-0.35886941250646487
-0.3594330119578025
-0.35968805885770255
-0.36116297418318155
-0.3627022156509459
-0.36298493456302416
-0.36359618090555246
-0.36427886922683683
-0.3654766858582242
-0.36660486959699484
-0.3677009055349377
-0.3687664239044133
-0.3710310788721674
-0.3719732369754638
-0.3723160626120969
-0.3724817680350194
-0.3738522492349148
-0.37435315513370476
-0.3744575500355235
-0.37456129288693774
-0.3746344401401335
-0.3749887703971971
-0.3760812120512128
-0.37618114496581256
-0.37721491483971475
-0.3772338543846369
-0.37928822936179735
-0.3803270877797331
-0.3812047228631046
-0.38176816643681377
-0.3857142575887135
-0.38759260419756175
-0.38797136293724177
-0.38811583009858924
-0.3881635620003662
-0.388381016877247
-0.38838901184499264
-0.38872314032374156
-0.3901852145791054
-0.3906422406176312
-0.39102445873949265
-0.3914216275094077
-0.3914641892315558
-0.39175898851856894
-0.3925149528409487
-0.3927646735392045
-0.39327625248750503
-0.3938225475176296
-0.3953993779141456
-0.39601163592721733
-0.39660950671208817
-0.3968062627200897
-0.39699337695186077
-0.39720203045289965
-0.3978753685951233
-0.39861123813316224
-0.4012722633779049
-0.4012969496349494
-0.402282102447417
-0.4023824647418223
-0.40271831012607434
-0.40294983305968346
-0.4032957565893109
-0.40523927255223197
-0.4054137562052347
-0.4063284697681411
-0.4077101621618827
-0.4084425599846457
-0.4089204789294551
-0.4106915148969909
-0.4111634596871833
-0.41160385669874294
-0.41402649410883896
-0.414421287496225
-0.4146832227706909
-0.4148201677987042
-0.4159465764882043
-0.41627425260376183
-0.41679650142323227
-0.41705027017742397
-0.4172901922526459
-0.4174974348087827
-0.4175539316609502
-0.4187214927165453
-0.41979909886739575
-0.4203600341247188
-0.42048861485506805
-0.4219866791473968
-0.42202742061012294
-0.4233364907745272
-0.4247518272272178
-0.4257398563851085
-0.42665870167547837
-0.42902035327694776
-0.42993472332859206
-0.429975101228711
-0.43060246226377785
-0.43163675957891556
-0.43218950282425794
-0.43317577277775854
-0.4339209082702707
-0.4343998346477747
-0.4347934536053799
-0.43523427080363036
-0.4355866541445721
-0.4367691031233831
-0.43715195830736775
-0.4391955648898147
-0.44045909791602755
-0.44158669776516035
-0.4421896390202973
-0.44315848242053213
-0.44439939827296054
-0.44464095273158616
-0.4460958605632186
-0.4462145876022987
-0.44626134450987187
-0.44682303930749184
-0.4477169041832288
-0.4478441919063163
-0.4488664770679962
-0.44890933590068016
-0.44958992055617275
-0.45056876726448536
-0.4517494281614993
-0.4518081280170009
-0.45199924227781596
-0.45239970536204055
-0.45349374288343824
-0.4536088210064918
-0.45655143139883875
-0.4569200192345306
-0.45757597056169175
-0.4581448478566017
-0.4591944619573446
-0.461391314631328
-0.4614053022883394
-0.46150577237777823
-0.46388771408237517
-0.4639290036226157
-0.4644202740663396
-0.4649068624550839
-0.4657279778870621
-0.46635810574516656
-0.4664239522011485
-0.4669233600143343
-0.46693873918931267
-0.46763061732053757
-0.4679856324302299
-0.46873147660517134
-0.4688088468142918
-0.47008871333673596
-0.4712048632572987
-0.4712809413671494
-0.4716684469021857
-0.4728766400803579
-0.47358135951475966
-0.47381817549467087
-0.47391897086830187
-0.47394731850363314
-0.47457888373173773
-0.47490964353492016
-0.4749373164543483
-0.47535975167288186
-0.47572875845556456
-0.4759732119433465
-0.47720773341134193
-0.478241433803406
-0.4784954249670801
-0.4788267572099964
-0.4790436929657257
-0.47939253982622176
-0.479732379084453
-0.48097764248086605
-0.48162649720907214
-0.482022905118356
-0.48308759379304117
-0.48357563838362694
-0.48361242698447315
-0.48413589702977333
-0.4846168265704854
-0.48492545024670947
-0.48564293086528776
-0.48585453879786655
-0.48737488279584795
-0.4878605460631661
-0.4880619490024401
-0.48887678690847347
-0.4890101797413081
-0.49007009138586
-0.49210732546586655
-0.4923882791772485
-0.49454522278974766
-0.4950372962048277
-0.49595695837504333
-0.4986304749632836
-0.49870608110601705
-0.4992102930887735
-0.4995304388592356
-0.4999467655143235
-0.501001144759357
-0.5010210763430223
-0.5012665084666676
-0.5026516194144884
-0.5032397822405283
-0.5037744848855904
-0.5051459725480527
-0.505295015120646
-0.5060122314840555
-0.50765303557273
-0.5084184693259886
-0.5092880514760812
-0.5110492818057537
-0.5114734356291593
-0.5124051011322687
-0.5132370464125415
-0.5160906809873672
-0.5218596442395614
-0.5220323406159878
-0.5221431534737349
-0.525435519354817
-0.527494094800204
-0.5277954545703584
-0.5333030131587293
-0.5343663030653261
-0.5343983822502196
-0.5347907362040132
-0.5354159455229011
-0.5359278586693108
-0.5363699931518308
-0.5366222236305476
-0.5378482087240131
-0.5382616225785265
-0.5385438120768716
-0.5387516904156655
-0.5388898648476849
-0.5391587352302546
-0.5396673534065485
-0.5409521795809269
-0.5411349734187954
-0.5418658640235663
-0.5439047964347992
-0.543920525489375
-0.5440429744388288
-0.5447389876935631
-0.5456967179197818
-0.5479219286324224
-0.5495938028657942
-0.5504047967493534
-0.5512006292119622
-0.5518689843910661
-0.5533380736596882
-0.5533654573373497
-0.5542808987877585
-0.5543973031620096
-0.5544265782726663
-0.5560777696211718
-0.5572134485468269
-0.5584535013513232
-0.5588428600587778
-0.5611724930815398
-0.5616070580883668
-0.5634250078350306
-0.5648512501269579
-0.5661580269934348
-0.5663576887196137
-0.5707599197514355
-0.5710414531640708
-0.5722120129192869
-0.5729278214275837
-0.5734171978518134
-0.5754429543324348
-0.5757493334822357
-0.5764430961821095
-0.5773299117463466
-0.5793914544396103
-0.585057184600737
-0.5874466012610355
-0.5889515082235448
-0.5902192403695413
-0.5908470782451332
-0.5909691735481223
-0.5916833374358248
-0.5934869356453418
-0.5941741730396947
-0.5960800886257656
-0.5961310348163048
-0.5962008620069051
-0.5962178214918822
-0.5963649352391561
-0.5984750390052795
-0.5994299894664437
-0.5996460168777654
-0.6033665723080048
-0.6041273349629981
-0.6047634683345677
-0.6049260852625593
-0.605963678099215
-0.606133593673197
-0.6064635859802365
-0.6073693059151992
-0.6111977976106573
-0.6132508871544685
-0.6140664462000132
-0.615362733672373
-0.6156140595121542
-0.6158085687913828
-0.6185646982242664
-0.620006798249152
-0.6206744897179306
-0.6229866167737378
-0.6237211234110873
-0.6256918772123754
-0.6271267427752415
-0.6274390248743456
-0.628165596164763
-0.6290451164046923
-0.6293075559660792
-0.631502709724009
-0.6327577371150255
-0.6335129653802142
-0.6337417434487078
-0.6339286092261318
-0.6347981583740976
-0.6349923422560095
-0.6356705003418028
-0.6363656993955373
-0.6381146780687332
-0.6387082703101138
-0.6390311045480692
-0.6393219477363995
-0.641570940447439
-0.6440009959042072
-0.6440693490051975
-0.6445302553474903
-0.6450276670123761
-0.6455424220434257
-0.6466835891595111
-0.6474421620368958
-0.6491304397583008
-0.6496010149518648
-0.6503946801266548
-0.6505321384465788
-0.6507775908336043
-0.6511422643437982
-0.6512758083641529
-0.6523396300876306
-0.6539529106424501
-0.6558594783501965
-0.657866773661226
-0.6592334104352631
-0.6607199495192617
-0.6617662789940368
-0.661917483744522
-0.6632470101118088
-0.6652736618028333
-0.6694107243924269
-0.6708475580147933
-0.6712322596992765
-0.6788334930315614
-0.6789443544888248
-0.6804803197737783
-0.681392143573612
-0.6830330177210271
-0.6853973745368421
-0.6860666006919928
-0.6882429583929479
-0.6884817930736712
-0.6914519378333353
-0.6951231923885643
-0.7002744487383299
-0.7040106229251251
-0.7085570495575666
-0.7093442495291432
-0.7094549482455477
-0.7100283639091585
-0.7106643274426461
-0.7158373147365638
-0.7179669285193085
-0.7218382872718697
-0.722773945890367
-0.7234258055686951
-0.7238195223423342
-0.725047376860554
-0.7266566138326501
-0.7284092366695404
-0.7306268765591085
-0.731647954788059
-0.7319614608616879
-0.7327587523808082
-0.7335674744764609
-0.7362148402413974
-0.7372429145810505
-0.7387005250900984
-0.7393846223130822
-0.7427742981332509
-0.7431429713149555
-0.7451803322881461
-0.7456520250363444
-0.7461869259364903
-0.7463461331790313
-0.7473777889390476
-0.7489747041836381
-0.753359105437994
-0.754748744350056
-0.7552143590524792
-0.7604405510549744
-0.7630969634822881
-0.7642063322477043
-0.7650811241897331
-0.7668844659929164
-0.7766634188592434
-0.7787418651084105
-0.7794916581284875
-0.7868003857632478
-0.7870479293167592
-0.7888694867491722
-0.7893153699813411
-0.7943988218903542
-0.7945949546992779
-0.7987763492856175
-0.8044714634306729
-0.807854213193059
-0.8114917457084326
-0.8118923604488373
-0.8119048923254013
-0.8147513999734656
-0.8158738305792212
-0.817732248455286
-0.8192179463803768
-0.8217984599992633
-0.835358377908253
-0.8363013866224459
-0.8369213428813964
-0.8370168790221214
-0.8388277757680044
-0.839761955929654
-0.8408502154052258
-0.8422487657517195
-0.8427414419129491
-0.8448474705219269
-0.8473816665355116
-0.8474860563874245
-0.8505547046661377
-0.8525031358469277
-0.8527273098006845
-0.85360539406538
-0.8575175000121817
-0.861782376964887
-0.8680969011038542
-0.8691758063311378
-0.8791129405920705
-0.8805143842473626
-0.8850939920172095
-0.8860395960509777
-0.8893428066124519
-0.8908179402351379
-0.8920017403240005
-0.8927191114635207
-0.8938460697730383
-0.8975081710765759
-0.8975510322488844
-0.8992379887029529
-0.9007495939731598
-0.9011847823858261
-0.9014042913913727
-0.9146602307737339
-0.9208115024181703
-0.9354323670268059
-0.9354605812579393
-0.9357698366511613
-0.9357845053309575
-0.9441961711272597
-0.9485706714719223
-0.9632375789806247
-0.9636276183649898
-0.9674780718050897
-0.9679811135865748
-0.9692665751402577
-0.9699660254021486
-0.9715648811931411
-0.9784310062726339
-0.9815914407372475
-0.9874592588490082
-0.9928238168358803
-0.9955896800383925
-0.9983642576262355
-0.998911190032959
-1.0016882803291083
-1.007903697900474
-1.0117851605638861
-1.0128133445978165
-1.0148047506809235
-1.020155169069767
-1.036993479123339
-1.0370204674286976
-1.0509621625145276
-1.0629770811647177
-1.0647170678712428
-1.0649304438071947
-1.0805891435593367
-1.0818841513246298
-1.087349980409878
-1.0873669256883052
-1.0931169986724854
-1.0944712162017822
-1.0991681553423405
-1.1007442340875666
-1.1022677421569824
-1.1047491583041846
-1.1080421544611454
-1.112445841439896
-1.126171108128296
-1.134115569293499
-1.1526647927239537
-1.1597556792199613
-1.1679154392331839
-1.1689749658107758
-1.1712019369006157
-1.1718911713833222
-1.1790926158428192
-1.1797689273953438
-1.200591513964658
-1.2041545708974202
-1.214769452267016
-1.2151175290346146
-1.2216424085199833
-1.2294448415438335
-1.229604810476303
-1.229802262969315
-1.248968659589688
-1.2659048239390056
-1.2760461494326591
-1.2799977967515588
-1.2822567119728774
-1.284617558742563
-1.2872495783958584
-1.2907380263010662
-1.2930765617638826
-1.3052726288636525
-1.3296702603499095
-1.333512343466282
-1.3396351877599955
-1.341672492523988
-1.3463028277968987
-1.3529712458451588
-1.3548504300415516
-1.3669987122217815
-1.3706960454583168
-1.3758368467679247
-1.377668516865621
-1.3803645242005587
-1.3859755992889404
-1.3868374228477478
-1.402210824812452
-1.4041844010353088
-1.4073890348275502
-1.4224666692316532
-1.4232293864091237
-1.4279452860355377
-1.4711247682571411
-1.483686026185751
-1.4849658322830994
-1.511742461938411
-1.5377455353736877
-1.5443476745858788
-1.5475886166095734
-1.5947002470493317
-1.6209802230199177
-1.6296767285093665
-1.6513296104967594
-1.66135997697711
-1.6725602249304454
-1.6762344278395176
-1.677121214568615
-1.703489575535059
-1.7360605299472809
-1.7507361071184278
-1.7652757068475087
-1.7968942819279619
-1.812487244606018
-1.8388737980276346
-1.8389748632907867
-1.8705012798309326
-1.9229747764766216
-1.9611825545628865
-1.9712073802947998
-1.9804809093475342
-1.9942833608947694
-1.999386416748166
-2.0184750258922577
-2.0254656968754716
-2.0288314819335938
-2.076526920000712
-2.1060512494295835
-2.1196279438833394
-2.1201847475022078
-2.162063479423523
-2.198591113090515
-2.216482996940613
-2.4332396388053894
-2.4601311683654785
-2.474386692047119
-2.4992616176605225
-2.5070126485079527
-2.5198922157287598
-2.5204176902770996
-2.6025210116640665
-2.6527035236358643
-2.8929464891552925
-3.0536930561065674
-3.0716642439365387
-3.1071887016296387
-3.2516284691810142
-3.3371078968048096
-3.4252302646636963
-3.4395387172698975
-3.533598005771637
-3.5513792037963867
-3.5625154972076416
-3.630788207054138
-3.8363640893658157
-4.010714888572693
-4.039967443794012
-4.243061065673828
-4.314119100570679
-4.586379013955593
-4.806003570556641
-4.8216118812561035
-6.3480658531188965
