-0.0009388091857545078
-0.00581554020754993
-0.031168125104159117
-0.03750124449402392
-0.04811621969565749
-0.059314943850040436
-0.06245862650685012
-0.06289743335400999
-0.06647085696458817
-0.06828962406143546
-0.08255518693476915
-0.09264733268646523
-0.09654766745870802
-0.10430817760182738
-0.10448465636000037
-0.10516252741217613
-0.1062347162514925
-0.10638076734418671
-0.10844608442857862
-0.11893127494840883
-0.11912818497887656
-0.12586152460426092
-0.12679977132938802
-0.1502101340641578
-0.15383060561079118
-0.15440276134759187
-0.1623967601917684
-0.16927959630265832
-0.17310364737641065
-0.17615723858277002
-0.1817367970943451
-0.18370594391931913
-0.19683049377636053
-0.19720373398740776
-0.19743440152378752
-0.20016530575812794
-0.2133380506420508
-0.22300327496070946
-0.22740219391804808
-0.22755164133074382
-0.23031119788850316
-0.23933003842830658
-0.24063065288646612
-0.24111515754419896
-0.2441880576778203
-0.251658251004604
-0.2516825847948591
-0.2544708715644307
-0.2561952444731206
-0.2615215545002785
-0.26355905369670535
-0.2668262940299298
-0.26694424159359187
-0.26700435424896163
-0.2678962562830471
-0.2715985718644403
-0.2722739836779134
-0.27250816957093776
-0.276612876425913
-0.28176417470806175
-0.28292984787711045
-0.28302355252134687
-0.2855180262122303
-0.2862862717884127
-0.2866691370581975
-0.2900974405929446
-0.2911777667302106
-0.29207304267101397
-0.29229291607625785
-0.2935373115130157
-0.29490300015313553
-0.29546121547869203
-0.2976792346072706
-0.3001164450310171
-0.3023090819922453
-0.3052881310228258
-0.3069439901456494
-0.30703360532476964
-0.30783196738255875
-0.30784694049119327
-0.31173969543306157
-0.31251705170376226
-0.3127420827901612
-0.31325502900290303
-0.31427554953067255
-0.3153245634474539
-0.31536271869744864
-0.3160375836804243
-0.3162337847519666
-0.31698815431809635
-0.31749953162424
-0.3187330520928039
-0.32005108540761285
-0.32036773434310817
-0.3219972863444127
-0.32210163527633995
-0.3222335227765143
-0.3232122864574194
-0.3252690061926842
-0.32680786280737567
-0.33029137038603695
-0.33069670223630965
-0.3310718442867669
-0.3311166618950665
-0.33171445155231694
-0.331731164600933
-0.33271127426996827
-0.3329910400649533
-0.3338750550832629
-0.3343297223826604
-0.33461453382753664
-0.3353017036459364
-0.3357000639963964
-0.3359060852895849
-0.3396803437111278
-0.34118178486824036
-0.34266689502983355
-0.34285612271633
-0.34289690499442965
-0.34354243248235433
-0.3447589830983715
-0.34500351594761014
-0.3453433400485665
-0.34772032241083006
-0.34777528349810316
-0.3480366919046411
-0.3483951299777254
-0.3484842159992291
-0.34990759566426277
-0.35003696094790937
-0.3501714035454724
-0.3510391500156402
-0.3512449128611479
-0.35135229816660285
-0.35199502861548726
-0.35243370779789984
-0.3541321141645312
-0.3578432349355093
-0.35855184267275036
-0.35883230151375756
-0.35914744043257085
-0.35976158680083853
-0.36019428656436503
-0.3611517368350178
-0.36120143378826064
-0.36183954678761604
-0.36206757337786255
-0.36247569043189287
-0.36307630355336834
-0.3674818013096228
-0.36883720848027224
-0.36921796214755886
-0.369996415062425
-0.3716564807109535
-0.3717039799375925
-0.37225000793114305
-0.37278687038001646
-0.3732632447832397
-0.3735933451447636
-0.37982756617930136
-0.38173796981573105
-0.3825157506391406
-0.3854641350917518
-0.3869345128070563
-0.3875165058008861
-0.38795664358518217
-0.3890434978529811
-0.3893422288154917
-0.38968077940444346
-0.3936796275019232
-0.3942008286714554
-0.395160604827106
-0.39998153280466797
-0.4000183952351411
-0.4011575224227272
-0.40153564990032464
-0.4028089002764318
-0.40322113534748494
-0.40354041242972016
-0.40489495793978375
-0.40494288398056394
-0.4064459690125659
-0.40648010342071456
-0.4067483595930613
-0.4082289082929492
-0.41074616081314164
-0.4108057703822851
-0.4123563725501299
-0.4139424085715291
-0.4147921802618839
-0.4154223769481986
-0.41873291367664933
-0.41952746235100286
-0.4203772389417281
-0.4210862649779301
-0.42175236174973013
-0.42286821661723983
-0.4238172988407314
-0.42488752637291327
-0.42548006580078174
-0.4290328075488408
-0.42944794447560397
-0.42964063052495477
-0.4298001428396674
-0.43031749470780295
-0.43111345577718957
-0.4314275920489763
-0.4335643668143478
-0.43428448889816146
-0.4345038259634748
-0.4349984884460355
-0.43546575907967056
-0.4354934989310363
-0.43578909230418506
-0.43583577894605696
-0.4365814610384405
-0.436763243128856
-0.43754404571114314
-0.4377820168932279
-0.4379987297191595
-0.4384198773695971
-0.43843348518324393
-0.4393224382462601
-0.43950617626251187
-0.4396787884179503
-0.44069482524147524
-0.4439158782188315
-0.4475294548190302
-0.44793286638741847
-0.44832739091985524
-0.44924474630970507
-0.44930937987131375
-0.44968000799417496
-0.45146937900911627
-0.45321464671984096
-0.45382356126275325
-0.4563715462314172
-0.45739397418219596
-0.4576956041157246
-0.45785701744413626
-0.45786459473046387
-0.46088374173268676
-0.4609076134150937
-0.46093872875189845
-0.462254889997315
-0.4631903252904522
-0.4640734709111712
-0.4651097869500518
-0.46616553890594836
-0.4668201269116253
-0.4679921241964621
-0.46937832529656587
-0.4698272526729852
-0.469859557135755
-0.47058025128208103
-0.47063817923319423
-0.47108197285948944
-0.4711303249207049
-0.47234221175312996
-0.473413266810692
-0.47410414936045225
-0.47441835729405285
-0.47500976206113893
-0.47582797589711845
-0.4766120167216286
-0.476656732459863
-0.47696377339057755
-0.47702233070352423
-0.47788575338199735
-0.4779438395053148
-0.4791087117434169
-0.47917021065950394
-0.4793442040681839
-0.47964088792823967
-0.48063295074825874
-0.4806982606824022
-0.4825633272528648
-0.48323387725831707
-0.4852138912039144
-0.4861474566472073
-0.48705190600594506
-0.48722828624563086
-0.48735433940573086
-0.4894129347521812
-0.4898542046546936
-0.4899391528451815
-0.49126754254102706
-0.49159482412505895
-0.491615830036244
-0.49200792919145897
-0.4927586143836379
-0.49290881869419534
-0.4942031993187912
-0.495289698553582
-0.4956723720174018
-0.49576894082129
-0.49587490668636747
-0.498350838572757
-0.4990052068606019
-0.4994285459896283
-0.5025197083305102
-0.5027004705858417
-0.5032490178011357
-0.504008730491882
-0.5050896707301339
-0.5059624376396338
-0.5065824552439153
-0.5078603599220515
-0.5082652669869276
-0.5087669422669023
-0.5088143351022154
-0.5101672222954221
-0.510683074593544
-0.5136532358204325
-0.514028867045064
-0.5142467938363552
-0.5144361805702958
-0.5146486774086952
-0.5167142936610617
-0.5170333501051313
-0.5178782898001373
-0.5203775509310488
-0.5204543012892827
-0.5232523848202878
-0.5236715587438084
-0.5241851261351258
-0.5243468862496229
-0.5249645561313324
-0.5272825511754491
-0.5275664501739812
-0.5280846845882479
-0.5283969207201153
-0.5296839869857649
-0.530946880186093
-0.5313244300050428
-0.5313323129230412
-0.5320122454082593
-0.5320478519424796
-0.5322904915859302
-0.5323335835710168
-0.5327179629503834
-0.5335411143799623
-0.5337725304998457
-0.5352072515007522
-0.5363059167187506
-0.5368118687532842
-0.53737225336954
-0.5376841477488845
-0.5380474674748257
-0.5399948008125648
-0.5402178696046273
-0.5407185656949878
-0.5411974076802532
-0.5412933598974112
-0.5415767679198483
-0.5423925562451283
-0.5426507292182318
-0.5428804576396942
-0.542934937402606
-0.5432012788951397
-0.5438889641728666
-0.5452447882853448
-0.5461722513039907
-0.5469524427317083
-0.547306783208941
-0.5478522474877536
-0.549039447971154
-0.5505104243056849
-0.5508421706152149
-0.5509228136183487
-0.5510958190473806
-0.5512477732263505
-0.5513380563684872
-0.5521487270714716
-0.5524155430495739
-0.5524176462915622
-0.553392756334506
-0.5542616267226549
-0.5557466707263223
-0.5562835590855002
-0.5564984136061477
-0.5569043712101929
-0.5576358061017734
-0.5592152851488208
-0.559855935106043
-0.5617161576170474
-0.5649004187434912
-0.5654134126380086
-0.5660183118772693
-0.5660620586880084
-0.5660644566329817
-0.5671324596873352
-0.5681723950297705
-0.5695586567097861
-0.5702266647480428
-0.5724635566326065
-0.5725069562904537
-0.572578381979838
-0.5738239794969558
-0.5746612250804901
-0.5748318368423497
-0.5763012528419494
-0.5774187068454921
-0.5811107531189919
-0.5816405802945477
-0.5837589604623645
-0.5840470754030522
-0.5845829579746351
-0.5860024081543088
-0.5866183115997248
-0.5875866156927714
-0.5885900982622323
-0.5893251330292385
-0.5894287308686087
-0.5903270356357098
-0.5914436831990315
-0.592425475269556
-0.5952580323883969
-0.5955372646450996
-0.5960440738126636
-0.5965215435458554
-0.5965490858070552
-0.5967355696484447
-0.597847617484351
-0.5991074587218463
-0.5993578860917685
-0.6014202352998836
-0.6023641100618988
-0.6076595612201066
-0.609449683688581
-0.6125788418576121
-0.613345904275775
-0.6227723778007969
-0.6245250897246781
-0.6246676612108786
-0.6248159461344281
-0.624962007601021
-0.6255910666513955
-0.6273022660364708
-0.6273415638133883
-0.6285923091096005
-0.6291806342390677
-0.6304088048636913
-0.6305668057455998
-0.6307537026703358
-0.6310194121906534
-0.6315327217103913
-0.6319260451076844
-0.6334570126372758
-0.6334989201277494
-0.6348300522141572
-0.639480225648731
-0.641104777709448
-0.6415848220765058
-0.6433126569858619
-0.643789317086339
-0.6466040291875288
-0.6474604973795977
-0.6491485463338904
-0.6493911983238326
-0.6504743187023061
-0.6532692763088562
-0.6538817137479782
-0.6542185092694126
-0.6546290914162195
-0.6557518818997778
-0.6558843666155424
-0.6563325998994212
-0.6575788480271619
-0.6582287400960922
-0.658629048988223
-0.6589988827705383
-0.6606869016153117
-0.6610910738818347
-0.6628608051687479
-0.6630537743214517
-0.6634132805595394
-0.6637318539433181
-0.6643058881163597
-0.6654842893282572
-0.6657654934097081
-0.66616833306216
-0.6668927191911886
-0.6696658748202026
-0.6696989879012107
-0.6698695044033229
-0.6700740506806012
-0.6704463593661785
-0.6709099068306387
-0.6714948427721134
-0.6715895788123211
-0.6725206231762728
-0.6726974108838476
-0.6731538722136369
-0.6733343274099752
-0.6744374028833894
-0.6747902248571336
-0.6761942340924767
-0.6770012957147427
-0.6772251909715123
-0.6776198476552964
-0.6777826087184765
-0.6796256050842607
-0.6804783754050732
-0.6821529348817421
-0.683775892076028
-0.6838026278882252
-0.6849279447077689
-0.6851310101337731
-0.6858485549997567
-0.6862986870110035
-0.6867131895075241
-0.6871841304569638
-0.6893499155994505
-0.6895559316180879
-0.6897957995024626
-0.6910875263025186
-0.692657512745687
-0.6927576296535941
-0.693455470725894
-0.6947559681263685
-0.6948954787415763
-0.6956913694739342
-0.6970087058864356
-0.6970824000622997
-0.6971161334282335
-0.7021353010088205
-0.7037312108338537
-0.7044125781394541
-0.7046245644903846
-0.7048981778323651
-0.7052009217441082
-0.7055181218311191
-0.7061502703775963
-0.7075072877109051
-0.7078836308792233
-0.7080804615477974
-0.710131416718165
-0.7122101792568044
-0.7146531029471329
-0.7153743460972691
-0.7159217469394207
-0.7171232069687297
-0.7172677661292255
-0.7173126654825965
-0.7184071170166135
-0.7207604341720071
-0.7238590251654387
-0.7291873213835061
-0.7322934089461342
-0.7352293116971851
-0.742043249309063
-0.743200690795978
-0.7432484775781631
-0.7436237554997206
-0.7459030253812671
-0.7462149245664478
-0.7473540256420771
-0.7484636123292148
-0.7494697719812393
-0.7534395779584234
-0.7540979018667713
-0.7551584274042398
-0.7590230856607377
-0.7599693861149717
-0.7628571814857423
-0.7655599613984426
-0.7664948762394488
-0.7667150910856435
-0.768561257618583
-0.7696585065568797
-0.7702000439167023
-0.7708777282387018
-0.7717669371049851
-0.7721366311889142
-0.7725129468987385
-0.7747259762021713
-0.7780750393867493
-0.7784417709335685
-0.778529169348379
-0.7840063784271478
-0.7852720026082048
-0.7858601985499263
-0.7893813432504734
-0.7899284054421716
-0.7902010824597839
-0.7913401077191035
-0.7917398915160447
-0.7924554844697317
-0.7932986361905933
-0.7937380969524384
-0.7951533464714885
-0.7977688725950429
-0.7991682461329869
-0.8036965603629748
-0.8056404789288839
-0.8062732815742493
-0.8076555444467886
-0.8076870088552823
-0.8083986930549145
-0.8089364741514146
-0.809382027387619
-0.8101946437964216
-0.8155810303158231
-0.8157828090978521
-0.8163765056058765
-0.819052153325174
-0.8196933893486857
-0.8205182957462966
-0.8241444080413203
-0.8249934178777039
-0.8272996474067137
-0.8281544560450129
-0.8289367235265672
-0.8306872252573158
-0.8381843641400337
-0.8393598596254984
-0.8399671912193298
-0.8440076452052381
-0.8445006055491311
-0.8461005513459635
-0.8474925614660606
-0.8479314340012414
-0.8494208465433783
-0.8515501904767007
-0.8521903855726123
-0.857040936825797
-0.8592036291956902
-0.863625232479535
-0.873228532448411
-0.874965358331489
-0.8767279982566833
-0.8820305213125216
-0.8823383811861276
-0.8843218660913408
-0.8846034424911652
-0.8849800551931063
-0.8872807142989976
-0.8902036674320698
-0.8905512988567352
-0.8913569990545511
-0.89395751664415
-0.8943904116749763
-0.8960270243031638
-0.8961419370956719
-0.9015678059723642
-0.9017254748183404
-0.9053257126361132
-0.9075580909848213
-0.9092819578945637
-0.9101915814514671
-0.9123876169323921
-0.9136805706657469
-0.9139662598511222
-0.9207211850610163
-0.925035954946361
-0.927060988266021
-0.9274115022271872
-0.9275633525103331
-0.928688181713369
-0.9305059429524201
-0.9364935043578346
-0.9386358658472697
-0.939099827199243
-0.9397934943437576
-0.9452231745235622
-0.9479757808148861
-0.9485645741224289
-0.9490905404789374
-0.949432831001468
-0.9495280912249453
-0.9504571090413568
-0.9530960151460022
-0.9576676639284415
-0.9692759862435716
-0.9712422888979846
-0.9729419715702534
-0.9768147571012378
-0.9774692039936781
-0.9794983336081108
-0.9816683484241366
-0.9836319535970688
-0.9840572000248358
-0.9942026067680368
-0.9965321865980513
-0.9988130197549859
-0.9991640117323186
-0.9995783014843861
-1.003311495097088
-1.0062298476696014
-1.0080453753471375
-1.0107060230026643
-1.0132248250560627
-1.0191805739055522
-1.0210991899172466
-1.0222110167766612
-1.0245245055605967
-1.0275631513737609
-1.0277031727802952
-1.0281754745170475
-1.0308287162333727
-1.0355649385601282
-1.0366306627790134
-1.0400979141704738
-1.0413083106279373
-1.0424284955176215
-1.0475005781544107
-1.050844012759626
-1.0519433919573202
-1.057116150856018
-1.0579005614854395
-1.0609265473904088
-1.0609922211269804
-1.0611213248090021
-1.0611700642233093
-1.0644699589918472
-1.0681676148960833
-1.0693521519812446
-1.0697012697346509
-1.0781579053395294
-1.0873589874245226
-1.091340026682398
-1.0949400292811333
-1.0953504301607608
-1.0995306689292192
-1.1004362126501899
-1.1009437973887544
-1.1044388924326216
-1.1118664077172677
-1.1190138881841751
-1.121259125218785
-1.1235386011494484
-1.126985953706834
-1.1286016545156599
-1.1286152903469175
-1.1362460348755121
-1.1376584156449618
-1.1426020950699847
-1.1427000556141138
-1.1484455702270173
-1.1489474292844535
-1.1509414669126272
-1.155482915385316
-1.156336784362793
-1.1630058195441961
-1.16766666918993
-1.1760764434933662
-1.1824150799463193
-1.1979384042322636
-1.2029260223110516
-1.2085546755364962
-1.2210252426254253
-1.221327380296619
-1.2217996766169865
-1.227612319091956
-1.2281469489098527
-1.2304803760101397
-1.2363682687282562
-1.243492332228925
-1.2570101985526587
-1.2664383468883378
-1.2666203536093235
-1.26862815177689
-1.2764489583205432
-1.2776155076455324
-1.296609063943227
-1.2986659213900567
-1.3076504270235698
-1.3122828941171367
-1.3132647493672873
-1.3168706210817618
-1.3195102154859342
-1.3281123340129852
-1.3316891604918055
-1.338255559404691
-1.3390711080282927
-1.3393033084770043
-1.3529208873709042
-1.3564260493343074
-1.3578826648614875
-1.3580803678681452
-1.3595349378883839
-1.3672319650650024
-1.3797519505023956
-1.3822831474244595
-1.3839495182037354
-1.387834961215655
-1.3897157222032548
-1.3925453446184595
-1.3976281613111496
-1.4046379114151932
-1.4050759722789128
-1.405277457961347
-1.405820231884718
-1.4181506410241127
-1.4217118163825944
-1.427578678354621
-1.43024530261755
-1.4643248901702464
-1.4801129319530446
-1.4865878423055012
-1.5010464787483215
-1.5015739314258099
-1.5086584091186523
-1.5265086852014065
-1.5361918719972891
-1.5446521277772263
-1.5536739497135084
-1.5648263365030288
-1.568802187840144
-1.571662792780747
-1.5721997090925772
-1.5733750036451966
-1.5779490247368813
-1.5835861079394817
-1.5900234624743461
-1.5910061445378232
-1.5995914991945028
-1.6093025356531143
-1.6095693310101826
-1.6176464259624481
-1.6340963661670684
-1.638756662607193
-1.6444354852040608
-1.6468176245689392
-1.6470017698593438
-1.6484000384807587
-1.6738270055502653
-1.6808695779873233
-1.693650297820568
-1.7142169699072838
-1.7222605049610138
-1.7252610325813293
-1.7288093023002147
-1.7316401898860931
-1.746991866081953
-1.7484658658504486
-1.7584201991558075
-1.7663221476832405
-1.7706544287502766
-1.778979778289795
-1.7889879383146763
-1.811873272061348
-1.8138247107466061
-1.8468671254813671
-1.8683946223929524
-1.8868726529181004
-1.9050420194864273
-1.9433642427126567
-1.9459071276942268
-1.9534362362076838
-1.9577804934233427
-1.964278407394886
-1.9754585325717926
-1.981899043372323
-1.9947045505046845
-1.9999318742193282
-2.016894295811653
-2.0764774959534407
-2.0849696174263954
-2.0885027647018433
-2.1127378940582275
-2.162676235040029
-2.167844295501709
-2.169759750366211
-2.1723621159326285
-2.2245596647262573
-2.2263243161141872
-2.2527723429957405
-2.31310356905063
-2.373062695066134
-2.420642852783203
-2.4412924653540053
-2.4424871895462275
-2.4523614943027496
-2.452925980091095
-2.4684092408667007
-2.4879544780900082
-2.528978913091123
-2.5337896551936865
-2.5508663102518767
-2.5570821166038513
-2.562376543879509
-2.573304243385792
-2.5768951972325644
-2.59001761674881
-2.773970067501068
-2.8072599743803344
-2.8072777912020683
-2.8231019526720047
-2.8419217513874173
-2.853843166027218
-2.9039368042722344
-2.9660859182476997
-2.9779090331867337
-3.007069021463394
-3.0565836429595947
-3.101440340280533
-3.2493143305182457
-3.303576707839966
-3.369746893644333
-3.4226255416870117
-3.530409757979214
-3.5375266075134277
-3.7483372688293457
-3.903271794319153
-3.9061280488967896
-4.287137985229492
-4.786504030227661
-6.7240681648254395
-7.919214725494385
-12.692028999328613
-13.027441024780273
