-0.004612938132292281
-0.029129144677426666
-0.030530522228218615
-0.05943631949938006
-0.06644247819203883
-0.06748468751902692
-0.07486237554500501
-0.11414804786909372
-0.11692246905295178
-0.12001291504129767
-0.16207579523324966
-0.17367145558819175
-0.18597527220845222
-0.18838316528126597
-0.2102297735400498
-0.21288204749362194
-0.22064736250322312
-0.2212065291707404
-0.23147584791877307
-0.25019360502691207
-0.2512510159609115
-0.25242310457106215
-0.2595479196868837
-0.26543805189430714
-0.26758604124188423
-0.2685049822553992
-0.2700393739292989
-0.27468615397810936
-0.275900774076581
-0.27738992320373657
-0.2803670196190069
-0.28243912383913994
-0.28418139728698105
-0.29836357595013396
-0.3038171261626606
-0.3046012409031391
-0.30464371914664906
-0.3136256052646786
-0.3160057663699263
-0.3177775734414657
-0.32149241864681244
-0.3242981875363122
-0.3261530068702996
-0.3306055158376694
-0.3402485635139913
-0.3423305150612982
-0.34240149818651844
-0.3444264028221369
-0.34487001998350025
-0.3475927967156167
-0.3529246370308101
-0.3541061014402658
-0.3569238214274972
-0.3577716566861555
-0.3625964839011431
-0.36278249988899913
-0.3700691535836086
-0.37104316159275186
-0.3797671975335106
-0.3878296525346943
-0.38815980901320773
-0.39026911556720734
-0.3927860921685351
-0.3961389429605333
-0.3968004742404446
-0.3995675489952026
-0.40092738292878494
-0.4022285347527941
-0.40558104396041017
-0.4061256295070052
-0.41362012587099645
-0.4208969697980137
-0.4211143753491342
-0.4216960994854162
-0.42214456303045156
-0.424016240471974
-0.4243318757249249
-0.42506537734656236
-0.4282381286223729
-0.42871994693164844
-0.4287608154118061
-0.43161024162610473
-0.43386242672349906
-0.434500053524971
-0.43598196655511856
-0.43903682711534203
-0.440215362017625
-0.44332252610474826
-0.44540008072508497
-0.44629000399727375
-0.44665375128388407
-0.4478897863466825
-0.44821301557951504
-0.44875548814889044
-0.4499998261453584
-0.4507687044485162
-0.45239105780742
-0.4524245532462373
-0.4540930483851753
-0.45480118496602195
-0.45500679162796587
-0.4555011410941006
-0.4565394984558225
-0.45736325672908645
-0.4579546013368859
-0.4594645704104411
-0.4602026361040771
-0.4605153551591294
-0.4612160366627491
-0.4655114454071736
-0.4662827696208842
-0.46748249526394325
-0.46877080492849926
-0.4698968602876578
-0.47016984342397855
-0.4702676171720948
-0.4709591897204518
-0.47399093590340474
-0.4766950615766374
-0.47682268791620364
-0.47822662329417653
-0.4788044534930536
-0.4806658021471877
-0.4809001835625774
-0.4809246211516438
-0.4824545980558138
-0.482547590831382
-0.4841728762590459
-0.48521539388093515
-0.4857778976229383
-0.48721886785381724
-0.4914978824509308
-0.4915790268278215
-0.4919084420897499
-0.49223550922470166
-0.49232489544242114
-0.4945959290722385
-0.4956734073814005
-0.4958276922116056
-0.49735074046300726
-0.4996052275702823
-0.5008874303764768
-0.5030149349994544
-0.5038155450796088
-0.5044782900731661
-0.5053165000198143
-0.50555589843619
-0.5078627445735038
-0.5080369258565562
-0.5083626946434379
-0.5086759616711384
-0.5097287978286558
-0.511204744502902
-0.5120105986565688
-0.512031564126826
-0.5121459762643402
-0.513943150639534
-0.5146980779374846
-0.5183729028794914
-0.5190744502740147
-0.5198048609308898
-0.5203677529805444
-0.5220469831600151
-0.5254584369914872
-0.5256141605463603
-0.5261664899531752
-0.5268796384334564
-0.5291158490115777
-0.5298127638176083
-0.5308489584276685
-0.5318843741843011
-0.53269496721623
-0.5336101720477018
-0.534552588321579
-0.5351799667841988
-0.5353809989486763
-0.5355684666894376
-0.5372495423544024
-0.5373394318991132
-0.5396740882378684
-0.5408694666499893
-0.5412638488714583
-0.5424142291536554
-0.5429170707292441
-0.5439047415339802
-0.5441444679713136
-0.5446531428024173
-0.5447911078162078
-0.5448512302434264
-0.5450744777917862
-0.5455070512733527
-0.5458011878235993
-0.5476475329651294
-0.5484162893974118
-0.5504079648293555
-0.5506671607503888
-0.5533220161159988
-0.5561895509483292
-0.5562143217733907
-0.5580001822672784
-0.5591504234398599
-0.560929067217512
-0.5621113210570372
-0.5640072984000047
-0.5655914750896045
-0.5663980342680588
-0.5669629462296143
-0.5672783782772187
-0.567412775271805
-0.5683001601028081
-0.5713013606016628
-0.5715538957156241
-0.5716888501076027
-0.571702130449315
-0.5719270173148663
-0.5724312318946302
-0.5726094102239585
-0.5727640850754041
-0.5755296850348454
-0.5778363570622306
-0.5780284015982033
-0.5781313003325421
-0.5795275180189492
-0.5803374543888317
-0.5804821263062133
-0.5805473475113103
-0.5814349677960348
-0.5818374921345031
-0.5834189971407217
-0.58514932376212
-0.5855770992218621
-0.5869624843342334
-0.5870855353166595
-0.5871352429191271
-0.587380125420168
-0.5894976715956416
-0.5896411671263715
-0.5913572030740397
-0.5916268597745026
-0.5920268170635349
-0.5922294562819843
-0.5927232084377465
-0.5931343938822725
-0.5932945671724156
-0.5943843863076634
-0.595447145234276
-0.5974281539674848
-0.5978626848108516
-0.5988976829020041
-0.5990110685350374
-0.5993887657022477
-0.6016322581617715
-0.6030710194259882
-0.6035523161517631
-0.6041528256610036
-0.6044334178376529
-0.6063462274259008
-0.6065649618358967
-0.6071442371723927
-0.6111719800780216
-0.6116570175451704
-0.6125773181440308
-0.6132866655077253
-0.6141910233534873
-0.6157056275858648
-0.6161049592544594
-0.6181614135797505
-0.6201660431300601
-0.6218987401160929
-0.6232857674767729
-0.6269740049449157
-0.6271178597817197
-0.6280626788114508
-0.6295379189153513
-0.6305739972740412
-0.6322643496096134
-0.6327930881641806
-0.6350713027641177
-0.635452930117026
-0.6363576497354708
-0.6371963737266404
-0.6386319846238216
-0.638923166350161
-0.6414446738548577
-0.6450335993431509
-0.6462695884207884
-0.6471731228687402
-0.6492474151365015
-0.6495828289116616
-0.6505559371919715
-0.6542842788738199
-0.655388979241252
-0.6564464041730389
-0.6591365173226222
-0.6591548880096525
-0.6594204498188836
-0.6596266611822001
-0.6597981279095014
-0.6617828842976855
-0.6648960050827425
-0.6657695153844543
-0.6666553134089458
-0.666805548271077
-0.6673387986208711
-0.6679473430184382
-0.6717809693014455
-0.672343710437417
-0.6746481989693065
-0.6751710290955089
-0.6784587569741739
-0.6793147921562195
-0.6810265779987765
-0.6815892912331037
-0.6844568760733247
-0.6856122393393889
-0.6869978698436171
-0.687524567329092
-0.6877840257865111
-0.6880555297975661
-0.6888348287514722
-0.6910572722554207
-0.6933737145038321
-0.6966057516132423
-0.6967719529555845
-0.6978748974700769
-0.6999356265157985
-0.7003381467511645
-0.7022331563561011
-0.7033186010048667
-0.7038952235830948
-0.7041015312424861
-0.7049304383923299
-0.7074969674771031
-0.7078174810856581
-0.7094097845256329
-0.7097145017986703
-0.709860416315496
-0.7102597223165503
-0.7104498205864931
-0.7105944260954857
-0.7115081355441362
-0.7125012441150224
-0.7139688521638163
-0.7144741111690001
-0.7159703627694398
-0.7165931644932633
-0.7168143314536012
-0.7170249629351828
-0.7177084864926568
-0.7183454595506191
-0.7190837784271155
-0.7211530957841509
-0.722091936157085
-0.7251166285825006
-0.7267344892024994
-0.7279482173422972
-0.7292866329080425
-0.7297780275444633
-0.7308825192352136
-0.7309496817179024
-0.7311857308809872
-0.7344641075851541
-0.7352679994888603
-0.7370777674950659
-0.7399088132997349
-0.7421728169545532
-0.7441487780565189
-0.7445806449753806
-0.7446871056454256
-0.7482048768550158
-0.7525574248138582
-0.7526804640889168
-0.7534423976404858
-0.7539457954917452
-0.754805370233953
-0.7553875350993342
-0.7653913458809256
-0.7654214448994026
-0.7685252217903326
-0.7695160955761822
-0.7718770024366677
-0.7741268805776989
-0.7779623882845044
-0.7796053530594994
-0.7812608271837235
-0.7815943724708632
-0.7818689884410964
-0.7825507181588591
-0.784294923734186
-0.7875800180714577
-0.789848892390728
-0.7911901848565321
-0.7913121848832816
-0.7920895633287728
-0.7927888137801347
-0.7957829743623733
-0.7994497947162017
-0.8011997234037457
-0.8017961599398404
-0.8020777065103175
-0.8043472543358803
-0.8048776221880366
-0.8071489629975985
-0.8082787311287964
-0.8122768809220621
-0.8134741841543777
-0.8161363527178764
-0.8189823366701603
-0.8202496988407801
-0.8220816436223686
-0.8259040988840363
-0.8305240084550211
-0.8322382152080536
-0.8332288334357953
-0.8352777316395077
-0.8358636912889779
-0.8365390955198867
-0.8378741137683392
-0.8386048009619117
-0.8474627752896465
-0.8475263606718121
-0.8498473366884615
-0.8544365807125965
-0.8600644240044252
-0.8602720469602251
-0.8616476806512635
-0.861894670404711
-0.8620644386857748
-0.864884077757597
-0.8666056469082832
-0.869838093717893
-0.8722079172730446
-0.8745735834042231
-0.8752181088081367
-0.8755819576308568
-0.8757629747342435
-0.8779821740962299
-0.8818870075047016
-0.8856748610002493
-0.8864882225170732
-0.8881356168991866
-0.8882169848139811
-0.8891386099159717
-0.8891815848585793
-0.8908678293228149
-0.8929641165304929
-0.8934648521761928
-0.8944656644016504
-0.90218520619803
-0.9049119802639325
-0.9080582249511887
-0.9128691979683936
-0.9133690545956293
-0.9143321127048694
-0.9208668560119501
-0.9209841676056385
-0.9233822405338288
-0.923419455687205
-0.9241664095781743
-0.9270205277571222
-0.9282727017998695
-0.9291953948268201
-0.930079669439389
-0.9342056432860772
-0.9481610246002674
-0.948613241314888
-0.950657743960619
-0.951779106654188
-0.9523225352168083
-0.9524137139320373
-0.9532107618288137
-0.9597410743978495
-0.9674434602881471
-0.9677098706597462
-0.9726715360969441
-0.9750733528756731
-0.9776449650526047
-0.980510091276041
-0.9816191382706165
-0.9834628740015129
-0.9866567999124527
-0.9869363009929657
-0.9926935977731773
-0.9930507670311878
-0.9964107725536451
-0.9981180926552042
-0.9994775538798422
-0.9994980518706142
-1.0017119467125408
-1.001920119440183
-1.0044668103801087
-1.0085837199512753
-1.015690390020609
-1.0175090296231377
-1.0186584275215864
-1.0193910562433302
-1.0275351876625791
-1.0349333413516433
-1.041342760164601
-1.0499044209718704
-1.0650158524513245
-1.0656585295995076
-1.0665330588817596
-1.073946917237966
-1.0769628956913948
-1.083669942182799
-1.0880773067474365
-1.0899504672270268
-1.0963428783870768
-1.096499403521496
-1.1011998855586473
-1.1059562899172306
-1.1202149502933025
-1.1225458290427923
-1.1291013529989868
-1.1323764104551326
-1.1358142723038327
-1.1717830687761306
-1.185886042852265
-1.200463879853487
-1.2062518782913685
-1.2215355455991812
-1.2326312822600205
-1.2379792762731086
-1.2487846569856629
-1.2501855467829348
-1.2716788314282894
-1.2809436678265531
-1.2813502456992865
-1.281922752270475
-1.3043595279256504
-1.3201165674254298
-1.3269123391946778
-1.32936866953969
-1.329495632648468
-1.3296120286291366
-1.3331765390001238
-1.333714060485363
-1.343880295753479
-1.3439785186201334
-1.3496025409549475
-1.3650524411350489
-1.3750398949099083
-1.38340301848948
-1.3854386806488037
-1.3869879618287086
-1.3880214154720307
-1.3974280953407288
-1.4019626908004283
-1.440999925835058
-1.4461608994752169
-1.4482181787490844
-1.454382870066911
-1.4545847065746784
-1.4967736840248107
-1.5147396326065063
-1.525968313217163
-1.5375774018466473
-1.5498557031154632
-1.5552573144435882
-1.603013848265012
-1.6107719478507836
-1.6137106530368328
-1.6265766732394695
-1.6335170596430544
-1.6664701607078314
-1.6681561801524367
-1.7184144258499146
-1.7232096306979656
-1.7425170635251561
-1.77156425639987
-1.7764029055833817
-1.7795324623584747
-1.7980880832110415
-1.8199117556214333
-1.8326735720038414
-1.845673218369484
-1.849568396806717
-1.8606670014560223
-1.8994080953394814
-1.9149336417516072
-1.9293417267501354
-1.9345422387123108
-1.9433778524398804
-1.959101241848354
-2.024855509866029
-2.061147093772888
-2.0617499351501465
-2.1328601241111755
-2.141484797000885
-2.143507116648834
-2.2097418308258057
-2.242309252421061
-2.249649385611216
-2.31801881454885
-2.3631093502044678
-2.3667433808247247
-2.3677133123079934
-2.402871698141098
-2.484549246223954
-2.5783878410584293
-2.6107673595348992
-2.701159576574961
-2.8560875761322677
-2.872569739469327
-2.9091224670410156
-2.9373748935759068
-2.952394589781761
-2.9549368619918823
-3.0209833653643727
-3.0317821502685547
-3.1948429360054433
-3.3453842103481293
-3.576960233040154
-3.6937076432041067
-3.740610122680664
-3.8658576011657715
-4.095846687152516
-5.19207610314091
-5.247566845268011
-6.619530558586121
-7.312146544456482
-7.979735374450684
-8.608329772949219
-8.857985496520996
-8.860695838928223
-9.054102897644043
