-0.00021407292418492338
-0.0006261788408513288
-0.0016753338937373233
-0.0021468245836980975
-0.002226792819177111
-0.004240504314793725
-0.006573565779641892
-0.008553679072065279
-0.014539832971058786
-0.01732496527256444
-0.019612154024798656
-0.02132428903132677
-0.02193443353571638
-0.023486466781529696
-0.027161986563442042
-0.03256663912907243
-0.03995002596639097
-0.04756149274180643
-0.05676459861327506
-0.06280022305509192
-0.06458584925470252
-0.07340491486902465
-0.07413888843730092
-0.07458372571418295
-0.07611767548535552
-0.08045004317773419
-0.08060042601885341
-0.08221353990989479
-0.08291237366802306
-0.0874615855209413
-0.09599543114503224
-0.11202198639512062
-0.11777406852052082
-0.149032999901101
-0.14936582920381625
-0.15159562880477703
-0.15560872618025315
-0.15603537197134407
-0.1571629451071203
-0.1596510661765933
-0.16346193999045985
-0.17003042010376454
-0.17186627164179905
-0.17223233503361068
-0.17382812114847185
-0.17546996474266052
-0.1765505945568293
-0.17837792889622506
-0.1822188980779174
-0.183278254477565
-0.18349946127273142
-0.1836198927110672
-0.18453513830900192
-0.1872220897323132
-0.1894266960211098
-0.19056624868881045
-0.1927470905950031
-0.1931756331052586
-0.1948098434679975
-0.19798591298710258
-0.19802087118322936
-0.20844730492016034
-0.20846916086487577
-0.2096657345960279
-0.21721880836478455
-0.2182304182920234
-0.21841508664666826
-0.22190878966970418
-0.22235619456167863
-0.22443432207652828
-0.22551252610885378
-0.2255686879129558
-0.2269676994685344
-0.2273880835622549
-0.22817202470067807
-0.22922639987846197
-0.22973374844392916
-0.23019616791461886
-0.23155626845255028
-0.23308772905220393
-0.2338616208293248
-0.23421883967673168
-0.23654905783632785
-0.23734701841728495
-0.2387737905864924
-0.2395470570031648
-0.239666690448909
-0.24019827612760813
-0.2430572135474774
-0.24447610984532275
-0.24479763770499344
-0.2464432818242699
-0.2467906030659732
-0.24692607202741784
-0.24834772879070702
-0.24838240795891883
-0.2503083378750034
-0.2510809533938148
-0.2512200655901974
-0.254068994745694
-0.2542900227258542
-0.2557138240011909
-0.2557925270386226
-0.2573092852457194
-0.2573332154221235
-0.2574108405852281
-0.2585812872430324
-0.2591603282929782
-0.25984169488612296
-0.2601053342139173
-0.26015885886233636
-0.2604860775637031
-0.2609842320283254
-0.2610410202091053
-0.262163672652908
-0.26222980985433725
-0.2622795434726868
-0.2628983134216267
-0.2637494321614577
-0.2639027082872102
-0.26434891101181324
-0.26590604281506913
-0.2671023708138488
-0.2675319569943895
-0.26779717236440775
-0.26833476932552003
-0.27045702705296054
-0.2706955661997199
-0.27072664371151306
-0.2729251183724652
-0.2737255015000041
-0.27422653065120056
-0.27434210223145783
-0.27457958476669675
-0.27495912319379084
-0.27562321826868497
-0.27566352530902805
-0.2757315522706319
-0.2758034661237616
-0.27663842165557073
-0.2767428932685334
-0.27718914723769555
-0.2775744654238224
-0.2791438432072937
-0.2791542099272192
-0.279860599184273
-0.28007563198552815
-0.2801281113189799
-0.2829306387258839
-0.2846128258615863
-0.28464394871061816
-0.28500636770262217
-0.2853095409667731
-0.2859563543890545
-0.28880743618015003
-0.2888828759077197
-0.2890181208344681
-0.2906973100776895
-0.2923926635533644
-0.29306336260215177
-0.29346564460785074
-0.29353839220032873
-0.29479356552110403
-0.2950605235528201
-0.2964887385077678
-0.2983397440959834
-0.30037422126584856
-0.30048772246291267
-0.3008241749173976
-0.3009785934780666
-0.302326707022162
-0.3029497722694032
-0.3035129422380903
-0.3042308475813202
-0.30460642842700947
-0.3054574935761593
-0.3058650184462107
-0.307742644008249
-0.3093630061786306
-0.312075125395495
-0.31218977279786486
-0.31240620405012687
-0.31298998927336974
-0.31310429139623674
-0.31746995512312426
-0.3184291013495707
-0.31869443408235115
-0.3205213268029638
-0.3205982046812197
-0.3210033826711879
-0.32398070025879455
-0.32448234310140833
-0.3251469566319299
-0.32545038227744955
-0.32784700295347385
-0.3284346448526776
-0.3285040923408185
-0.3292600839067745
-0.33027361629410734
-0.3309486230660291
-0.3310702100636543
-0.3311039407053613
-0.33116229394587055
-0.33169984217667864
-0.3336577668564885
-0.33492551943572835
-0.33503941741446397
-0.33542875102760017
-0.3355215615437525
-0.3355569639801009
-0.3359682231645517
-0.336435263644749
-0.33653347615618256
-0.3367519538849592
-0.33676095320076677
-0.33920305729338124
-0.339260520991229
-0.33950565767251345
-0.33953126302348363
-0.34062301021257163
-0.3407160703496225
-0.341715109958631
-0.3418870630899359
-0.3436061698452022
-0.3441232772618605
-0.3449267945638515
-0.3452419418725185
-0.3467939972482782
-0.34715935967835776
-0.3479801871192952
-0.3484867337716754
-0.349121490047388
-0.34927979933718234
-0.35100179155331435
-0.3537593316184939
-0.3537963732575008
-0.3546106474270346
-0.3548036987842352
-0.35807743190585634
-0.358434182990095
-0.35874193684624817
-0.3589057852915175
-0.3599657462393225
-0.3605409000949294
-0.36385855556000024
-0.36394578848834996
-0.36397174526833764
-0.366542589062495
-0.366930540651083
-0.3672911482946282
-0.36733977046979915
-0.36761240048479904
-0.36800596230720356
-0.36802646538449657
-0.3693638107121972
-0.3698526118823793
-0.371282471926613
-0.3734959609038621
-0.37554238973471
-0.3780207638926965
-0.3781437008712803
-0.37973543138014065
-0.37978367874165997
-0.3829117635061266
-0.38395557584006684
-0.3841460231342353
-0.38835623860571405
-0.39212152902036906
-0.3934566001234998
-0.3936380134895444
-0.393916100338434
-0.39423270178449454
-0.39546530096704374
-0.39571669399174425
-0.39607784293022835
-0.39761730991303923
-0.39941940326065783
-0.3995399833317303
-0.39966370972494286
-0.40137605226521805
-0.40241958798530203
-0.403695501643233
-0.4039211963769048
-0.4052130569238216
-0.40554364880426874
-0.4079088473862612
-0.4084993162090541
-0.4103981852961376
-0.41040164310288674
-0.41047552474130655
-0.4120758736713065
-0.41264002254226734
-0.41541677662817167
-0.4160350820410436
-0.4190621256630038
-0.42043577495708934
-0.4206701500612932
-0.4224462435604437
-0.42346345287822057
-0.4252136284019798
-0.4253517031669617
-0.4265455825817575
-0.428834985625664
-0.4319730097001108
-0.43222998957541375
-0.4324403512118806
-0.4328741794452071
-0.43289597482653336
-0.43327792716289487
-0.4341368648758362
-0.43429869876854355
-0.4349425931919281
-0.4356502652760052
-0.4360603780433949
-0.4410345442977979
-0.4415856707841158
-0.444117952081433
-0.44428688366699337
-0.4447295387017675
-0.44587606980680905
-0.44603280092581243
-0.4461602566225338
-0.446301778058114
-0.4469052020892074
-0.44845105594722556
-0.4494353348448255
-0.45014723679716034
-0.4518509449439989
-0.4537614706903696
-0.45445867954435926
-0.45519949100271334
-0.45551325256747077
-0.4564169922596984
-0.45777707615779945
-0.4580022491289937
-0.45895169895811705
-0.45966036928196746
-0.46107139390096563
-0.46435736140807016
-0.46521892782038776
-0.4694563670327625
-0.471845555285654
-0.4734999544452876
-0.4750648458208161
-0.47592227567090756
-0.47602508722593484
-0.4770624871314794
-0.47785826673498377
-0.4782749810813887
-0.4785292965761073
-0.478811197406189
-0.47947858766253504
-0.47962125022087837
-0.48042609545045706
-0.4805986865492741
-0.48275057118694853
-0.48576363958418367
-0.48650414820895094
-0.48670038548637723
-0.4869216477498412
-0.4887095656080679
-0.49072920540584164
-0.4923204953697028
-0.4939452301348663
-0.494983784949909
-0.4960674703121185
-0.4970079487447947
-0.49860968658613275
-0.4986165825680978
-0.4992671560612507
-0.49944180734455584
-0.5016505753621459
-0.5027407688830863
-0.5044545580943426
-0.5052488656903733
-0.5059588190168143
-0.5063579306006432
-0.5077347159385681
-0.5092493695618552
-0.5119146394232909
-0.5146252006292343
-0.5177378405129275
-0.5198566615581512
-0.5221145365788289
-0.5232373897451907
-0.5236724289248481
-0.5254708021723976
-0.5257244769333435
-0.5261869827285409
-0.5292027158088786
-0.530309384856082
-0.5317473349128704
-0.5318514502607286
-0.5319505078451974
-0.5320166503744466
-0.5339438252720154
-0.533999008628598
-0.5350387758939178
-0.535952078178525
-0.5364461502991617
-0.5374944994691759
-0.5407294785603881
-0.5439541195053608
-0.5441303413639876
-0.5447086580097675
-0.5468409772994265
-0.5482619864866137
-0.5500365063664503
-0.5500754723325372
-0.550254225730896
-0.5509862429698842
-0.5518774017808028
-0.5521185085293837
-0.5566967511738767
-0.5582929448158082
-0.5583756681047211
-0.56308300317869
-0.5676063859835268
-0.5705403229741413
-0.5716527042336566
-0.5729443866293877
-0.5735060064434947
-0.5752271256409586
-0.5794632670827013
-0.5807893919603279
-0.5823845395453746
-0.5830383904948475
-0.5832010127071824
-0.5861386176198721
-0.5910513022632585
-0.5919780730206791
-0.5922103304923936
-0.5922936341313678
-0.592580856800071
-0.5931006917433644
-0.5950352907772564
-0.5970189873129129
-0.5979123857105151
-0.5987587833345364
-0.5995225072498821
-0.6018229387430308
-0.6028310003457591
-0.6058429980960985
-0.6062125091751417
-0.6079833050025627
-0.6091493828692668
-0.6122602547129645
-0.6131615615158807
-0.6163220413699391
-0.6212377784199816
-0.6235993641039386
-0.624486521228846
-0.6295996215194464
-0.630864882079715
-0.6327038553543389
-0.6362378689227626
-0.638977082412956
-0.6393116395920515
-0.6421731560258195
-0.6447517963824794
-0.6451669203815982
-0.645597066351911
-0.6459797281771898
-0.6471613060683012
-0.647326555212203
-0.6508555906410847
-0.6517951316083781
-0.6534384694416076
-0.6565039919737501
-0.6569858376464658
-0.6582763428959879
-0.6587120491763926
-0.6598050019165385
-0.6609120863888945
-0.6621863561485952
-0.6635761763900518
-0.6637468812294174
-0.6657169329002499
-0.6669546766859438
-0.6670483326472875
-0.6671309952313701
-0.6699386011391653
-0.6706141684657528
-0.6712166470442753
-0.6732963010668754
-0.6733043194134452
-0.6737063027225304
-0.6756061708244184
-0.6760489976033568
-0.6762238759547472
-0.676332012308194
-0.6770484384149313
-0.6790279495995492
-0.6801944249917662
-0.6864576493626373
-0.688969348088358
-0.6889860338649214
-0.6890020991995698
-0.6890461075585336
-0.6934563946877461
-0.6950247796794429
-0.697870959341526
-0.6984203391129995
-0.6994950481112028
-0.701775676969971
-0.7019487544894218
-0.7043586522340775
-0.7069461131657591
-0.7120051011443138
-0.7136641283286735
-0.7147434094610313
-0.71624639336753
-0.7218522906303406
-0.7242504950612784
-0.7262148925413688
-0.7318896163254976
-0.7326382948085666
-0.7335643632877691
-0.7345518161697934
-0.7349724753977271
-0.7350752735417498
-0.7354858366306871
-0.7387700128213813
-0.7407723690072695
-0.7409542636622584
-0.7452915660343933
-0.7496337587945163
-0.750846197405322
-0.751998527773789
-0.7538037560609935
-0.7550618670356926
-0.7555134305730462
-0.7573637605237309
-0.7574040129159888
-0.7585443793463388
-0.7587406939516464
-0.7603817081605939
-0.7606583796441555
-0.7620599499075777
-0.7639570200505356
-0.7647588030493353
-0.7649282394268084
-0.765950620174408
-0.7709640186969409
-0.7712548766285181
-0.7770436860620975
-0.7787629938684404
-0.7810860884686311
-0.7831686791808655
-0.784527838540574
-0.7879772102596689
-0.7897727473949393
-0.7903235669694672
-0.7921039948705584
-0.7923986916825275
-0.7933120187371969
-0.7943939895373789
-0.7970368761569262
-0.8004459142684937
-0.8016866683959961
-0.8018407712224871
-0.8064129318421086
-0.806456536718315
-0.8080829069018364
-0.8133440430550157
-0.8143303640186786
-0.8146427631378174
-0.8155564921969471
-0.8164380427055481
-0.8214873407656947
-0.8226011453994683
-0.8242012308827336
-0.8274422802031041
-0.8279519937932491
-0.8328879935600396
-0.8331288309418596
-0.8332030794990715
-0.8342456876329379
-0.8349656087026233
-0.8353362221270799
-0.8360482122128209
-0.8368543971862111
-0.8373553337063641
-0.8402422241245707
-0.843466444251438
-0.8443002687767148
-0.8446410857141018
-0.8483709797263146
-0.8492909387374917
-0.8506349826348014
-0.8562623708276078
-0.8566215535004934
-0.8568713292479515
-0.8576589241544882
-0.8577241407086452
-0.8595342949617285
-0.8602191749960184
-0.8711096028117546
-0.8730563117812077
-0.8740633437409997
-0.8756762373535215
-0.886462613940239
-0.8893020832911134
-0.8955045212060213
-0.8997315216342435
-0.9042185847647488
-0.9045141339302063
-0.9049361447493235
-0.9069417512192948
-0.9072748011501972
-0.9149314798414707
-0.9149712131669124
-0.9190234096916227
-0.9262929415064198
-0.928426899947226
-0.9333142152172513
-0.9338244751095772
-0.9384747706353664
-0.9387435881886631
-0.9410194247961045
-0.9459761194884777
-0.9473387763525049
-0.9475710595026612
-0.9488275647163391
-0.9539034999907017
-0.9544703321839084
-0.9562056660652161
-0.9564864617760966
-0.9589138651887575
-0.9604668048210442
-0.9710356523864903
-0.9725842579084981
-0.9748055245727301
-0.9757997477427125
-0.9765082634985447
-0.977919650884966
-0.9871498364955187
-0.9884933956588308
-0.994620660940806
-0.9984361007809639
-1.00524465367198
-1.007593940012157
-1.0113254562016891
-1.0116721210069954
-1.0205622410401702
-1.0235444788219563
-1.0258235692977906
-1.0296960351988673
-1.0307345390319824
-1.0329950417702396
-1.033408060669899
-1.041918933391571
-1.0420209764270112
-1.0423428742215037
-1.0429014240701993
-1.0443446412682533
-1.0452682695758995
-1.046378160516421
-1.0555011332035065
-1.0588605478405952
-1.0652879793196917
-1.0674482447405655
-1.078280109912157
-1.0819081775844097
-1.0928902933374047
-1.0935208350419998
-1.094021424651146
-1.1018240470439196
-1.1049142498522997
-1.110667969507631
-1.1171869859099388
-1.120154070854187
-1.1217586042669911
-1.127117857336998
-1.1288960065867286
-1.1311724185943604
-1.1350695842117733
-1.1382049487205221
-1.1391451358795166
-1.1426217736297986
-1.1446187843879063
-1.1478642498375848
-1.1479033537383656
-1.155005617439747
-1.1605737496477861
-1.1645330883271527
-1.172620676457882
-1.1743217163408797
-1.1810502260923386
-1.1817435383796693
-1.185247873266538
-1.1898887982126325
-1.193515518059333
-1.205038813455758
-1.2073295824229717
-1.2092680800706148
-1.2205394259362947
-1.2251277069250743
-1.2272571995854378
-1.227330372860888
-1.2333872318267822
-1.2349993765354157
-1.2379326182417572
-1.2450635433197021
-1.246219019095103
-1.2515108481667994
-1.2557973749935627
-1.2652350324206054
-1.2671812723080318
-1.274011218547821
-1.2800083398818969
-1.2805834226310253
-1.2837306807438533
-1.2876677177846432
-1.2900483794510365
-1.2914083003997803
-1.2954370464431122
-1.2994228178169578
-1.301363818347454
-1.3071376979351044
-1.307987151046594
-1.3123821467161179
-1.3185965108374755
-1.3187177814543247
-1.330270013599667
-1.3444099615328013
-1.3592890327175458
-1.3628780494133632
-1.3674665838479996
-1.3724509576956432
-1.3725119763985276
-1.381510742008686
-1.3861683756113052
-1.3868858274072409
-1.388474007078912
-1.3923489934008102
-1.3945654034614563
-1.4089363118012745
-1.416254887978236
-1.4204211036364238
-1.4370294304098934
-1.4371507465839386
-1.4422596027470718
-1.447614535689354
-1.4547183811664581
-1.4556134790182114
-1.4590030908584595
-1.4608731071154277
-1.4628002072374027
-1.4714411914348602
-1.4725871632496517
-1.4748483784496784
-1.4788008509203792
-1.4788228273391724
-1.499928891658783
-1.5107639729976654
-1.5138305226961772
-1.5161501231511352
-1.5198344041903813
-1.5355044714330386
-1.5480437794079382
-1.5600050551195939
-1.5615579998009252
-1.565439244111379
-1.5673405900597572
-1.570898711681366
-1.5721897780895233
-1.5794084469477336
-1.582792619864146
-1.585259757802002
-1.5853596590459347
-1.585452824831009
-1.5957098404566448
-1.5977031191190083
-1.6112261638956322
-1.6300480663776398
-1.6663739723153412
-1.6888659397761028
-1.6940917268705864
-1.7100982434349135
-1.7213072180747986
-1.7268731892108917
-1.7276271382967632
-1.7308103740215302
-1.733538568019867
-1.7388525207837422
-1.7408485123887658
-1.7411468423282106
-1.741196095943451
-1.7462516762316227
-1.747339516878128
-1.7584488317370415
-1.7604094197352727
-1.7634627223014832
-1.7819155510514975
-1.7862517833709717
-1.7898277565836906
-1.8028167188167572
-1.8039618395268917
-1.8385553061962128
-1.8470352319236554
-1.8634332418441772
-1.8947951793670654
-1.8958114981651306
-1.9230727553367615
-1.9232045809427898
-1.9256295263767242
-1.9489656034857035
-1.949452817440033
-1.9698027235766251
-1.9745626598596573
-1.9830946922302246
-1.9845068454742432
-2.012420892715454
-2.040266789495945
-2.0516595244407654
-2.052678108215332
-2.063775956630707
-2.0899896025657654
-2.129581760343126
-2.147063851942221
-2.165486380457878
-2.202125757932663
-2.2243158002384007
-2.244399130344391
-2.244797945022583
-2.2488525404551183
-2.253465323786562
-2.2705730714369565
-2.311087588003526
-2.327991306781769
-2.3380101919174194
-2.3458019784496478
-2.4279682636260986
-2.4423703528009355
-2.4646679286379367
-2.471668839454651
-2.5140206813812256
-2.5309533964997777
-2.5826034407073166
-2.585371255874634
-2.6222362965345383
-2.6244170665740967
-2.6253535747528076
-2.6915051639080048
-2.694845549762249
-2.796205699135953
-2.851045846939087
-2.981733560562134
-3.0088600253459767
-3.028587579727173
-3.205421367349724
-3.30168668293148
-3.552978221131904
-3.5627946853637695
-3.623330593109131
-3.6399989128112793
-3.674904763698578
-3.8170437812805176
-3.8347487449645996
-4.051212988328189
-4.0749430656433105
-4.102006435394287
-4.2550657261163
-4.534121321514249
-4.731405973434448
-5.082707405090332
-6.892651081085205
-10.05270767211914
