-0.25237128076454
-0.2658807246480137
-0.2664167395509455
-0.2712896286897636
-0.273127194494009
-0.2771060186217558
-0.278473861800037
-0.2806342598993242
-0.28320532078469113
-0.283699502942909
-0.2897367145633325
-0.2903514723964137
-0.29426179432249183
-0.29686555400689096
-0.2976304964893363
-0.29947419617271337
-0.29990583352212397
-0.300256030561286
-0.3016885709610051
-0.30221606738796253
-0.3024069814825358
-0.30515179394920966
-0.3089851187542081
-0.310844898142494
-0.31181373403420104
-0.3187259706645273
-0.3202845792422357
-0.3230236227261937
-0.3260048844967969
-0.32706485278790104
-0.33003144602513534
-0.33029369757227517
-0.3339395178842824
-0.3382667816942558
-0.3388603743148195
-0.33902531245257705
-0.3391439450851581
-0.3399307926110024
-0.3444369197168271
-0.34838965240633113
-0.35413115921158655
-0.354476124759954
-0.35547584257114473
-0.35548799262445147
-0.3654650844515085
-0.36631651447980684
-0.37133399657129
-0.37209263629682193
-0.3732960209677306
-0.3848940822831355
-0.3855448497342877
-0.3880521753367487
-0.3882897860036384
-0.3894937158956264
-0.3917576629951327
-0.40116474078483105
-0.4044177974578599
-0.4083332533588294
-0.40885380176928265
-0.4122781197595032
-0.415445809063887
-0.41832846589386463
-0.42030937561680226
-0.4287388801574707
-0.4296548956384261
-0.4314909124403216
-0.4322756349109113
-0.43930844879812664
-0.44008477651541833
-0.4417562084282609
-0.44231273730595905
-0.4443331045098603
-0.4449974847957492
-0.44606365453714886
-0.446172187259549
-0.462989890773315
-0.46486132328088087
-0.46816370907562
-0.4693028499055799
-0.4705546205633969
-0.4716524688643403
-0.47372793003367925
-0.47408263356164754
-0.4782777385165294
-0.4817531011067331
-0.48288747424536876
-0.48544675298035145
-0.4866602974710986
-0.4915629397146404
-0.49572901398614705
-0.4978533750399947
-0.4997825347818434
-0.5002225135685876
-0.5057898316765204
-0.5079673981360558
-0.5137202084297314
-0.5187200717169057
-0.5225862636114471
-0.5237335823849686
-0.5305024106055498
-0.5352106626378372
-0.5360626057721675
-0.5400560522684827
-0.5402236358495429
-0.5413066014321215
-0.5468986155465245
-0.5536009329371154
-0.5538729731924832
-0.5589760999298758
-0.5592427980154753
-0.5599798017181457
-0.5661201788943799
-0.5686117894947529
-0.5714465249329805
-0.576613963524374
-0.5785891263124844
-0.5826181074604392
-0.5831198606174439
-0.5852712403450694
-0.590877688373439
-0.594783158307629
-0.5967384063395422
-0.5991057672848304
-0.6008741445839405
-0.6022159835057599
-0.6029587048623297
-0.6047139388763092
-0.6062399649126241
-0.6113459733314812
-0.6137936067368303
-0.6187274589070252
-0.6236894058063627
-0.6237062003349232
-0.6276849720161408
-0.6279221219010651
-0.6353522329719501
-0.6372452676296234
-0.6385682811184475
-0.6413554966449737
-0.6431238394644525
-0.6448963287596902
-0.6455572241296371
-0.6456527065485715
-0.6471483601878086
-0.6488214035984129
-0.6493906930088997
-0.6514379251748323
-0.652361994722763
-0.6525429936125875
-0.6608106349362061
-0.6625065553622941
-0.6720115658827126
-0.6723563892559873
-0.6736884285121221
-0.6764150038361549
-0.6780537832528353
-0.6828190591186285
-0.6832440365105867
-0.6866903069894761
-0.6869412767700851
-0.6920670942830233
-0.6929925264169773
-0.6987124733626843
-0.7019729266758077
-0.7031732884546121
-0.703226598807507
-0.7035938640021615
-0.7038021164014936
-0.7043457481777295
-0.7047809706224749
-0.7063144464402455
-0.7087111237924546
-0.709749146073805
-0.7119193229824304
-0.716727955163353
-0.7172161961595217
-0.7201670008814998
-0.7313534546909588
-0.7330531763533751
-0.7356613897718489
-0.7425599187612534
-0.7466020498957411
-0.7584470435976982
-0.7642592613895735
-0.7674649104475975
-0.7676456891931593
-0.7676535528153181
-0.7677001064377171
-0.771847304655239
-0.7731633881727854
-0.7743260208348254
-0.7813600588124245
-0.7819043855803708
-0.7847729532846383
-0.7865370634411063
-0.7881567446248872
-0.788202499349912
-0.7890001317220074
-0.7917697622130314
-0.7925909203477204
-0.7934743952937424
-0.794300739094615
-0.7959077699109912
-0.7977324776351452
-0.7979181339032948
-0.8032220979221165
-0.8082511723041534
-0.8113535456359386
-0.8116313116624951
-0.8117127835284919
-0.8198032677173615
-0.8212348309655985
-0.8269520953297615
-0.8289783676154912
-0.8320376481860876
-0.8346506656574396
-0.8377958859006563
-0.8387037274826851
-0.8399665576095382
-0.8472471058368682
-0.851421287904183
-0.8548817439004779
-0.8583750845864415
-0.8645243914797902
-0.8722357554361224
-0.8777781569265893
-0.8781955658923835
-0.8796240799129009
-0.8977529462426901
-0.9004086578885714
-0.9151797644793987
-0.9303826112300158
-0.9352610621601343
-0.9598913285881281
-0.9602814108133316
-0.9622770920395851
-0.9651426300406456
-0.9677759502083063
-0.9722176805759469
-0.9751165211200714
-0.9820266329084656
-0.9828223243355751
-1.0029766467799033
-1.022894320388635
-1.0356562230736017
-1.036945993701617
-1.0409300420433283
-1.0534919525186222
-1.0614048596471548
-1.083554059267044
-1.0944292843341827
-1.1022441480308771
-1.1128397587686778
-1.1253692619502544
-1.1452326459810138
-1.2350261574611068
-1.2438251208513975
-1.2692668735980988
-1.3562558790047963
-1.356498897075653
-1.37342964609464
-1.39520862698555
-1.3981839418411255
-1.4686661958694458
-1.4695807198683422
-1.5000814001541585
-1.5224744081497192
-1.5738028287887573
-1.729972630739212
-1.8137486279010773
-2.7118457555770874
-2.8038315176963806
-3.068440834681193
-3.2716926683982215
-3.325765689214071
-3.6923526922861734
-4.029706398646037
-4.050465106964111
-4.756093502044678
-5.041048049926758
-5.249841213226318
