-0.0008600751898484305
-0.010141461748086536
-0.016095760685857385
-0.028773937451963622
-0.07143268850632012
-0.07962441650064041
-0.09720693555815767
-0.10100268443893583
-0.11767642720951699
-0.136275514960289
-0.16964626158005558
-0.17513625820477804
-0.18403965591763458
-0.20382782141678035
-0.21190865531804906
-0.21348513259872562
-0.2218137914314866
-0.2218810960617298
-0.22371157726120144
-0.2369260227889754
-0.24977157334778893
-0.2507235753863793
-0.2562003673519939
-0.26292860712856053
-0.26434494593559066
-0.2650050576485228
-0.27497213892638683
-0.2756744452053681
-0.27650154634890595
-0.27808209940598444
-0.27838944649953523
-0.281649207728021
-0.2865688954965056
-0.28734205324417417
-0.29395608668201023
-0.29638396617439056
-0.29728746945038437
-0.30045093300508424
-0.3049017501893104
-0.30600400910241826
-0.30779973044991493
-0.3086957346095005
-0.30874847335307376
-0.31487233163788914
-0.31494709447724745
-0.31596085762511295
-0.323038327771792
-0.3236741876711936
-0.32447909801412606
-0.3245488665881567
-0.3248062732565249
-0.324985487297741
-0.32816356051162904
-0.32879736577160656
-0.3349818357923401
-0.3357995709870011
-0.3360374492496766
-0.33652179283025263
-0.3372872543070116
-0.34074119364751304
-0.3410248277097708
-0.3419272394800958
-0.34861297551995246
-0.348973822907456
-0.3494388537281858
-0.35084488545544446
-0.3530196329257229
-0.3530955961323343
-0.35418988279998304
-0.3545144901407184
-0.35489216961502734
-0.3560100710892584
-0.3571899098710024
-0.35953095600578105
-0.3599505260270754
-0.3622706595051568
-0.3649639456222455
-0.3670094897572294
-0.3693283869415609
-0.3704270228211369
-0.3714792470918442
-0.3719516359269619
-0.37706389589786543
-0.38050277600996196
-0.38051284159236176
-0.3818536999388016
-0.383842915907735
-0.3894827627680368
-0.3913286885919819
-0.39166258978528073
-0.39533918044374633
-0.39574353247880933
-0.39713183604180813
-0.40069616959663107
-0.40245654479592
-0.40251070028170943
-0.4054475177428685
-0.40716831165991607
-0.41026970189219963
-0.4103369958152493
-0.41349237996473676
-0.41541713086513077
-0.41764477238144826
-0.4178849511081353
-0.4179413667952758
-0.41877139544360237
-0.41902621062427686
-0.4199021755193826
-0.42365911950827984
-0.4246469206969218
-0.42864828219171613
-0.4288035107579512
-0.4298896570689976
-0.4304768296930453
-0.4345602290448733
-0.4362157607439175
-0.4374376889318228
-0.43832810112508014
-0.4385835506685301
-0.4395107631530014
-0.44157068020664153
-0.4422815593488454
-0.4432003701105714
-0.4445483332706822
-0.4478149300121004
-0.44827565539162606
-0.448786496920021
-0.4534291760002816
-0.4544190810328083
-0.45467981627991644
-0.4549267041600413
-0.45689073326545493
-0.45836940257868264
-0.4587024653624717
-0.4587324187159538
-0.46431426597493036
-0.46473334247712045
-0.46686832410179907
-0.4673828726976913
-0.4676220602295534
-0.4679718946812072
-0.4684446305036545
-0.46958393678069116
-0.4698645860542456
-0.4711523714003205
-0.4739314764738083
-0.474431626861915
-0.47542155866103714
-0.4772915407299512
-0.47873945158207787
-0.48038734775461006
-0.480736939702183
-0.481204964535209
-0.48488292099355024
-0.48621301914358306
-0.487073593493551
-0.4894948426634073
-0.49203415543797746
-0.492988712978331
-0.49354953075089725
-0.49537058548675206
-0.496712036655043
-0.4970229923015722
-0.5004575672662921
-0.5011985118842859
-0.5025310561241996
-0.5026045739650726
-0.5029715915043198
-0.5067291248298715
-0.5094285138267358
-0.5095350162850486
-0.5104609092588361
-0.5116497877364358
-0.5132564640828475
-0.5170402549621131
-0.5188433503499255
-0.5207078464613005
-0.5209414245826858
-0.5228208394089181
-0.5236842001288418
-0.5256826249569713
-0.5267111863940954
-0.5271545764476554
-0.5288763711656169
-0.5308758163646417
-0.5315537408551838
-0.5327412033275323
-0.5341478916201855
-0.5350604118705936
-0.5370062240916822
-0.537399710806009
-0.5436906781461504
-0.5440749069675803
-0.5460228796440788
-0.5469944079717001
-0.5475465442040541
-0.5513377506673957
-0.5531428325021724
-0.5533840693696402
-0.5543381522207214
-0.5543448222936908
-0.557436026771029
-0.5581734997353384
-0.5587461629038444
-0.5589083248794648
-0.5622178647733692
-0.5633380078444523
-0.5647988230048213
-0.5703026801347733
-0.5703749236935336
-0.5715201876163418
-0.5728019555099308
-0.5756803132017012
-0.5763359676971699
-0.5768107782496372
-0.5776590004590196
-0.5794269667821936
-0.5862332743678659
-0.5873529048237417
-0.587369735725224
-0.5887426030240022
-0.5892891808215508
-0.5902091701748304
-0.5912810228765011
-0.5913569361437112
-0.593846508819196
-0.5939389580517955
-0.5972626749868747
-0.5976045704801436
-0.5986740437469312
-0.5991525409885475
-0.5998424536451888
-0.6023669738322497
-0.6029115075216396
-0.6031952360644937
-0.604789338674891
-0.6048115521688098
-0.6050421362044744
-0.608928145559427
-0.6092718196515408
-0.6098812586951681
-0.6117369079784112
-0.6123943088077795
-0.6151960275860296
-0.6177119688607491
-0.6186552004988438
-0.6227654661504656
-0.6233334568128662
-0.6258082927841315
-0.626113750175864
-0.62788393045048
-0.629180367320909
-0.6325159363673265
-0.6344899637188064
-0.6366266422652794
-0.6392410975880921
-0.6412328140355384
-0.6427283978887967
-0.6447124503966835
-0.6450342363917798
-0.646503402610376
-0.6472747445106506
-0.6485048133363307
-0.6532804960540185
-0.6545341834425926
-0.6554715853599191
-0.6585234949598089
-0.6589713280916638
-0.6595488526509143
-0.6599622137000551
-0.6604422957170755
-0.6611768002427804
-0.6619898981007282
-0.6631951256457695
-0.6650665289323244
-0.6663256963448865
-0.6675208200661776
-0.6691422666190192
-0.6719342321157455
-0.6870799271117514
-0.689181441674009
-0.6909659460369666
-0.6912936015287414
-0.6923464693900314
-0.6931516772934369
-0.6940832994878292
-0.6945391331223968
-0.69951356574893
-0.7008985274028069
-0.7017892622097861
-0.7070111072156579
-0.7072951054724399
-0.7246518892322152
-0.7269589870556956
-0.733335886043538
-0.7363243973148721
-0.736711275734342
-0.738873473235539
-0.739568983951358
-0.7495520688179467
-0.7520711879645076
-0.753719441127032
-0.7594983751187101
-0.768990021812637
-0.7727463294785204
-0.7733747156507889
-0.7768447927664965
-0.7794807007066993
-0.7795747260873517
-0.7860965869476786
-0.7864216569619852
-0.787229734049602
-0.7879377071830359
-0.7886796991030375
-0.7903857404973158
-0.7968190988259656
-0.797682386636734
-0.8004911063374797
-0.8094707129658976
-0.8103693549831709
-0.8169605935690925
-0.8190744275998441
-0.8216704133706766
-0.8258845923604289
-0.8396572537215737
-0.8452836177311838
-0.8524144008173608
-0.8547288471832871
-0.8559164203082522
-0.8572221361100674
-0.8655593350529671
-0.8690558038651943
-0.8748412078566616
-0.8794114492833615
-0.8849073562960257
-0.8851370177047405
-0.8886073537245726
-0.8915990320508301
-0.9004537364307907
-0.9019340934852759
-0.9065034488836924
-0.9088526591658592
-0.9155243262648582
-0.9189490966498852
-0.9207131161725556
-0.9213359595276416
-0.9221582268364727
-0.9248720725784855
-0.9261913672089577
-0.9268272298698624
-0.9276032526571986
-0.9293337237089873
-0.9304323495210459
-0.9325921481795376
-0.936139604394945
-0.9384339362382889
-0.9386776275932789
-0.9408731564879418
-0.9420540531476339
-0.958818834614552
-0.9696053895168006
-0.9905557306654373
-0.9917503177042818
-0.9964671623311006
-0.9969289004802704
-1.0090696881525218
-1.0150536315292509
-1.019633014500141
-1.0453006508094924
-1.0566820442676543
-1.0574119910597801
-1.0691842380911112
-1.06991712252299
-1.0710194845284735
-1.082998562604189
-1.098107524961233
-1.1001935281217032
-1.1181151564233005
-1.1203518509864807
-1.1382129589716594
-1.142280736768953
-1.1536360592581332
-1.1746201068162918
-1.1759508058428765
-1.1896069459617138
-1.189747367054224
-1.192522483690118
-1.2134857385244686
-1.2171336952596903
-1.2245813757181168
-1.233998983555163
-1.2429618418216706
-1.2451384037733078
-1.24751216173172
-1.2500614629127085
-1.2523802048061043
-1.2689150585327298
-1.2760186865925789
-1.2819225639104843
-1.314090067986399
-1.3292564019793645
-1.3379402419086546
-1.3648407459259033
-1.3993865251541138
-1.4059759434181616
-1.4402071445947513
-1.4487694323062896
-1.4490505456924438
-1.4503393173217773
-1.4807710397678118
-1.4925014386729647
-1.4956979796018761
-1.526402771472931
-1.534817123785615
-1.543036928710838
-1.566844609643643
-1.5816667816943664
-1.6017162024974823
-1.6750858008861542
-1.7155023921901982
-1.7274455726146698
-1.7543200861109653
-1.7656345678842627
-1.7681944267824292
-1.8278169917563598
-1.8398095419009526
-1.8422281578183175
-1.914957843720913
-1.9202464371919632
-2.0693231225013733
-2.07922317343764
-2.0986282229423523
-2.1033417262369767
-2.10358878535529
-2.1044911752833286
-2.13621686398983
-2.204629953407372
-2.219335678460387
-2.2287337630987167
-2.2455908060073853
-2.2619011402130127
-2.31913385912776
-2.3217570781707764
-2.3362149596214294
-2.3788751363754272
-2.4777511005328656
-2.4915717764233705
-2.4955544294789433
-2.7580588712698955
-2.788642899133265
-2.9515700791962445
-2.9524757862091064
-3.011937999011328
-3.142802874247233
-3.149922665868265
-3.2558069229125977
-3.40468299932157
-3.414748487623001
-3.459971308708191
-3.5868077278137207
-3.6703408880566712
-3.6947835065438994
-3.771737254661275
-4.825186191708781
-5.037176211675008
-5.102427005767822
-5.807707866032918
-7.652676105499268
-7.7001118659973145
-8.566825866699219
