-7.446203198924195e-05
-0.002304377849213779
-0.002628374786581844
-0.012523692130343989
-0.013709770460991422
-0.018208206522103865
-0.018834336660802364
-0.029175159608152732
-0.03165643374031788
-0.03191294300529535
-0.03513254220597446
-0.043525890334422
-0.0490318178878321
-0.04926758483310954
-0.051224291146874226
-0.0520571454144374
-0.05225406214594841
-0.06096006818175478
-0.06706715393920604
-0.07402438705321401
-0.07526679186348166
-0.07584140677390679
-0.07908934617989871
-0.08099767664680257
-0.08150159612650106
-0.08872470932619762
-0.08889071612308423
-0.08974161607693532
-0.09297226406633854
-0.09463659685570747
-0.10085730334847337
-0.10252205966753536
-0.10654374563212816
-0.10854411497712135
-0.10912100127461599
-0.11768209030756574
-0.11768700416773341
-0.11799675990961853
-0.12038303627632559
-0.12065428441856056
-0.12698213269626044
-0.13032501462058624
-0.1307223420168763
-0.13106931135472324
-0.13566807751296187
-0.1404573176671504
-0.14172399990457052
-0.1432246808159713
-0.14457949241985826
-0.14622683409718526
-0.1495755444959349
-0.15007197383757948
-0.15598567463498983
-0.15793190151453018
-0.15797741336808196
-0.15902796873087938
-0.1592774013925009
-0.16087122685119382
-0.1637837216258049
-0.1654049232136458
-0.16736764546820065
-0.17025301129953213
-0.1727445256208739
-0.17402343122854222
-0.17538742442130487
-0.17615391123672453
-0.17616934282839636
-0.18282075056195027
-0.18825400416972116
-0.18989010804929612
-0.1899234539097441
-0.19001777915665033
-0.19088284953509824
-0.19207349121145517
-0.19327150883951358
-0.19628386626718566
-0.19845353651883973
-0.2012428214413376
-0.20459517743438482
-0.20826166386086697
-0.21053426323591598
-0.2123123216381198
-0.2146039906412625
-0.2233199510922835
-0.2249174365078943
-0.22685464444424724
-0.22805685957707914
-0.22849757007012764
-0.22868943988098842
-0.233751679146533
-0.2422922783298418
-0.24552328691684774
-0.24566953600680624
-0.2456905261729844
-0.24898558546455465
-0.2503515747917441
-0.251130428510199
-0.2520975435044966
-0.2521815667193732
-0.25387997366591925
-0.25487806658725276
-0.2549831788506708
-0.25962760936393653
-0.2623195532183737
-0.2639441394615763
-0.26586229646303156
-0.26831915433867837
-0.2690235587360803
-0.2695794743891448
-0.27014132774202154
-0.27104845353945467
-0.2713243022786068
-0.2718049068796814
-0.2736938670379459
-0.2737985875607289
-0.2744430698460941
-0.2746714874287136
-0.27591738046842995
-0.27788510816875106
-0.2783038748875697
-0.27889343141359857
-0.2793730891646971
-0.27953188721342787
-0.2820048042102082
-0.2841674836818129
-0.285039408452576
-0.28527864763768424
-0.28539475065190345
-0.28613842480008317
-0.2890053359416405
-0.29333978390786797
-0.2948919857844885
-0.2996766641972499
-0.30202024525497106
-0.3021791452658363
-0.3051192687416915
-0.30647975695319474
-0.3092129266005941
-0.30958168366767214
-0.3103146486656832
-0.3113537890720181
-0.31155923829501264
-0.3142747418185334
-0.31531773653949813
-0.31543358756850165
-0.31616890896111727
-0.31828585515419644
-0.31863782078315644
-0.32108348400834075
-0.3224889356705489
-0.3228374600512325
-0.32320504343302814
-0.3273915242128472
-0.33104396132936625
-0.33165386582065065
-0.3337114604510134
-0.3339923347715133
-0.33506470517134473
-0.33636194703315897
-0.3370696910773404
-0.3373053357104904
-0.33816694174840284
-0.3389139279545361
-0.3401279406854883
-0.34105123807603377
-0.3416253275645431
-0.3452885085833259
-0.3461906409163151
-0.350522882687801
-0.35237077334507677
-0.3524463729001582
-0.35409776746370575
-0.355809340861419
-0.35728939879170085
-0.35770362752696705
-0.35956047752636855
-0.3597131715588538
-0.3597480559385278
-0.3628098853930299
-0.3652667847668959
-0.36561658807295316
-0.365983791255117
-0.3670209437368612
-0.36885390265197204
-0.37138853802268085
-0.3719217289714531
-0.3731685950886458
-0.3736537112563383
-0.3745743106018591
-0.3772471469627427
-0.37995442842495525
-0.37999552648927254
-0.3816280746104894
-0.3817529702791944
-0.38198671471660156
-0.38683217266225256
-0.38861238514073193
-0.39050257716007764
-0.39073623550939374
-0.3917546362305681
-0.3925106915849028
-0.39303581886148703
-0.3934860431490961
-0.39520359587913845
-0.39523298491258174
-0.3954740713040034
-0.39880291956942526
-0.39905238001079446
-0.3995231491426239
-0.40323400412099936
-0.4070017053745687
-0.4094765975838527
-0.4099611548008397
-0.4123394151829416
-0.4151406338486205
-0.4168005399405956
-0.42001447775328415
-0.4241158707300201
-0.42527598654426885
-0.42657753884042093
-0.42657863567001186
-0.4315042242174968
-0.4327251138259141
-0.4328759461081467
-0.4332789462059736
-0.43465295371909934
-0.43537447612106916
-0.44022384056370356
-0.44207984661443334
-0.44242018496152014
-0.4427410116633837
-0.4433415886371424
-0.4469928352692578
-0.44795185399743787
-0.4485364105203189
-0.4496876682678703
-0.4504915363130359
-0.45293276582378894
-0.4559999438461091
-0.45607877408370506
-0.4568216113215645
-0.45798144021278453
-0.45840823844628176
-0.4616403661244216
-0.46242887115857395
-0.4632225364795886
-0.46384009744030086
-0.4665325715672225
-0.46863258936597657
-0.4726856918672898
-0.478609916602727
-0.4813945249382717
-0.48508482037245165
-0.48536231201918173
-0.48782151085065883
-0.49032032617520194
-0.4917983667401131
-0.49342193314805627
-0.494571539991739
-0.4947234654566273
-0.49566963501274586
-0.4966609552502632
-0.5002370065369177
-0.5025077492599153
-0.5064994952279247
-0.5075673807748697
-0.5153220290473352
-0.517779744030122
-0.521344771652366
-0.5241958449187223
-0.524324022599363
-0.5271508727222681
-0.5288214034808334
-0.5289224092515984
-0.5313309905339136
-0.5355033913058125
-0.5365805182605982
-0.537105031334795
-0.538508410058317
-0.5410183668136597
-0.5459711536467593
-0.5483549271477386
-0.5488632244353843
-0.5528252964140847
-0.5528923722948613
-0.5563877777830284
-0.5569295951299864
-0.5614606147607576
-0.5628563659896221
-0.5630583931758467
-0.5650656479798878
-0.569997881933159
-0.5750887581380084
-0.5812613509780411
-0.5816915938911345
-0.5823754613124038
-0.5823849275242537
-0.5838442690049609
-0.5845988898945507
-0.5873190679449181
-0.5942143692324559
-0.5981263942417822
-0.5991428613862289
-0.5998349486118448
-0.6010517545343775
-0.6072456812486052
-0.6076746070424893
-0.6122737405094085
-0.612486227248155
-0.6125041343038902
-0.6125349341643869
-0.6141516336101631
-0.6223177005137716
-0.6277794881607406
-0.6286081476802272
-0.6292507803688446
-0.6299164091313807
-0.6307895538175217
-0.6319035150809214
-0.6358469996290902
-0.6382521872209119
-0.639143084185586
-0.6450619131813126
-0.6503405371082148
-0.6531909137964249
-0.654012941988185
-0.6542556871063425
-0.6543655453327423
-0.6551883080246625
-0.6571952127851546
-0.664526588706784
-0.6658490527654066
-0.667192379886122
-0.6706712059354426
-0.6752082798629999
-0.675306680003996
-0.678439699113369
-0.701934678805992
-0.7058457286166231
-0.7227266924455762
-0.7283491685520858
-0.7370806675389758
-0.7397110358113423
-0.7501905419745266
-0.7530777328647673
-0.755205162713537
-0.7688757170981262
-0.7708077113529725
-0.7843706548213959
-0.7844610626343638
-0.7887375863889853
-0.8006193076638738
-0.801831541210413
-0.8064755545596459
-0.8140660561621189
-0.8193546010491749
-0.8203905299305916
-0.8209247643360869
-0.8294869138238331
-0.8327067767628856
-0.8450935127213597
-0.8638781065237708
-0.8738036550581455
-0.8779734876006842
-0.9020735388621688
-0.9075536342570558
-0.9092709425603971
-0.9150359761988511
-0.9155837047534684
-0.9185216593614314
-0.9305244437418878
-0.9318239841610193
-0.9328668357804417
-0.943130230265524
-0.9455131519174756
-0.9483493169148763
-0.9527654411271215
-0.9568340904079378
-0.9577135766545931
-0.9625159551699957
-0.96252003274858
-0.9733237959444523
-0.9768171422183514
-0.9773431329522282
-1.0183407018582027
-1.0197329197078944
-1.0641190891272647
-1.064874745439738
-1.0787889972329139
-1.082770325243473
-1.0835520826321954
-1.0931193236028776
-1.0956494680916269
-1.0965391114975016
-1.100139296555426
-1.1007711939455476
-1.1017592917196453
-1.1139505902926128
-1.1415331623284146
-1.1531074717640877
-1.1637043699156493
-1.1678254945824544
-1.1805628314614296
-1.1953660640865564
-1.2044810940511526
-1.208896163967438
-1.2226838767528534
-1.2229886253674824
-1.2291936986148357
-1.2345327499012153
-1.240513957105577
-1.2483931343071162
-1.2590787178681542
-1.299542064468066
-1.3409675260384877
-1.3596505572398503
-1.387652963399887
-1.4029927055040996
-1.418492078781128
-1.420176903406779
-1.424966746161226
-1.4336730500130215
-1.4339528530836105
-1.4772550081834197
-1.4850109424442053
-1.499423453118652
-1.5140453229347866
-1.5347873193677515
-1.5876135755766883
-1.6508135367184877
-1.6544788988928
-1.6849514991044998
-1.7175487809930927
-1.748514387756586
-1.7754235789179802
-1.8022533411276527
-1.8123255856335163
-1.9129686962502699
-1.9579885400210817
-1.9669878171844175
-2.0313816843554378
-2.0751158967614174
-2.0757107846438885
-2.0856380462646484
-2.0957116037607193
-2.1256512254476547
-2.1382068544626236
-2.1728263795375824
-2.185435203369707
-2.2856178507208824
-2.287931513041258
-2.333011932690473
-2.348137989640236
-2.4298359882086515
-2.453502294748129
-2.4792830239360533
-2.569319180212915
-2.6526178627585373
-2.666537284851074
-2.6866888667379194
-3.174476686224807
-3.194161166002838
-3.2690326869487762
-3.2909075915813446
-3.3065964709967375
-3.381109429523349
-3.4247657200321555
-3.632760444532323
-3.6828196039471854
-3.841763313859701
-4.0630088479374535
-4.110077409539372
-4.135702553670853
-4.328891340002883
-4.7143425941467285
-7.7145609855651855
-10.80584716796875
-13.050634384155273
-13.244195938110352
