-0.0006739014061167836
-0.20006163418293
-0.21776598878204823
-0.3120890036225319
-0.3456723317503929
-0.3508667964488268
-0.37235377728939056
-0.4199922083394735
-0.4423401206731796
-0.4581219330430031
-0.48363316117314525
-0.505671139806509
-0.512533721247954
-0.5240859337417143
-0.5421518035713234
-0.5463383745402097
-0.5521141545226177
-0.5560787227780869
-0.5625180445620208
-0.566897754848469
-0.5700528853922151
-0.5715104189390937
-0.5769056093714343
-0.5773562451373436
-0.582047231356145
-0.5870682837752005
-0.6012541890484403
-0.6024854848427432
-0.6028495511040092
-0.6039013444678858
-0.6058177616048072
-0.6153124328702688
-0.6163324574008584
-0.61715112396602
-0.6179859334016717
-0.6197142394257753
-0.6209435887220833
-0.6248119687661529
-0.6249442607164383
-0.6263353856546539
-0.6269856659022606
-0.629748310893774
-0.6337222792906687
-0.6337683113908573
-0.6379306803242394
-0.6384976481785998
-0.6419675013137749
-0.6453339963220059
-0.645507158633596
-0.6478791618610558
-0.6491695699597975
-0.6524426534859231
-0.6530504249655374
-0.6546432265828049
-0.6562193743037906
-0.6567754233574739
-0.6574378358595173
-0.6591772679239511
-0.6631399225430128
-0.6649208072568789
-0.668104350566864
-0.6709981815996192
-0.6742688855156302
-0.6759964379310258
-0.6764699621520489
-0.6773274539379054
-0.6806244949499766
-0.6808683522775447
-0.6818851987471655
-0.682307880371809
-0.6834870105412847
-0.684050243101848
-0.6870503574609756
-0.6890089196385816
-0.6900198422671464
-0.6917729340493679
-0.6922370143387525
-0.6923929767476188
-0.6934737418778241
-0.693907402987991
-0.6952278980984374
-0.6957876243783782
-0.6960496495173882
-0.6991508873179555
-0.7005387163824506
-0.7031466783679207
-0.7034288761871201
-0.7070229823390642
-0.7075485994832383
-0.7076540255401251
-0.7077690586447716
-0.712249531840455
-0.7122982547402249
-0.7126283283318117
-0.7131412049445013
-0.7138503958895422
-0.716685163974762
-0.7177211297675967
-0.7216995154440156
-0.7225587191980074
-0.7230049890931696
-0.7246066490210629
-0.7297822655592527
-0.7308392893522978
-0.731113069154911
-0.7321856155265576
-0.7333467080374249
-0.7335113778627649
-0.735290297617515
-0.7384460918170778
-0.739017721824348
-0.7397758409082599
-0.7398418699754291
-0.7460943789531788
-0.7463431772775948
-0.7495058607803556
-0.7508743537182454
-0.7535480281027654
-0.7553450820139713
-0.758782053552568
-0.7592746963103613
-0.7610212771221996
-0.7627095027777474
-0.7652324809956447
-0.76714279046266
-0.7680211918535255
-0.769202305857713
-0.7701463255410393
-0.7711397579187178
-0.7721689534373581
-0.77259301841259
-0.77284166883328
-0.774348798153369
-0.7748594237025828
-0.7777820666112044
-0.7802867599249143
-0.7818820849061012
-0.78285326844735
-0.7844844073260901
-0.7848738324311044
-0.7923211907036602
-0.7934300839900971
-0.7936159923672677
-0.7956990347476676
-0.7961077275851424
-0.796358578309403
-0.7963901410500208
-0.7971603356600099
-0.7998859022433559
-0.8023865321831015
-0.8031325152958744
-0.8051027554553002
-0.805174856632948
-0.8081305201667419
-0.8101314299310616
-0.8118165312523214
-0.813038029440213
-0.8157625198364258
-0.8182223711162806
-0.8232178383041173
-0.8235475831953198
-0.8239151293375817
-0.8241315596077281
-0.8279282608572804
-0.8293734320799228
-0.8303002811968326
-0.8322064678359311
-0.8349382591300777
-0.8355523516445167
-0.8369400638960846
-0.8390060433968236
-0.8418347299739253
-0.8433694705367089
-0.8436465993523597
-0.844812119146809
-0.8484745639825946
-0.8492339409147333
-0.8493925383164813
-0.8552917393390089
-0.8558322891088513
-0.8560693770647049
-0.857094150901373
-0.8572622959812483
-0.8595544566421516
-0.8600875465199351
-0.8610406308434904
-0.8646419793367386
-0.8664371608756483
-0.8669618899235502
-0.867528174072504
-0.8695316552101369
-0.87006752212931
-0.8758890491112002
-0.8779286250496625
-0.8807396795658471
-0.8824723581783473
-0.8839524105191231
-0.8847282193601131
-0.8862462313845754
-0.8873399846876661
-0.88783048114015
-0.8878739156294614
-0.8883311439837728
-0.8888143369307121
-0.8901749545565019
-0.8920749360695481
-0.8933519875572529
-0.8955572731663577
-0.8956608777657493
-0.8975505234285568
-0.9016550579108298
-0.9027586412904174
-0.9089644054571787
-0.9095048409201101
-0.9110199264832772
-0.9158851732849144
-0.9178232197958516
-0.9228085171431303
-0.9237511623650789
-0.9249258190393448
-0.9259128405579499
-0.9295455962508087
-0.9366863650502637
-0.9391623362898827
-0.9430233319289982
-0.9479091328879198
-0.9498546953712191
-0.9539067638106644
-0.9540522284805775
-0.9552679790164499
-0.9564088242394584
-0.960445730222596
-0.9670023864135147
-0.9708582880468938
-0.9795020510258231
-0.9821294844150543
-0.9884720196278067
-0.992764133028686
-0.9955830549019005
-0.9977154408891996
-0.9991437997668982
-1.0008338233456016
-1.0074325448658783
-1.007707676748396
-1.0117641979207594
-1.0173434210675103
-1.0195486776582483
-1.0198453484801575
-1.023639839841053
-1.0272239905316383
-1.0302124737451475
-1.0310547359287738
-1.0319822526698073
-1.034629168920219
-1.0385724703470867
-1.041807514615357
-1.0427812657185964
-1.0476055338978767
-1.0481263576075435
-1.0486015379428864
-1.0518983512185514
-1.053435462526977
-1.0536057328184445
-1.0555675238370896
-1.0564418223511893
-1.0576873123645782
-1.060565355171163
-1.067441636075576
-1.0704622601087277
-1.0709059486786525
-1.0733819062443217
-1.080518681023802
-1.0807318928289331
-1.0861905310302973
-1.0918277756136376
-1.09343540109694
-1.0975462645292282
-1.1012301000591833
-1.102399726326649
-1.1056007519364357
-1.1062649147851127
-1.1066541595209856
-1.1202390765150387
-1.1239096750505269
-1.1311127518614132
-1.144001342356205
-1.1518294279064452
-1.1565443500876427
-1.1624726802110672
-1.1644458416849375
-1.1647103769438607
-1.1821249425411224
-1.2007741832307406
-1.216162534430623
-1.2239750486332923
-1.2652358070481569
-1.2738018445670605
-1.3124158047139645
-1.3170996308326721
-1.323561830446124
-1.3450684193521738
-1.3497154712677002
-1.3576090750430012
-1.4362788498401642
-1.4719058880582452
-1.4780114144086838
-1.4807786587625742
-1.5024443864822388
-1.5365333203226328
-1.5486327663529664
-1.5628703385591507
-1.5652618259191513
-1.5814360426738858
-1.6965764115254085
-1.7057581543922424
-1.782405157883962
-1.8990648873150349
-2.0145232677459717
-2.73915696144104
-2.8373605012893677
-3.0041459798812866
-3.474320024251938
-4.600275039672852
-7.505251407623291
-10.595491409301758
-10.890121459960938
