-0.0006133820279501379
-0.003283059211582895
-0.017358154145767912
-0.0843928880058229
-0.09941923870549847
-0.1143704755647507
-0.15251082413669792
-0.15828326474114035
-0.18720942735671997
-0.20021856874033497
-0.20761680411859465
-0.21014430253417232
-0.21149251179303974
-0.2176279281143491
-0.22217551813503778
-0.22375649941386655
-0.2244222713401541
-0.22667771464164782
-0.22922205828654113
-0.22948675178340636
-0.23080619493471619
-0.23420497173925547
-0.2429152980010258
-0.24408262382106236
-0.24504215062812104
-0.24709239728038263
-0.25129367379953954
-0.2516374750179239
-0.2526372846526404
-0.2546779005956937
-0.25521010953040485
-0.25849933326244356
-0.2588515128620202
-0.264853947207524
-0.26749077491998224
-0.27134799681880395
-0.27408079757587983
-0.27675532048809914
-0.27716119288466873
-0.2786277762032114
-0.2813080370193347
-0.281759626911177
-0.28265556209537734
-0.28373920074019615
-0.28440802118300623
-0.28570860068236165
-0.2858040510939948
-0.28598599828546867
-0.2862779644696275
-0.28728183313527283
-0.2876266305079648
-0.2883383113774471
-0.2890848370734602
-0.29269194720421055
-0.2933221984276315
-0.2944766021817206
-0.2961275634763297
-0.29930516904901844
-0.3046491074862636
-0.30536768975434825
-0.30685026021846745
-0.3107831994420849
-0.3165636860067025
-0.3166789650567807
-0.3167776099483793
-0.3173086730480307
-0.3180833230726421
-0.31987675838172436
-0.32242232645928326
-0.32283835146032897
-0.32618260888072353
-0.3278675675392151
-0.33106207840631086
-0.3316846001427621
-0.335609931239895
-0.3357570823718561
-0.33642944952266085
-0.33738721450208686
-0.3374429293835419
-0.33744475419596964
-0.33843190784935595
-0.33984366490039974
-0.3402623676811345
-0.34141716861129934
-0.34941360966435503
-0.3510794032132253
-0.3531703257467598
-0.3535022327268962
-0.355812226168134
-0.3559664572084633
-0.3568307191133499
-0.3587637509529789
-0.3588283434510231
-0.36033905601029154
-0.36118242279109025
-0.3617962911259383
-0.36294314135577427
-0.36309406822992435
-0.3634809363175009
-0.36543298883856656
-0.36556442049484555
-0.3679968058907737
-0.3711793939000927
-0.3719795837449575
-0.3728572897161939
-0.37311677266067517
-0.3768947558979002
-0.3770622220149057
-0.3783335706019508
-0.379195354168769
-0.37980695108934825
-0.3827924212204784
-0.3835511591233727
-0.387001141149085
-0.38813062307890506
-0.38932039620190423
-0.3917757127856021
-0.3951949025504291
-0.3962882074217002
-0.39945002942759955
-0.4012691250827629
-0.4080551557271974
-0.4089842996909283
-0.41000457894655745
-0.41048997733115455
-0.41802889317715297
-0.4184392339666374
-0.42048171032931553
-0.4213347993343352
-0.4216735575464554
-0.4217593993234914
-0.4221650420887662
-0.42335401175078
-0.42602159326057076
-0.42646970105540405
-0.4268466399158709
-0.4294447412716441
-0.4307659548576339
-0.43296906505711374
-0.43415531970418264
-0.4362807309138589
-0.43777001798152926
-0.4399926682753075
-0.44196995597099886
-0.44327067653648555
-0.4435563938664186
-0.44388441200717355
-0.4441192425025899
-0.4502165637514554
-0.4503279570839368
-0.45200461026252015
-0.4523867704847362
-0.4535010072460864
-0.45402574445761273
-0.4541925494642263
-0.4561834805386348
-0.45695620676269755
-0.45980631036865005
-0.4608779210029752
-0.46118667811705644
-0.46806737149811606
-0.4721333682537079
-0.47540593501697814
-0.47664081589512836
-0.48092397348955274
-0.48620220688947785
-0.4865851554398735
-0.4882329658139497
-0.4935541775526612
-0.49369109608232975
-0.4965044728273319
-0.4975284799817018
-0.5040852210440789
-0.5048762194734687
-0.5053493135658625
-0.5060027873842046
-0.5078262826660648
-0.5081304237674511
-0.5107320671580965
-0.5110588155387502
-0.5137516572805387
-0.5229387090541422
-0.5239302517846227
-0.523946057623511
-0.5259979055263102
-0.5270240997585157
-0.5304085065363324
-0.5319623276508147
-0.5339241551104351
-0.5436444883525837
-0.5436778839211911
-0.5464134397168111
-0.547944494778575
-0.549979160586372
-0.5522946129869004
-0.5525014584418386
-0.5546713427320356
-0.5551224680384621
-0.5568972082498173
-0.5595728991902433
-0.5598664664818594
-0.5614986261753074
-0.5675205808598548
-0.5678553837610202
-0.5694770927540957
-0.5780787998387082
-0.5791732718789717
-0.5825253358052578
-0.5982737551759263
-0.609408813113987
-0.6100050761098308
-0.6111278161794568
-0.6121962846955284
-0.6133757448551478
-0.6149417940371981
-0.6151008711996837
-0.6200267645633883
-0.6247476540239794
-0.6265657197412414
-0.628320033865748
-0.6288838582757827
-0.6493493261347923
-0.6554191108540787
-0.6590171694755554
-0.6591457141796127
-0.6698369438258501
-0.6759722039084105
-0.6766785255500248
-0.6844238821455898
-0.6861284779253765
-0.6940238736569881
-0.694823807280045
-0.6968046475885785
-0.696860556397587
-0.7005038862407673
-0.7068318316790586
-0.7096596720395609
-0.7103896584303584
-0.7225768074393273
-0.7359250156829754
-0.7368378093087813
-0.7392028982048942
-0.7486272917594761
-0.7502444614316724
-0.7529831671748649
-0.7550681908873634
-0.7560019058873877
-0.7592128009807008
-0.7656228974927217
-0.7664266542065888
-0.7747351056472822
-0.776108936755918
-0.7858136982889846
-0.7873141244053841
-0.7884788483381271
-0.7910048822523095
-0.7997225026289622
-0.8016862840508111
-0.8019784868229181
-0.8217201516187439
-0.8257936730515212
-0.8258195847272873
-0.8391762407748805
-0.8403578288853168
-0.841033834265545
-0.8497536977132162
-0.8500442395064359
-0.8506652597506117
-0.882764145717374
-0.8906160063226707
-0.893641285598278
-0.8936866014652575
-0.8967574962547847
-0.901559740639641
-0.9137393981218338
-0.9198767890775343
-0.9217945937034528
-0.9229586146771908
-0.9253480611369014
-0.9384101144969463
-0.9426327717024833
-0.9440206104967123
-0.9460926588624716
-0.9508259288656215
-0.9547847484548887
-0.9596804971141475
-0.9674733737982544
-0.9676889131466547
-0.9739098101854324
-0.9785864253838857
-1.018378177502503
-1.0204907251754776
-1.0384861518396065
-1.0534905002394226
-1.0891308503923938
-1.0909959185300977
-1.1010561399161816
-1.1261628611478955
-1.1301630945610148
-1.1438196413218975
-1.17271921535333
-1.1806003597254555
-1.1916913986206055
-1.2082759737968445
-1.2252372006575267
-1.231018702685833
-1.232461931843621
-1.3037065267562866
-1.3166499104506026
-1.3388183538724359
-1.4195594812820975
-1.4384137915670483
-1.4474340364336968
-1.5073037134910312
-1.521401618917783
-1.5720311599143315
-1.6211118723343436
-1.6302379195112735
-1.6575525800387065
-1.6653010002046358
-1.6804654796918232
-1.6965726415316265
-1.702965006697923
-1.7394261360168457
-1.7963199224323034
-1.8268416179926135
-1.8386355638504028
-1.857669174671173
-1.8671412467956543
-1.8710638228803873
-1.881019413471222
-1.9444195214100546
-1.9668615050419855
-1.9692912101745605
-1.9750094413757324
-1.9751573711216395
-1.9884021803736687
-2.032109642004798
-2.04743724319178
-2.07045316696167
-2.1019713009397187
-2.2599465250968933
-2.3482646786724217
-2.5226154962935348
-2.548465132713318
-2.550382971763611
-2.5690047581750455
-3.2072035372257233
-3.2729026824235916
-4.070449352264404
-4.41572904586792
-4.933943271636963
-5.006940841674805
-5.027764320373535
-5.463365077972412
-6.646862983703613
-9.793987274169922
-10.133111953735352
