-0.00037553231231868267
-0.000834236154332757
-0.007477575599599125
-0.01594002343426837
-0.11702877376228571
-0.12660424573308168
-0.1303214735041062
-0.13562140804424416
-0.13925645361650824
-0.14176037348806858
-0.14701707325002644
-0.1489990222695269
-0.15974812900718202
-0.16612246353179216
-0.17378111043944955
-0.18675343915986428
-0.1871288875117898
-0.18715031445026398
-0.20373990912533677
-0.24798860773444176
-0.2512466793996282
-0.25939489528536797
-0.26804458034658296
-0.27629625526024026
-0.27678846481527825
-0.29059600888285786
-0.29116377296991736
-0.29428694355829066
-0.2984703856302076
-0.29859092831611633
-0.30461810817942025
-0.30896787310484797
-0.31052218630582934
-0.3114271749343191
-0.3218833903471629
-0.3227743038441986
-0.32414374127984047
-0.32848472396532696
-0.3304387459065765
-0.3310082913885708
-0.33648434467613697
-0.33677736199979336
-0.34420241905233223
-0.3445206995626601
-0.34453374865526193
-0.34768406437954047
-0.3529393605334974
-0.3531600340668644
-0.3533077727678834
-0.3587464913216536
-0.36408856360988767
-0.36576070857669646
-0.3723957478767261
-0.3809763949830085
-0.3848428883124143
-0.3863352377898991
-0.3863880915256838
-0.38784075565636156
-0.3891762972985606
-0.3901108315607189
-0.3903936486924067
-0.3932117879157886
-0.39602049271343276
-0.39602748597972093
-0.3984889397106599
-0.3987558749095981
-0.3997533111315634
-0.4037523493170738
-0.4039363162235077
-0.4100418709235133
-0.41004656664154027
-0.4150108680542972
-0.4164085014446176
-0.41670302358189865
-0.4190325320976424
-0.4220376382279028
-0.42291577121337154
-0.42476535539899485
-0.4289249763306644
-0.42906908767488655
-0.43124136080344516
-0.43603304222155465
-0.43610367789369775
-0.4381560804322362
-0.4382673718906257
-0.43951610529702206
-0.44008752409718
-0.441456823955897
-0.44408809562377555
-0.4447913736027355
-0.44597136637021323
-0.447667253902182
-0.44985563105437903
-0.45004877290274536
-0.45164213170452666
-0.45634551429646397
-0.45767636478538204
-0.45832154086474475
-0.4593067363388804
-0.45950798825360833
-0.4601911171145427
-0.4602157171957515
-0.4621978325770951
-0.4629821809820669
-0.46350568855024027
-0.4635523205350702
-0.46436610447708515
-0.46725675999186933
-0.4672631791094318
-0.46896257757076193
-0.47088212545641
-0.4711986799287968
-0.4728516207011732
-0.4735222593363788
-0.4740079766005465
-0.4759891670430079
-0.4773281067609787
-0.47793494578114143
-0.48105065792333335
-0.4819113785866648
-0.48399135650907693
-0.48424405701613676
-0.48516696187834896
-0.4857561726433535
-0.48949178867042065
-0.49076255209024566
-0.4911854701829725
-0.4919267166987993
-0.4928648336383503
-0.49346006236955875
-0.4935283692553639
-0.4952653916552663
-0.49754971265792847
-0.4980137997306883
-0.4992781919944618
-0.5001672470437674
-0.5005659572780132
-0.5041439855049248
-0.5051647347499966
-0.507122475228763
-0.5072585219246386
-0.512367309693218
-0.512836581436529
-0.5129507624401981
-0.512966627806577
-0.5142869471261898
-0.5189042818907638
-0.5204312299320009
-0.5208518966897636
-0.5209256728398941
-0.5228954519111539
-0.5235218079760671
-0.5238709786376603
-0.5263858490367662
-0.5300803165882826
-0.5320022783439526
-0.5324884699269509
-0.5325658207060769
-0.5352921322531378
-0.53648878072363
-0.5370711263385601
-0.5390934893785015
-0.5415226295590401
-0.5421517804885904
-0.5421675419202074
-0.5421798104200408
-0.5422955312089567
-0.5441839971047427
-0.544608068295594
-0.5466658241736392
-0.5471659280093653
-0.5472617835340705
-0.547704732571674
-0.5491411550384429
-0.5496322543282682
-0.5502819003319018
-0.5527194599271752
-0.5529458887146271
-0.5529590450475133
-0.553279722833799
-0.5541003745282069
-0.5547915541392741
-0.5548798503819853
-0.5555966209939577
-0.5575274152681231
-0.5588106165265344
-0.5597993987383916
-0.5617778266343976
-0.5617978720304867
-0.5618579451926052
-0.561940872264166
-0.5629275094510781
-0.5639284742548755
-0.5640164741780609
-0.5642630514744919
-0.5644918547077721
-0.5648127603344619
-0.5663461028598249
-0.5666535183554515
-0.5671520261093974
-0.5680205080865562
-0.5692262263037264
-0.5698050403036177
-0.5700656248094068
-0.5708097420167177
-0.5709695116219896
-0.5729179844586595
-0.574453618332752
-0.5744711694484
-0.5745825456215812
-0.5753417064770474
-0.576167498217223
-0.5779554411303252
-0.5780896698060032
-0.5783205317202373
-0.5794870816590083
-0.5799571956085856
-0.5801052302454731
-0.5811956233810633
-0.5815262424875982
-0.5830421426333487
-0.5836157636484132
-0.5847311507823179
-0.5898018775274977
-0.5933447904244531
-0.5934111847554454
-0.5962906004860997
-0.5964798023924232
-0.5964908506979959
-0.5973929032428714
-0.5992445610463619
-0.6047833156836633
-0.6047867825254798
-0.6079816862475127
-0.6100772901903838
-0.6105295142624527
-0.6106016575920674
-0.6128243310687442
-0.6137290487198958
-0.6137632530881092
-0.6141731187698269
-0.6143051059916615
-0.6158144612175723
-0.6158606112003326
-0.6161500404899319
-0.6169450739786649
-0.6175393586357435
-0.618288946397245
-0.6183503549546003
-0.6184059271821752
-0.6189551131932863
-0.6200563395905192
-0.621387558234801
-0.6214006292700235
-0.6217181207321119
-0.6219875618344304
-0.6232687406184596
-0.6235282875131816
-0.625282020474385
-0.6253563834256247
-0.6255762801724813
-0.6258900265936973
-0.625970098861823
-0.6260256972391289
-0.6275033169426024
-0.6276082671301992
-0.628036727090008
-0.628300377447158
-0.6318594310432673
-0.6320049826920565
-0.6336729528382421
-0.6336982431419832
-0.6339009661687669
-0.6339725035586525
-0.6340961605569141
-0.6361252607916867
-0.6377074011274999
-0.6399866586758031
-0.6407212283229455
-0.6422586133194272
-0.6427085892297327
-0.6435041260362292
-0.6443391442298889
-0.6457150848170841
-0.6460358803742565
-0.6461832846204439
-0.6462639680625323
-0.6463835773821529
-0.6473272424145156
-0.647601330303587
-0.6494553265427905
-0.649873349769041
-0.6502005335436586
-0.6515842002744858
-0.6523517327732407
-0.6523817162830566
-0.6537357747321948
-0.6548014145034055
-0.6548443019390107
-0.6559261795577186
-0.6560522606596351
-0.657032759860158
-0.6575481339446014
-0.6579643865698017
-0.6588376049221552
-0.6594669806615759
-0.6609152323518563
-0.6619716090150177
-0.6620800958771724
-0.6633936471254047
-0.6642525751143694
-0.6644752259210994
-0.6655800268054008
-0.6659995109366719
-0.6668889807908271
-0.6679061182464162
-0.6683225191663951
-0.6700956235290505
-0.6706574403991302
-0.6708791323082031
-0.6709302445940141
-0.6712920565948934
-0.6721941670402884
-0.6722325471263113
-0.6739933414501138
-0.6743399002589285
-0.6749675648196509
-0.675830714136282
-0.6770912100073474
-0.6773917948206266
-0.6776958539986107
-0.6792575965169817
-0.6805894024049243
-0.6808074467815459
-0.6808818870020332
-0.6811143335076589
-0.6811195842068022
-0.681192060187459
-0.6815976675560705
-0.6864275746047497
-0.686837081098929
-0.687816317285199
-0.689293375454976
-0.6894192170817405
-0.689806225567736
-0.690633534011431
-0.6929543714330066
-0.6933024909791129
-0.6937856020726031
-0.6950377561072147
-0.6965593469410578
-0.6974910616996307
-0.6981492525718702
-0.7004912876524031
-0.7019641099674118
-0.7021726882499933
-0.7028073069846464
-0.7042822390329093
-0.7045783804205712
-0.704614300839603
-0.7046386981382966
-0.7048825783034166
-0.7052637194805463
-0.7061387121211737
-0.7066382547574384
-0.7066917884788525
-0.7067153484353589
-0.7090470442471997
-0.711567628585423
-0.7117055914615775
-0.7141930226821892
-0.7153376326361467
-0.7157799005508423
-0.7162405183642275
-0.7189761761886378
-0.7191191971069202
-0.7203354620796745
-0.7209515272048066
-0.7209742514846417
-0.7211048532277345
-0.7218654137298776
-0.7226938828825951
-0.7229247554505491
-0.7241142089146057
-0.7251799607442485
-0.7267190828919411
-0.7285066489130259
-0.7289339900016785
-0.7294773735571652
-0.7295383062389321
-0.7295905035377169
-0.7302261222349969
-0.7326768541242927
-0.7333503392458495
-0.7334788257643855
-0.736135332246444
-0.7379013589117676
-0.7388798690012663
-0.7394510825867442
-0.739552943078293
-0.739722347818315
-0.7419039307724233
-0.7428178304668108
-0.7452158392407
-0.7454413633153308
-0.7458942878012229
-0.7475957368500531
-0.7484483592677862
-0.7503258049488067
-0.750838397006737
-0.7520139976234835
-0.7521111630194355
-0.7532056573036243
-0.7536133360117674
-0.7564984166063369
-0.7567414311692119
-0.7576128065120429
-0.757885397823814
-0.758763838923187
-0.7593123563819972
-0.7603820666078139
-0.7627823674120009
-0.7632862132044725
-0.7639314674127561
-0.7641439472750385
-0.765445292475176
-0.7655319785699248
-0.7659179624860372
-0.7661827516758422
-0.7673166551161558
-0.7681792234070599
-0.7701501506738938
-0.7727445230747645
-0.7786759819303241
-0.778759490698576
-0.7791557103861123
-0.7796858021058142
-0.7798190526664257
-0.780346536064144
-0.7806606331885578
-0.7835704561012486
-0.7839362111408263
-0.7845662058098242
-0.7853996586830666
-0.7854889783266117
-0.7855258770287037
-0.7865933034982946
-0.7882503816508688
-0.789628841370965
-0.7905561523512006
-0.7913470044732094
-0.7917492229025811
-0.7937736817476535
-0.7941309332561034
-0.795118239846488
-0.7953256288543343
-0.7953407693654299
-0.7959178698559602
-0.7985539182912665
-0.8001826937155178
-0.8019262435263954
-0.8033379175110895
-0.8035178296267986
-0.804379069712013
-0.8085416415706277
-0.8094230221700854
-0.813368997129146
-0.813737554999534
-0.8153054737485945
-0.8159504559755858
-0.8165420689871098
-0.8180826468393206
-0.8183444465200106
-0.8190063159709098
-0.8200515338103287
-0.8205717172135006
-0.8207082264125347
-0.8236309368163347
-0.8257891180692241
-0.8260770241197731
-0.82613098008228
-0.8261893227121012
-0.8280706703662872
-0.8283189767179076
-0.8284729484468698
-0.8284800595742127
-0.8290161987766623
-0.8297804216854274
-0.8318580557794727
-0.8337940090554589
-0.8357112950783631
-0.8371211124442197
-0.8387011098342815
-0.8390425529537929
-0.8405430582686677
-0.842021118539075
-0.8421406671404839
-0.844757576007396
-0.8463443463136043
-0.8465517555695896
-0.8466861314278503
-0.8472248297221086
-0.8476501915210974
-0.8487918471689013
-0.85035572812194
-0.8508062490727752
-0.8509994139357542
-0.8523074401373378
-0.8555713088426273
-0.8557229287223891
-0.8569897038754183
-0.8574719924544701
-0.8585576506253952
-0.8588050044335043
-0.8604727812057718
-0.8610414766008034
-0.862637696787715
-0.8629630739645412
-0.8651246119989082
-0.8655449394136667
-0.8664132554084063
-0.8676588403426043
-0.8681786601664498
-0.8682381212711334
-0.8685952053638175
-0.8690730318194255
-0.869091265399119
-0.8712513208389282
-0.8718984857356796
-0.8751701814635453
-0.8761079790336745
-0.8771370143513195
-0.8773176479153335
-0.8822551891207695
-0.8830377168160339
-0.8849548963237339
-0.8854363702315217
-0.8889243074704104
-0.8895605008379385
-0.8903437940462027
-0.8903745412826538
-0.8910640951944515
-0.8984751246219146
-0.8997559313777148
-0.9010036104358733
-0.9099673180902149
-0.9135184958527134
-0.9136686108540744
-0.9138832640834152
-0.9158019736229713
-0.9160647098388937
-0.9163070747939249
-0.919501294195652
-0.9199310541152954
-0.9208628363364065
-0.921114219352603
-0.921449095204783
-0.9232565277256072
-0.9239446620146433
-0.9252233430743217
-0.9378748090239242
-0.9412742434069514
-0.9417206769188246
-0.9437338629737496
-0.9444293983723193
-0.9445703896926716
-0.9511362920705627
-0.9513378586464872
-0.9529600076015673
-0.9545239162398502
-0.9547255833943685
-0.9590197193125883
-0.9592134455839793
-0.959479046985507
-0.9604393411427736
-0.9608745707977909
-0.9614372054735819
-0.9616524134245183
-0.9636343065430992
-0.9643394254380837
-0.9666464338079095
-0.9669102424134811
-0.9670667083701119
-0.9674106895923614
-0.9674855197469393
-0.9677746330077449
-0.968855972800936
-0.9694403288220721
-0.9697958799370099
-0.97000464812542
-0.973838715814054
-0.9745650344993919
-0.9747479508926821
-0.9778642078425037
-0.9833562446874566
-0.9840754436445422
-0.984193394633217
-0.9843492036064466
-0.9866442576050758
-0.9876036286753204
-0.98881625807068
-0.9898323645102209
-0.9914154624541678
-0.9931510200724005
-0.9953022002785777
-0.9955783141369465
-0.9963750051319948
-0.9965992953835262
-0.9966193419685523
-1.0031691497513546
-1.0042038111307192
-1.0064425933314851
-1.007615719714652
-1.0076258979737758
-1.0079241464845836
-1.0080518521265023
-1.009295072290115
-1.0096897070344701
-1.0104885182032983
-1.0107550179120153
-1.0108316343588133
-1.0136248198105022
-1.0151529998596136
-1.0158808914323647
-1.0163231017068028
-1.0168627947568893
-1.0169120212182559
-1.0172900481746183
-1.0174807743169367
-1.022449430078268
-1.0253811079698305
-1.0270146541297436
-1.0300050412522979
-1.0333097199127224
-1.0342543084872886
-1.0342905893921852
-1.0343084207037463
-1.0352119468152523
-1.038738923317942
-1.0397907398641109
-1.0427397030289285
-1.045586379560908
-1.0459207197636715
-1.0467238103350003
-1.0470002256333828
-1.0510315314750187
-1.0522369136499037
-1.0560891878392016
-1.0562464073300362
-1.0599228963255882
-1.061569005988228
-1.0620949774359663
-1.06655068056924
-1.0681297957606148
-1.0688293777406215
-1.072978777759191
-1.0761298822859924
-1.0782713630417977
-1.0796295007069905
-1.0812952835500862
-1.0846052750945092
-1.0857543079182506
-1.0863697601792712
-1.087593398988247
-1.0882067312704748
-1.088676364581001
-1.089461974799633
-1.0930366590619087
-1.0939963697997883
-1.0941716105832409
-1.0952698732871795
-1.097825317265233
-1.0991053327918052
-1.0997533798217773
-1.106322176321151
-1.11209200497251
-1.1127358454784069
-1.1150323291803943
-1.1169758904725313
-1.1189563875304884
-1.1206202691129874
-1.1213429297010105
-1.1247020307928324
-1.1253557672011083
-1.1270181222037838
-1.1293971501290798
-1.1307908435846912
-1.1318324301599725
-1.133400234801229
-1.1350079495459795
-1.1369916648278984
-1.1425185799598694
-1.144831845899009
-1.1468753560213372
-1.149931313295383
-1.1513910162029788
-1.152152182359714
-1.152666987993871
-1.1527809221297503
-1.1532955120859696
-1.1555119469878263
-1.159256551000807
-1.1599542594412924
-1.1606522913595352
-1.1643379436573014
-1.1677992273122073
-1.1694089012841384
-1.172011090176446
-1.1738634976791218
-1.1742267174025376
-1.1757520865131583
-1.177499648903904
-1.1782931345049292
-1.1798299567890354
-1.1813993909204978
-1.1832394525408745
-1.1850143640986062
-1.1866816878318787
-1.1893581994418128
-1.1895934529602528
-1.1936152776082356
-1.1938524367287755
-1.1980514394817874
-1.2007773982153997
-1.2032758796898027
-1.2035425752401352
-1.2129160618143422
-1.2176771312952042
-1.2256047607709963
-1.2266234176349826
-1.2311120331287384
-1.2360959296218224
-1.237794280052185
-1.2469843460878889
-1.2493408519076183
-1.2520570138185576
-1.264229279011488
-1.265063195186667
-1.2680968060158193
-1.2689460813999176
-1.290164098405512
-1.2947368677705526
-1.2962447885268678
-1.2986662946641445
-1.299597905576229
-1.3007462508268872
-1.301891929710473
-1.3057197876816644
-1.3081054323120043
-1.3134215772151947
-1.332758926972747
-1.3353671953082085
-1.337799072265625
-1.3409293464251928
-1.3433601667306252
-1.3449214398860931
-1.3494536976019542
-1.3508343728026375
-1.351666808128357
-1.3525995468371548
-1.361415715681182
-1.364290850609541
-1.3645807636494283
-1.3667783323261473
-1.367962141346652
-1.3681357651948929
-1.3755664750933647
-1.380738487866308
-1.3808346940204501
-1.3848365594943364
-1.3862958554592397
-1.3905328964465298
-1.3914241194725037
-1.414214561227709
-1.415856298059225
-1.420071467757225
-1.4310634940241773
-1.4319657294877939
-1.4320166829441274
-1.4379369497299195
-1.445255267061293
-1.4490388546671187
-1.4632038646377623
-1.4795103048284848
-1.4810740983077721
-1.4820703168710072
-1.483249306678772
-1.4891967947284381
-1.4942469008577366
-1.4976281989365816
-1.4994461178779601
-1.5022525598760694
-1.5022715628147125
-1.5132495790719986
-1.5149622973054648
-1.5178281925359949
-1.5218163666625817
-1.5225604735314846
-1.5294186100363731
-1.5390676651149988
-1.5431888503953815
-1.5495781190693378
-1.5511678159236908
-1.552442342042923
-1.56068840585649
-1.5609645657241344
-1.576764777302742
-1.5923191905021667
-1.5944876358262263
-1.5966606736183167
-1.6273693889379501
-1.6457761160563678
-1.6623235177248716
-1.7121195811778307
-1.7212237417697906
-1.7494849697104655
-1.7940744161605835
-1.7942282995209098
-1.8042932748794556
-1.8103985786437988
-1.8122785091400146
-1.8223078399896622
-1.8284067908922832
-1.8385916352272034
-1.8673509052023292
-1.869722495476405
-1.9198781549930573
-1.9343330264091492
-1.9684919714927673
-1.9719986319541931
-1.9802165292203426
-1.9941475801169872
-2.0061016622930765
-2.024861291050911
-2.0676468114058175
-2.0771990939974785
-2.0998877162637655
-2.114264771575108
-2.1324892584234476
-2.156789556145668
-2.241648852825165
-2.330546399574511
-2.3335779253175133
-2.5394181633989015
-2.573351120852749
-2.578566984971985
-2.67932968770765
-2.7407339178025723
-2.7941821043690047
-2.855375363957137
-2.8913779854774475
-3.0442628860473633
-3.3452261090278625
-3.4618936578432717
-3.522148922085762
-3.8098351303779054
-3.8373082876205444
-4.0791285037994385
-4.101856231689453
-5.008510192235311
-5.342365900054574
-5.419975700293435
-5.914447784423828
-7.073113918304443
-7.621669292449951
-8.299851417541504
-8.610199928283691
-8.944685935974121
-9.432686805725098
-9.708161354064941
