-0.0021045651998671624
-0.022222515635803575
-0.049516646691093534
-0.06120496161747724
-0.10990291554480791
-0.126964166527614
-0.1272555080242455
-0.20287928148172796
-0.20925910443475004
-0.2122954378525416
-0.22230392706195642
-0.23558683752222956
-0.2577115189284086
-0.26649608871957753
-0.27876766749395754
-0.29558339895976876
-0.32684489088751434
-0.33265157523783273
-0.3363502353636755
-0.34050928670912983
-0.34164679047535174
-0.34959837570527774
-0.3586533881258219
-0.360881142355668
-0.3620923786773346
-0.36331305482114357
-0.36344846634061206
-0.3734800213521036
-0.38340232141282676
-0.3838091969789405
-0.3874826920546184
-0.3916644637938589
-0.3964104945706721
-0.40444163206720984
-0.40464294788710375
-0.40705599540888215
-0.419574145169463
-0.4226251039574642
-0.42797158933244644
-0.4332288382574916
-0.4367642384604551
-0.4439858017591177
-0.44447508454322815
-0.4475915228977101
-0.4488123075705651
-0.451785967151712
-0.4603611980988221
-0.46136587011278607
-0.4614277728833258
-0.4638146685853523
-0.46474538098222445
-0.47001141023429227
-0.476523397868732
-0.4810691239674472
-0.4814570487120363
-0.48457371030841995
-0.4850732146005612
-0.48723159583979786
-0.4883009182355766
-0.4899562832113588
-0.4942392632365227
-0.4949855149413149
-0.4967311724467436
-0.49680984948554396
-0.4998484239404206
-0.5037939517143448
-0.5067824583592093
-0.5144735582372439
-0.5180571590208274
-0.5185655672394205
-0.5215478825525174
-0.5217132692591154
-0.5262167024832577
-0.5283357320752528
-0.5290465821427378
-0.5291385001460598
-0.5307364127521093
-0.5317785574862843
-0.5320676258532331
-0.5326181089476449
-0.5327759764739313
-0.5342479570271362
-0.5360281081250124
-0.5362259385176003
-0.5370381988718042
-0.5387606949578705
-0.5402838043446536
-0.545590485032234
-0.5471219653574129
-0.5480820437296643
-0.5502185634492586
-0.5536876276859807
-0.5547357219685283
-0.5551542040581504
-0.5561351648346452
-0.5566878671925224
-0.5575950973822424
-0.5605835685665415
-0.5623038864772146
-0.5631001881013314
-0.5631378467123096
-0.564097013038463
-0.5655075452264605
-0.5670905519282314
-0.5696378827884069
-0.5713678492527259
-0.5714954837770805
-0.5732714493589645
-0.575082610763881
-0.5776233989535831
-0.5793594345333986
-0.5802901101200596
-0.5802913857041858
-0.5806544071529061
-0.5812295061639614
-0.5816364152253501
-0.583528708666563
-0.587198142790132
-0.5912131437062971
-0.5930049642539134
-0.5958870994592351
-0.5975146339707342
-0.5994115476163903
-0.6047005376853382
-0.6048521817262683
-0.6083703140247962
-0.6093176388254505
-0.6111917213814498
-0.611937897422732
-0.6138757116161286
-0.6150016764331667
-0.6187925867603293
-0.6197156642447226
-0.6205633568920588
-0.6209513443800461
-0.6254894003984245
-0.626049854372547
-0.6268724024994299
-0.6273133918746479
-0.6288614675402642
-0.6307816128604687
-0.631636851613271
-0.6327395495865293
-0.6335530469782258
-0.6373128222912783
-0.6382457059808075
-0.640106683551234
-0.6409390663861164
-0.6419606884242967
-0.6427071447699115
-0.6442012122300055
-0.6468579681357369
-0.6473777472674556
-0.6499119433096244
-0.6502419660369364
-0.6508552509226969
-0.653131619328633
-0.6583496077845876
-0.6599259001377504
-0.6599528566002846
-0.6624897766432696
-0.6626615034299903
-0.6634601154364645
-0.6642921025748365
-0.6710842791944742
-0.6712540961569176
-0.6712600968850893
-0.6730962923195746
-0.6736964627484197
-0.6759501194477628
-0.6777132308731476
-0.681714271359584
-0.6819401314714924
-0.6832785347429182
-0.6847790248531964
-0.685103467044731
-0.6852247812964308
-0.6855045502306893
-0.6862689492344443
-0.6870330809421527
-0.6877558845166198
-0.6880985002033413
-0.6884579536105905
-0.6938462163144279
-0.6942121927582082
-0.6942224771870921
-0.6944421977981541
-0.6948392783857084
-0.6951847595628351
-0.698135643824935
-0.7046479528864438
-0.7062285223510116
-0.7116353708940247
-0.71722605296236
-0.7262496459297836
-0.7291760248384284
-0.7294169403923862
-0.7305709961510729
-0.7320119604264619
-0.7439070249286791
-0.7470788241674503
-0.747935717809014
-0.751567695196718
-0.7537764356368117
-0.7550999310333282
-0.7604492573171027
-0.760791058341662
-0.7622818983509205
-0.7652922753244639
-0.7663013103625013
-0.7667870968580246
-0.7685812339186668
-0.7710116204867113
-0.7745977048973807
-0.7748672501184046
-0.7829825391061604
-0.7882813817435818
-0.7887124493718147
-0.7901901688426733
-0.7918543891828449
-0.7920474346727133
-0.794985739979893
-0.7955366933284412
-0.7974810496089049
-0.7976666208511839
-0.7996483276598155
-0.8020805555085341
-0.8034070846624672
-0.8062406220074081
-0.80943716872207
-0.810508721624501
-0.810641639555494
-0.8121380967398485
-0.8147475545605024
-0.8151422622613609
-0.8159150990347067
-0.8187852684253206
-0.8276489607312463
-0.8278618405262629
-0.8315391289916906
-0.8372231051325798
-0.8381818566837561
-0.845069004688412
-0.8467624295502901
-0.851807800354436
-0.8551213986502262
-0.8554008699826557
-0.8598775813246474
-0.8622326914961117
-0.8658101875800639
-0.8664359457790851
-0.871839557840888
-0.8734324243851006
-0.8801036714576185
-0.8806592547916807
-0.8834554542683892
-0.8848272908944637
-0.8898688160348683
-0.8908288782196385
-0.8917755463884937
-0.8982867007143795
-0.8984306036598153
-0.9047203664889648
-0.9071208238601685
-0.9122797636664473
-0.9148681238293648
-0.9217770640583088
-0.9224571138620377
-0.9385842259840241
-0.946102574467659
-0.9484263117483351
-0.9503456188498863
-0.9566474604335699
-0.9916502468287944
-1.0018789693713188
-1.0190114102636774
-1.0196341279894114
-1.0219613768160343
-1.0256785199873977
-1.0270476792531553
-1.0277416354252233
-1.0298970103419076
-1.0304610992057457
-1.0391014715035756
-1.0446444610133767
-1.0461362659931184
-1.0474058974534273
-1.048487078025937
-1.0524179298896343
-1.052746796689462
-1.0530619025230408
-1.0594998797023436
-1.063103329477599
-1.0660692111899455
-1.067752598784864
-1.0767678843112662
-1.0807009041309357
-1.0821068219840526
-1.0826480627059936
-1.0946353062920804
-1.0959050181887247
-1.097508713277057
-1.100527559573363
-1.1048393070697784
-1.1063951551914215
-1.1073924724478275
-1.1337947074789554
-1.1338717166800052
-1.1358974906324875
-1.1449062999337911
-1.1475097552873195
-1.16733294762671
-1.1802891682988654
-1.214764752832707
-1.2300799935756004
-1.2312174944672734
-1.232842069293838
-1.2329014862577121
-1.2492454559542239
-1.2585276688138645
-1.2905723005533218
-1.2976120635867119
-1.339155873656273
-1.357324222723643
-1.3742462782538496
-1.376443118788302
-1.450957855520149
-1.4778621008619666
-1.530165985847513
-1.6052523702383041
-1.6115506887435913
-1.634522377610362
-1.6679815649986267
-1.6713533282279969
-1.7280481259028118
-1.7286324103673298
-1.7805458009243011
-1.7814935594797134
-1.7881184220314026
-1.827259397506714
-1.8542395532131195
-1.8673811107873917
-1.886070774262771
-1.9443080671131612
-1.9880905747413635
-2.0169634842350206
-2.1317708492279053
-2.1329440511763096
-2.143566370010376
-2.1547276750206947
-2.1685275435447693
-2.175044333213009
-2.175223439466208
-2.180553538259119
-2.2166764736175537
-2.3898384561762214
-2.41312305132548
-2.4565732155460864
-2.4798567295074463
-2.5465260283090174
-2.5648006200790405
-2.7213416592737
-2.745051940282186
-2.831498384475708
-2.8737212822440292
-2.8869625436139663
-3.0799353197216988
-4.007911046346028
-4.0272558728853864
-4.338090419769287
-4.362666331231594
-5.056816577911377
