-7.176141662057489e-05
-0.0007941814474179409
-0.0011464344279374927
-0.0025068546001421055
-0.004151229535636958
-0.005241821471281582
-0.009576695151433038
-0.011383297853171825
-0.011415666449465789
-0.01211340178269893
-0.014873890827099482
-0.01519249373814091
-0.01823237662028987
-0.01872373077397545
-0.020780283550266176
-0.020816889009438455
-0.02822367986664176
-0.02978996484954324
-0.03011692745591669
-0.03085093104164116
-0.032123682069747396
-0.03798025556736522
-0.03845709399320185
-0.038548952589432396
-0.04571615196764469
-0.04730888735502958
-0.049902234226465225
-0.052334632724523544
-0.05358143387517581
-0.05415224113191167
-0.05689486597354213
-0.06056385627016425
-0.06250184930104297
-0.06319023668766022
-0.06390882981941104
-0.06591107364511117
-0.08857534887890021
-0.08977820724248886
-0.09051165708418314
-0.09584028162062168
-0.09675950018156852
-0.09828525909688324
-0.10110845561656687
-0.10201131924986839
-0.11446068368968554
-0.12119928145548328
-0.12236960014949243
-0.12596682307776064
-0.12767922128841747
-0.12975020533485804
-0.13045476749539375
-0.13642115179183228
-0.1367774664799476
-0.1394070233218372
-0.142731570918113
-0.14733166247606277
-0.1487663368794269
-0.15566975560504942
-0.1574250403791666
-0.16024821670725942
-0.1603913752896915
-0.1618291151942685
-0.1623728653907569
-0.16744225153233855
-0.16774720847606658
-0.16808225018903614
-0.16834942197892816
-0.16858931899898583
-0.16934876907616853
-0.17067803827942246
-0.17451228698094687
-0.17530420748516917
-0.1771766172714706
-0.18333139391615988
-0.18387017571201017
-0.18485798528417946
-0.1856049892851029
-0.1882073696833686
-0.19049429099541157
-0.19181039076324347
-0.192238358897157
-0.19374642722541466
-0.19613441079854965
-0.19647045966703444
-0.19691461039474234
-0.19874358165543526
-0.20056381648672478
-0.20241079111583532
-0.2073964924008275
-0.20837793704122304
-0.20849265889652693
-0.21017944143386558
-0.21084993120166473
-0.21350929225445725
-0.21391950231045484
-0.2156619480067295
-0.21568191286642105
-0.21764734579919603
-0.21853405702859163
-0.21943070041015744
-0.2219775887621966
-0.2222985832803798
-0.22247252929137176
-0.22260736412135884
-0.22456548128199452
-0.22611749074284865
-0.22668046978875422
-0.22672261932166293
-0.2294272478628794
-0.23070704797282815
-0.23089627543231472
-0.23163988793385215
-0.232637066335883
-0.23281172197312117
-0.2332665439862467
-0.23452983226992988
-0.2355705152217792
-0.23576290663331748
-0.23641976280902913
-0.23837612815467374
-0.23957162872679402
-0.24196581805881578
-0.24302573053859305
-0.24341173574794084
-0.24519599648483564
-0.24533655201472962
-0.2453487096533466
-0.24600894887199892
-0.24606585033746486
-0.2500567198731005
-0.2500919868820347
-0.25239689051298997
-0.2526486451138875
-0.2537451716780197
-0.25409907158464196
-0.25449931132078
-0.2547670713109255
-0.25481320029939525
-0.2549349411856383
-0.25499728278955447
-0.25665311819466297
-0.25774624621096465
-0.25827247449862106
-0.260784324672487
-0.26101167278323806
-0.2613944255022539
-0.2620801258843221
-0.26316039164550603
-0.26320258918817024
-0.2641261922835838
-0.26456520064761313
-0.2658588216057979
-0.2673036903677712
-0.2678374905242688
-0.2680078015080653
-0.2682726426050067
-0.26852104255791615
-0.2693399057490751
-0.26934327578379047
-0.269460000723484
-0.2704426054551732
-0.2709669479263539
-0.2710396333744651
-0.2710781612980139
-0.27210733873453136
-0.2727696567773819
-0.27392227893384796
-0.2740365950410943
-0.2740874456358142
-0.274122729501687
-0.27564242351800206
-0.27577489165123553
-0.2766439233852837
-0.27664790981050047
-0.2772339445117933
-0.27810993695554015
-0.2789096501156954
-0.2791552967391908
-0.2795932060107589
-0.28013143870048224
-0.28035391001806903
-0.28162839953702135
-0.2826015652956105
-0.2835093793135298
-0.2848704372299835
-0.2857081715095167
-0.2859619914146606
-0.28604700167973834
-0.2860663903328324
-0.2863069804478437
-0.28652660325169566
-0.28682167443912476
-0.28695631567388774
-0.288157701928867
-0.28923150463961067
-0.2899455485256532
-0.2912430883817641
-0.29185998277223135
-0.29191148310443776
-0.29219151970464735
-0.29241972374181974
-0.29320124976543915
-0.2936072909462858
-0.2939200826222077
-0.2959683474036865
-0.2961552376543884
-0.2965768747963011
-0.29750799657601956
-0.2975139376773898
-0.2976783545393693
-0.29776652046130037
-0.29785844242724124
-0.2985090045470067
-0.2994633116580259
-0.2996290924958885
-0.29973500057434044
-0.301058016018942
-0.30218821924063377
-0.3025435314788906
-0.30301408861608553
-0.3033297346888243
-0.30366206212784164
-0.3050000711965064
-0.30511135714671883
-0.30516900756629184
-0.30592415081337093
-0.30630317178244393
-0.3067566179088317
-0.3068012660308006
-0.3071299168085189
-0.30848035868257284
-0.3084829074330628
-0.3089656266383827
-0.3097826981684193
-0.3120800678540642
-0.312164496909827
-0.31220022309571505
-0.3124078872356692
-0.31260858210523357
-0.3137257185400813
-0.31422802741872147
-0.3157741668789337
-0.3163396737978069
-0.31835912565293256
-0.31892204015619224
-0.31950887348502877
-0.3199055941896105
-0.32061893009166753
-0.32067806206759997
-0.3207729662572092
-0.3214720608375501
-0.3224240045861474
-0.3225461787369568
-0.32296631976496426
-0.32307011337467917
-0.3234616260160692
-0.3236907292623073
-0.32437149439439444
-0.3256500375457108
-0.326128430920653
-0.32720423783175645
-0.3278051108500222
-0.3289523231505882
-0.33005165182320134
-0.33100174929131754
-0.331255512178177
-0.33168385331809985
-0.3319310938939452
-0.33289099535128724
-0.33330538526449044
-0.3334473437621611
-0.3336523160027961
-0.33377927938709034
-0.3338180338679295
-0.33431918821052503
-0.3351841805768864
-0.3358217791313879
-0.3358530945196334
-0.33634370248182677
-0.3374297171831131
-0.3377420532924589
-0.33939672864895937
-0.33963322767522186
-0.3398238975554705
-0.34029869070010527
-0.3408495820855023
-0.34087761842446135
-0.3414271260611713
-0.3420291568618268
-0.342388367378398
-0.34281017344328574
-0.3433428233183804
-0.34336155659984796
-0.34471670460576814
-0.3453174356371164
-0.3469782431558188
-0.3475573857514454
-0.34857512569428295
-0.34875187135767194
-0.349209668704619
-0.35095884394831955
-0.35210060210604416
-0.3531245021848008
-0.35515081718663816
-0.3582174839878765
-0.35857667779782787
-0.35874376110732553
-0.36001279163691735
-0.36067093199946815
-0.36081377156078814
-0.36111103226430713
-0.3613101206486005
-0.3630688834702596
-0.36461942858295515
-0.3648784504991702
-0.3649124259361997
-0.3650542327901348
-0.3656555105796239
-0.36600796445938094
-0.3665765537880361
-0.3667193393339403
-0.3670407665000918
-0.367407925252337
-0.36811495404690503
-0.3683221696077713
-0.36867323502721977
-0.37032767630686675
-0.37108954661137733
-0.3710899773674707
-0.3714234407256859
-0.3722554075066
-0.37250546453934574
-0.37330602164720406
-0.373455506697711
-0.3739150905515999
-0.3741766145452857
-0.37459003247786316
-0.3754872655909922
-0.3766053101174872
-0.37681060827647644
-0.376882366836071
-0.37731496908236295
-0.3777371657313779
-0.3778068046012777
-0.37796644154669984
-0.37802510865731165
-0.37850387439203376
-0.37914915033616126
-0.38020234073337633
-0.38131999532924965
-0.38217732299711893
-0.38303675297647716
-0.38333867530589205
-0.38405213553386813
-0.384335461887531
-0.3846116435888689
-0.385973829717841
-0.38646878572180865
-0.38927969578653576
-0.3902430119633209
-0.3904005474760197
-0.3905384942061371
-0.39164800936770106
-0.3922548608130051
-0.3925637571082916
-0.3927707219496369
-0.3930836050357256
-0.39410218704724687
-0.3964282826830943
-0.39735677894204857
-0.3975079872645438
-0.39755213260650635
-0.3985180476576918
-0.3991134813469317
-0.40247022359399126
-0.40308759934527594
-0.40353173001203685
-0.4038078321712722
-0.4042166155995801
-0.4048919645138085
-0.4067615162581205
-0.40689301599437994
-0.40704275264094275
-0.4071931437485748
-0.4089600481924468
-0.40912814118200913
-0.4091671847971156
-0.4095426691540827
-0.4098725127056241
-0.410752624477027
-0.4110929109156132
-0.41222113175317643
-0.41366911195735967
-0.4138977248997738
-0.4141775936819613
-0.41443101642653346
-0.41483795444946736
-0.41516770181478935
-0.4156816226430237
-0.4159553352277726
-0.4172124199362265
-0.417944115786148
-0.41913989844615573
-0.41919583280105144
-0.42027414514450356
-0.4217162136686966
-0.4218491208739579
-0.423505040013697
-0.4239256680011749
-0.4256955664604902
-0.4258836724591674
-0.42672079484327696
-0.4270309892534796
-0.42751397877000274
-0.43119229734656983
-0.43140591419900637
-0.4315247181802988
-0.4320975066428738
-0.43221526292068624
-0.4325305163511075
-0.4334711568163974
-0.4338348038145341
-0.4348437209846452
-0.4370667871902697
-0.43870167755521833
-0.43955634442390873
-0.4398688011440552
-0.44161075036390685
-0.44214421994466746
-0.44236437433573883
-0.4425401977884273
-0.44540709994422895
-0.44560438237914984
-0.44619902957823465
-0.4467965823598206
-0.4468386507230914
-0.44912171184033567
-0.44924664981663226
-0.45230774401820134
-0.4523832102189772
-0.4552038391120732
-0.45523979686549865
-0.4565539238043129
-0.457422193500679
-0.45906839142036104
-0.4623544142814353
-0.46817768197506665
-0.46867548692971467
-0.4699067547658665
-0.470378319422404
-0.47038790876311914
-0.4706699119124096
-0.470979878725484
-0.4712826094889806
-0.4734945750969928
-0.47409144094369066
-0.47449663219906923
-0.47552693894665155
-0.47615348762418663
-0.48074948630528525
-0.4814154679317855
-0.4825901714619249
-0.4849720321944915
-0.48597346575531575
-0.4896951312132712
-0.4914639741182327
-0.49166988477938706
-0.49429243527984
-0.49468463857192546
-0.4948719340775694
-0.4968848095741123
-0.49906555509993006
-0.5023495068307966
-0.5024886289844289
-0.5027143643570265
-0.5030162152834237
-0.5030946118524298
-0.5037107890064363
-0.5083295911151383
-0.5086578273022657
-0.5088998242399612
-0.5164155178208603
-0.5169465378858149
-0.519135981798172
-0.5194384893402457
-0.5202140428125859
-0.5204489454627037
-0.522018076677341
-0.5222435128875077
-0.5238262203522026
-0.5241841925308108
-0.5277479314910514
-0.5287757493659027
-0.5299872596049682
-0.5305786804399557
-0.5317559397598315
-0.5327662601734379
-0.5354478723768678
-0.5365850292379036
-0.5372177444708844
-0.538047440641094
-0.540415953853101
-0.5429473537693007
-0.5433328424114734
-0.5447283335961401
-0.5454587898566388
-0.5495386717229849
-0.5510522773077425
-0.5566573194228113
-0.5575904625260996
-0.5591373651663566
-0.56176673527807
-0.5632975132321008
-0.5649915731046349
-0.5658862160829207
-0.5660795915639028
-0.5678437732567545
-0.5690310316131217
-0.5710861694999039
-0.572226017616534
-0.576471229394277
-0.5791962973538224
-0.5820035988684443
-0.5824214445427061
-0.5856520322461923
-0.5864369581852641
-0.5894604126612345
-0.5935115176253021
-0.5951820882037282
-0.597055814054329
-0.5980171491780008
-0.6000965951631466
-0.6035954123362899
-0.6053534676986081
-0.6077616763795959
-0.612611749808171
-0.6126329213613644
-0.6142404293641448
-0.615416392883552
-0.619582703906215
-0.6210882599892406
-0.6258195638656616
-0.6289815385825932
-0.6296025036572246
-0.6298897350206971
-0.6325878359687825
-0.6332782461249735
-0.6362246346516258
-0.6408600211143494
-0.6409422870326255
-0.6498864856548607
-0.651159193366766
-0.6583897738037194
-0.6587833248311654
-0.6595305646511002
-0.6604151398771338
-0.6610656461368004
-0.6666386649012566
-0.6683728649014873
-0.668467043666169
-0.6775077333052953
-0.6792316700836333
-0.6818798843638173
-0.6834236116458973
-0.6876775804907084
-0.6892907074652612
-0.6893926010932774
-0.6920176398940384
-0.7032974499355381
-0.7131572145865195
-0.7163578035459588
-0.7181867683040244
-0.7237704649645215
-0.7240399902220815
-0.7249540885328315
-0.7268388508295175
-0.7280166897739946
-0.730486633675173
-0.7305427039045753
-0.7319511870835717
-0.7348114751948742
-0.7356049152040214
-0.7404175400733948
-0.7408125795423984
-0.7415143213467672
-0.74157395431151
-0.7418056316673756
-0.7469721361994743
-0.7470175580432018
-0.7503381570180258
-0.753535598801035
-0.7559963832936774
-0.7580214914865792
-0.7603112096451999
-0.7604789498727769
-0.7628201622929838
-0.7649644006043672
-0.7650472480338066
-0.7765031196904602
-0.7792520225048065
-0.7830272220540792
-0.7843097383932521
-0.7889082509558648
-0.7902337252511643
-0.7962237883824855
-0.7998898775823969
-0.8028453946113586
-0.8053423766460683
-0.8145711562829092
-0.8184835291933268
-0.819628646291676
-0.8199331603578425
-0.8256744071404682
-0.825694730199757
-0.8301585339296642
-0.8309217297355644
-0.835886886845401
-0.8382495134486817
-0.8397702114307322
-0.8433309396107992
-0.8490435476331706
-0.8700660166330636
-0.8741394380728403
-0.8800654426221237
-0.8802286524857793
-0.8804068366686503
-0.8910825669765472
-0.8996216977636019
-0.9019783064723015
-0.9021864458918571
-0.9031566080637277
-0.9031615774765669
-0.9099806915037334
-0.9128286146296887
-0.9129519219510257
-0.9166276678442955
-0.923764280974865
-0.927462637424469
-0.9294966906600166
-0.9317618133999142
-0.9404196109001836
-0.942521229890796
-0.946766942118605
-0.9482088351311783
-0.9505148157477379
-0.9523461434990168
-0.9554934408515692
-0.9600399131304584
-0.9646334433928132
-0.9650165740400553
-0.9674847809365019
-0.9735038345679641
-0.980958766096996
-0.9815274612628855
-0.9858356519188318
-0.9880710255354643
-0.9900282345164063
-0.9918325660643555
-1.0000453889369965
-1.0032745897769928
-1.0034320264627847
-1.005716000450775
-1.0258672038714092
-1.0330814998596907
-1.0450600379146635
-1.0476002567796967
-1.0574682919929426
-1.058681527909357
-1.062198873255208
-1.063026865478605
-1.063798598246649
-1.071361142900514
-1.0759670548141003
-1.0833167433738708
-1.0940764298662544
-1.1002865359187126
-1.100942313671112
-1.1077135952655226
-1.1080315187573433
-1.1123512536287308
-1.1156978150829673
-1.1199672532578309
-1.1275580387446098
-1.1536365846792858
-1.159122109413147
-1.1674823449708736
-1.1694878302514553
-1.1712415132593985
-1.1723195513089497
-1.1753928437829018
-1.1823486645395558
-1.1864062172050278
-1.1936659895218327
-1.1958247125148773
-1.1995608905951183
-1.2026085169054568
-1.2121953401365317
-1.2126125248614699
-1.2136048693209887
-1.215908259153366
-1.2256040976499207
-1.2271468738714855
-1.2379957218654454
-1.2463955932429858
-1.2511582074900314
-1.2517693142096202
-1.2632955564185977
-1.2677470016875305
-1.2736512937117368
-1.2890724851749837
-1.292125590145588
-1.3028670584608335
-1.3076324854046106
-1.3122153112751676
-1.3246459674090147
-1.3339861583372112
-1.336492564684401
-1.3384801348050435
-1.342598132090643
-1.3426425544312224
-1.346220427793014
-1.362443114630878
-1.3657183008035645
-1.3693530657328665
-1.3815140128135681
-1.3976701328065246
-1.4065991044044495
-1.4100587487919256
-1.428883761788408
-1.4499892086411517
-1.4555031061172485
-1.4802580372876644
-1.4860860617263825
-1.5149976094253361
-1.5158769521513022
-1.5184439942240715
-1.5232888879952953
-1.5274197398568503
-1.5306048629257323
-1.533517103351187
-1.5643767714500427
-1.5720103736966848
-1.5793924033641815
-1.5859307199716568
-1.603061094880104
-1.6179651417769492
-1.6299245384482977
-1.6304703075438738
-1.631003589835018
-1.6362820298618317
-1.6400118079036474
-1.663245975971222
-1.6643998324871063
-1.6654047102977831
-1.6670499144820496
-1.6726080477237701
-1.680949008713166
-1.6848709394107573
-1.6884194191807183
-1.7006447911262512
-1.7105645835399628
-1.7180928915040568
-1.7255129218101501
-1.7283670224715024
-1.7298254743218422
-1.7413567900657654
-1.756462037563324
-1.7669921219348907
-1.7767475843429565
-1.7837812683234613
-1.7847043226162593
-1.787285304805846
-1.7924144493881613
-1.8107342639317114
-1.8162723979972726
-1.8170589357614517
-1.8246022462844849
-1.835222750902176
-1.853040881920606
-1.8612474352121353
-1.8666886985301971
-1.8739694246396539
-1.899699526373297
-1.9022328507853672
-1.9122218787670135
-1.9334667026996613
-1.9359444379806519
-1.9654183664048712
-2.0028086565434933
-2.019491456449032
-2.0215147733688354
-2.0434773564338684
-2.0574361600447446
-2.0602513551712036
-2.06212697942586
-2.075913667678833
-2.1101617820871374
-2.1112722158432007
-2.148024212103337
-2.1537729427606487
-2.1821820326149464
-2.1828436309006065
-2.195975884795189
-2.196800414317598
-2.2268710676580667
-2.254596363287419
-2.3186680710253618
-2.3330069901421666
-2.3367022647095532
-2.3765337467193604
-2.3966228401598832
-2.407112494111061
-2.442530870437622
-2.4719261562762163
-2.5467092191101983
-2.553520866204053
-2.572564125061035
-2.795213110744953
-2.8297059535980225
-2.85875925142318
-2.861443281173706
-2.882201185449958
-2.9609130024909973
-3.0278891175985336
-3.056158203165978
-3.114223152399063
-3.1702292561531067
-3.194618821144104
-3.224247992038727
-3.2323909401893616
-3.2383102774620056
-3.331915259361267
-3.419773757457733
-3.426104284124449
-3.4308508365647867
-3.5718744145706296
-3.5820529642514884
-3.7115173062920803
-4.196098327636719
-4.213927507400513
-4.699899521889165
-4.84477429324761
-5.104738073423505
-5.128377914428711
-7.894857406616211
-8.57910442352295
-10.458306312561035
-13.822579383850098
