-0.002002180292038247
-0.005337923299521208
-0.014180186670273542
-0.03341021202504635
-0.04846924069837163
-0.0696446541505793
-0.08701366686662482
-0.090736380207818
-0.12292544171214104
-0.13374405061313155
-0.1394752339333536
-0.1567950136573927
-0.1601592115825042
-0.16868568398058414
-0.16969148069620132
-0.18987418338656425
-0.19047024469178572
-0.19643725157326722
-0.19644480641155887
-0.2030901551246643
-0.20310851382579845
-0.20340612437576056
-0.20663325188797899
-0.20858674611076822
-0.2091005686182982
-0.21138559263999923
-0.21231787942233496
-0.21554736093313404
-0.21691866301184096
-0.21715532561500103
-0.2177051417917634
-0.21926862001419067
-0.22277738378306822
-0.2243321763986533
-0.22539830854995152
-0.22662398591637611
-0.22750483958035334
-0.23058771499366534
-0.23128817120501644
-0.2320537446084927
-0.23219923302531242
-0.23295423594875805
-0.236734491084113
-0.2391511810913341
-0.24115135184438807
-0.24130049173348858
-0.2415306483938457
-0.243484022558227
-0.24532940213438534
-0.24840853101950416
-0.25141739544342273
-0.2541416726239464
-0.2544574858814788
-0.2554769672022101
-0.2554993283132717
-0.2618673112422742
-0.2619190343072688
-0.2633229197209482
-0.26388929497998104
-0.26467926307980505
-0.2646852058911463
-0.2647559167159115
-0.265301928855403
-0.2653244018509998
-0.26643410584650457
-0.26797856859047897
-0.2708640776807442
-0.27348791681852164
-0.276383896668752
-0.27641725129150374
-0.2789061611284751
-0.28021475078152697
-0.2803312878887583
-0.28540693980605386
-0.28731141646821357
-0.28767499583773315
-0.2878442571003528
-0.2878644466961449
-0.28788872673752314
-0.2883568503566494
-0.28848821204078573
-0.2887087776325643
-0.2888534159102217
-0.28938956041969277
-0.29143233316911693
-0.29239024898850136
-0.29454655051013107
-0.2958429235579388
-0.2964273544158488
-0.30061005426763576
-0.30172640084047375
-0.30608836086088664
-0.30639320072305054
-0.30645478409337557
-0.3064603579048158
-0.30740689862286674
-0.307764875664725
-0.307778375223279
-0.308719565617341
-0.31016328906272456
-0.31074118543223117
-0.3118370286699032
-0.31214499780803634
-0.3137129781495484
-0.3138142392751888
-0.3156341212780401
-0.315801576780489
-0.31637958601883537
-0.31687408916378484
-0.3184081915082402
-0.31882683065156886
-0.31964677300385863
-0.3234746714975629
-0.32357040013280314
-0.32466501952148974
-0.3265721338250245
-0.326976789242609
-0.32880859546177316
-0.3301067845445118
-0.330287003268495
-0.3315661362647006
-0.3320693787053252
-0.33446148848690216
-0.3352562047109839
-0.33651412516701384
-0.33655791568920296
-0.33911519366665743
-0.34154413446435683
-0.3425139810421645
-0.3439048256917555
-0.34511801004136944
-0.3466114118134349
-0.3477537669437879
-0.3485394218975801
-0.34913292753481073
-0.34926428945052773
-0.3493350575590739
-0.3495275708864938
-0.35153345605593095
-0.3531239955597233
-0.35456410230755053
-0.35459492914378643
-0.3546293134393636
-0.35496970928377575
-0.35506108710469564
-0.3557057727079155
-0.3571205325375558
-0.3587090926949814
-0.35909042779019273
-0.3627964371404563
-0.36420347292441874
-0.36700162058662045
-0.3695874710788808
-0.3708953043213114
-0.3709622758202234
-0.3712671749209138
-0.37374259130835225
-0.3786162668857287
-0.3791823912880808
-0.3799574329398941
-0.3837800453683095
-0.38565258895396254
-0.38571156202116136
-0.3917051005118992
-0.3936576234031236
-0.39505880101933144
-0.39649996031903356
-0.39705709032841696
-0.4014621322391057
-0.40177424400624456
-0.40231322807176184
-0.4047033777460456
-0.4050762797760588
-0.4057106624460665
-0.40662831828619045
-0.4069460927180949
-0.4091905895408369
-0.409898060708656
-0.41026132238556995
-0.4110071654818215
-0.4126683044002372
-0.4135728670905034
-0.4143826452755093
-0.4152276880442514
-0.41525320283324163
-0.41615159848758293
-0.4189660545172436
-0.4199810469755903
-0.4231394688868022
-0.42462359424650153
-0.4256927019581781
-0.42756613959454626
-0.42888405428379883
-0.42988730991298024
-0.4329860123495261
-0.4331920306301779
-0.43571767619060764
-0.4358775134431198
-0.4370180759578943
-0.437659458390304
-0.437978951906814
-0.4386887260712683
-0.44097919328368107
-0.44133254705714836
-0.4421744106912229
-0.447372333327985
-0.4474957623749813
-0.44885644081579
-0.44942814216119586
-0.4508039956272114
-0.45087223649024966
-0.4529995379323902
-0.45306187655244556
-0.4532481657548083
-0.4538343417841722
-0.45394714273061254
-0.45490743363043296
-0.45645603431122644
-0.45788591762539
-0.45959002284310674
-0.45961981512155037
-0.4626631290755338
-0.4666541219234609
-0.47073958614491856
-0.4728697829414159
-0.4737858567502826
-0.47468201820668454
-0.4822589588351548
-0.48660462556613815
-0.48670930627053044
-0.4899844459032465
-0.49066009301330066
-0.4920090535500397
-0.49312726888592806
-0.4976476076236785
-0.49774786971673685
-0.49918559423531406
-0.4995647719988483
-0.5011147883446289
-0.5016852725918094
-0.5019511835028728
-0.5036088623216047
-0.5048226413310886
-0.505558043034398
-0.5059585823708201
-0.5063168438694751
-0.506674685399048
-0.5068385669825753
-0.5081668565380824
-0.5097282825138661
-0.5098194796126336
-0.5109413348044554
-0.513966755113668
-0.5146709173328846
-0.5150701474709162
-0.5151769660047388
-0.5187508266341562
-0.5201322941098624
-0.5218653607913034
-0.5226967678560565
-0.5237335786223412
-0.5241170436493121
-0.5254584688678279
-0.527008988642289
-0.5281360988826944
-0.5283025839432541
-0.529035738530547
-0.5325188325800809
-0.5330570690275636
-0.533639089522012
-0.5354491025136667
-0.535945731148656
-0.5365530364215374
-0.5443202148955086
-0.5444938804042371
-0.5462484372158846
-0.549794847300897
-0.5500769238809452
-0.5507249732812246
-0.5510743585400633
-0.5512476376712915
-0.5545631046639414
-0.5551717959250608
-0.5556109162680514
-0.5560225366248882
-0.5566344117183429
-0.5591792408764983
-0.56026434188243
-0.5604472939007142
-0.5622929906872741
-0.562704347406647
-0.5633897369106459
-0.5672403279071053
-0.5695530118389596
-0.5700022829599524
-0.5724330132030041
-0.5737381500242918
-0.5779260012010733
-0.5836457483965205
-0.5866767968807836
-0.5881147533655167
-0.5882715880870819
-0.5885217010509223
-0.5916513528500218
-0.5917181433178484
-0.5943438619475013
-0.5944833155499509
-0.595906150713563
-0.6034390872033933
-0.603736557637199
-0.6040755039372016
-0.6053372782662336
-0.6196771970893072
-0.6200290159886208
-0.6212030011665775
-0.6212333456415864
-0.6296365070211323
-0.6373991153086536
-0.6374963888166738
-0.6384054692462087
-0.6391603703045153
-0.6399683009396236
-0.6404950190335512
-0.6465717279352248
-0.6474018228240311
-0.6482504449377302
-0.6499990249673525
-0.65136511673918
-0.6543125386124302
-0.6545746687799692
-0.6574851076056802
-0.6574877738545183
-0.6578892959902684
-0.659661537407328
-0.6633821017961358
-0.6666756924241023
-0.6682705655694008
-0.6701170775498516
-0.6719115343358781
-0.6722956844605505
-0.6745070940480218
-0.6786471162182958
-0.6790535391337471
-0.6797987301316526
-0.6798041775057625
-0.6819818663422795
-0.6824864416516253
-0.6831920190248638
-0.6856105936957257
-0.6866490345315209
-0.6885933148109221
-0.6904267389327288
-0.6904319044806471
-0.6911860668099734
-0.6948188820315409
-0.6963673422495569
-0.699426053557545
-0.7011751048266888
-0.7039424479007721
-0.7072503193003985
-0.7077743480722347
-0.7097744718194008
-0.7099471564179112
-0.7123087868094444
-0.7125163372595125
-0.712759805455183
-0.7146496038883925
-0.7149550894739352
-0.714988658953059
-0.7149888728610956
-0.7182556367944926
-0.7186368115556737
-0.7245963827186238
-0.7275366832764121
-0.7341566040567058
-0.7394834915176034
-0.739564811060619
-0.7397525263950229
-0.7415179292516162
-0.7427213824022536
-0.7429078693734141
-0.7437485605478287
-0.7443055037253846
-0.7456865834537894
-0.7482484696166856
-0.7496361856659254
-0.7531242961413227
-0.7532612034119666
-0.7566547762136906
-0.7570809354598168
-0.7611047604503776
-0.7625214416378489
-0.7634245862776879
-0.7652353676559869
-0.7656622603490177
-0.7668868279084563
-0.7709736892475121
-0.7715040630261812
-0.7719958255067467
-0.7744618966476651
-0.7818273720707415
-0.7854780610650778
-0.7973265215754509
-0.8016027329223496
-0.8017109861189965
-0.8030937345964568
-0.8043073667795397
-0.8047943270454804
-0.8068331317044795
-0.8166628877321879
-0.8273680973798037
-0.8309837318956852
-0.8315466977655888
-0.8387084405791635
-0.8401528361719102
-0.846113377263666
-0.8478447124361992
-0.852292445087288
-0.8656174012912743
-0.868546956450397
-0.8738347505877755
-0.8752955747768283
-0.8785543944289781
-0.8868595223873854
-0.88925568262736
-0.8910521119832993
-0.8973083149256127
-0.902957716602638
-0.9030142861107985
-0.9108489977328905
-0.9138356760144234
-0.9158169502392411
-0.9168284349143505
-0.9177477614954114
-0.9200147778341489
-0.9201174057088792
-0.9268388983594681
-0.9463960602879524
-0.9485315480269492
-0.9530997544527053
-0.9539773759781383
-0.9585394743829966
-0.9587807257970175
-0.959582408114026
-0.9643465140834451
-0.973075199406594
-0.973343538120389
-0.9736928797004415
-1.0045442864298821
-1.0144058772028075
-1.0203393308135371
-1.0307451657884354
-1.0350409038364887
-1.035708071043094
-1.0387907419353724
-1.0536376402402918
-1.0570717984810472
-1.0649752808836639
-1.0729106467275416
-1.0850516594946384
-1.0944236367940903
-1.1033310499060462
-1.1238426723863693
-1.127722498548662
-1.136915935207071
-1.1459704223546265
-1.147839385503903
-1.1543284466752084
-1.1656877652276307
-1.1767405327409506
-1.1850863434374332
-1.194753366754109
-1.218283740947906
-1.2185216483970482
-1.2281962842015284
-1.235958444730689
-1.256124430646499
-1.2638979583978653
-1.2856541244934003
-1.3015384289125602
-1.301804009027754
-1.3153950648071866
-1.31628509486715
-1.3406965335210164
-1.3438520073905238
-1.3506841907898586
-1.3537070788443089
-1.3717789988033473
-1.3790674060583115
-1.5028646647930146
-1.5357135310769081
-1.5598504580557346
-1.5637213297537529
-1.5677773809460631
-1.665316116809845
-1.692038118839264
-1.7424288867041469
-1.8010712768882513
-1.8248748828967412
-1.8781807899868
-1.8830955922603607
-1.8904423080384731
-1.9189310843745868
-1.9476085305213928
-1.96841352712363
-2.058635964989662
-2.07132825255394
-2.1180788101628423
-2.148803472518921
-2.1643080040812492
-2.171759322285652
-2.1731821298599243
-2.1902557434514165
-2.2036925554275513
-2.2135835140943527
-2.225234026710192
-2.2439468652009964
-2.2859521955251694
-2.3605140898143873
-2.3869102746248245
-2.487824614683632
-2.645198930054903
-2.661282539367676
-2.707468905020505
-2.7200127579271793
-2.7625291099150977
-2.8113489975221455
-2.9371594567783177
-2.941754385828972
-3.036724131554365
-3.070740222930908
-3.129284381866455
-3.152093016076833
-3.210214138031006
-3.26597640835098
-3.309148473665118
-3.3226291735967
-3.359541138013204
-3.4186488022096455
-3.7675395011901855
-3.7786787322256714
-3.9397635459899902
-4.027281701564789
-4.067928075790405
-4.370337947271764
-4.630915105342865
-4.870038270950317
-5.069777250289917
-6.6427178382873535
