-0.0003580405900720507
-0.001845955247214685
-0.0021785159915452823
-0.024819855112582445
-0.06039030105707103
-0.08034565920631091
-0.10482301909360103
-0.16667813889216632
-0.17943671601824462
-0.21213934163097292
-0.2174912916185955
-0.21800306697259658
-0.22751189083127038
-0.24115750384517015
-0.2426938402156035
-0.2567126080061176
-0.27104690738442516
-0.29395076135794324
-0.3072456978261471
-0.3086993433535099
-0.30897346388600355
-0.31082063540816307
-0.31128470309906536
-0.31388971507549285
-0.323940617001305
-0.3254748095641844
-0.3286068839006475
-0.32977085979655385
-0.3313933333265595
-0.3317631717083194
-0.33584478098055115
-0.33600878855213523
-0.3454668689519167
-0.3458649218082428
-0.3493645208913626
-0.3502065921027679
-0.35451023078834015
-0.3565316729238475
-0.3590664350642608
-0.3645109036937356
-0.36603386905044316
-0.3667786762327069
-0.3682131789624691
-0.3738283603452146
-0.37485319656319915
-0.3774203683208018
-0.37818827633080737
-0.3796653914905619
-0.3817491642542336
-0.3830616921186447
-0.3832805862960716
-0.3855820298194885
-0.39135518778736395
-0.39320522929645246
-0.40100298061846235
-0.4013742522802204
-0.4027427218567027
-0.40524738278639105
-0.4059810240283241
-0.41021296159364284
-0.41165333464741705
-0.4119758889231535
-0.4137687892653048
-0.41416925586256387
-0.4144693290814757
-0.4150980021648573
-0.41650887195848757
-0.41759126235779387
-0.42051357148516544
-0.42263579145073893
-0.42491460852324964
-0.42494083241326736
-0.4255069445552181
-0.4264342100941576
-0.4272604486718774
-0.4278974661470524
-0.42882020161150647
-0.42958561815321444
-0.43442071636673063
-0.4349727424851153
-0.4350042102113366
-0.4356918290723115
-0.43943315961708623
-0.4395494407955001
-0.4402189175210272
-0.44058794528245926
-0.44198646964505317
-0.4430341268157235
-0.44404235427888733
-0.44610817262437197
-0.4461100400898086
-0.4466652963019442
-0.44745994225377217
-0.4483885939285301
-0.4487339160218835
-0.4516145308385603
-0.45433886562265496
-0.4545767236500978
-0.45483628669753673
-0.4549924548715353
-0.4553510580611016
-0.45582119391902404
-0.45807519983500244
-0.45917101986706255
-0.46055001513780425
-0.46058495894872714
-0.461501717887586
-0.4630311351412764
-0.46381787734208046
-0.46483092568367
-0.46575471959743914
-0.4658023935671036
-0.4669566966127604
-0.4676264310510305
-0.4685962845600443
-0.46935512128079104
-0.4712466801982373
-0.47166833208341685
-0.4721596487797797
-0.47405623408655323
-0.4752464632038027
-0.4761222532542888
-0.47697783320640713
-0.4771298428240698
-0.4771405259363064
-0.47749542761594055
-0.4775016419090597
-0.48143179168050665
-0.4819270615145797
-0.48239544255193323
-0.482534884987399
-0.48545030843127857
-0.4861109013048311
-0.4865325947466772
-0.48677984077949077
-0.4875727955562373
-0.48818193276470084
-0.48819201812057145
-0.4912161881569773
-0.49205467904364386
-0.4921208068044507
-0.4927426472838436
-0.4945062495302409
-0.4951885461082889
-0.4968981647139622
-0.4974366470123641
-0.4985892086518106
-0.49956596363294326
-0.49990481081315213
-0.500016592303291
-0.5053918207064271
-0.5055663567545707
-0.5069204326641936
-0.5088028678049644
-0.5113861787204559
-0.5126760514976922
-0.5143184823218689
-0.514488773746416
-0.5159305823908653
-0.5178501466754823
-0.5180641037101547
-0.5182210206985474
-0.521882364500521
-0.5227234810590744
-0.5234555607040723
-0.5247423844848527
-0.528686006863912
-0.5314562955255886
-0.5361956123280833
-0.5373239122322048
-0.5399327701888978
-0.5401294339448214
-0.5419011591110185
-0.5436733309179544
-0.5450934467982733
-0.5450976633777221
-0.5459384777931746
-0.5459478593458278
-0.5477753170955728
-0.5479442042830799
-0.5479487404227257
-0.5531846623052843
-0.55672850162955
-0.5573256754626831
-0.5592389553785324
-0.559342365556707
-0.5599984149448574
-0.5601551127217065
-0.5630904864519835
-0.5644368528107103
-0.5659423343837261
-0.5672463514492847
-0.5678155930712819
-0.5707964675621042
-0.5715223352363673
-0.5723333752581051
-0.5726477922871709
-0.5732753537595272
-0.5748563193612628
-0.5751612127209326
-0.5762343481391781
-0.5789313285301129
-0.5790593235953045
-0.5808094509411603
-0.5855433800523835
-0.5875389904025584
-0.5892805476837298
-0.5894874293298926
-0.5909249605610967
-0.5941718779504299
-0.5943001495208591
-0.5945001783493156
-0.597065824404126
-0.5999436954967677
-0.6013764371940246
-0.601461655770739
-0.6034990061074496
-0.6058612216729671
-0.6070060678240325
-0.6073320531286299
-0.6078171893022954
-0.6097908508963883
-0.611309877752016
-0.6124810739937756
-0.6131030746868679
-0.6131835154124669
-0.613185917531761
-0.6143803168088198
-0.614482050427054
-0.615149548543351
-0.6169627282458047
-0.6177212713115577
-0.6214258521271404
-0.621611900511088
-0.6220515921387622
-0.6250807689735666
-0.6269681637682619
-0.6283331130369334
-0.6308767478390109
-0.6319796055451863
-0.6322752397224706
-0.6359402509406209
-0.6361949652847316
-0.6376666104421019
-0.6405787515853133
-0.640612472979618
-0.6407707834939141
-0.6421229850966483
-0.6427444007713348
-0.644728633815891
-0.644995413381063
-0.6452550604423907
-0.648339218692854
-0.6484373810494112
-0.6500128584189547
-0.6502505093812943
-0.6515942654306335
-0.6524549973463374
-0.6540542441819396
-0.6552890798609171
-0.6557924594721013
-0.6560755139216781
-0.6583659772761166
-0.660178267123068
-0.6617616905132309
-0.6627103125234002
-0.6629393394105136
-0.6632030975694457
-0.6634094230830669
-0.664254586741865
-0.6657155972595016
-0.6659028905754288
-0.665993185014986
-0.6686283739899019
-0.6700002297759056
-0.6708858149650041
-0.6721893852310521
-0.6735443377982723
-0.6761805415153503
-0.6766149401664734
-0.6783611037302762
-0.6816353821872039
-0.68286651102826
-0.6838919187430292
-0.6843407971318811
-0.6855404991656542
-0.686344999819994
-0.6911498586647212
-0.6917098835110664
-0.6920883487910032
-0.6936999543104321
-0.694120055239182
-0.6998575115576386
-0.7007160130888224
-0.7013353131796148
-0.7034436575137079
-0.7039053787787756
-0.7042831575497985
-0.7067336962708478
-0.7071359822940495
-0.7086462627630681
-0.7101243437666979
-0.7102386762077609
-0.7128571869339794
-0.7160416613187408
-0.71874295163434
-0.7191111362642713
-0.7204500949010253
-0.7227086594328285
-0.7235201677928368
-0.7235569265671075
-0.7269878720066377
-0.729350808593962
-0.7297674154655801
-0.7332424395551372
-0.7350241141393781
-0.7377609018178191
-0.7385712363757193
-0.7398419380187988
-0.7423202006146312
-0.7432703675391773
-0.7445220510390672
-0.746253477409482
-0.746330120076891
-0.7476418408505197
-0.7524531923700124
-0.7579348225456973
-0.7590315595476164
-0.7597238339018076
-0.7608139368705451
-0.7635615342684711
-0.7636628752160404
-0.7649470664910041
-0.7655026721768081
-0.7670208949595689
-0.7680076408432797
-0.7683572142850608
-0.7699608134312762
-0.7742691966705024
-0.7747603605190913
-0.7769493358292883
-0.7770667085424066
-0.7776404120959342
-0.7779633292928338
-0.7785437659788711
-0.7791738056112081
-0.779481155531747
-0.7841623810430368
-0.7860305583518412
-0.7880130354315042
-0.7893477231264114
-0.7958934018475702
-0.8078441522601578
-0.8106860917372009
-0.810906903760042
-0.8115991966591941
-0.8117861269662777
-0.8135832049883902
-0.815605603158474
-0.8167489333233485
-0.8196816941102346
-0.8236946985125542
-0.8264597224603806
-0.8315140945570809
-0.836934570968151
-0.8388790767639875
-0.8501596048474311
-0.8546314320216576
-0.8587661807735761
-0.8644307454427084
-0.8660334348678589
-0.8766547294799238
-0.8768938879172007
-0.8778142258233856
-0.887295727757737
-0.8879196243942715
-0.89042604342103
-0.894599167837037
-0.8948939271271229
-0.8966982401907444
-0.8975301688123081
-0.8992761158280902
-0.9022053796797991
-0.9128366692457348
-0.9193575933575631
-0.9287744676694274
-0.9473651001850764
-0.9510060027241707
-0.9514772398397326
-0.957858321024105
-0.9733173847198486
-0.9747513709589839
-0.983218364417553
-0.9862638215223948
-0.9881004419709954
-0.9985362377017737
-1.0009892418747768
-1.0015123024738084
-1.0028881281614304
-1.0080595917999744
-1.0165887215174734
-1.0250584036111832
-1.0302123799010587
-1.0349337469786406
-1.0350056774914265
-1.0441511653363704
-1.051429595798254
-1.0570487268269062
-1.059151299142589
-1.06200322167327
-1.0692337099462748
-1.0710127167403698
-1.073127117540155
-1.0840558558702469
-1.0855662156827748
-1.087956843631608
-1.0885112588875927
-1.0960662052966654
-1.1076617188751698
-1.1090778082609176
-1.1122304642839091
-1.117314973542913
-1.1217155144549906
-1.1256599985063076
-1.1339079074561595
-1.1365947274413581
-1.1375970914959908
-1.1441005196422338
-1.146687775850296
-1.1476712077856064
-1.1629759408533573
-1.16966970744276
-1.1789770685136318
-1.1884376605351765
-1.207931399345398
-1.2175436289981008
-1.2214484214782715
-1.271557467058301
-1.275597055753072
-1.2832607552409172
-1.2965823809305828
-1.3497579755882423
-1.3843907862901688
-1.397770357131958
-1.399479812811478
-1.401790905278176
-1.4055321315924327
-1.425057635953029
-1.4936637977759044
-1.5099494010210037
-1.5328254695850774
-1.5393462218344212
-1.5484916352434084
-1.5585783459246159
-1.5758382350206375
-1.590491121634841
-1.6087408661842346
-1.6785519540309906
-1.7677581571042538
-1.7702399517099063
-1.7824188470840454
-1.8143831491470337
-1.8286670744419098
-1.906764392835612
-1.9504939317703247
-1.9789234399795532
-2.0114643573760986
-2.2065098534027734
-2.287118711392395
-2.467687726020813
-2.5460567474365234
-2.6414341926574707
-2.783018604852259
-2.798689955845475
-2.8551196046173573
-2.9836714955745265
-2.991927101276815
-3.0084866881370544
-3.5940613746643066
-3.7227253416058375
-3.8715955018997192
-3.900775382804568
-3.974833607673645
-3.984427571296692
-4.018252319190651
-4.034393177833408
-4.120731650851667
-4.367399096488953
-4.6341657638549805
-4.689420104026794
-4.786413908004761
-10.682881355285645
-11.943432807922363
-12.898904800415039
