-2.2252054198664457e-05
-0.005300078196645093
-0.005659623949516875
-0.011469948977719469
-0.013574463780969381
-0.03743368899449706
-0.04161247538286261
-0.045889210693227746
-0.05412579619275805
-0.056062954732429456
-0.060861748963361606
-0.06111601622001217
-0.07317156303906813
-0.07533212564885616
-0.09390301009019215
-0.10175350191578521
-0.10285251610912383
-0.11101228221585709
-0.11182754631443004
-0.11898532804722588
-0.136289377551293
-0.14498037679327858
-0.1464620298556838
-0.14718559381162777
-0.16001643181536768
-0.1696834708743084
-0.170738955338796
-0.17102047983789817
-0.17709912104764952
-0.1853716595020766
-0.19277863324095962
-0.1988026003725411
-0.2137656712106296
-0.217187614942668
-0.2172906291244934
-0.2321452364946405
-0.2371533082720513
-0.24060806039706223
-0.24472797555582865
-0.2480702501023188
-0.24977465718984604
-0.25046464533079416
-0.2544645498273894
-0.25729129541650764
-0.2613921465817839
-0.26772299874573946
-0.2713463308160003
-0.2718379736179486
-0.2745722548570484
-0.2797175372223137
-0.28607754909899086
-0.2862275094725192
-0.2884232718788553
-0.2899901446144213
-0.29034464876996124
-0.2962335620832164
-0.29685301320860163
-0.30504803119401913
-0.30978838865307395
-0.3098928431980312
-0.3107715845108032
-0.3127215396469602
-0.3137776804578607
-0.31560879275720155
-0.31707370444200933
-0.3187348371656198
-0.3237145149614662
-0.3265327837204192
-0.3270934119729126
-0.3278059990455707
-0.32941584158688786
-0.3302400882879738
-0.3383575426414609
-0.33900619780179114
-0.3399392845807597
-0.3429505385665834
-0.3432308753350905
-0.34399756737984716
-0.3466723538399492
-0.3467805717761318
-0.34681446831673385
-0.34688023519993294
-0.34702750598080456
-0.3482834690245606
-0.3493456579744816
-0.35018542494015914
-0.352216157480143
-0.3574870386122105
-0.3588240522626115
-0.36036701060329507
-0.3640915571479127
-0.36586017763641265
-0.3662901331298322
-0.3670800317906671
-0.36870065168029625
-0.3706488936208189
-0.3711709120583817
-0.37205952063523
-0.3760374890174717
-0.3762547293962497
-0.3770454812562093
-0.3783569154329598
-0.37868185110225266
-0.3813134162993182
-0.381412824196741
-0.38168876888229986
-0.3830481517834414
-0.38369611142625215
-0.38424481739639305
-0.3851397545542568
-0.38620233137837867
-0.38811534477863463
-0.3902075143530965
-0.3914286915432268
-0.3927445026291978
-0.39481988245388494
-0.39650148614309727
-0.39663296336191706
-0.3970218546615797
-0.3972060176266264
-0.39947939753862255
-0.4009045125450939
-0.40176436996262055
-0.4022525010837449
-0.40341235655359925
-0.4036196377557644
-0.40420649722218516
-0.40525525037462456
-0.40704414312837317
-0.40710409772019257
-0.40758129770229395
-0.409656365091602
-0.409938952458712
-0.4104897557757795
-0.4105170405041842
-0.4110535596582023
-0.41118731010161963
-0.41189420321024955
-0.413276881742259
-0.41328139755162685
-0.413957746825569
-0.415269460529089
-0.4172561070881784
-0.41829728895454144
-0.4198497307529165
-0.4199000100294749
-0.42028230204479766
-0.420656209718436
-0.42438280823647373
-0.4251602206994513
-0.4274614770896733
-0.42765347808599474
-0.43006922617011395
-0.4302828886457497
-0.4315222412464209
-0.4318153999764555
-0.43322470925340895
-0.4339072642307858
-0.4339460785766797
-0.4348271311610006
-0.4350256775505841
-0.4351211851928383
-0.4353374237456592
-0.4357484351328042
-0.4359407746944473
-0.4364904694698958
-0.43650524584310396
-0.4416592636396392
-0.44187435451894996
-0.4430123617348727
-0.44414037466049194
-0.44738182295113804
-0.4481025045323703
-0.4511919119322556
-0.4516729385488563
-0.452039363412255
-0.45282071360967774
-0.4559723552364599
-0.45758496784505304
-0.4576341253850842
-0.4579498999686621
-0.46270750090651047
-0.4691080611332187
-0.47049586082301986
-0.4729249780731542
-0.4751880536121981
-0.47813738719560206
-0.4781897083623335
-0.478918581572974
-0.4808461762731895
-0.4817236654765519
-0.48185986027653727
-0.48588721986327854
-0.4861157778505003
-0.48878164348813397
-0.49016218373758924
-0.4914969396777451
-0.4923223829828203
-0.4926701570964522
-0.49358009453862906
-0.4938341706344675
-0.4947094160403746
-0.49566687176573193
-0.4957095442485297
-0.4987977725104429
-0.49966625440865753
-0.5050823649410935
-0.50584796234034
-0.5076085762638185
-0.5076238109419743
-0.51253308987038
-0.5133273403160274
-0.5148449937502543
-0.5158131461590528
-0.5160324978642166
-0.5178690569009632
-0.5181538631872239
-0.5183486080980705
-0.5212693110108375
-0.5227480387715332
-0.5230357926554495
-0.5266816858929815
-0.526878673370919
-0.5280880787306361
-0.5283221623860299
-0.5293878086376935
-0.5303046934838805
-0.5305956014845934
-0.5351401445546394
-0.5374106121146016
-0.5413520290619798
-0.5444887443845801
-0.5454142689850414
-0.545485680612425
-0.5522119176707098
-0.5525549676177823
-0.5526266977190971
-0.5536825896153459
-0.5539215226192027
-0.555394705105573
-0.5554789178672114
-0.5557155988179148
-0.5589754383079708
-0.5590019650699105
-0.5603635236620903
-0.5610610738396644
-0.5621644425846171
-0.5639701242824751
-0.5660703651083168
-0.5754135879312678
-0.5775999449659139
-0.5777092347154393
-0.5810793726705015
-0.5815717895515263
-0.5816600542074184
-0.583581553461651
-0.5843078154656622
-0.5845520206883066
-0.5848112870007753
-0.587325994670391
-0.5878405985939834
-0.5892189071372351
-0.5897842239743719
-0.5910930007489191
-0.5914064605720342
-0.5927840025895941
-0.5936810564404974
-0.5960814726208091
-0.5980658530257642
-0.5984184454492707
-0.6005219492861735
-0.6015172308155646
-0.6020126555647168
-0.6030165355186909
-0.604482377932168
-0.6082897681432465
-0.6092378892935812
-0.612702005941953
-0.6214296541256772
-0.6267683942902035
-0.6285206973552704
-0.6290331357291896
-0.6310406383207313
-0.6349709977706274
-0.6368641128319723
-0.6383418829645962
-0.6408394033399721
-0.6440572788317999
-0.6464547608047724
-0.6475837943643066
-0.6477119475603104
-0.6506863106042147
-0.6526948201159636
-0.653310953018566
-0.6565369089699483
-0.6606532906880602
-0.6635832261028034
-0.6643336538843982
-0.6663502782051053
-0.6735020769760013
-0.6772045509424061
-0.677286930847913
-0.6787160634994507
-0.6792114162817597
-0.6804418690751065
-0.6805952508907972
-0.6824487207923084
-0.6882944604149088
-0.6901712033541116
-0.6918884348124266
-0.6935007989406585
-0.6946347674820572
-0.6946822928264738
-0.7023655298565116
-0.7039107253076509
-0.7109250202775002
-0.7112922614905983
-0.7261377718838048
-0.7276498826395255
-0.7289399418077664
-0.7318742175896963
-0.731899097886136
-0.7354559283703566
-0.7359181170662245
-0.7394612310454249
-0.743627239309717
-0.7510238720278721
-0.7580104714414726
-0.7599427948395411
-0.7765874768374488
-0.7827654844149947
-0.7893048955127597
-0.7911999131320044
-0.7946370020508766
-0.798607574775815
-0.8067578934133053
-0.8093692038208247
-0.8162624663673341
-0.8202361090807244
-0.8207110008224845
-0.8374545125601193
-0.8380554683506489
-0.839256938546896
-0.8412108182907104
-0.8528464088837305
-0.8535736768506468
-0.8565403435379266
-0.8586678350720831
-0.864962091553025
-0.8695482706651092
-0.8753201737999916
-0.8785457591212662
-0.8801908668441077
-0.8909692198038102
-0.9007940315059386
-0.904847139492631
-0.9175749294013561
-0.9250806889031082
-0.9281594455242157
-0.9301312953233719
-0.9586526043713093
-0.9618455854554971
-0.9697458399071669
-0.9855373110622168
-0.9958283094068369
-0.9978110740242604
-1.0054594966350123
-1.0136773586273193
-1.0143479481339455
-1.019682561357816
-1.0224184095859528
-1.0247215578953426
-1.0397533655632287
-1.039914636562268
-1.050956721107165
-1.0606691886981328
-1.0894100726349278
-1.0997872914886102
-1.1465643264818937
-1.1641790270805359
-1.1872823722660542
-1.209571048617363
-1.211474637190501
-1.2203738542739302
-1.2304210771496098
-1.249625314027071
-1.2685459832816075
-1.2730349004268646
-1.2810129094868898
-1.3013429641723633
-1.3448545839637518
-1.3545652627944946
-1.356515736784786
-1.4568835548125207
-1.5196906309574842
-1.5300484597682953
-1.6251803040504456
-1.7740033864974976
-1.7842799176772435
-1.7902188032555084
-1.8216618299484253
-1.8393197894329205
-1.8483261347282678
-1.8529046475887299
-1.8747675272170454
-1.8855562806129456
-1.9457917213439941
-1.954926167614758
-1.9590398202029367
-1.9824418395292014
-2.0145393311977386
-2.027997492114082
-2.0884715447512767
-2.143994736718014
-2.1818643661681563
-2.1980913877487183
-2.2222908731200732
-2.2540187537670135
-2.3749028297606856
-2.441387032469114
-2.477588474750519
-2.5538200135924853
-2.9522748747258447
-3.004271924495697
-3.477677822113037
-4.01870185136795
-4.2309346199035645
-4.388911299320171
-4.390470663474237
-5.283848613878945
-6.891919791398323
-11.606766700744629
-12.423697471618652
