-0.0027059626299887896
-0.0385309811681509
-0.04064944465062581
-0.046244636022796236
-0.06907743414406771
-0.09268193191383034
-0.10439526577718222
-0.10930582695679429
-0.11153811635449529
-0.11953547576044912
-0.13695896393801377
-0.13815855715343636
-0.14532010457041905
-0.15095446894645193
-0.15666466978533813
-0.15756145678460598
-0.1665072241729831
-0.1833615456649568
-0.1907722055344883
-0.19294439760269597
-0.1999352807411924
-0.2115377560775313
-0.2134266052938377
-0.21690307485732774
-0.22642757873982192
-0.23709979126471126
-0.24047842272557318
-0.24568064755678734
-0.2468527196906507
-0.2488482809742126
-0.2508368161506951
-0.2518655088023089
-0.2594174943870257
-0.2751634288344178
-0.2758948339947632
-0.30017543506619404
-0.30122536244905657
-0.3015405709556944
-0.3038510819561869
-0.30581536144018173
-0.3076101717189886
-0.31800381373614073
-0.3217227793253187
-0.33565617653787033
-0.3386379177098206
-0.34347444886105905
-0.34913989462324935
-0.34991312672791536
-0.35078960797309267
-0.35201652135167805
-0.3524313664995134
-0.3683528343287435
-0.3728056702184972
-0.37870986712831917
-0.38554780620279416
-0.386570161832929
-0.39374844634085093
-0.3944383401955877
-0.3951207933947444
-0.4044136822679623
-0.40665742931032584
-0.4081375987268984
-0.4099080759624485
-0.41280649268689257
-0.4159722292562947
-0.42330325218952364
-0.42492783659448224
-0.4277884997893125
-0.42803601443301886
-0.4296483401558362
-0.43054240150377154
-0.4311393865633211
-0.43244752738996795
-0.43814595726629096
-0.43975186838795255
-0.4427218288050922
-0.4435209422760333
-0.4443705653073266
-0.44701175499887374
-0.4488378622442145
-0.4528096989103168
-0.4575992450118065
-0.45918128564953803
-0.46010388909942573
-0.46140198947493144
-0.4614112697308883
-0.461450647697784
-0.46538033927693806
-0.46607725084759294
-0.46678676643750805
-0.46762800734722987
-0.46821656078100204
-0.47372235357761383
-0.4747374560101889
-0.4801596379838884
-0.4854863796915327
-0.4923157534363714
-0.49337201511176926
-0.49359209442021285
-0.4954682858660817
-0.49687223761741606
-0.4968746691232636
-0.4997455816095074
-0.49986389629720224
-0.5000373889536908
-0.5005500138584718
-0.5005918810451736
-0.501271586806979
-0.5034688880527391
-0.5041625420778507
-0.506586330756545
-0.5105030832568273
-0.5111590891610831
-0.5138823605957441
-0.5170700759707212
-0.5180354602634907
-0.5208685994764437
-0.5217871748900507
-0.5222920255166374
-0.5230031360561043
-0.5230366231289963
-0.5232923243436702
-0.5234366389257568
-0.5270130749698728
-0.5290732580112532
-0.5305196534725838
-0.5309102713529553
-0.5309625364348499
-0.5333482823334634
-0.5374202717910521
-0.5384814573141435
-0.539666117617162
-0.5415012823650613
-0.5422661382957207
-0.5424454569824618
-0.545743053779006
-0.5465542908932548
-0.5469005923252552
-0.5493165142834187
-0.5504725141450763
-0.5506187932540862
-0.5523960506543517
-0.5534699060663115
-0.5537676458247006
-0.5551038285708413
-0.5566550359236198
-0.5592686659415605
-0.5604024622882559
-0.5614057630961973
-0.561665455903858
-0.5618027232587337
-0.5636742074420908
-0.5648295411762471
-0.5663320461495055
-0.5666486009955406
-0.5666568038157291
-0.5682999541168101
-0.5685601922316261
-0.5695199952984694
-0.5701521217641938
-0.5713879056274891
-0.5716571616430883
-0.5724851140752435
-0.5737369679554831
-0.5765337690986185
-0.580063983798027
-0.5816543220425956
-0.5819542538072845
-0.5831030583009124
-0.5840154254714165
-0.5847541056573391
-0.5848882358521224
-0.5849833133223001
-0.5850112609720478
-0.5853178029414267
-0.585867168667787
-0.5865532610203243
-0.5898104989319108
-0.5904563418589532
-0.5905367088400655
-0.5909071010408096
-0.5921186932172142
-0.5924382485200426
-0.5956578330091282
-0.595764950753489
-0.5979186281561851
-0.5997229623026215
-0.6020149894965081
-0.6027114799246192
-0.6045389726032732
-0.6065790727235643
-0.6065802917728433
-0.6070933334329831
-0.6080183804500848
-0.6082095598103479
-0.6090457911726844
-0.6093419647576022
-0.611243580467999
-0.6142253129743039
-0.6156379410790073
-0.6157478268206533
-0.6157951508648694
-0.615867666671485
-0.6165167713130358
-0.6178619476656119
-0.6188062959284123
-0.622182332500613
-0.6224000769563847
-0.622592406719923
-0.6232742504881961
-0.6243144545911087
-0.6259420237884942
-0.626627920816342
-0.6283751046285033
-0.6288491624097029
-0.6290296135004609
-0.6317755671218037
-0.6321019105879324
-0.6332178655905988
-0.634443058000985
-0.6348188370466232
-0.6350588053599215
-0.6365458526764997
-0.6380982644855976
-0.6384501461967981
-0.6387602708081862
-0.6391251091845334
-0.6400597773544077
-0.6418783111231667
-0.6424629216548056
-0.6429457480553538
-0.6430666303882996
-0.6457262320650948
-0.6459610081676926
-0.6478682141751051
-0.648097405831019
-0.6483687549689785
-0.6499297987070999
-0.6510855314787477
-0.6540131204658084
-0.6564654717221856
-0.6589364955479351
-0.6593330460309517
-0.6618526463862509
-0.6619029882357508
-0.6628174024284818
-0.6693314749427373
-0.6700997961161193
-0.6711834469810128
-0.6715588363003917
-0.6719682594284677
-0.6737502180039883
-0.6769379027567706
-0.677834122441709
-0.6805397036423528
-0.6826265075554451
-0.6853946124436334
-0.6865959482935355
-0.6882956586778164
-0.6888922973535955
-0.6915973108261824
-0.6939992348197848
-0.695615139300935
-0.6971529523531595
-0.7007506779918913
-0.7033219177254452
-0.7037581525743007
-0.7095366375786918
-0.7104637138545513
-0.7124130381271243
-0.7128606028757835
-0.7136393026707487
-0.7137471424648538
-0.7151217044124173
-0.7159302435815335
-0.7181577275374106
-0.7220378637624284
-0.7224458664677513
-0.7237105192616582
-0.725777984729835
-0.7281631007790565
-0.7304017975926399
-0.7338058429479133
-0.736956181935966
-0.7424810472584795
-0.7443301611476474
-0.7455430366098881
-0.7455707274377346
-0.7486909710698657
-0.7491016140621569
-0.7499742656946182
-0.7534286826848984
-0.7550746537744999
-0.7552957703204205
-0.758221166415347
-0.7589173582299347
-0.7609497174620629
-0.7610668681144099
-0.7650960050523281
-0.7653118930757046
-0.7668328089639544
-0.7687800207004329
-0.7689802115783095
-0.7713471256196499
-0.7726985570043325
-0.7732625139345016
-0.7746339268982411
-0.775832049548626
-0.7776640757394488
-0.778367340035038
-0.7785645142197609
-0.778856684002676
-0.7790722235638116
-0.7802466542925686
-0.7808779866900295
-0.7809118691754217
-0.7821574347326532
-0.7853955751698878
-0.7878095685903516
-0.7925688638019243
-0.7931218893500045
-0.7976505689023595
-0.7983246647259769
-0.8009273006115109
-0.8028577492572367
-0.8032926337660423
-0.8043951521463254
-0.8050503877124616
-0.8058144662746389
-0.8066843677726057
-0.8123401223371426
-0.812442859634757
-0.813728316873312
-0.8137346792500466
-0.8140802114669766
-0.8144717292860151
-0.8149178137537092
-0.8153341143624857
-0.8182954732095823
-0.8185528699075804
-0.8219337909083281
-0.8219984403811396
-0.8220149844884872
-0.8229861921953064
-0.8233194031922721
-0.8246161127462983
-0.8247674993951531
-0.8257669095570842
-0.8273865108155102
-0.8301859056402463
-0.8302928432822227
-0.8338508515485695
-0.8350690559794506
-0.835797281935811
-0.8391821099906408
-0.8395538072218187
-0.8399182132755717
-0.8401656883361284
-0.8444344132310815
-0.8452004783466691
-0.8459466299973428
-0.8496496815267685
-0.8499850216321647
-0.8501783009705832
-0.8507889585647112
-0.8521604835987091
-0.8523897845298052
-0.85257648229599
-0.8549089926915864
-0.8555678211152553
-0.8562947680620709
-0.8577226623892784
-0.858997495486013
-0.8609366629804883
-0.8615492731332779
-0.8624104332644492
-0.8646585781659398
-0.8684122283011675
-0.8687187636551243
-0.8705238774418831
-0.8706173114478588
-0.8742325921193697
-0.8771402408747235
-0.8790072894522122
-0.8805601951451256
-0.8829342887869903
-0.8866316176950931
-0.8867170944809913
-0.8885743299731985
-0.8916243804352624
-0.8916732069556019
-0.8945616133777159
-0.8951117332492556
-0.8998197108507157
-0.9025581491251404
-0.9034728941973299
-0.9103382967412472
-0.9114784432422312
-0.9140794998607956
-0.9144567407978078
-0.9178873451892287
-0.918189425766468
-0.9194276208678881
-0.9201999320066534
-0.9202229431008592
-0.9246521405875683
-0.9258424993604422
-0.927799819597567
-0.9289758633822203
-0.9340850942369018
-0.9343216121196747
-0.9382811352610588
-0.9408104299671121
-0.944498240792503
-0.9471495254513096
-0.9537162249242621
-0.958307490684092
-0.961585690577825
-0.9648380303697195
-0.9659293555887416
-0.9694748566382461
-0.970850583165884
-0.9750201068818569
-0.9769070218317211
-0.9769160092342645
-0.9786231815814972
-0.9806924313306808
-0.9837439532081286
-0.983895239730676
-0.9873944260179996
-0.9886086656312857
-0.9908811896457337
-0.9930616043275222
-0.9932693873066455
-0.9956314573918159
-0.9983942667022347
-0.9992464757912481
-0.9999470412731171
-1.0068177692592144
-1.0094073051586747
-1.0105372741818428
-1.011004397438632
-1.0121759932177763
-1.013788840174675
-1.0149227135947771
-1.0178257279098033
-1.0185961238884678
-1.0201106189550566
-1.022010536191778
-1.0220774039626122
-1.02211163027419
-1.0225127097219229
-1.023242602745692
-1.024964519776404
-1.0299171775579452
-1.0309409233076232
-1.031482362560928
-1.0315771594643592
-1.0365097047761083
-1.0419098850339652
-1.0439960186680157
-1.0490550639806315
-1.0496947107215722
-1.0503893281732286
-1.0515892067924142
-1.0527019777024786
-1.0538729935884477
-1.0539805589942262
-1.0546877454966306
-1.0573990190944944
-1.0602232788999875
-1.0623804645405874
-1.0677433212598164
-1.0697506666183472
-1.0718669176101685
-1.0720243414398283
-1.0739631744877747
-1.0904102041386068
-1.0907608368434012
-1.095696772634983
-1.0960185242195923
-1.096607618033886
-1.09778283983469
-1.099290610679115
-1.11127970344387
-1.1156284323272605
-1.1192237734794617
-1.1379487590282225
-1.1413484364748
-1.1480502606990437
-1.148314153154691
-1.1527053913887357
-1.1587131470441818
-1.1592327058315277
-1.164205826818943
-1.1646917442791165
-1.173338777036406
-1.1778111555613577
-1.180020817865928
-1.182470337798198
-1.1825645685195922
-1.18267104588449
-1.1838923078030348
-1.1898616161197424
-1.2041554918978363
-1.2103780338075012
-1.2190602496266365
-1.2275713263079524
-1.2297719195485115
-1.2312546849250794
-1.2324600933740537
-1.2361406683921814
-1.2504456639289856
-1.2513119718641974
-1.2606850697484333
-1.2634986266493797
-1.2649348005652428
-1.2677020877599716
-1.2811634615063667
-1.2866148079435031
-1.2896529018180445
-1.2999370664358139
-1.3021672728161018
-1.308781428778145
-1.3100156373111531
-1.3195985353862245
-1.319766792235896
-1.326936102161805
-1.3346977233886719
-1.3410425829400385
-1.3426701972881954
-1.34343019425869
-1.3438305448050545
-1.34692526422441
-1.3585470151156187
-1.3760776370763779
-1.3813205720964885
-1.3895211275666952
-1.414045495519531
-1.4175400180476052
-1.4231112996737163
-1.4246517320473988
-1.4285993625720341
-1.432366770505905
-1.4392598466947675
-1.4623417258262634
-1.4664465089639027
-1.467942053079605
-1.4683707803487778
-1.4719044417142868
-1.4775053262710571
-1.4814019072800875
-1.4945198744535446
-1.495703673994285
-1.5009867201248805
-1.5075444374233484
-1.5087255239486694
-1.521088679631551
-1.542620986700058
-1.5468212366104126
-1.5665347294416279
-1.5743042627970378
-1.5935357908407848
-1.5960086286067963
-1.6017656177282333
-1.6022820472717285
-1.6053625345230103
-1.6203612089157104
-1.6280539731184642
-1.6364487806955974
-1.640442858139674
-1.643914096057415
-1.6531581083933513
-1.679279883702596
-1.6842211484909058
-1.6863091768076022
-1.6870090458542109
-1.717558176567157
-1.725846936305364
-1.7299394607543945
-1.7328638931115468
-1.7397560843576987
-1.7500790307919185
-1.7549830563366413
-1.7624813430011272
-1.770508607228597
-1.7795025606950123
-1.7921467920144398
-1.7982901732126872
-1.7986222952604294
-1.8134536938741803
-1.8436833433806896
-1.851348082224528
-1.8594557142350823
-1.861117823049426
-1.9711886470516522
-1.9787607938051224
-2.0096696615219116
-2.1226972907825257
-2.3224414587020874
-2.3797899211446443
-2.652969625312835
-2.688219624881943
-2.758139609824866
-2.7702667713165283
-2.786679983139038
-2.786883552869161
-2.907175300642848
-2.9677629553189036
-2.9718255400657654
-3.0279900431632996
-3.1604301929473877
-3.2349462591519114
-3.328224301338196
-3.4580485820770264
-3.479314863681793
-3.5085222721099854
-3.6739819049835205
-3.8879218101501465
-4.231366716325283
-4.409133248031139
-4.42486846446991
-4.490888237953186
-4.714042067527771
-10.055087089538574
-11.157703399658203
-11.511800765991211
