-0.0001727757990011014
-0.006288452523585874
-0.025786664385426167
-0.027014558669179678
-0.03596716184983961
-0.038927495451259474
-0.0450471753453409
-0.05587892569747055
-0.060801360135277115
-0.06184745937935077
-0.07204113830812275
-0.08983398651859413
-0.09372231455054134
-0.1387192215770483
-0.14637671579839662
-0.14958308130735531
-0.18543516003992408
-0.1921325158327818
-0.22605227864308594
-0.23037076203327161
-0.23229239826032427
-0.2339075196410704
-0.23485030236188323
-0.23523491540139443
-0.2363150732471695
-0.24358370365856294
-0.24574274983024225
-0.2459038740004568
-0.24758853182866006
-0.2566335250770575
-0.2582326491130516
-0.25825508683919907
-0.26912372988881544
-0.2718021102588285
-0.2756399127402498
-0.27626818452180096
-0.27826965403801296
-0.2798248835232308
-0.2818605350024882
-0.2839462843645985
-0.28415882533008696
-0.2872492022556253
-0.28932579374553535
-0.2923216478957329
-0.29295844692487977
-0.2930387828673702
-0.29698673243401574
-0.2970854049126501
-0.29836967680603266
-0.30407480003971915
-0.3044568155746674
-0.3068606876792425
-0.30742820479099464
-0.3128912255226169
-0.31360848738768254
-0.3153489012969658
-0.3198891878244467
-0.3272226059676281
-0.32791208530882915
-0.3294181206030771
-0.33757859125930384
-0.3384035988845146
-0.3387954536709003
-0.34057317344699045
-0.3408150948428859
-0.34185272780014203
-0.3422613999314813
-0.34269491106970235
-0.3430237905203184
-0.3435883325938549
-0.34439121526000754
-0.3469230694965267
-0.3499458748944259
-0.3516575660905801
-0.3523447049652611
-0.35851591306272895
-0.3593329435213861
-0.36119216491806583
-0.3629726729899024
-0.3630579601995123
-0.3654402012005448
-0.3666833871199439
-0.3677432251176523
-0.3678269541201492
-0.3686137289412066
-0.36963202676270157
-0.36996218903489836
-0.37046745579282286
-0.37050494166711967
-0.3723848907320644
-0.3730183289060369
-0.3803249831377928
-0.38221023860387504
-0.38347250489251955
-0.3842576845264476
-0.38648242425988427
-0.38934998728800563
-0.3901179243816602
-0.39099975270219145
-0.39771254860097544
-0.3990642737813427
-0.4004754246561788
-0.40189813524659257
-0.4045245323173605
-0.4078843559415465
-0.40868381545858157
-0.40966328617651016
-0.41044934691963136
-0.4110134466817336
-0.4116176843797023
-0.4146593102908308
-0.41499645375138655
-0.4154479560587788
-0.41565993293705916
-0.4164522600534838
-0.41879335589939726
-0.4221725799034175
-0.4244006170425564
-0.4253685774996744
-0.42654186559811935
-0.43017186880266917
-0.4323884163584028
-0.4326176567301445
-0.43271139539865544
-0.435407731088344
-0.4361896795715438
-0.43676697959502536
-0.4394567941736358
-0.44088947550335433
-0.4429903580385144
-0.4434031571339195
-0.44504556121925515
-0.44536873351025863
-0.44742579261461896
-0.44985256943780566
-0.4503930130658773
-0.45077154237951617
-0.4526882633799687
-0.454938792020058
-0.4573104007480045
-0.45742426526599694
-0.4582022352842614
-0.4591282073874027
-0.4606168160363185
-0.4626557168073305
-0.46318365658018074
-0.4635870817379327
-0.46577912668645793
-0.46581160419413614
-0.47208752575170365
-0.4739951862487942
-0.4766557823734599
-0.47896631446201354
-0.47978963272762487
-0.4865997658473336
-0.49014746709726753
-0.49756245106691493
-0.49875798444263636
-0.5011300760321319
-0.5018867869439418
-0.5041169214782713
-0.5067732306895778
-0.511534792911594
-0.515445124838152
-0.5157224309320251
-0.5162196548283191
-0.5181131215023924
-0.5181915276334621
-0.5185589960116582
-0.5207007878731625
-0.5226892319430286
-0.5250229610745529
-0.5253953742693461
-0.5278361012471857
-0.5292640977228681
-0.5319244102369446
-0.5335365907449159
-0.5357085275609279
-0.5403861155634961
-0.5413589532254264
-0.5418063939643616
-0.5437714514901018
-0.5437948566766202
-0.5457642292376081
-0.5472751271287658
-0.5478158593177795
-0.5485666266431508
-0.5487908827024512
-0.5499519245931879
-0.5507621724027558
-0.5509803256977143
-0.5511803055309098
-0.5513791882355387
-0.5531029267835298
-0.5542729288754344
-0.5561149744826253
-0.5562512158601294
-0.5564382871466309
-0.5575171927455813
-0.5591260861671928
-0.5610917857433378
-0.5612746198765106
-0.5631786720353246
-0.56354094193739
-0.5668083564835668
-0.5682740876218304
-0.5693213594042592
-0.5705664543955422
-0.5710288935862038
-0.5714397240219113
-0.5719349790815613
-0.5732852547007496
-0.575594338180963
-0.5771891723460335
-0.5800300364693006
-0.5802955701947212
-0.5852179342311703
-0.5877934461874853
-0.5886515828315169
-0.5929604199974654
-0.595383181791274
-0.6035348351246544
-0.6063644507175923
-0.6075407244109859
-0.610847927505217
-0.6112190105874712
-0.6115985166688915
-0.6131934830686078
-0.6207517005435269
-0.6229282560525462
-0.6232600271727683
-0.6233660360532147
-0.625667510694422
-0.6256819367408752
-0.62830142245366
-0.6293861476515303
-0.6317944902499827
-0.6328994645125932
-0.6345338748462381
-0.6364478984485484
-0.641083749037029
-0.643521698238328
-0.6450930348595042
-0.6461034880194347
-0.6475205359394229
-0.6519807941125085
-0.6529429949382575
-0.6539424363136277
-0.6539552807807922
-0.6646821230945837
-0.66592070284865
-0.6694151023661511
-0.6694395177328261
-0.6720401347220804
-0.6730246626728331
-0.6762909177574329
-0.6765072432213596
-0.6797996648432066
-0.6801800362632743
-0.6816803089750465
-0.6846773340366781
-0.6849853521271143
-0.6855865359721065
-0.6931042168039961
-0.6979760429700642
-0.7036344744919916
-0.7042802163608334
-0.7046078782412224
-0.7061072542823644
-0.7072977423667908
-0.7086151914365473
-0.7090866636899591
-0.7139812051464105
-0.7155989103032172
-0.716336527508247
-0.7171469924230678
-0.7191118572999795
-0.7229518139396202
-0.7277877706413468
-0.7304902510534573
-0.7323376209759671
-0.7394052255640418
-0.7404167989036068
-0.7404631016652274
-0.7440095692873001
-0.7504971158432454
-0.7508032574800642
-0.7512190686423613
-0.7524742503205238
-0.7527924612610756
-0.7536072897939727
-0.7549085222417489
-0.7551749512553215
-0.7561160698533058
-0.7617773711681366
-0.7620857962078195
-0.7651512995362282
-0.7700984571129084
-0.7732506322674453
-0.7775223451666534
-0.7801535133203288
-0.7870291927596554
-0.7893751030308468
-0.7963837456627516
-0.8046489672528373
-0.8086294397653546
-0.8193354103797381
-0.8220444491889793
-0.8237232501463344
-0.8255948510020972
-0.8318456675462786
-0.8319577435031533
-0.8346815119342258
-0.8371115433692466
-0.8394983741163742
-0.8437210811752038
-0.8562056571245193
-0.8607381703332067
-0.8720580426355203
-0.8803006725817492
-0.8828910943266237
-0.8848212208831683
-0.8858934668047974
-0.8860608395854277
-0.8885800674557686
-0.8896403586368251
-0.8975902493629191
-0.8978604562321885
-0.8981557389100393
-0.899080661485641
-0.9085566926223692
-0.9162494819114987
-0.9245919213746674
-0.9289533883436687
-0.9295362944947556
-0.9338704470944018
-0.9434434107194344
-0.9446876341477036
-0.949729194339549
-0.9575896275152141
-0.9725192120708276
-0.9844409025681671
-0.9846087443078432
-1.00888328606795
-1.0131913541047197
-1.0134005714207888
-1.0217572152614594
-1.022861017321702
-1.027483145298902
-1.0286198804775875
-1.0291641354560852
-1.0305137949762866
-1.049048289656639
-1.0493701236846391
-1.0528658106923103
-1.0539634347660467
-1.0550112476572395
-1.0617475137114525
-1.0762883126735687
-1.0764830247935606
-1.0837634523299389
-1.0873214515546958
-1.0897010347938962
-1.0904203965328634
-1.0915721511202199
-1.099518753365763
-1.1099818237125874
-1.1347586631774902
-1.135478401184082
-1.1357020935975015
-1.1366354425748189
-1.1391461005966579
-1.1452110310395558
-1.1463202727027237
-1.148289403319359
-1.1498406032721202
-1.152366578578949
-1.1720855087041855
-1.1806869246065617
-1.1860365495085716
-1.1929712357838678
-1.1974767092324328
-1.2001721413093036
-1.2042529415339231
-1.206229399280606
-1.2067895674263127
-1.2079424023628236
-1.2129659965634345
-1.2301999926567078
-1.2467950334151585
-1.2483070939779282
-1.2547484568009775
-1.2735882321333822
-1.279817485809326
-1.2825646195560694
-1.297939883545041
-1.3020079299652327
-1.3045419212139677
-1.31785859951439
-1.3298152663228393
-1.3809504508972168
-1.3837872644808158
-1.3951327130198479
-1.40014186501503
-1.4063774719834328
-1.4516564563576442
-1.4622101087588817
-1.4774825632572175
-1.4896328242806096
-1.5046374052762985
-1.5252675265073776
-1.5377250544726848
-1.5396589487791061
-1.5501879453605625
-1.5804337859153748
-1.614999696612358
-1.6151846051216125
-1.6175275660158757
-1.6246671341359615
-1.62825345993042
-1.665569819509983
-1.6696992057744258
-1.7147477857555107
-1.7246060501784086
-1.726529446740945
-1.7306297272443771
-1.7445340032378833
-1.7491637229919434
-1.7842059098184109
-1.8323169987415895
-1.8479636162519455
-1.8601077377796174
-1.872209742044409
-1.877491735542814
-1.9145578891038895
-1.93443101644516
-1.940474033355713
-1.9422129392623901
-1.946471095085144
-1.9754022359848022
-2.066358201012008
-2.1143970489501953
-2.1268689930438995
-2.1542075872421265
-2.202781867235899
-2.2038029034932456
-2.226101577281952
-2.228345513343811
-2.270156128332019
-2.2972423483928046
-2.5656968195180525
-2.6263333399037947
-2.8827728151809424
-2.89012805884704
-2.9010571360122412
-3.1257004781315723
-3.3301524347625673
-3.6083167827309808
-3.7997825739494147
-3.800972138841947
-3.836514293920118
-4.171655535697937
-4.320590972900391
-4.3512115478515625
-4.5171226263046265
-5.236908435821533
-5.668668854981661
-6.118075478821993
-6.495256531983614
