-0.0006324436399154365
-0.011162832010692606
-0.01689237984828651
-0.019878134597092867
-0.023645804612897336
-0.03642190323444083
-0.048422504018526526
-0.07169004148870174
-0.07523375105423231
-0.0768013158813119
-0.11001659245084738
-0.12384227971779183
-0.13349349224720047
-0.15296012985054402
-0.16209327367444834
-0.16345065475131074
-0.17152527561411263
-0.18197043250256684
-0.18988813060734952
-0.1900286003947258
-0.19388806000804631
-0.20421021134825423
-0.2050447760266252
-0.2155656423419714
-0.22286217845976353
-0.226172534689249
-0.22669927020453745
-0.22840948346337037
-0.23156640878490484
-0.24932900872809113
-0.25891721355583286
-0.2644345489679836
-0.26801742564857706
-0.2787274109548889
-0.2798890942441566
-0.2845348269940587
-0.2850951627931661
-0.30566230886163087
-0.30842917466846603
-0.30929164262488484
-0.31015206503798254
-0.3139374525182777
-0.3169201547789271
-0.3209279508446343
-0.3253115554938891
-0.32765993624925616
-0.32778338762000203
-0.3303985663612063
-0.3306488594971597
-0.33185026538267265
-0.3328777347533105
-0.33596358011709526
-0.3368701020255685
-0.3384201621132282
-0.3425617304795499
-0.3471708193953548
-0.3482900419272482
-0.35171836777590215
-0.35251087494127986
-0.35373536979948933
-0.35486848501022905
-0.3580198626033962
-0.3590527414344251
-0.3618301583919674
-0.3669164943043143
-0.3677241963644822
-0.36877624191038194
-0.36886150093050674
-0.3695581982222696
-0.3752146130629828
-0.37667385638794965
-0.3789875735861382
-0.38406014319116366
-0.38467055617074947
-0.38810391843435355
-0.3890353980075036
-0.3891263699543843
-0.39322217190638187
-0.3957950784359127
-0.3970392106411358
-0.40235017654922556
-0.4026745839251412
-0.4047311888076365
-0.4055534465652373
-0.40559066757559775
-0.4058469633261363
-0.4061482548713684
-0.4071607463660517
-0.4077529340154595
-0.4077556621050462
-0.41101092731696554
-0.4133949408100711
-0.4139589548244008
-0.4145307733211666
-0.416347001430889
-0.41645215385748696
-0.4166942343581468
-0.41685411469079553
-0.4171874672174454
-0.41855491351868424
-0.41965442659476626
-0.42081460491754114
-0.4227865642184042
-0.4237077129073441
-0.42472528010750044
-0.424798041737328
-0.42618299496825784
-0.42652976801618936
-0.4265791945745824
-0.42862037889426574
-0.43090207087585614
-0.43102371208563756
-0.4316689610015601
-0.4317988704375845
-0.43351968040224165
-0.4340635944556977
-0.43412352722953074
-0.4383752999419812
-0.43838462233543396
-0.4385925004957244
-0.4395703532034531
-0.4397817927412689
-0.4404081449843943
-0.4414273643866181
-0.44186518965288996
-0.44693133512157057
-0.4485324911980165
-0.44991060032043606
-0.4501473600685131
-0.452062255499186
-0.4525254597538151
-0.45449985420176137
-0.4549888399695711
-0.4575946913100779
-0.45794337778616784
-0.4590399875638208
-0.4601866275072098
-0.46128167518327245
-0.4617197600317013
-0.46243058854348157
-0.46382967866957187
-0.4640217566047795
-0.46516605833959246
-0.46654226783559555
-0.46703150797839044
-0.4683159146166872
-0.4696591299226774
-0.4727568740490824
-0.47287811018759385
-0.4777178961473207
-0.4792961464263499
-0.48359547910513356
-0.48390208473429086
-0.48461750868914855
-0.48501428219282794
-0.4852418458322063
-0.4852594288108362
-0.48568251729011536
-0.4857271698242782
-0.48668616116893565
-0.4878094092127867
-0.4880809780504358
-0.4923705384135246
-0.4934293136931956
-0.4937199360962647
-0.4959056936437264
-0.49637347450479863
-0.49830335735118597
-0.49882849014829844
-0.49927824856165576
-0.5001411500804048
-0.5006035976111889
-0.5020744496490807
-0.504978660361043
-0.5058144648404171
-0.5066825944923039
-0.5085714664310217
-0.5088901907950639
-0.5092619981102567
-0.5104758377525617
-0.5108092318871058
-0.5109616349606464
-0.5117068684659898
-0.5142939402042733
-0.514379834208133
-0.5149029497406445
-0.5155127592650908
-0.5161497475180242
-0.5167316897013398
-0.5189071282744407
-0.5204724291580971
-0.5212410221321752
-0.5222001469694078
-0.5232213071237007
-0.5236637982953753
-0.5237759391434098
-0.5245126032063531
-0.5260475646161163
-0.5262251638341695
-0.5269502614868212
-0.5291945418575779
-0.5306123017023007
-0.5306807270703408
-0.5317612718014667
-0.5323698402914617
-0.5328881173498101
-0.5334487170912325
-0.5342977161053568
-0.534682987180228
-0.5355837023817003
-0.5373241612687707
-0.5383389178459765
-0.5397621939579645
-0.540992637236531
-0.5423421673476696
-0.5425133136609062
-0.5429748068921841
-0.5433966404482446
-0.5434900067630224
-0.5451968387545397
-0.5478289657039568
-0.5490657337403928
-0.5495370414056298
-0.5495855215435418
-0.5513028416782617
-0.5528691411865029
-0.5546695505652357
-0.5548765162626902
-0.5549037828313885
-0.5555123507976532
-0.5580905442436536
-0.558603188994786
-0.5587617927696555
-0.5591165417914882
-0.5599295124152882
-0.5610689487881385
-0.5611747417909404
-0.561315527717982
-0.5626703380213047
-0.5628194987773896
-0.5644727116027339
-0.5649001126460332
-0.5665158800677292
-0.5670952155327039
-0.5673945603064365
-0.5683070128667168
-0.5702804569154978
-0.5709599550963114
-0.5713696913665225
-0.571464355621073
-0.5718126875747528
-0.5718200831860304
-0.5740285644174686
-0.5741857765487542
-0.5748670673411753
-0.5755095877684653
-0.57699730648892
-0.5774416662752628
-0.5808863301451007
-0.5809632834196756
-0.5816635723329253
-0.5880923283752054
-0.589964802749455
-0.5910505832917988
-0.5933526380815439
-0.5937762673478574
-0.5938999834803066
-0.5940547503414564
-0.5946852968772873
-0.5959721933015518
-0.596598407253623
-0.5986953883618117
-0.5987258031673264
-0.59931730479002
-0.5998577473348834
-0.6000128960864537
-0.6045924294573654
-0.6120628132484853
-0.6131803565472365
-0.6132388733593481
-0.6137604399680577
-0.6156118104699999
-0.6158764964202419
-0.6166028834672438
-0.6168509534456663
-0.617598335549701
-0.6191976450500078
-0.6198471345539603
-0.6199775021044843
-0.6207378674500986
-0.6216585093310901
-0.6234581332188099
-0.626645996235311
-0.6273196567941842
-0.6274627322563902
-0.6307484987709258
-0.6312913146232151
-0.6313068350178322
-0.6313164989916913
-0.6324730010286052
-0.6326412247726694
-0.6369392350316048
-0.6424600076085577
-0.6431114749450769
-0.6444083338913819
-0.6469371814280749
-0.6471595453719298
-0.6472224445961829
-0.6492439117282629
-0.6503182690157701
-0.6504905913690371
-0.6508083444288266
-0.6520863885525614
-0.6543127549812198
-0.6554529182612896
-0.6585421107709408
-0.6587603688240051
-0.6672928932202922
-0.6691872586185733
-0.6716166925371477
-0.6733237105897084
-0.674280625457565
-0.6756649195449427
-0.6761958330337491
-0.6762056248029694
-0.6767473146060689
-0.6782557386904955
-0.6783272971399128
-0.6790425841075679
-0.6831588935262213
-0.6844935094316801
-0.6845397223718465
-0.6854769044555724
-0.6878314246423542
-0.6906786656805447
-0.691547293018084
-0.6944110666712126
-0.6978014037013054
-0.7018885128200054
-0.706461378838867
-0.708112826209981
-0.7089469321072102
-0.7108146455138922
-0.7132382384967059
-0.7132964736471573
-0.7166031847397486
-0.721886589191854
-0.7232250410965398
-0.7254562773741782
-0.7271530149737373
-0.7274625377197351
-0.7275302231311798
-0.7325030420324765
-0.7349427230656147
-0.7353439909638837
-0.7358950350433588
-0.7362909701963266
-0.7387845340584006
-0.7396426025778056
-0.7410401425191334
-0.7428851582109928
-0.7450759448111057
-0.7478633560240269
-0.7484841659665108
-0.7496460318565369
-0.7575140978608813
-0.7581963613629341
-0.758326155340506
-0.7592364037409425
-0.7659480714064557
-0.7666470201996466
-0.7676973380148411
-0.7684703127791485
-0.7700502495766463
-0.7739706039428711
-0.7822836821782403
-0.7840803141395251
-0.7864471874665468
-0.7867748936017355
-0.7874548540761074
-0.7884475030004978
-0.7944225631654263
-0.7968047358694353
-0.7994242614018731
-0.8014202435900059
-0.8017271421849728
-0.8042763201519847
-0.8055989351123571
-0.8088103000385066
-0.8210342540393564
-0.8218718293122947
-0.82223891466856
-0.8230164155364037
-0.8246740151759392
-0.8303547373839787
-0.8329049788881093
-0.8336506975548608
-0.8391118049621582
-0.8452502191066742
-0.8471240975583593
-0.8534495669106642
-0.8536282777786255
-0.856907586256663
-0.8661899566650391
-0.8699030807865711
-0.8749520425400179
-0.8760554989178976
-0.8811599500477314
-0.8868039365625009
-0.9071546569524799
-0.9110552796295711
-0.9112320041749626
-0.9118211070696512
-0.9130520609517893
-0.915744392958004
-0.9160261837144693
-0.918675344903022
-0.9211281720548868
-0.9240977615118027
-0.9270302290872982
-0.9303303062915802
-0.9363429776085468
-0.9606446077426275
-0.9683898177172523
-0.9686274137347937
-0.9741203904151916
-0.9793993040919304
-0.9824487207981292
-0.9858982563018799
-0.9894399319891818
-0.9899665312350407
-0.9992556683719158
-1.0090665234796081
-1.0134602536757786
-1.040205608238466
-1.0413069954765888
-1.051045175033869
-1.0580033157020807
-1.069422223023139
-1.0716659078995387
-1.0739097458339528
-1.0753072824445553
-1.086074785591336
-1.0900189653038979
-1.1001210312048595
-1.1050339688857396
-1.1052509960660246
-1.1089943159216393
-1.1115548327565192
-1.1191161572933197
-1.153186299256049
-1.1630690104017656
-1.1674963679542998
-1.1743324200312297
-1.1836212346485506
-1.186403088271618
-1.1867068337160163
-1.1867927575173478
-1.1878520920872688
-1.203142578403155
-1.2058086792627971
-1.2074316069483757
-1.2139191394671798
-1.222158412138621
-1.2909933030605316
-1.291712287813425
-1.291845878586173
-1.3010106732447941
-1.307392958085984
-1.31775767247503
-1.3247876167297363
-1.3259344760638971
-1.3400440577145976
-1.355054458603263
-1.4426909387111664
-1.4653156675606926
-1.473733080085367
-1.518814531659397
-1.561072438955307
-1.5742625407874584
-1.6188075318932533
-1.6546951234340668
-1.6624175984412433
-1.694178480654955
-1.7749141976237297
-1.833673894405365
-1.8645843863487244
-1.9850617721676826
-2.0082026720046997
-2.066871527582407
-2.446624130010605
-2.4752074480056763
-2.6444642287679017
-2.6556377839297056
-2.669798821210861
-3.0618651176337153
-3.066649965941906
-3.092748522758484
-3.278415443142876
-3.5368437469005585
-3.6699514389038086
-3.707108212634921
-3.8546007871627808
-3.9993300437927246
-4.194349765777588
-4.560557842254639
-4.710118293762207
-5.1450886726379395
-6.529271602630615
-9.058489799499512
-10.230128288269043
-11.561315536499023
