-0.006233950883142825
-0.029145303182303905
-0.08304828598920722
-0.11613582749851048
-0.2487918836532117
-0.2868795480753761
-0.28908488287318806
-0.293836385623581
-0.31625047898059067
-0.31640006566092116
-0.326783510240014
-0.340223645012702
-0.34089244998661644
-0.3411323432277034
-0.3458468226822117
-0.3501199628470441
-0.35231343007924604
-0.3556549097274375
-0.35686470206021187
-0.35902062477326463
-0.3707701656497063
-0.37435401161980864
-0.3797307038790007
-0.3798751665427434
-0.38202251121401787
-0.3897089771218651
-0.39098531625313626
-0.39244694414842146
-0.3928255133643305
-0.3951444741144466
-0.4058826580611126
-0.40943951023655245
-0.4111752139262321
-0.4131201075462741
-0.4148349537361355
-0.4151334749277616
-0.41847881255792646
-0.41873637149728893
-0.41953538451343775
-0.4207140163458202
-0.42239168855303433
-0.4233442264859067
-0.43050238461607176
-0.4320839940243916
-0.43246305813333713
-0.4358202364884265
-0.4359936034423299
-0.4363476012653109
-0.4385581472094848
-0.43861582526837345
-0.43909756933135213
-0.44007706727624235
-0.4424491394017671
-0.4424563403297064
-0.44392804264333047
-0.44543760529559223
-0.4460326621330368
-0.44855586026039873
-0.4529634342389828
-0.4568058035057565
-0.4621330247039926
-0.4640204078091569
-0.465154585989851
-0.46610958506655015
-0.4761745912437618
-0.47657305433240255
-0.47835805134071474
-0.4813408757662938
-0.48234524342842633
-0.48334197425776015
-0.48360511545082585
-0.4857078393454555
-0.4858371562191418
-0.4890937607626256
-0.4902215021662414
-0.49158257524482907
-0.49180465815825974
-0.4927003658376634
-0.49322915499053327
-0.49440388346556574
-0.49555863591070337
-0.49989949672916817
-0.5002280610440721
-0.5042434843131699
-0.5073026176837819
-0.512001720844637
-0.517549894271984
-0.5237108300236286
-0.5241543267745458
-0.5297603423645746
-0.5305848396383226
-0.5361735207443417
-0.5572055120641987
-0.5586382624169346
-0.5671111833817122
-0.5685439523580759
-0.5712862644344568
-0.5744374313385379
-0.5751291095639317
-0.5793371077071732
-0.5815178303048014
-0.583014184966227
-0.5878563249433582
-0.5953608531136888
-0.5955595651830663
-0.5998932027262527
-0.6066953626739431
-0.6099712283952007
-0.6146684466527533
-0.6199993922824173
-0.6206697568297386
-0.6275428764996226
-0.6284851701742479
-0.6303597618978529
-0.6361264641396701
-0.6408486707110165
-0.6425082753412426
-0.6428423821926117
-0.6442381644734009
-0.6443329220507318
-0.645550802824232
-0.6461264690418224
-0.6467185783752939
-0.6467864522542186
-0.647070299015872
-0.6580028328458462
-0.664034069556257
-0.6643676504873242
-0.6673824744619197
-0.6678174351091002
-0.6682118984269133
-0.6765842225734863
-0.6819110802211475
-0.6820521309855394
-0.6882859794422984
-0.6935642313530059
-0.6953993203868049
-0.6995598223550891
-0.7063137494518136
-0.7122575815774326
-0.7135763156273762
-0.7165935290977359
-0.726818556170526
-0.735800956065456
-0.7379413461312652
-0.7439203861350607
-0.7499116037040949
-0.7571242550577933
-0.7638624463512055
-0.7651985543168849
-0.7759118370583261
-0.776694592592321
-0.785935266469096
-0.7870430707000196
-0.7939355961534602
-0.7969640275463462
-0.7985360093890189
-0.8189108630635928
-0.8202539272887017
-0.8223099160404672
-0.8231339603662491
-0.8257397233787093
-0.8290805520955473
-0.8385248438322118
-0.8408303903424894
-0.8443134375330474
-0.8485500880399611
-0.8537117532743852
-0.8587766216369346
-0.8763036148942774
-0.8770901781179419
-0.879434201400727
-0.8979348657652736
-0.9043716422941847
-0.9084439609141555
-0.9193402595507602
-0.9216328163941702
-0.9290275338062202
-0.935417968314141
-0.9399767519207671
-0.943981721259964
-0.9463703235295335
-0.9506033587218553
-0.9543081537445283
-0.966118406096939
-0.9777372486091086
-1.0049634760239314
-1.0057940870523452
-1.0073313411588363
-1.0221313403453678
-1.024795890475313
-1.0326642747968435
-1.0400290195830166
-1.0434450196723144
-1.0444919831490551
-1.0464246161282063
-1.0469534110277892
-1.0537191228941083
-1.0949746258750868
-1.1143321824336323
-1.12431719034378
-1.1333950857321422
-1.1506762206554413
-1.1568748926122983
-1.1575753513413172
-1.1719672605395317
-1.1798668762878282
-1.2024458313947737
-1.211239538465937
-1.2323215540964156
-1.239967243373394
-1.2539042213172706
-1.2653423574778975
-1.2694466665387154
-1.280302383803064
-1.3142832282363088
-1.3175398441908328
-1.3257639899849891
-1.3293217981467023
-1.340419409563765
-1.352513907244429
-1.388961929580546
-1.4224848228041083
-1.615052084128062
-1.6381776531537373
-1.7087512612342834
-1.7349674701690674
-1.7622644344810396
-1.7815529204672202
-1.8020760556682944
-1.8581572452094406
-1.9253628253936768
-2.014453063136898
-2.0598942240079245
-2.1202948838472366
-2.1306051835417747
-2.16186386346817
-2.437505086263021
-2.5440142154693604
-2.5716452412307262
-2.583730936050415
-2.622392059614261
-2.79423251748085
-2.8115937681868672
-2.835455692606047
-3.0444180965423584
-3.0908881525198617
-3.2799872954686484
-3.2931702534357705
-3.671706438064575
-3.9398364226023355
-4.037886540095012
-4.48700737953186
-4.86917519569397
-5.097692489624023
-5.560219764709473
-5.809801816940308
-6.140149116516113
-6.417992115020752
