-0.00048760823119664565
-0.0006031599477864802
-0.0030520253349095583
-0.009776347054867074
-0.023881342262029648
-0.024962995732039417
-0.038351848255842924
-0.045369384360128606
-0.04735261263946692
-0.04804157592505882
-0.07240983017254621
-0.08964664698578417
-0.10295488499104977
-0.10828540422953666
-0.11077838995281906
-0.12189523984367649
-0.13387954072095454
-0.14089155960828065
-0.14896107837557793
-0.1688720398233272
-0.18079845007741824
-0.18555673602774428
-0.18611676441755012
-0.19648262818809598
-0.19928160071140155
-0.20347678489128562
-0.21238968686157023
-0.21983889591879582
-0.21997785027142527
-0.22872598401367708
-0.230614315616549
-0.23545264991440085
-0.2408732793526724
-0.24206799097775825
-0.24244206408600025
-0.24497417379403486
-0.24691011735315746
-0.24815067233430455
-0.24925434961915016
-0.2506266236305237
-0.25223734571980977
-0.2529914561659098
-0.254029833554038
-0.2540328398633089
-0.2560774978441929
-0.25958821175057284
-0.26023951688798014
-0.26134875320803985
-0.2634405683145261
-0.2635668189549405
-0.26528808748948257
-0.2662117018247955
-0.26651965093333274
-0.2706503903027624
-0.2731490476907263
-0.273754394162097
-0.2740596174077258
-0.27406482545193284
-0.27514857606082743
-0.2812309112418198
-0.2814250131098864
-0.28273556957295415
-0.2845707051081782
-0.28490751334235637
-0.2867261387097339
-0.2872446947840217
-0.28951271857173805
-0.2899992390968172
-0.2902644512418192
-0.2910795645355912
-0.29463673240679783
-0.2951343649008777
-0.29564779645834977
-0.2979589100318013
-0.2990773431245341
-0.29937585006856743
-0.3002441609278321
-0.3010983327209639
-0.3014232872260941
-0.30232592092620003
-0.30278784647089196
-0.30297034978866577
-0.3054588112465449
-0.3060030853181767
-0.3060093708987147
-0.3081065647274954
-0.3081325799692422
-0.30833959902465724
-0.3123106163081199
-0.3141958919021657
-0.31577235693112016
-0.31716003827750683
-0.3174560309324244
-0.3209606189047918
-0.3222912659657595
-0.32271544891409576
-0.3238224268069543
-0.32429034607484936
-0.324744240697732
-0.32795552475727163
-0.32814588902629505
-0.3282002921150706
-0.3287992763195049
-0.33012785934261046
-0.3310856309144583
-0.3314077229732357
-0.3322709172568284
-0.33687732704940854
-0.3391037013339387
-0.33955293130691583
-0.3403778179286746
-0.3414091872816373
-0.341617490682097
-0.3431182582603469
-0.3438456284400672
-0.3444437442347407
-0.3448733849665067
-0.34521647312108555
-0.34695340817820075
-0.34770934156941896
-0.3478033036355757
-0.3485295608724383
-0.351069814467337
-0.3545204421505332
-0.3551615642544885
-0.3559663284492725
-0.3575150647832613
-0.358181703016341
-0.35821209600544535
-0.3604224741575308
-0.36079818136243247
-0.36083944513835114
-0.3622189676389098
-0.3628740690861984
-0.3630644102001194
-0.36448039844149854
-0.36534711842735607
-0.3662275821012112
-0.36633426955813775
-0.3664965798416233
-0.3673838390270248
-0.3673845048594688
-0.36742832329473457
-0.36745266639627516
-0.3677055043711637
-0.3685279946205103
-0.3692036867316347
-0.36972010482956347
-0.3701504720374942
-0.37074842816218734
-0.3723064133405892
-0.3772136433981359
-0.3787538905096504
-0.37921706227851765
-0.37951763696037233
-0.37966861211316427
-0.3799995027016848
-0.3803196678927634
-0.3841175568356578
-0.38485513170887903
-0.3850847206544131
-0.3850986256036863
-0.386748564383015
-0.3891257833893178
-0.391620544369232
-0.39297139523841906
-0.39334803452463046
-0.3942191606749677
-0.39553088119084184
-0.39703914704097604
-0.3972040079866669
-0.39834205192580285
-0.3993867286480963
-0.3995941155531909
-0.4006560805007919
-0.401855387724936
-0.40439276424432236
-0.40441952786932234
-0.40446193859679624
-0.4048057988693472
-0.40515590328723194
-0.4059884070163337
-0.40602405935836333
-0.4064558440281655
-0.40684449127293193
-0.40727986983838493
-0.4092364077587263
-0.40971187177331103
-0.41033637014576624
-0.4111885501343154
-0.4114917587508339
-0.4151668683392927
-0.4180439941739678
-0.4183489456772804
-0.4212908532004803
-0.42208273210562763
-0.4227387211156181
-0.4231026767026833
-0.42329732778598556
-0.4239608219042566
-0.4268071451313937
-0.42691518490379354
-0.4275237584321682
-0.428377299854118
-0.4290463578363415
-0.4305849068021416
-0.4306124811743075
-0.4312054264980058
-0.4346296470094886
-0.4346555434957346
-0.4352075369418647
-0.4362883342662826
-0.4368248335891761
-0.4374478436075151
-0.4381713525702556
-0.4388157267239876
-0.4393797996453941
-0.43989733172929846
-0.4418975812615827
-0.44205385792520246
-0.44252542986532717
-0.4432212597494072
-0.44476113233356174
-0.44529953885357826
-0.44610731701577605
-0.4479921534301765
-0.4494053470488224
-0.4497703671513591
-0.4498554567340761
-0.45063555717933923
-0.4509048409656518
-0.45107975248247384
-0.4514212243258953
-0.4518136784802967
-0.45403868234643596
-0.4542551170114469
-0.4560805816203356
-0.456970937267345
-0.4590320289134979
-0.459474804715137
-0.459697724889136
-0.46063318061189623
-0.46078343341386324
-0.4615453366552376
-0.46170596241219236
-0.46326978645811323
-0.4670282824896276
-0.4674164010677487
-0.46757849492132664
-0.46768340313186246
-0.46785275362587225
-0.468224831786938
-0.46886864163388964
-0.46889880029696296
-0.46954844881676966
-0.47025327900701086
-0.47034804467047153
-0.47058197016034414
-0.4725203363114916
-0.4746077051656487
-0.47497124096262267
-0.47839018380618653
-0.47887519584037364
-0.4791418350796448
-0.480847615969833
-0.4827118115266785
-0.48351985722547397
-0.48422846200992353
-0.48488305256302866
-0.48496158520962734
-0.4874093899440292
-0.4882867803098634
-0.48956975620239973
-0.49044293803828104
-0.4913447464234196
-0.492028956466432
-0.492391797840052
-0.49268510935103726
-0.49752425473915146
-0.49759203888243064
-0.4981179857859388
-0.49816703273811275
-0.4984535485273227
-0.4991018642386835
-0.4993777345167473
-0.5008238687749125
-0.501768202653953
-0.5031123805577712
-0.5046048949796906
-0.5051381366663716
-0.5065267760772258
-0.5092869294458069
-0.509355935518397
-0.5116441221558489
-0.5124191027231669
-0.513276565256092
-0.514185955224093
-0.5170078615657985
-0.5172980545820403
-0.5186031847778294
-0.519226705445908
-0.5206342726638695
-0.5208922885746384
-0.5210931865498424
-0.522400026768446
-0.524717927045588
-0.5257027984043816
-0.5302055525793953
-0.5316216690880537
-0.5344873138775046
-0.5352828875701461
-0.5355339710600674
-0.5364268829813227
-0.5383474211493093
-0.5389670437822739
-0.5396393676637672
-0.540124725284321
-0.5421000103621433
-0.5427670190460049
-0.5448842638637871
-0.5459863197524101
-0.5471297145510713
-0.5488099122419954
-0.5489532127860002
-0.554185016296937
-0.5544053665362298
-0.5547462060148973
-0.5580275940192223
-0.561683880382107
-0.5621028956957161
-0.5664522217120975
-0.5673514806199819
-0.5745716755278408
-0.5787639828673231
-0.5797817958751693
-0.5816997660789639
-0.5828194312884339
-0.5855656352027186
-0.5866295964922756
-0.5888496074825526
-0.5891078700396147
-0.5893547411542386
-0.5928386052139103
-0.5936596542596817
-0.596137083240319
-0.5985431445995346
-0.6004578729334753
-0.6024547161301598
-0.6025705323554575
-0.6031110618263483
-0.604344978928566
-0.6044204063780073
-0.6129136102473629
-0.6157020278624259
-0.6180776521238537
-0.6239125105951514
-0.6240704100055154
-0.6255727374664275
-0.6259245558224696
-0.6289088798479902
-0.6309971273211497
-0.6311529023971941
-0.6312191973847803
-0.6314461661037057
-0.6321451601882776
-0.6323994314298034
-0.6326284433827303
-0.6346231672602395
-0.6397810908965766
-0.6406091692624614
-0.641257902657214
-0.6434745795335263
-0.6434883181354962
-0.6438525246145824
-0.6462781306821853
-0.6463584452091405
-0.6464231030549854
-0.6487835576214517
-0.6489929001545534
-0.650127184856683
-0.6519596236757934
-0.6520065967924893
-0.6521444885791945
-0.6532156599132577
-0.6536759751449738
-0.6541741912638267
-0.6547915165312588
-0.6557973018950887
-0.6576099744997919
-0.6583265184453921
-0.6596876400581095
-0.6649849017965608
-0.6651746609248221
-0.6655877329903888
-0.6699161441065371
-0.670863711158745
-0.6711328161327401
-0.6714472077892424
-0.6714511043392122
-0.6723978499412624
-0.6729856875026599
-0.6732533382310066
-0.6767877099482575
-0.6781654711812735
-0.6811443738240216
-0.6855256407288834
-0.6856291481138518
-0.6856866338186793
-0.686036539243787
-0.6890067733824253
-0.6912407110648928
-0.6913893354503671
-0.6924817914000919
-0.6931140671885159
-0.6938668419606984
-0.694329301516215
-0.6944741888175485
-0.6956550575171908
-0.6957162186170334
-0.6958862405735999
-0.697321649433838
-0.6975359716764485
-0.698946245357446
-0.6996800502141317
-0.7023700843739789
-0.7072358584497124
-0.7099428178207745
-0.7140529189258814
-0.7148939334244157
-0.7192272683314513
-0.7211927815806121
-0.7224198085799193
-0.7239227515692619
-0.7246125576202758
-0.7286156663127864
-0.7289490874100011
-0.7292486334502298
-0.7295946292579174
-0.733431010482101
-0.7367968946695328
-0.7371153038081198
-0.7386148425155423
-0.7401380799710751
-0.7436986906298747
-0.7438608255470172
-0.744206446906901
-0.7460969385312637
-0.7490949467693488
-0.749211804009974
-0.7493816917024864
-0.7509177245156025
-0.7512988307779389
-0.7516023984644562
-0.7528455264866352
-0.7607570053743464
-0.7672069158709038
-0.7697865496564191
-0.7715083767349521
-0.7735993673559278
-0.776627992093563
-0.778072745539248
-0.7781285164140476
-0.7786423931805379
-0.7828960977494717
-0.7915545987925725
-0.7947969750501216
-0.7986489396542311
-0.8044605251634493
-0.8080684272572398
-0.8137917729094625
-0.8156261369585991
-0.8158449483647322
-0.8165612816810608
-0.817711129784584
-0.818897993862629
-0.8206907122512348
-0.8245555425861052
-0.828630842268467
-0.8367466474242974
-0.8417074127472006
-0.8434808932244777
-0.8447053888812661
-0.8447897296049632
-0.8536218383349479
-0.8552198928470413
-0.8627627037931234
-0.8636336838972056
-0.8641337300650775
-0.8649987448006868
-0.8659489089623094
-0.87620263540839
-0.8774424435881277
-0.8846759333275258
-0.8855822982732207
-0.8883275053631223
-0.8960126408104164
-0.8972920516971499
-0.8986226313655996
-0.9011355862985511
-0.9018036844208837
-0.9040007986710407
-0.9067701399326324
-0.9106652162705965
-0.9117536998528522
-0.912945337534893
-0.9167118640616536
-0.9170830091636162
-0.9252904235784497
-0.9278282894132038
-0.9318021975147227
-0.9318587335680301
-0.9334795225101212
-0.9372101202607155
-0.9391213045964832
-0.9397538014163729
-0.9454726081967237
-0.9477866872912273
-0.9588308930397034
-0.9654700176179176
-0.9680749103426933
-0.9699548780918121
-0.9724894558112283
-0.9743494530630414
-0.9956419616937637
-0.9988550662528723
-1.0061142802238465
-1.0102686870710127
-1.0192515609087422
-1.0253193245262082
-1.025901386514306
-1.028829713498999
-1.0291500338353217
-1.0346659664064646
-1.0364102834525208
-1.0366377057507634
-1.0384143502051302
-1.0402729629228513
-1.0456231273710728
-1.0503156976774335
-1.0642048760782927
-1.0781496465206146
-1.0792935759527609
-1.082128256559372
-1.0844761527010374
-1.092334081729253
-1.0990427294746041
-1.1306387782096863
-1.1398469738466832
-1.1420030348568357
-1.1561984717845917
-1.1578965579392388
-1.1607465595394995
-1.170795951038599
-1.1929312044133742
-1.2030257452861406
-1.206896191695705
-1.2080624951049685
-1.2246790397912264
-1.2272217934951186
-1.233578056562692
-1.2344294924211379
-1.2372119781502988
-1.2547741449670866
-1.2591386240674183
-1.2642670472462971
-1.2852076119743288
-1.291604824305523
-1.3128193323500454
-1.3193223774433136
-1.335395522415638
-1.3396260266502698
-1.3729071214329451
-1.3816446363925934
-1.3899211883544922
-1.399528294801712
-1.3995750546455383
-1.4034646190702915
-1.4093730375025189
-1.4247336861677469
-1.451996155024517
-1.4873499870300293
-1.4965131133794785
-1.5129928588867188
-1.517061397433281
-1.5494457037420943
-1.5590890359890182
-1.5797627326877166
-1.5844669416546822
-1.598080564290285
-1.6068059802055359
-1.6186488222330808
-1.6273632198572159
-1.6458795070648193
-1.6539565126101177
-1.7134277710380654
-1.7307956144213676
-1.748967153369449
-1.7531830370426178
-1.789298415184021
-1.803586483001709
-1.8248308300971985
-1.8281352972990135
-1.833609898885091
-1.851578164845705
-1.8640085260073345
-1.8755666414896648
-1.8803180234196286
-1.8911356627941132
-1.936755109578371
-2.056759623810649
-2.0736357271671295
-2.1013131588697433
-2.149293016642332
-2.159780092537403
-2.1710936036737016
-2.2140122142930827
-2.2206246983259916
-2.2365376632660627
-2.23699566553114
-2.2537986437479653
-2.3050642013549805
-2.3162551457838467
-2.375295078449805
-2.3919286727905273
-2.3920744219018766
-2.4058197736740112
-2.449954142095521
-2.481244367013763
-2.5069131996133365
-2.515946032256276
-2.5313462018966675
-2.560331722100576
-2.57593309879303
-2.62843806669116
-2.6419693445786834
-2.674453061471771
-2.7599953413009644
-2.7873013094067574
-3.114177644252777
-3.1260854792781174
-3.20575500279665
-3.2310870334040374
-3.3542374912649393
-3.802191972732544
-3.803009584546089
-3.813347451388836
-3.977649688720703
-4.193811249162536
-4.20665431022644
-4.219010563421762
-4.264662384986877
-4.411762200295925
-4.7206690311431885
-4.743328457698226
-4.75311803817749
-4.849265228956938
-4.886926861334359
-5.317208528518677
-5.859583377838135
-8.865531921386719
