-0.0020164223533356562
-0.014416738459840418
-0.020786415317464463
-0.04189699018994967
-0.04322495216038078
-0.05070792867003807
-0.06791843264606238
-0.09505421817302703
-0.09965187497437
-0.11154182977043092
-0.13199049294926227
-0.13501494377851486
-0.14270599436713383
-0.14278660934152348
-0.14964672503992915
-0.16142832626355813
-0.16289113174425437
-0.16301838698564097
-0.1741690567981165
-0.17927782237529755
-0.17994627165414082
-0.1817689384084328
-0.18930341040386872
-0.19078108363868929
-0.1978929896140471
-0.20004836842417717
-0.20320975904663405
-0.2085223998874426
-0.2092452958400827
-0.21116740187363606
-0.21685564922518097
-0.21865458389305892
-0.22048161341954256
-0.224746701251004
-0.22571590027390895
-0.22583865956403315
-0.229859196941756
-0.23241555032187275
-0.23405606276432273
-0.23543294416075305
-0.2373372231340909
-0.23798521231219638
-0.24470482546280437
-0.24575965479016304
-0.24711282391141745
-0.2481810357266416
-0.24892334828993107
-0.2489740051329136
-0.25056504563468956
-0.252525156699121
-0.2541903549960504
-0.2562024825259441
-0.2576638947034048
-0.2591640714555979
-0.25923168907562893
-0.259600834878852
-0.259719391586259
-0.2597823593579082
-0.26096793870674445
-0.26211497326221433
-0.2626025423545528
-0.26284299857382265
-0.26304486209992317
-0.26654922794550656
-0.269375941157341
-0.2704585526877528
-0.27127740350624663
-0.27317211058689284
-0.2733860977798759
-0.2742472419049591
-0.27798485445479554
-0.2800392668810673
-0.2830823650583625
-0.28336424326768056
-0.28509433206528667
-0.28591446947459853
-0.2861427177454061
-0.2884290699303771
-0.2897476488724351
-0.290498998016119
-0.2905344283566452
-0.29168434638100177
-0.2939271143883525
-0.2944235139875673
-0.2945070380344987
-0.2981561112916097
-0.2987929363269359
-0.29890773507455987
-0.29977709590900264
-0.3016193187258278
-0.30317004956305027
-0.3083124096608824
-0.311216969974339
-0.31152046461102145
-0.31212575691253214
-0.3138843771768734
-0.31518115328314406
-0.31634552629086476
-0.316479085586392
-0.3178017098260553
-0.31962307453472427
-0.32064362350278175
-0.3227456250778315
-0.3247975861379894
-0.324900279463879
-0.32584752393170047
-0.3272387733283852
-0.3301167490581671
-0.3330142784556797
-0.33662612948359716
-0.33834737476094495
-0.33932787001581993
-0.340070546161206
-0.3411281518638134
-0.34145919284682075
-0.3426512213423848
-0.34541258541867137
-0.3464265251199582
-0.3495677718469365
-0.35028110615288216
-0.35328326194377785
-0.3534121427284036
-0.35521997826262597
-0.35524244396947324
-0.35734931606566533
-0.3579803935595249
-0.3580670677125454
-0.3599065925098128
-0.3618876499434312
-0.3621244022755751
-0.36268502860144103
-0.36467413411082816
-0.36503791191468116
-0.36661786813056096
-0.3674109872803092
-0.3686158131022239
-0.3717261453469594
-0.3748635519295931
-0.37519564628601076
-0.37986980810376775
-0.3818405847608422
-0.3847962309207235
-0.38556446969887476
-0.38594060072985786
-0.38634934068911453
-0.3877825319915163
-0.3886563259875402
-0.3909326901193708
-0.3940631764643412
-0.39412051159888506
-0.395316958530412
-0.3963773164432496
-0.3972182915531448
-0.3977775725742504
-0.3995348205091432
-0.4013063064679348
-0.4021902775372534
-0.4042535250540823
-0.4044353605972396
-0.4066060075509995
-0.4175786878797226
-0.4177447212859988
-0.41936898161657155
-0.41978543284349146
-0.42058649309910834
-0.4211749139108828
-0.42489776614820585
-0.425593345798552
-0.4286445681937039
-0.43037491697759833
-0.43082388105103747
-0.430951901545086
-0.43770609320037895
-0.4388683722664913
-0.44135846400167794
-0.4424215693579754
-0.4439687087899074
-0.4471647673829769
-0.4475180978941567
-0.44880401912248796
-0.44976889805143905
-0.4501943937079473
-0.456313929029016
-0.4564573634415865
-0.45651591720525175
-0.4636255395986761
-0.4664591374150607
-0.4702592356638475
-0.47411658144555985
-0.4752629430458001
-0.4754381318177496
-0.47597965970635414
-0.47814403781230796
-0.48263135940457386
-0.4831859857775271
-0.4834558212896809
-0.4845320808235556
-0.48453331061384897
-0.4847064381465316
-0.48506300733424723
-0.48577463822439315
-0.4890283940512745
-0.4899385557509959
-0.4906354126986116
-0.49220316379796714
-0.4930963683873415
-0.49453416277122286
-0.49568465187136707
-0.49619371185286176
-0.49673410919785965
-0.49945791700987946
-0.5007664225995541
-0.5020793172996492
-0.5025130251888186
-0.503084889302651
-0.5056240550345845
-0.5063573132825291
-0.5067880924325436
-0.5086518626568639
-0.5090842843055725
-0.5098975285887718
-0.5125352597263243
-0.5131921886932105
-0.5175750993990472
-0.5190284103155136
-0.5191610488516745
-0.5207995996024692
-0.5236918510869145
-0.5246371783432551
-0.5263436836656183
-0.5274837260600179
-0.5280256755650043
-0.5314738953182112
-0.5318269572582923
-0.5339033879184475
-0.5378923113457859
-0.5380844264873303
-0.5386386794503778
-0.5398972503478743
-0.542333070631139
-0.5436897682292121
-0.5438895581497086
-0.5482732225726876
-0.548407964874059
-0.548438511803397
-0.5499220378696918
-0.5507229097087735
-0.5510732013998287
-0.5581176409290897
-0.5604791836813092
-0.5618343019991049
-0.5623025714419783
-0.5626627862278838
-0.563069512304436
-0.5683568017411744
-0.5699207242461852
-0.5718212984502316
-0.5726272158014277
-0.5736749263920097
-0.5753914238108943
-0.5757365616038441
-0.5776158957742155
-0.5782707764301449
-0.5786174094734763
-0.5799755146338915
-0.5816459432244301
-0.5842393301427364
-0.5858045333464231
-0.5858285656198859
-0.5868603480713708
-0.5895622323400208
-0.5900654766850898
-0.5905513504767441
-0.5907085130347696
-0.5916034254311983
-0.5917277276515961
-0.5951945408509346
-0.599879439000506
-0.6003067765074471
-0.6030783848837018
-0.604973966255784
-0.6098251114811071
-0.6113486491143704
-0.6117151672286647
-0.6164640092423984
-0.6165084998356178
-0.6165210786792967
-0.6187087241560221
-0.623991790227592
-0.624330612934298
-0.6277769803826232
-0.6332360175957936
-0.6337741950216392
-0.6365601869765669
-0.6387814555317164
-0.6392330580357728
-0.6394249147011174
-0.64031562449721
-0.6422183927562501
-0.644919462055744
-0.6472062681180736
-0.6473886083279338
-0.6518883276730776
-0.6532644533685276
-0.6533606458688155
-0.655766182889541
-0.6563065846761068
-0.6590868283740499
-0.6620408197244009
-0.6630230939814022
-0.6634486437251326
-0.6670144408941269
-0.6675865894981793
-0.6682452199922408
-0.6693878303825235
-0.6715625290558415
-0.6729194489972932
-0.673839024733752
-0.6753963794973161
-0.6760381342537585
-0.6785973659550238
-0.6786593314674165
-0.6815190948545933
-0.6846871171146631
-0.6853991503351912
-0.6858481287781615
-0.685979046216484
-0.6860465776796142
-0.6877565185228983
-0.6904341580811888
-0.6910858778283
-0.6921657960861921
-0.6922532218159176
-0.6951761245727539
-0.6972770573265734
-0.6983730590727646
-0.7009256811191639
-0.7031622260808945
-0.7070438696278466
-0.7109189584851265
-0.7130297473049723
-0.7211380684748292
-0.7240462105721235
-0.7309701025485993
-0.73120463322266
-0.7346889756154269
-0.7441930025815964
-0.7466152124106884
-0.7507114834152162
-0.7566587707648674
-0.7597513819512512
-0.7620540298521519
-0.764224697170513
-0.7660188388545066
-0.7662353715859354
-0.7684323095879032
-0.7684834566898644
-0.7697818313414851
-0.7715828830065826
-0.774149926379323
-0.7757963204057887
-0.7803156279027462
-0.7858095550909638
-0.7874732216314442
-0.7914584254225095
-0.7960229956176287
-0.7987451840162976
-0.8051270551979541
-0.8071801004310449
-0.8087087450549006
-0.8360056458041072
-0.8372009534920964
-0.8399004616658203
-0.8480371497571468
-0.8650483228266239
-0.866369383293204
-0.8731416490756803
-0.8768219649791718
-0.8828174860682338
-0.8857012169435621
-0.8962300109366576
-0.897443986684084
-0.9058013195870445
-0.9082297529093921
-0.9414048820734024
-0.9448592340573668
-0.945704816840589
-0.9510722815990448
-0.9527065064758062
-0.9540817426944462
-0.9680273327976465
-0.9689190182834864
-0.9824193790555
-0.9825309179723263
-0.9954069849103689
-0.9973968267440796
-0.9995583737036213
-1.0026088166050613
-1.0038829506023224
-1.007492909828822
-1.0223861585060756
-1.0406499290838838
-1.0412916475906968
-1.0466042356565595
-1.0577920898795128
-1.0691678937524558
-1.0735536105348729
-1.081354906161626
-1.0941133201122284
-1.1032305099070072
-1.1088546514511108
-1.1124358008237323
-1.1355022616684436
-1.1487985205370932
-1.1660515659314115
-1.1662223637104034
-1.1770171363217135
-1.189391667644183
-1.1922525577247143
-1.2029058374464512
-1.2049232920010884
-1.2108251005411148
-1.2109482859571774
-1.217635450263818
-1.217816799879074
-1.2223326563835144
-1.2271475736051798
-1.2307503237389028
-1.2420847855915782
-1.2591562469800313
-1.2957895017025294
-1.2968391831964254
-1.3271748622258503
-1.331677069266637
-1.356240505282767
-1.3758147557576497
-1.394385573764642
-1.417233856394887
-1.4418344100316365
-1.5151031762361526
-1.5491785686463118
-1.5648623276501894
-1.6095392393569152
-1.6356235593557358
-1.6684200822201092
-1.7898788737754028
-1.7967391659816105
-1.8016249736150105
-1.8160239029675722
-1.818494364619255
-1.8403985798358917
-1.8486937371393044
-1.850733464845689
-1.8554615154862404
-1.8565277233719826
-1.8661342915147543
-1.9167420268058777
-1.9819080233573914
-1.9968628287315369
-2.047362449025968
-2.0618282556533813
-2.095702962949872
-2.108050891508659
-2.110712945461273
-2.169839004675547
-2.174869816750288
-2.206328441699346
-2.228846626356244
-2.2308974266052246
-2.331986229866743
-2.344404773786664
-2.345596592873335
-2.36484245210886
-2.427332239225507
-2.4273910894989967
-2.494040787220001
-2.7821362614631653
-3.1601109504699707
-3.4091458320617676
-3.428228735923767
-4.737646638197475
-7.049933910369873
-7.306628704071045
-8.990797996520996
