-0.0029489864136849064
-0.003941001325074467
-0.007155339685596118
-0.011807580478489399
-0.017626868827210273
-0.04841864138143137
-0.08636474015656859
-0.10317795985572177
-0.10740403893093269
-0.11897517670877278
-0.16577927377074958
-0.16981190415244782
-0.18779775299065346
-0.18856766024464378
-0.20250543196258755
-0.20466051771070073
-0.21273973311895134
-0.22311333429752267
-0.2346260068401794
-0.2407183711863278
-0.24597409348871224
-0.2635300081805326
-0.2679824270308018
-0.27740128376436507
-0.2794892007262785
-0.2802328815683722
-0.2827285673055384
-0.2980847292569201
-0.3031128272821661
-0.3103619263539175
-0.3104689681810366
-0.3143818937242031
-0.31695137728729605
-0.3192171991880362
-0.3224707042052614
-0.3225547163975924
-0.32694926857948303
-0.3280393444250061
-0.3281778172144446
-0.32897964459880313
-0.32999209542192276
-0.33170148858899384
-0.3329935669898987
-0.3341730812307074
-0.3361629366376696
-0.3370194507017004
-0.33716111732610443
-0.33802899145030096
-0.3383576874103811
-0.3398343732114881
-0.34103641607798635
-0.3431786923104449
-0.3433771439933935
-0.3455520684623884
-0.34704552824982315
-0.3519487545459664
-0.35268718831724505
-0.35328649858430644
-0.35409147619685866
-0.3548447302351373
-0.35509228333184084
-0.35649941043757954
-0.35798260680738686
-0.35830369834147857
-0.35937430099667317
-0.36197494123480284
-0.3687032680733994
-0.369723570114325
-0.3709113158285618
-0.37114300077830975
-0.37527695130524485
-0.38010279191831403
-0.38023995386902243
-0.3819528934354821
-0.38275198513482184
-0.3854566138856487
-0.38759830017903973
-0.3888275406934554
-0.38907797989377285
-0.3917346970223662
-0.39267072873190045
-0.3963538300238063
-0.3963539279066026
-0.39788541195674854
-0.39828153460457544
-0.3990150591078418
-0.39971498952945694
-0.39976235036738217
-0.4010197948598282
-0.4036390732201523
-0.40431765351672766
-0.4043309623480632
-0.40470879802459797
-0.40617856208700687
-0.407139572838787
-0.40986454947475676
-0.41143401403366753
-0.41245980685279293
-0.4134977170935599
-0.41370959570940613
-0.41570812907801674
-0.41700536249845754
-0.4199466921750822
-0.4199492099478448
-0.42128413901405615
-0.422075693624922
-0.4226445290260017
-0.42333943347330205
-0.4250026107414063
-0.42717181577500013
-0.42728108444058116
-0.42798423217209347
-0.4296153052703067
-0.42977409313122433
-0.4301430775230983
-0.43122808932268525
-0.4314157833287027
-0.43317268613718624
-0.4334773481605225
-0.43374004028737545
-0.43387809457878274
-0.4341857350534863
-0.43626105925292136
-0.43716516403655986
-0.4375657767668599
-0.4401356505340664
-0.44303967817021267
-0.4465970343990193
-0.44836395885795355
-0.44844502203486625
-0.4490792967553716
-0.4509314281633124
-0.4518671043217182
-0.45235761923998197
-0.4524009816911227
-0.45283896920082045
-0.45597332403243246
-0.4570715186491725
-0.45812071592808934
-0.45879825433841787
-0.45971766350703547
-0.4613644932178431
-0.46294098118687543
-0.4632298812230147
-0.46344242352227283
-0.4646026954462286
-0.46495988656222054
-0.465368959272746
-0.46862456680323433
-0.47017293154365486
-0.47021625594061334
-0.47073208789224735
-0.4715125931146428
-0.47374889351028415
-0.4748690766216896
-0.47547769417915814
-0.47646966058112283
-0.47726755861185666
-0.47912066036628354
-0.47928347808192484
-0.4798663412220776
-0.48334190834165464
-0.4843465790618211
-0.4873196566477418
-0.4892763861765464
-0.48976318782782374
-0.4904745761770755
-0.49144097859971225
-0.49301593424752355
-0.49654487415682524
-0.5002272450450725
-0.5006641190912988
-0.5038410091979636
-0.5048263683027472
-0.5055999760515988
-0.5075613318040268
-0.509803427553076
-0.5166225756725503
-0.5173885872178576
-0.5177627345488872
-0.5179328321944923
-0.5203980300575495
-0.5248610746521081
-0.5254721249484646
-0.5256365289670712
-0.5281706321082311
-0.5286954949260689
-0.529664610146574
-0.5325566780312718
-0.5333998137270101
-0.5352988238460562
-0.5382484726142138
-0.539981097728014
-0.5402071145363152
-0.5410254012261119
-0.5416951450918402
-0.5425997100149592
-0.5438578353699995
-0.5458448677354681
-0.5486973617225885
-0.5495302851008351
-0.554353416595
-0.5546042178769616
-0.5549641056961263
-0.5551321668964293
-0.5569027287885546
-0.5575913637601642
-0.5611156969362128
-0.5613846386813748
-0.5616779754766159
-0.5620467474978795
-0.5620572357667177
-0.5668731280851976
-0.5674835159144621
-0.5677704756108142
-0.5687284644227475
-0.5689332871697843
-0.5737372207052734
-0.576982343850735
-0.5781142524044428
-0.5813207447063178
-0.582677901101124
-0.5842692000856914
-0.5872354607230851
-0.5877364039421081
-0.5889055218547583
-0.5899168605246814
-0.5950883900499321
-0.599947694644167
-0.6041356146335601
-0.6071029474842362
-0.607175240335184
-0.6090357458610511
-0.6091438566800207
-0.6098351028513207
-0.6105061795096844
-0.6119549457378324
-0.6157084508842672
-0.6205309281746546
-0.6232670651883382
-0.6243259682960343
-0.628920449680426
-0.6290789755439619
-0.629871838730954
-0.633349011755652
-0.6339188503657675
-0.6350981792210304
-0.6364097229205072
-0.6380063881753647
-0.6393987552395889
-0.6400591576501029
-0.6401888933032751
-0.6424349342851201
-0.6425332558806985
-0.6430347668273109
-0.6484876185034713
-0.6485062290538246
-0.6531594313443444
-0.653718961844182
-0.6562148514446259
-0.6565287616103888
-0.659786201681527
-0.6599779112329998
-0.6599899653847388
-0.6640341021120548
-0.6656043800493617
-0.6684261412398579
-0.6693953540501146
-0.6714434033880631
-0.6730557695031166
-0.6813196680562285
-0.6841947346925735
-0.6876807139456302
-0.6890927272397676
-0.6898132337995776
-0.6910049152793363
-0.6921364314854145
-0.693355405984524
-0.6938457749783993
-0.6943191383033991
-0.6972310841891967
-0.6988217159863174
-0.7113859332684014
-0.7178564633041705
-0.7184474912840718
-0.7205533326108101
-0.7207895381441631
-0.7211936227977276
-0.7213638018234633
-0.7215615720488131
-0.7217733995057642
-0.7242372209827105
-0.7257845196096847
-0.7267377590353135
-0.7299519012578659
-0.730805113608767
-0.7367176483734511
-0.7388737760484219
-0.7396624066928376
-0.7420524371167024
-0.7443236590673526
-0.7472215443849564
-0.7487734631098907
-0.7503195820788208
-0.7513724267482758
-0.7582156915217638
-0.7583005334405849
-0.7636361520271748
-0.763835663372447
-0.7654738742858171
-0.7657471753191203
-0.767677168368391
-0.7729142720609988
-0.7739239666973137
-0.7762087141163647
-0.7766697175781397
-0.7782503714164098
-0.7838010955601931
-0.786026100628078
-0.7866916328299945
-0.7903095968067646
-0.7910496344142454
-0.8033815405021111
-0.8048063770152761
-0.8067159355204139
-0.8094298169016838
-0.8142739068716764
-0.8261748427321436
-0.8353695310652256
-0.8389676474034786
-0.846021796412639
-0.8528379902440975
-0.8599251564592123
-0.8628871260831753
-0.8639670951233711
-0.8679951913654804
-0.8687607729807496
-0.874488993169507
-0.8782498212531209
-0.8802512507885695
-0.8819090723991394
-0.883986021578312
-0.8853265564622623
-0.8895324107822186
-0.9042546851502266
-0.9050337094543336
-0.9102460411186257
-0.9136828836984933
-0.9194803982973099
-0.9211378777428763
-0.9314230363670504
-0.9335677694529295
-0.9368386367956797
-0.9428856030106545
-0.9565305382545505
-0.9605192199349404
-0.9774423167109489
-0.9814009827561676
-0.9834368033334613
-0.9880262513955435
-0.9898276813037228
-0.9938874907791615
-0.9939770875818794
-0.9971520433900878
-0.9996351624528567
-1.015991073101759
-1.0259655325753556
-1.0261954795569181
-1.033965040743351
-1.0391232857170205
-1.0442043021321297
-1.046524041891098
-1.0597743798668187
-1.07343454612419
-1.0749305319041014
-1.0751723498106003
-1.0770289227366447
-1.0791475236415864
-1.0823153971563442
-1.084059274510946
-1.0853774957116304
-1.1054645734111546
-1.1329753637313842
-1.1359121650457382
-1.1382489502429962
-1.160263647713388
-1.1769882291555405
-1.190949962765444
-1.2052441040674846
-1.2063896258672078
-1.2193342925359805
-1.2266890490427613
-1.258390486240387
-1.2984129870310426
-1.3214341013772355
-1.332244912783305
-1.339148424565792
-1.35356355458498
-1.3578883646856412
-1.371578510850668
-1.3762032097826402
-1.4078689515590668
-1.4213754618540406
-1.4716624822467566
-1.4940446090186015
-1.498307228088379
-1.4983747451646194
-1.5269661424681544
-1.5602654673857614
-1.5853227701348562
-1.6405660750654836
-1.7155240732245147
-1.7498939596116543
-1.752730873413384
-1.7891922146081924
-1.8644543966899316
-1.9030452754038076
-1.9075792515650392
-1.9228238222567597
-1.9366395175457
-1.9452598094940186
-2.1670034440539894
-2.2559444904327393
-2.332454374001827
-2.3420204260619357
-2.3701925635105
-2.458487445488572
-2.502522865931193
-2.5036706612445414
-2.6498532593250275
-2.710882473581781
-2.7461911042531333
-2.8019252121448517
-2.808787524700165
-2.873281682317611
-3.0582568295649253
-3.0615801016489663
-3.218076697240273
-3.223817626162296
-3.2266947204867997
-3.4996490166522563
-3.5515992641448975
-3.7287141010165215
-3.769390821456909
-3.8817505836486816
-4.019998550415039
-5.265913546085358
