-0.008161763660609722
-0.026432111859321594
-0.1804325804890444
-0.19237950746901333
-0.21310837098504776
-0.22688184472111364
-0.2354069042194169
-0.2466562514392925
-0.25754884257912636
-0.25836566292159463
-0.2793925166479312
-0.2817222030775156
-0.2821462809640382
-0.29517052955746365
-0.30892532845286447
-0.31208216225994484
-0.31403263681568205
-0.32320548014508355
-0.3232705881199091
-0.3273205350957472
-0.33228178754022036
-0.33663137884078814
-0.34342765319161117
-0.3448172491591643
-0.3450896394766729
-0.3458729883691726
-0.35667464310641994
-0.36227169330231845
-0.36420841967076834
-0.36425426323798354
-0.36445192401499854
-0.36619338093118536
-0.36713994706847836
-0.367197081244085
-0.3686003802148135
-0.3736742310098965
-0.3797567743119725
-0.3861084729880811
-0.38761620312725426
-0.3884261461078293
-0.3914564438940336
-0.3952576392753558
-0.4043594002175857
-0.4091909169662921
-0.41124868117561886
-0.41437699495102553
-0.4165231690139455
-0.4192001587341957
-0.4218325651138379
-0.4247145051550534
-0.42770692913068664
-0.43028938804606076
-0.43361001294882345
-0.4395505119530505
-0.4398775212466717
-0.4433927104109898
-0.45029798429459333
-0.4544495718354093
-0.4560459773056209
-0.4577938450059843
-0.45836438439590366
-0.46322917146608233
-0.4660425663718747
-0.4692321337598304
-0.4694426129298175
-0.47452160598416077
-0.4758502565909155
-0.4964837583829649
-0.49705118231941015
-0.5070773192914203
-0.5171083510864437
-0.5247634391888001
-0.5269955505750009
-0.5285819359123707
-0.5459005349548534
-0.5615337978754389
-0.5660190515685827
-0.5946443793998862
-0.6116057360248471
-0.6366517226625648
-0.6731032293755561
-0.696072824024466
-0.6972178189316764
-0.7164536083000712
-0.7213578874710947
-0.7810516540581981
-0.8260376714169979
-0.8373399682604941
-0.84675586479716
-0.8544129930436611
-0.8571294388135097
-0.8614477250126323
-0.8678208072669804
-0.8738008627005911
-0.8981517220381647
-0.9031003210693598
-0.9052548843070066
-0.9094106864184142
-0.9296918662517523
-0.9437240045517683
-0.9681200160412118
-0.9755004998296499
-0.9793622877581843
-0.9896407444961369
-1.0006816438399255
-1.0109783549560234
-1.0171689812093974
-1.0187661113838355
-1.022454672306776
-1.0371066629886627
-1.0511534038378159
-1.0894341762177646
-1.100451663446923
-1.1229093819856644
-1.2082529705483467
-1.216706062356631
-1.2268064767122269
-1.3378853760659695
-1.381944939494133
-1.402311110496521
-1.4431487942735355
-1.4841221844156582
-1.5390332299284637
-1.6297358232550323
-1.7084503998048604
-1.743236684318011
-1.9385132625854264
-1.953918599601214
-2.4981897851102985
-2.716918110847473
-3.218841701745987
-3.4212394058704376
-7.222287178039551
-7.484995365142822
-8.140928268432617
