-0.000920665479497984
-0.010714939181525551
-0.012113006843719631
-0.016888957215996925
-0.035701984893724635
-0.03872303226962685
-0.04000390210421756
-0.05089254451013403
-0.059454419960578285
-0.06738058058544993
-0.07289085331043073
-0.07337814150378108
-0.08060045310828302
-0.08745003337971866
-0.09044366813031957
-0.0910720532090636
-0.10104550718097016
-0.10356074558304888
-0.1153210699558258
-0.1665493407053873
-0.17640357644995674
-0.18632453931859344
-0.187119426102274
-0.1917501141433604
-0.1972637214785209
-0.19793523059019613
-0.20004761429057302
-0.20149009805172682
-0.20321727050759364
-0.20850889871362596
-0.21265245592221618
-0.21279238405663314
-0.2204555787757272
-0.22130977731430904
-0.22482946996266642
-0.225975171274816
-0.23169838869944215
-0.24446751417417545
-0.24743105592311954
-0.24833130105398596
-0.24970808590842353
-0.2502665423162398
-0.25244992482475936
-0.25311112134950237
-0.25570541255292484
-0.2612297433919998
-0.262546518817544
-0.2643563650082797
-0.26633485965430737
-0.2672696237762769
-0.2712050424650608
-0.27253071399284706
-0.2737993736417316
-0.27965774793410675
-0.2797038527739157
-0.28031175174255624
-0.2818473673032713
-0.2821836500894278
-0.2839076139239801
-0.2851068271451037
-0.29223461317640076
-0.29272546572610736
-0.29486661587143315
-0.2952662904345844
-0.29700382069374126
-0.2974796593547441
-0.2983909337522669
-0.29979739144134027
-0.3011063856943308
-0.30441903229802847
-0.3079447933321353
-0.31302407706534724
-0.31319539179094136
-0.3187200581014622
-0.3192750237519956
-0.3221168287564069
-0.3247858309883408
-0.32622864017944914
-0.3262510211872203
-0.3262880686670542
-0.3279957249760628
-0.328760370229637
-0.33042296655476094
-0.3342035964873503
-0.33441115060122684
-0.3348530367823384
-0.3373109124087054
-0.3375727736507542
-0.34193646162748337
-0.3429435750513221
-0.3436207869905047
-0.3443172475772685
-0.3444562019237007
-0.3448765900813871
-0.3462409992091125
-0.3471940504241502
-0.35272171990280704
-0.354615184571594
-0.3568617840549753
-0.36095024227106476
-0.3621661383891478
-0.3638618786741669
-0.3644494310490245
-0.3680591721690689
-0.3686606903502252
-0.3690226609702222
-0.3703035180456936
-0.3710682736709714
-0.3721099151631019
-0.37435835674180934
-0.3769307091850071
-0.3770952521590516
-0.37738921283744276
-0.37756216618151445
-0.37773154452443125
-0.3785204243225356
-0.37988222285639495
-0.3811363487406389
-0.38131341148012626
-0.382905203197879
-0.3831836573872715
-0.3838138282299042
-0.38390804526861755
-0.38473164445410174
-0.3847946328285616
-0.38541931744017033
-0.38545626087579876
-0.38573609541854237
-0.38715409106897336
-0.3893135403955562
-0.39357330654747785
-0.3951588428833268
-0.3952908022329211
-0.3960813264637437
-0.3961322331510019
-0.3998882817547946
-0.39996358468488324
-0.40002685122308324
-0.40012160688638687
-0.4013835007014374
-0.4023195401765406
-0.4041117678503864
-0.40556856216345394
-0.40691258626466154
-0.40748375589237185
-0.40878278855234385
-0.4099593529244885
-0.41157860551029446
-0.4128814533522183
-0.4153905741959101
-0.4155257813981734
-0.41621911701642805
-0.41632872024686346
-0.41669435187421705
-0.41748433373868465
-0.4177134082295067
-0.4178999082185328
-0.41811099264305085
-0.41898622936927354
-0.4194164971835562
-0.42047997067372006
-0.42053826047651516
-0.42072868791408835
-0.4242847714682712
-0.4248780086636543
-0.4258909044096981
-0.42596584450802766
-0.4268388902613272
-0.42753262526821345
-0.4290799029986374
-0.4315663924528053
-0.4327462350885416
-0.4327853303111624
-0.43375583008552593
-0.4337689696500699
-0.43432472839485853
-0.43518249845753115
-0.4355222937107707
-0.43826072429073976
-0.43871691698388365
-0.4393083377071889
-0.4406026420959582
-0.44111469590071856
-0.4411797507013294
-0.44235494229360484
-0.4432726069020906
-0.4437573321370615
-0.4442931944116329
-0.44472658174598345
-0.446552745232475
-0.44671957136597484
-0.44741255608808217
-0.4477662829061349
-0.44816135545261204
-0.448474891201234
-0.44903221992509706
-0.45108331489609554
-0.4511197656393051
-0.45161075964570047
-0.4516585495322943
-0.4518299186990286
-0.4522130773920152
-0.4525361326702226
-0.45443630274385216
-0.4555357126519084
-0.45642754788504036
-0.46069397865277195
-0.4610973075032234
-0.4614990503926362
-0.4624890062701085
-0.4630814624937817
-0.46323355920612813
-0.46355829558645684
-0.4640805152012035
-0.4646017772991955
-0.4650935722514987
-0.4678816585136311
-0.4683895118534565
-0.46849485678831115
-0.4710080089668433
-0.47213988138052326
-0.4745474377647042
-0.4752929779287014
-0.47595577492999536
-0.47609207705439377
-0.4782649299595505
-0.4813290929222213
-0.48164010472181773
-0.4821852180840714
-0.48298747591408236
-0.4843992179259658
-0.48558021717789496
-0.4856867343187332
-0.4861356004008225
-0.48672162592460794
-0.48828507133906607
-0.4899412511890246
-0.49143985927932793
-0.49292447973512027
-0.49325050032209783
-0.49468062001352126
-0.4946843696758151
-0.4949823287626108
-0.49602276271325535
-0.5000665853731334
-0.5005302682557764
-0.5017875636306902
-0.5069338092889666
-0.5070028210408054
-0.5073593660656895
-0.5078157273066395
-0.5078778481887033
-0.5110880530805194
-0.5113447712859712
-0.5146128895825574
-0.5146250591302911
-0.5157035362029162
-0.5159966953979165
-0.5168874114067876
-0.5180338180507533
-0.519788829554968
-0.5218026010940472
-0.5226576578321068
-0.5228867588448338
-0.524559294746723
-0.5247659259165327
-0.5249158802649213
-0.5251408279727912
-0.5252997318360334
-0.5253236776217818
-0.5272297588962829
-0.5275629698764532
-0.5276106738019735
-0.5276416100561618
-0.5277128968801763
-0.5289997053601277
-0.5305023970431648
-0.5313369237701409
-0.5314554113687741
-0.535180651065376
-0.537679284287151
-0.5377159478375688
-0.538364135527185
-0.5414389261277393
-0.5417317950438397
-0.5425423976321326
-0.5430910369614139
-0.5450672280575317
-0.5479662304278463
-0.5490878573618829
-0.5506149784778245
-0.5510571522056125
-0.5518337889890452
-0.5526976639404892
-0.5530816514918115
-0.5547846980392933
-0.5552490755383458
-0.5561587205156684
-0.557107095628453
-0.5586050075168411
-0.5607023317965546
-0.5609610495739616
-0.5617302299610206
-0.5642976895906031
-0.5673895400250331
-0.5675865027704277
-0.5688608812892603
-0.571853275236208
-0.5740508514281828
-0.5745837212598417
-0.5789678123463611
-0.5820142734640589
-0.5828132098411314
-0.5835451668494248
-0.5838411627171028
-0.5856559202851107
-0.5859082756408801
-0.5883838721488751
-0.5898577158381655
-0.59035532175767
-0.5909426063299179
-0.5923118152519843
-0.5923535454397401
-0.5946430332332663
-0.5954263102418432
-0.5962380905901747
-0.5967814487272075
-0.601598973677028
-0.6030202142894268
-0.6042709040339105
-0.6066037486501349
-0.6077166755916551
-0.6085791786434129
-0.6087292934898869
-0.6109512827048699
-0.6119725555181503
-0.6139542967866873
-0.6143907377263531
-0.6171766598043698
-0.6173776746228603
-0.6176637921482324
-0.6193876016768627
-0.6207489499097897
-0.6208075445278415
-0.6212801684935888
-0.6221598117715783
-0.622795857489109
-0.6244881178135984
-0.6246608777178658
-0.6263807997107506
-0.6263989902411898
-0.6264943100046366
-0.6269824692626571
-0.6283183968553203
-0.6294878100743517
-0.6304363673220256
-0.6311176617552215
-0.6350624104961753
-0.6355693338846322
-0.6374038002783587
-0.6393372841869548
-0.6416824381384585
-0.6431985196832102
-0.6454547214903869
-0.6464095944538713
-0.6487509762868285
-0.649419850189588
-0.6497656065524401
-0.6509538739337586
-0.6544568091630936
-0.6554729603158194
-0.6564895142801106
-0.6575641384115443
-0.6577774577890523
-0.6599667886155658
-0.6627091402042424
-0.6645189448525863
-0.6653347451106778
-0.6655946252518333
-0.6668420124449768
-0.6712282093108765
-0.6718888872225458
-0.6732726546636384
-0.6736178547289455
-0.674877649883274
-0.6752998137846589
-0.67722721491009
-0.6810789828499159
-0.6812284314073622
-0.6814160951180384
-0.6821314946282655
-0.68387546595186
-0.6851259572722483
-0.6887193805023344
-0.6927079913681761
-0.6959592642643574
-0.7008435321971774
-0.7012554369866848
-0.7021600949577987
-0.7024907063241699
-0.7052192663153013
-0.7068930326079551
-0.7082099949142763
-0.709296244798073
-0.7097665369510651
-0.7108843411718097
-0.7139878594316542
-0.7159434447064996
-0.7170666677877306
-0.717241063880335
-0.7172541370382532
-0.7174674623529427
-0.7175314451257387
-0.7195078437362099
-0.7216241930921873
-0.7294944673776627
-0.7306284200865776
-0.731116241642407
-0.7317138886079192
-0.735544408361117
-0.7371272204618435
-0.7393737371478762
-0.7418942977674305
-0.7455360239578618
-0.7486819929711471
-0.752350880036829
-0.7533022500574589
-0.7546166405081749
-0.755095625994727
-0.7578257978748297
-0.7598292072458813
-0.7610228710497419
-0.764276206959039
-0.7665024175075814
-0.7674571019706491
-0.7695704601705075
-0.7717813502531499
-0.7812272769709429
-0.7818511605262757
-0.785989241860807
-0.7873421311378479
-0.7873512168589514
-0.7885403975572748
-0.7896331348539596
-0.7919172714464366
-0.7939193355838748
-0.7948002366349101
-0.7970622435212136
-0.7971781082451344
-0.7971959380898624
-0.7972914194688201
-0.7974485396924946
-0.7983215649534637
-0.8008006289601326
-0.8078283801674843
-0.8091035317629576
-0.8094945389311761
-0.8112403229913778
-0.8135466126725077
-0.8156262190896086
-0.8164906660094857
-0.8182116374872359
-0.8205827747782072
-0.8211639441530375
-0.832724213898473
-0.8329872715476085
-0.8498344037216157
-0.8530272218864411
-0.8619425958509964
-0.8649724926799536
-0.8652408961206675
-0.8691141903400421
-0.8714504713037362
-0.8717785518383607
-0.8772051610052586
-0.8785273631413778
-0.88339853949017
-0.8839112521770099
-0.8879617315639431
-0.8922477933681674
-0.8994754999876022
-0.9043780602514744
-0.9051084637641906
-0.909602474886924
-0.9098947842915853
-0.9107892842730507
-0.9155202017476162
-0.9195149312061923
-0.9219980204943568
-0.9237002386556318
-0.9241275241818383
-0.9270604633726179
-0.9284376077620047
-0.9401984632015228
-0.9428927153348923
-0.9436432437172958
-0.9626658411463722
-0.9701119611660639
-0.9745707803716263
-0.9793121206263701
-0.9943374724825844
-0.9948878548282665
-1.0065861561743077
-1.012241396170187
-1.0140984827921784
-1.016769990324974
-1.017263799905777
-1.0181890800595284
-1.0198832892347127
-1.0205482640303671
-1.0305121541023254
-1.0387855414301157
-1.0402919873595238
-1.0407965190242976
-1.057339630293427
-1.0594726693234406
-1.0677483056982358
-1.072234637476504
-1.0756410985874634
-1.0823536100797355
-1.101556908339262
-1.1073836460709572
-1.1109461230891091
-1.112627980299294
-1.115491408854723
-1.1283290740490581
-1.1317956950515509
-1.139904369910558
-1.1429051359106477
-1.14313921580712
-1.154701367020607
-1.156747500084748
-1.1749301138333976
-1.1802429407835007
-1.2037963320811589
-1.2084147483110428
-1.2093833488412202
-1.2222026564316668
-1.2371168655032914
-1.2500662505626678
-1.2529369973344728
-1.279704097037514
-1.2858012070258458
-1.2957674264907837
-1.2966523965199788
-1.3485443470999599
-1.354593276977539
-1.3808775841607712
-1.3864003006989758
-1.4272644228137021
-1.4515444099903108
-1.4521487951278687
-1.455647274851799
-1.4818844497203827
-1.4954229593276978
-1.5002509497571737
-1.5003947913646698
-1.510252509266138
-1.5126999174826778
-1.5239401459693909
-1.526666134595871
-1.5424524545669556
-1.558501161634922
-1.573214664356783
-1.5847293958067894
-1.592855453491211
-1.5957347204287846
-1.596329579750697
-1.613925346956421
-1.6150096746541749
-1.643032561056316
-1.6444891736027785
-1.7029546448029578
-1.7030826807022095
-1.7058268189430237
-1.7298403140157461
-1.777982473373413
-1.7939012497663498
-1.8077981173992157
-1.8105396926403046
-1.8238802552223206
-1.82782874298573
-1.8345849066972733
-1.8921230986597948
-1.918750949203968
-1.9804237286249797
-1.9955272153019905
-2.01562113314867
-2.0243466421961784
-2.1220772018035254
-2.1221624664613046
-2.1397351920604706
-2.237483322620392
-2.3741453841212206
-2.3831812143325806
-2.4478239317735038
-2.475547432899475
-2.521354615344535
-2.616662919177543
-2.7471512126115463
-2.7664458646128574
-2.778963379561901
-2.7819544076919556
-3.0838426426053047
-3.356624126434326
-3.4518713916186243
-3.743750314693898
-4.102208733558655
-5.091822429589229
-5.513094544410706
-6.209207057952881
-6.5636597871780396
-7.380640506744385
-8.259575843811035
