-0.0008224133731952558
-0.0010118131758645177
-0.00897943280385031
-0.05014743853826076
-0.06032239087896111
-0.061988129367819056
-0.07914307723840466
-0.12473863956984133
-0.1435903883206525
-0.16042946985908202
-0.1676790780491299
-0.183571145683527
-0.18972919578664005
-0.19557472697124467
-0.21712751700542868
-0.2302394069526296
-0.23629412926675286
-0.24474854631111595
-0.2507135255727917
-0.25154477099298406
-0.25535397279642946
-0.26592535291039593
-0.26846328377723694
-0.2688748940825462
-0.26998917510112125
-0.27132570891619534
-0.2738194889472652
-0.27745793342910474
-0.2818237577242447
-0.2828621542546898
-0.2832572078332305
-0.28625521901994944
-0.28741157074910006
-0.28792071306088474
-0.29065310875885186
-0.29245195648700945
-0.29306819386256394
-0.2933590956381522
-0.2938434160721954
-0.2942495367502852
-0.3004018856910989
-0.30239969664918526
-0.3083288937341422
-0.31007273055169765
-0.31294481886492576
-0.3168660642171138
-0.31848022151971234
-0.3223799181481202
-0.3224689400065472
-0.3240235298871994
-0.3247756571508944
-0.32711400187453266
-0.3273045917045844
-0.3283014255463286
-0.3305903460015543
-0.3410012708422569
-0.3411759971758281
-0.3433325554149936
-0.343881487937324
-0.3451252451858535
-0.3480273432852827
-0.351667161554019
-0.3518739023609669
-0.35443648161453895
-0.35451254671513655
-0.354807335883379
-0.35565027742304667
-0.3561466145203502
-0.36006377544254065
-0.36225461100952494
-0.3625412688415963
-0.3647519758496542
-0.3695088204927742
-0.3741650986703462
-0.3750018471328076
-0.3777006462263671
-0.37884703558908467
-0.37900885317083066
-0.3790780141328772
-0.3796523708706445
-0.3798934080522209
-0.3800002242011639
-0.38046846631914377
-0.3847644847105368
-0.3853725450540811
-0.38727169221965596
-0.38795713435363377
-0.3881534460412073
-0.3927338641020469
-0.3954368338745553
-0.39765695346674573
-0.39785582790500484
-0.40005524081643673
-0.40137187684208936
-0.40232704003660225
-0.40243635955357604
-0.4033840243196623
-0.40386334637300286
-0.4103020487842018
-0.41252607422173804
-0.4128978775503735
-0.41350924987438537
-0.4135945316598476
-0.4158718418329954
-0.4161989302840084
-0.41789743993480705
-0.41914658546447753
-0.42054044465964
-0.42204824879923697
-0.42366522053877514
-0.42414886931571044
-0.4246320004167501
-0.4268255662173033
-0.43041171019689906
-0.43214729567989707
-0.4328540679481294
-0.4336413652636111
-0.43464774984643856
-0.4396139204327483
-0.4409841730689045
-0.44794740102634023
-0.44937971285681294
-0.4524623127121727
-0.45384422174993233
-0.4591143997065501
-0.45928736671112347
-0.4599627486480001
-0.46147220442071557
-0.4623857557307929
-0.4630286941925685
-0.46387815903290175
-0.46757086301222445
-0.4686117186460511
-0.46867915159091356
-0.4692883252994054
-0.47369645815342665
-0.4753823923965683
-0.47587573625579743
-0.4767768196761608
-0.47714003020276624
-0.4773845667950809
-0.4795367303730803
-0.4823156821948942
-0.4841607943861163
-0.48445668977219614
-0.4850001408319388
-0.4869404462911916
-0.48832964802745427
-0.48981848152870955
-0.4918105063685097
-0.49528774275077014
-0.4962259866297245
-0.4963842698239854
-0.49855004778073636
-0.49963658163324
-0.5012626391617232
-0.5050271782791242
-0.5079753027918438
-0.5080846844551464
-0.5105050376603484
-0.5107298687092096
-0.5128120665516084
-0.5135868365022664
-0.5141844693571329
-0.5142619551462909
-0.5148949588474352
-0.5150074100949698
-0.5153048007041434
-0.5156532745256982
-0.5162691202160203
-0.5167936763524039
-0.5180639562262596
-0.5188282387331128
-0.5227427855844715
-0.5230296276509762
-0.5253133363504376
-0.5269480477841368
-0.5311006709285404
-0.5312278981187514
-0.5317933646147139
-0.5352688785176725
-0.5377146109938622
-0.54009919987584
-0.5404869404931864
-0.541624464544005
-0.543441116658505
-0.5466176189016551
-0.5495671402895823
-0.5496895655205435
-0.552058349415246
-0.5556157271860229
-0.5564804740578813
-0.5595084482670895
-0.5596404610130574
-0.5623539040486017
-0.5668250486465922
-0.5677227512001991
-0.5690375979049551
-0.5700824202341815
-0.5700836703181267
-0.5715695217885595
-0.5773118519120746
-0.5777125897972534
-0.5839120100368745
-0.5852819685306814
-0.586907331432615
-0.5899992249906063
-0.5907209081575274
-0.5912328999644766
-0.5938180939047015
-0.5939510373605622
-0.5965440411652837
-0.5980672220854709
-0.5995222710072994
-0.6030503928661346
-0.6035647892526218
-0.6127614253574782
-0.6129035105230287
-0.6166024172333502
-0.6175014347665839
-0.6175822571126951
-0.619566924042172
-0.6200049951569073
-0.6242729244598498
-0.6243478767573833
-0.6259623680056797
-0.6273758236605388
-0.6282797093089256
-0.6342759244143963
-0.6349725624095299
-0.635333693665286
-0.6367207590883481
-0.6367333767557284
-0.6368286851793528
-0.6375139236915857
-0.6379360471452985
-0.6396041786787724
-0.640361912943869
-0.6406855825334787
-0.6436144339127673
-0.6474257814032691
-0.6513118440270773
-0.6517210012922684
-0.6623709651757963
-0.664508061502905
-0.6645208776462823
-0.6659383555719008
-0.6695139384246431
-0.6696633242203721
-0.6826340643710864
-0.6827211356139742
-0.6834659601299791
-0.6869098432744067
-0.6881424859166145
-0.6893542153494698
-0.6906218578639839
-0.6911076928954571
-0.6994946833167758
-0.7059781397027629
-0.7101571665455898
-0.7120851633538093
-0.7183433547616005
-0.7183742504566908
-0.7330763482799133
-0.7366749678185442
-0.7452410936821252
-0.7490841457496143
-0.7527009272016585
-0.7534532892916884
-0.7542757624469232
-0.7602130904793739
-0.7661984068108723
-0.7670518230443122
-0.7748803334377173
-0.7759791513206438
-0.7777209654450417
-0.784686096808097
-0.7858898043632507
-0.7865200262143238
-0.7897301346063614
-0.7923815694171935
-0.8011261716019362
-0.8062150868451378
-0.8068953540641814
-0.8102092332888527
-0.8132085056044162
-0.8152545243501663
-0.8167148393501217
-0.8188214466907084
-0.822619937825948
-0.8262423028548559
-0.8309659691294655
-0.8336623743035406
-0.8340029150247574
-0.836032496066764
-0.8361850842047716
-0.846546382219198
-0.8646571708897162
-0.8701121732592583
-0.8727361443646563
-0.8808593497826502
-0.8814172546068827
-0.8873760625720024
-0.8916651317725636
-0.8987922132946551
-0.8990183590911329
-0.9113783605396748
-0.919064803654328
-0.927493715348343
-0.9297048389880729
-0.9316352922469378
-0.9453545133292209
-0.9642910756743871
-0.9675776123651303
-0.9737182016639659
-0.9836141741843676
-0.9843034457415343
-0.9861431093886495
-0.9965886639911332
-1.003700621969377
-1.0128720333644499
-1.0175387418518465
-1.0183389009242612
-1.0287332857697038
-1.0384104035540738
-1.0477798779362015
-1.0482660210700487
-1.0487998307993014
-1.0860914820514154
-1.1042361923768609
-1.117176410020329
-1.1176919099525549
-1.145036944601452
-1.1488958865695167
-1.149839707211041
-1.1537821503774466
-1.1561525775759947
-1.1584786333675896
-1.1609642929397523
-1.1619127332232893
-1.1674771204707213
-1.170741223555524
-1.1752461319750485
-1.1851146810222417
-1.1944727251927059
-1.1977577062643832
-1.2021576253076394
-1.2040272995596752
-1.2130321403451996
-1.2180369570851326
-1.223627657443285
-1.2403658155351878
-1.2411253079771996
-1.2621357820928096
-1.2823808044195175
-1.2839652314782142
-1.307292754451434
-1.3136141851330951
-1.3249693377874792
-1.3270063744857907
-1.3436976952361874
-1.34676350231166
-1.3482407789677382
-1.3765810101758689
-1.3789750921229522
-1.3829728364944458
-1.3879870623350143
-1.39419314712286
-1.4208657310227863
-1.4233868047595024
-1.4430095540980499
-1.494436465203762
-1.507088229060173
-1.522217145239847
-1.5228188683589299
-1.553769349930917
-1.5639185398817061
-1.5658592581748962
-1.5744430028425995
-1.5778384326646726
-1.5988141050329432
-1.630486848577857
-1.6479732525961783
-1.678485370745572
-1.679844950675033
-1.6917314426973462
-1.7223678708076477
-1.7230155393481255
-1.770571087836288
-1.7766877582713885
-1.8577321966489155
-1.8608603656291962
-1.9002405423671007
-1.9020099195127842
-1.9328444897037116
-1.933424658762912
-1.95583440316841
-1.9601241946220398
-1.960412253625691
-1.9625346064567566
-2.002537786960602
-2.0087724669021556
-2.067305862903595
-2.115370320777098
-2.1524378955364227
-2.268374517560005
-2.395639955997467
-2.425864193122834
-2.4860795736312866
-2.4865574911236763
-2.522254983584086
-2.59953107436498
-2.6426766589283943
-2.6565468534827232
-2.6699675746882954
-2.7176976203918457
-2.914248755922017
-2.918359935283661
-2.947329517453909
-3.0124205749307293
-3.068418404960539
-3.0988018810749054
-3.436911225096992
-3.4881094296773276
-3.673346280134865
-3.891212105529121
-4.2526984214782715
-4.427787541426369
-4.750945709180087
-4.776424944400787
-7.916051626205444
-8.658357858657837
-9.008795738220215
-9.380406379699707
-9.39400863647461
-9.460505485534668
-9.492859840393066
-9.638660669326782
