-7.890890750180309e-05
-0.002241862278121213
-0.003990877422893391
-0.006051299904356711
-0.01989555736266387
-0.03280740117188543
-0.0654102694581005
-0.07861189439427108
-0.10207811543451888
-0.10237555799612892
-0.12093240671258952
-0.13086728205453255
-0.1500388416975511
-0.15848297177944914
-0.1610492765903473
-0.17263486585631785
-0.17411582141225648
-0.17448770745353873
-0.184927771513685
-0.18614688026718795
-0.1868433961790288
-0.1906333378024606
-0.19080779829528183
-0.19158670411464604
-0.19445399730466306
-0.1967223398387432
-0.1991900934320126
-0.20238765351023175
-0.20659811114559748
-0.2077037712042511
-0.21225925162434578
-0.21519903486801517
-0.21591133905167226
-0.21814553108480242
-0.22452039400377544
-0.22590188837299743
-0.23017339958017186
-0.23831322437081326
-0.2409936503856443
-0.2410562711302191
-0.2411764248092368
-0.24430289493466262
-0.249354194696126
-0.2547555543637524
-0.25749471066342267
-0.2594774904922815
-0.26224716186213
-0.2624611712877674
-0.2690337124280632
-0.26945537608116865
-0.2704618564806879
-0.2706771304656286
-0.27159470316310036
-0.2747082034558324
-0.276009325681015
-0.278769135492621
-0.284020516781311
-0.28462124753549806
-0.28615775998969184
-0.2869540103212265
-0.28713887653066195
-0.2877312093041837
-0.2891526663916011
-0.29129155456191963
-0.29142660087556577
-0.29172317239191703
-0.29505026914630433
-0.29873605248758395
-0.30400839512835126
-0.3052726977390042
-0.30671684152392636
-0.30851762122474613
-0.30887420747471467
-0.309855137026337
-0.31072942708221185
-0.31332753697643057
-0.31375714671685273
-0.3143336316427546
-0.31593862031586467
-0.31696707040828187
-0.3183862555511844
-0.319205877231434
-0.3197954631770979
-0.32146998609487826
-0.32189061001150143
-0.32484947258225555
-0.3277505667635705
-0.32808341371959876
-0.3281597973157962
-0.33004765696823596
-0.3315436617471278
-0.33192550778988206
-0.3342194776341785
-0.3347270289502506
-0.3356171352788806
-0.33662439173237474
-0.33857759879902005
-0.3435142972933439
-0.34805811002540094
-0.34848743999309256
-0.34936252177794813
-0.35127645067404956
-0.35130162904637735
-0.35175440716557205
-0.35391168896522784
-0.3550288248225115
-0.35636541984534303
-0.356433058429199
-0.3569691386073828
-0.3579622768011177
-0.35802973532602966
-0.35909903795691206
-0.36196670873852616
-0.3642085599610625
-0.3677326900418848
-0.3683974924998539
-0.369162837198625
-0.3698557545597266
-0.37029919741002637
-0.3706517718179384
-0.37116789672872985
-0.373622963764016
-0.3756022823250128
-0.3767433574423194
-0.3785019507731704
-0.38201111094094814
-0.38272851257715956
-0.3835815515136346
-0.38502163067230294
-0.3851538169120821
-0.3868353438253204
-0.38700078796122955
-0.38843039562925696
-0.38863192855690915
-0.38935271861481413
-0.3903153560337766
-0.3928806396201253
-0.39380487254155533
-0.39447851852757876
-0.39561390552947107
-0.4003491246912745
-0.4020064417483809
-0.40367112518288195
-0.4041535765143635
-0.40477732911838554
-0.4062748174648732
-0.4068316161632538
-0.40690975116522166
-0.4077412648789744
-0.4079737695023401
-0.4093197859890227
-0.4123990946354752
-0.41427349739315106
-0.4145480271739264
-0.41466883833183804
-0.41481780406375035
-0.414949723325185
-0.4184682016057195
-0.4217592234264076
-0.4242698512942297
-0.4245774872133985
-0.42677393939811736
-0.42710543936118484
-0.4299649542028254
-0.4303752754666758
-0.4317946244031191
-0.43251470709219575
-0.43386298382902166
-0.43455579728384586
-0.43481073207221926
-0.43767788517288864
-0.4385276274212326
-0.4392825576396717
-0.4394259055843577
-0.4402488974155858
-0.44176277820952237
-0.44473847965451163
-0.44501377882746357
-0.4453438318159897
-0.44700589815402053
-0.4487521740116386
-0.452524633625823
-0.4539597358119576
-0.45402950690394
-0.45482103736139834
-0.45611342586840586
-0.4586086292030814
-0.46032519720029086
-0.46078103023942923
-0.4609535136260092
-0.46175728309899566
-0.46426530336029825
-0.464674307237874
-0.4660366656462429
-0.46821334356066774
-0.4689945311852387
-0.470927958318498
-0.4717282539544006
-0.4721132980906987
-0.4741280520102009
-0.4751170123236079
-0.47614977454941254
-0.47705751380635775
-0.4773516467927645
-0.47968976182649686
-0.48016907474569354
-0.48163731971483986
-0.482632687035948
-0.48324511652677565
-0.4863953716121614
-0.4873129030340351
-0.4924788365322456
-0.4930223678606126
-0.49371548780861
-0.49553230667435044
-0.49677615202963354
-0.4983330685386641
-0.4985161349643022
-0.4986713328398764
-0.499113958054155
-0.5001746585282186
-0.5004537733038887
-0.5007570333878643
-0.5010092734599312
-0.5017774796699086
-0.505229131745
-0.5075768323784525
-0.5082038193941116
-0.5085385346319526
-0.5087335731368512
-0.5094904871657491
-0.5099343466572464
-0.5106014224390188
-0.5109512145032308
-0.5127264931409931
-0.5133697023071969
-0.5142542060930282
-0.5153351895313244
-0.5168601421406492
-0.5194573135841682
-0.5205631479344447
-0.5234867771124018
-0.5236338997248094
-0.5237459658877924
-0.5237721448195063
-0.5241199242096627
-0.5259744980139658
-0.5326552774058655
-0.5358574973070063
-0.5398684000739684
-0.5423021870665252
-0.5424508236880813
-0.5436453361064195
-0.5479562104213983
-0.5506855417334009
-0.5509906596936551
-0.5514838461829641
-0.5523545683032093
-0.5523953539039732
-0.5540516467764973
-0.5544569218845936
-0.5549896476360219
-0.5557994042659024
-0.5570724788412917
-0.5590117499232292
-0.5594039203417858
-0.5614338883933669
-0.563746734871529
-0.5702897364730006
-0.5750141895550769
-0.5846198988635608
-0.5868680903036471
-0.5899484193484698
-0.5908388357409942
-0.5928413671042237
-0.5935237608436081
-0.5935899303760379
-0.5988919896539301
-0.5998709456595991
-0.6014988744946095
-0.6023833360522985
-0.6046825645583643
-0.6060287831609862
-0.6102567059060675
-0.6149175537459086
-0.6228898535948246
-0.6229714126481364
-0.6230399678267228
-0.6232700889969627
-0.6240866696462035
-0.6343621654974413
-0.6389043681057436
-0.6443401993626847
-0.6459821700358589
-0.6496125926962122
-0.6501422794577154
-0.6510180079245141
-0.6556900500775859
-0.6568322524913128
-0.6576077193623923
-0.6606612542349871
-0.6625927056069486
-0.6647238695564178
-0.6650003960065078
-0.669865157222895
-0.6702282952351702
-0.6708063762634993
-0.6718562256315966
-0.6731298015918583
-0.6737259689433468
-0.6741151343565435
-0.6744494563899934
-0.6754094810636492
-0.6781448595225811
-0.6805694113951176
-0.6814904556163128
-0.6830494799651206
-0.68724185103747
-0.6882717222440988
-0.6883775026976114
-0.6953100824752694
-0.6964091781493542
-0.699717204561845
-0.7017288834787905
-0.7051867818175067
-0.7086747594585177
-0.7111186177004128
-0.7112210815617194
-0.7193464592564851
-0.7231744999686877
-0.7246282667387277
-0.724974892356179
-0.7250842136641343
-0.7286135769798421
-0.7306433071692785
-0.7332432396443826
-0.7413854117194811
-0.7617603642699707
-0.7620124776682738
-0.7636945844472697
-0.7660188463826975
-0.7715072581583323
-0.7721110329901941
-0.7786926004064298
-0.7790886533281688
-0.7805393834631624
-0.7959299091663625
-0.7975783309200779
-0.7992417711764574
-0.8007921241369331
-0.800997731462121
-0.8015835046147307
-0.8030782300435627
-0.8044409877620637
-0.8047828583512455
-0.8074127067811787
-0.810722981300205
-0.8172662708908319
-0.8174649477005005
-0.8178793957224115
-0.8242128207706488
-0.8254036376070871
-0.8280892560724169
-0.8313283097619811
-0.8327699103392661
-0.8352740337140858
-0.836795303679537
-0.8385993838310242
-0.8432841426692903
-0.8463654576480621
-0.8529144287005894
-0.8586881252937019
-0.8605806018109433
-0.8627513484534575
-0.8712689598711828
-0.8781263274868252
-0.8908239865704672
-0.8928577993065119
-0.9009136010925951
-0.9019884342948595
-0.9046223123392944
-0.9097683965228498
-0.9105106515011617
-0.9112454790621995
-0.9145265749345223
-0.9149601390430083
-0.9163608679977747
-0.921685327962041
-0.9239820523245725
-0.9266552839428186
-0.9373291835188866
-0.9516371631851563
-0.9583695085020736
-0.958599554002285
-0.9621807852624139
-0.9625191806990188
-0.9698395787272602
-0.9772375150447866
-0.98019408833934
-0.9873085096478462
-1.0061748206083263
-1.0289369829531227
-1.0346868932247162
-1.0408283879514784
-1.0657117774244398
-1.0660155333268146
-1.0762272775173187
-1.0974739342927933
-1.112201092687125
-1.1183192158738773
-1.1215465813875198
-1.1295348733131374
-1.1395558099417638
-1.1403664350509644
-1.155196909548249
-1.1655114827444777
-1.1802297253161669
-1.1914893174543977
-1.2078913167739909
-1.2112495138862869
-1.2811911086707066
-1.2935353194673855
-1.2955979108810425
-1.3086057882755995
-1.3109620958566666
-1.3250190690159798
-1.3327090742968721
-1.379913255572319
-1.4007309675216675
-1.407400757074356
-1.4130974479019642
-1.4145164986451466
-1.436807319521904
-1.4740773439407349
-1.5531989932060242
-1.6117780287750065
-1.665213018655777
-1.690030511468649
-1.6903857588768005
-1.723283264436759
-1.7472458055708557
-1.8060054514789954
-1.8096764385700226
-1.8195548057556152
-1.849957637488842
-1.864556444187959
-1.9089855551719666
-1.9761608516419074
-2.026786724726359
-2.063761383295059
-2.0751855354756117
-2.1092465221881866
-2.113365280092694
-2.138951361179352
-2.1900812909007072
-2.2205728366971016
-2.2864341102540493
-2.333902915318807
-2.3592952887217202
-2.3598567643339265
-2.4047460556030273
-2.4308469891548157
-2.4611473270536712
-2.5284716300666332
-2.5361529514193535
-2.5808207255540765
-2.614807420662449
-2.622019267117139
-2.7427751468494534
-2.748066872358322
-2.7889788930230375
-2.791323796942985
-2.831338421693848
-2.9578040425591703
-3.897327340739139
-4.015795449048407
-4.0325310611588066
-4.072834998369217
-4.176487565040588
-4.1908632854465395
-4.239540752634639
-4.332409080729121
-4.467208561167354
-4.497003197669983
-4.730628728866577
-11.5835542678833
-13.48867130279541
