-0.00015480940930956422
-0.0009925027526757428
-0.0018286615924288136
-0.004911685781634232
-0.005697874958059401
-0.008232432184740901
-0.01277247145948682
-0.013464874820783734
-0.019094686955213547
-0.02216669311746955
-0.027970664028847143
-0.03171313982529682
-0.03417723882012069
-0.042000376375654014
-0.04970054797983418
-0.052411666382145734
-0.0562090275081573
-0.058347523111251576
-0.058449910332759224
-0.06308965373318642
-0.06618236756476108
-0.0721772127551958
-0.07483116508071609
-0.07546956814154068
-0.07724274805689978
-0.07919827178120613
-0.08267407693589728
-0.08342764033358645
-0.0887700350018008
-0.08959181693116988
-0.09328101963425676
-0.09485318215392909
-0.11029198861842815
-0.11567074805498123
-0.11762789274532931
-0.13178740559105256
-0.13454332809214975
-0.13494923203486703
-0.14109529818360897
-0.14132964352878238
-0.14722382638865383
-0.15199604602116779
-0.15853886045515536
-0.1606362886961086
-0.16322051989845932
-0.1672911951613969
-0.17960936114610604
-0.18029093865610507
-0.18191173037466796
-0.18273722819463323
-0.18844874530748257
-0.18875500540925064
-0.19186195110554158
-0.19193526966653604
-0.19304531320624216
-0.19317034723159546
-0.19483497345290743
-0.19560278838156997
-0.197504303708835
-0.19841195829212666
-0.1986339360644706
-0.20273515728167696
-0.20674537311384078
-0.20969399381428958
-0.2101602105157225
-0.21071367886015652
-0.21117203662759362
-0.2178570426312035
-0.2195517060338586
-0.22066914055758388
-0.22067728593507732
-0.22428769731080442
-0.2246567617777752
-0.22542185336917303
-0.2254583977628813
-0.22558713377241343
-0.22578754146483193
-0.2265420754866422
-0.22696110174026923
-0.2274784112153308
-0.2285369655888644
-0.22864926152690784
-0.23023678258323343
-0.2316932364002696
-0.231840198799091
-0.2319435787756867
-0.23327230230650178
-0.23508165095263395
-0.2369807651989347
-0.23735520114314568
-0.24107875330118336
-0.2414201641232092
-0.2415538180675867
-0.2417377186666777
-0.24679868170946503
-0.24902697806751348
-0.2490660211913362
-0.24989649945766562
-0.2505418003183877
-0.2537073128809829
-0.2551640688770931
-0.2553628569645688
-0.2585038558380412
-0.2590711685655454
-0.26000774203229987
-0.26122797338686926
-0.2635508450150155
-0.26624285547201837
-0.26691400172472235
-0.26850358024748855
-0.2693380222650035
-0.26985056485029035
-0.27672506492522186
-0.27720966299188254
-0.27758111385507317
-0.279613501332733
-0.28018353953583836
-0.28574261331780637
-0.2858871585849556
-0.28705004308593135
-0.2882155245868489
-0.28838431179921076
-0.2918503882918177
-0.29255101836210645
-0.2936804338394359
-0.2945554055255771
-0.2949021700358571
-0.29561873711645603
-0.29586827254317744
-0.29630468524955295
-0.29645011699858514
-0.29656120054611773
-0.2966595268808305
-0.2990470695346544
-0.29908059979546425
-0.30007214334145393
-0.30058023283576263
-0.3020510758821426
-0.30242908505950816
-0.30698641698127177
-0.3072655002332694
-0.3074253780359868
-0.3094577445771544
-0.3095572365120223
-0.30984655849655
-0.30993542946043817
-0.3101113237987875
-0.31068248258381775
-0.31162548867157763
-0.3130751773715019
-0.3139161698571115
-0.31428817193883724
-0.3158104081137156
-0.3165659268861418
-0.3169187184157636
-0.31712491949838295
-0.3174652058535338
-0.322436649138884
-0.3232747816254384
-0.3246540593829195
-0.3247105194239504
-0.32478384077034034
-0.32480133573780123
-0.3256010362464521
-0.3266698627750262
-0.3282016662425121
-0.3282626317000904
-0.3286329147431388
-0.3289533433829039
-0.3301983135666887
-0.33028409693652067
-0.3309215086745098
-0.3316818210296333
-0.33183199450792245
-0.332031737016041
-0.3321368801900462
-0.33225832676467687
-0.3325921599369167
-0.33370331112827345
-0.334670524508342
-0.3358134453493103
-0.33845128875426506
-0.33849431551321424
-0.3412606557831168
-0.34205664899387295
-0.3432015258988031
-0.3434143521904616
-0.34409207451244583
-0.34444156309369384
-0.3444659464178544
-0.345256680528954
-0.3480973531750351
-0.3492310943251141
-0.35083575315263715
-0.35116051710310786
-0.351642274445112
-0.35322306090965866
-0.3537747892733629
-0.35443337674205394
-0.35512357186005583
-0.35546203317452246
-0.3576966347533543
-0.3592685087619975
-0.35961026675403657
-0.36099729215493426
-0.3623122184165238
-0.3624302180182481
-0.3626037471887165
-0.3657764208030465
-0.3675027404527782
-0.36765524305986524
-0.3710151931296271
-0.37153407494770363
-0.3722342327107646
-0.3725041256280406
-0.37263933257923376
-0.3738878575756341
-0.37437424209305653
-0.37483408220577985
-0.37778627837019485
-0.3798759925093691
-0.3811073221813558
-0.38141750911417266
-0.38286749376372126
-0.3840343330902114
-0.38700696814937274
-0.38767361259781935
-0.3879345655441284
-0.38990804999048123
-0.3918459302273862
-0.3919523288728669
-0.39275259698297305
-0.39411225528393906
-0.39419299066066743
-0.39482474055906397
-0.39540668599202033
-0.39635888211323617
-0.3971106824243717
-0.3984381930281984
-0.3998515012873603
-0.4001717523892694
-0.4003609718919116
-0.4046955668440205
-0.40479379806492943
-0.4050128831760958
-0.40525356710622873
-0.4053495344736196
-0.4075091598538165
-0.4085496898777429
-0.4089576040627435
-0.41029740945014054
-0.4108739695764598
-0.4145573992726794
-0.41507637472437864
-0.41520215074221295
-0.41539127603682574
-0.4154206659550461
-0.4190851613388986
-0.42029016388447155
-0.4224194233538583
-0.4231877506931596
-0.42382536890646505
-0.42408516720697664
-0.42420295336549835
-0.4255697671949292
-0.430311670475122
-0.4307247783096197
-0.4322097158057239
-0.43341408561294276
-0.43346785339235794
-0.4338681108318269
-0.43430810943755205
-0.43441525309464685
-0.4363676838269157
-0.43700695126103206
-0.4376014582812786
-0.44029997747857125
-0.44180836738987156
-0.4441770966818455
-0.4464973636925909
-0.4472300963640919
-0.44980582159359983
-0.4498103338160685
-0.45076247095130384
-0.4510872390892473
-0.4511508842522744
-0.45276030340946816
-0.4529158459743485
-0.45335615070136254
-0.45383812775835397
-0.4552367741312082
-0.45614131849606565
-0.45669095827952333
-0.45805873248459
-0.45917605758151897
-0.45963347102269836
-0.46537254861632393
-0.4669715364929289
-0.46877587037160995
-0.4688910457220118
-0.4693465324233234
-0.47117283888711914
-0.4716741561068375
-0.4732366268755868
-0.47398970937562507
-0.4740383758209646
-0.47425477598562793
-0.4746522009372711
-0.47572750136674813
-0.47627210761174865
-0.4768880289280787
-0.47827555077674333
-0.47943136938334874
-0.4798609732178092
-0.47993649104552105
-0.4803779165328954
-0.4840858590505377
-0.486623980725805
-0.4873325099851513
-0.48780085455973676
-0.4910254051210359
-0.49164245071588086
-0.49183790777578906
-0.49512883126735685
-0.4954461941565569
-0.49556352152910677
-0.4969779809697294
-0.4978500668735819
-0.4984815959051957
-0.49895539773362024
-0.5000412050139857
-0.5003087521763518
-0.5003579272888601
-0.5006021233081507
-0.5017283488179297
-0.5020315489498899
-0.5025514469476207
-0.5028634761897087
-0.5031670862808824
-0.5047204082210986
-0.5068406494600433
-0.5070145808907304
-0.5083684906712733
-0.5085262582948076
-0.5088923601848023
-0.5089721549460364
-0.5091282909115283
-0.5133209240962628
-0.515289888959766
-0.517855912601533
-0.5181932434788905
-0.519858853581051
-0.5203611963501317
-0.5205898940097541
-0.5218569223002305
-0.5222694797751805
-0.5232358604876531
-0.5238031182172043
-0.5240727162743295
-0.5286838366494825
-0.5295682975556701
-0.5301893659681001
-0.5310745538826609
-0.533280813413772
-0.5337899532169104
-0.5339556549908593
-0.5345702066086233
-0.5346259051171728
-0.5361107194330543
-0.5363934511939684
-0.5370437647351309
-0.5372429975411959
-0.5381654576631263
-0.5393428946980521
-0.5405822843313217
-0.5412549968012854
-0.5421617975457593
-0.5442245844751596
-0.5442724391352385
-0.5451013319659979
-0.5452916561043821
-0.547115610835265
-0.5479712970045512
-0.553225153791053
-0.5569056400721593
-0.5586947186044805
-0.5588760947342962
-0.5613337581194678
-0.5640090873483652
-0.5640442520949104
-0.5647000731842127
-0.5654540065675064
-0.5685602852166388
-0.5725133733125404
-0.5734459457999037
-0.5753181676069895
-0.5765952509713576
-0.576667800672691
-0.5776452565332875
-0.578687548002381
-0.5790776493343704
-0.5808092476218008
-0.5847766541175284
-0.5863532050861977
-0.5864708795212209
-0.589035846958203
-0.5920782409569559
-0.5935595706105232
-0.5937335518028704
-0.5938909227050317
-0.5950672420905903
-0.5967010706663132
-0.5993258726916143
-0.6032606195658445
-0.6039079297333956
-0.6052649449395378
-0.6054077128258845
-0.6056864024990823
-0.6087146752513946
-0.6089450300981601
-0.6093158620800144
-0.6097130179405212
-0.6118816530377242
-0.6136563061736524
-0.617017782160214
-0.6220533698331565
-0.6234093063680121
-0.6241011715262305
-0.6253868316610655
-0.6282640694873407
-0.6301818385046707
-0.6320022944360971
-0.6340960864908993
-0.6348103506570624
-0.6375149161888528
-0.6380100577080157
-0.6409172136695166
-0.6414654401622621
-0.6420998178422451
-0.6427795251423959
-0.6429573895099262
-0.6445110891169558
-0.645545719070859
-0.6469750295160338
-0.6472722576665026
-0.6492599775083363
-0.6493499449321202
-0.6512303026138397
-0.6529045766219497
-0.6541016916079181
-0.6578120644712313
-0.6590887038332767
-0.6600091576576232
-0.6620085657507714
-0.6635868006851524
-0.6663351079041604
-0.6667931748935106
-0.6677458985941485
-0.6698972569417189
-0.6714206634023867
-0.671569181419909
-0.6793490906923332
-0.679496607137844
-0.6806706240662607
-0.6819094107021455
-0.6823172233998775
-0.682446900010109
-0.6835076547327584
-0.6844096226600414
-0.6870696442589784
-0.688141653648529
-0.6898611941724084
-0.6927232405170798
-0.695110235363245
-0.7000780316536422
-0.7003646191276077
-0.7032106780513588
-0.7066284465399804
-0.7085133075714112
-0.709666483104229
-0.7182325979229063
-0.7188268290471266
-0.7192661981763584
-0.720731734111905
-0.7251226551830768
-0.7271153137087822
-0.7272177586952845
-0.7290411261540916
-0.7307425372612973
-0.7349091593430124
-0.7418389444549879
-0.742135214881273
-0.7427234449908914
-0.7450928933297595
-0.7460695087909699
-0.7557718219177332
-0.758271754719317
-0.7593425661325455
-0.7595634268140202
-0.7610626272857189
-0.7617432403977935
-0.763200209204418
-0.7658608962471286
-0.765962584191584
-0.7668273935560137
-0.7738677170418669
-0.7763513953735431
-0.777196329087019
-0.7776735333094881
-0.7788364864619715
-0.7811473595599333
-0.7832246853649849
-0.7843322468300661
-0.7847263615549309
-0.7863400727510452
-0.7866544003287951
-0.78819560687989
-0.7922874540090561
-0.7957824058830738
-0.7992381358519196
-0.7992788528402647
-0.8023069027591797
-0.8025753572583199
-0.804698690364603
-0.8066525773777228
-0.8066855922341347
-0.8081115414970554
-0.8178404135008653
-0.8178471189923584
-0.8183829934181025
-0.819449657201767
-0.8202949439485868
-0.8208787911571562
-0.820914413034916
-0.8228934649895463
-0.8257860791636631
-0.8263995960354805
-0.8282107841223478
-0.8321742887298266
-0.8383918479084969
-0.8385738997409741
-0.8467464572817595
-0.8472704143641749
-0.8502157300710678
-0.8523971856468253
-0.8530235290527344
-0.8576620198786259
-0.8585705397029718
-0.8586785842664539
-0.8615735487721394
-0.8622605979442597
-0.8674592450261116
-0.8681173580116592
-0.870174122005119
-0.8725263848900795
-0.8733549905674798
-0.8751006878058737
-0.8757685497403145
-0.8761424198746681
-0.8763294690097609
-0.8781828646148954
-0.8817957072518766
-0.8827026158571243
-0.8847813783407522
-0.8849304862129169
-0.8866224810481071
-0.8884668728715042
-0.8889226416746775
-0.891683169233147
-0.8983486257493496
-0.9005177996587008
-0.9012717673467705
-0.9031945541501045
-0.9046769784763455
-0.9064476005733013
-0.9129719715565443
-0.9135821983218193
-0.9180184849537909
-0.9181984782917425
-0.9185237064957619
-0.9190814170484979
-0.925060624655493
-0.9253916405141354
-0.9292287272505241
-0.9335642938967794
-0.9335873574018478
-0.9379705710737957
-0.9383724965155125
-0.9394790649414062
-0.9434871889650822
-0.9531318375840783
-0.9584723448380827
-0.9624950215220451
-0.9648549954096476
-0.964905458688736
-0.9670667168715487
-0.9733334697782994
-0.9759454180020839
-0.9831117032632132
-0.9845297845701376
-0.9888295903801918
-0.9971749088726938
-0.9979930445551872
-0.9982927242914835
-0.9989096112549305
-1.0012784202893574
-1.0064891486739118
-1.0080441733201344
-1.0101994498545537
-1.0102633833885193
-1.0243431515991688
-1.0265330895781517
-1.0339358270168304
-1.0350200726631253
-1.036043444648385
-1.0413425619481131
-1.0436573714017867
-1.045194149017334
-1.0501547027379274
-1.0554567382603182
-1.0578602582216263
-1.0583845674991608
-1.0733512897510082
-1.0795572479920728
-1.0802212953567505
-1.0914192048832774
-1.0948208769162495
-1.1038283973932266
-1.10789286520303
-1.1081680189818144
-1.1174216603394598
-1.1186766661703587
-1.1212926432490349
-1.1234241525332134
-1.1280673233171303
-1.1284333548402563
-1.131665056454949
-1.1321483453114827
-1.1335995307890698
-1.1380923844408244
-1.1420576036907732
-1.1444074461857479
-1.1445990204811096
-1.149381935596466
-1.1497054830499565
-1.1503089785575866
-1.1524071549790733
-1.1598748989403247
-1.1610771613195539
-1.1647187154740095
-1.168159508612007
-1.1695366650819778
-1.1706607460975647
-1.170876270858571
-1.1731113617618878
-1.17391336732544
-1.1791985034942627
-1.1805649161338807
-1.1826168562984094
-1.1864652826431363
-1.1866711576779683
-1.1945957615971565
-1.2009277393420537
-1.2014988362789154
-1.2031046263873577
-1.2142092908616178
-1.2144029317423701
-1.2160946875810623
-1.2177636861801147
-1.2299196595946948
-1.2308382987976074
-1.2319467313240497
-1.234148352711054
-1.2348336976909196
-1.2350116294498246
-1.245646893978119
-1.24787433942159
-1.249575823545456
-1.2564410883933306
-1.262394869327545
-1.2629642114043236
-1.2649562917649746
-1.2735487476747949
-1.2752262130379677
-1.2787283658981323
-1.2848063826560974
-1.2893843576312065
-1.3067348003387451
-1.3097390135129292
-1.32245507525901
-1.3285331428050995
-1.3306832790840417
-1.3318199813365936
-1.3320643723011016
-1.3361372627550736
-1.337129294872284
-1.341078167160352
-1.3413007259368896
-1.354465302079916
-1.3560551429788272
-1.3616175279021263
-1.3674464176098506
-1.3694485649466515
-1.3781908880919218
-1.3840335008086793
-1.3884917870163918
-1.3911152184009552
-1.3926585391163826
-1.3940182030200958
-1.403027594089508
-1.405386209487915
-1.4084109216928482
-1.4084701240062714
-1.4138983345280092
-1.4348867265507579
-1.4393059719974797
-1.4463292409976323
-1.4628490856848657
-1.4643109738826752
-1.4697247743606567
-1.4721922874450684
-1.4762529134750366
-1.4763146415352821
-1.4816259071230888
-1.48557648062706
-1.4886914491653442
-1.4890064746141434
-1.5014427502950032
-1.502297321955363
-1.5049336453278859
-1.5182242393493652
-1.519210860133171
-1.525508552789688
-1.5586239351614495
-1.5707635184129078
-1.574526071548462
-1.5870022475719452
-1.5946030137711205
-1.5970959663391113
-1.6025196487704914
-1.6146394610404968
-1.6176812052726746
-1.6251460313796997
-1.631552666425705
-1.6417186707258224
-1.643808404604594
-1.6528844833374023
-1.6560777425765991
-1.6631450990680605
-1.6660301837449272
-1.677146593729655
-1.6790136098861694
-1.693797695217654
-1.698655128479004
-1.7026189772877842
-1.707928393036127
-1.7256235480308533
-1.7535371606548626
-1.754418045282364
-1.800677623017691
-1.8255841258014698
-1.8291265964508057
-1.84939906001091
-1.854372262954712
-1.8560686451382935
-1.8582078218460083
-1.8658999092876911
-1.9197126626968384
-1.923088550567627
-1.9246991872787476
-1.9289079308509827
-1.9367734491825104
-1.953911155462265
-1.958562433719635
-1.9759703874588013
-1.9780622720718384
-1.9803566594297688
-1.9805302321910858
-1.9952268997828166
-1.9961715340614319
-2.0169644355773926
-2.018393450707663
-2.0265987316767373
-2.03152996301651
-2.0728552043437958
-2.1004638671875
-2.1048510348579534
-2.106919659456859
-2.115124324336648
-2.116215467453003
-2.125038117170334
-2.1463932394981384
-2.188790867726008
-2.1914413571357727
-2.1930290404707193
-2.2008186954026314
-2.201048430171795
-2.206742310176742
-2.2173633575439453
-2.2265278100967407
-2.24489688873291
-2.263162096341451
-2.3344629108905792
-2.343081831932068
-2.3612852096557617
-2.438617706298828
-2.439196899533272
-2.5513267517089844
-2.560984969139099
-2.5897235572338104
-2.6548571586608887
-2.6829285621643066
-2.688609315082431
-2.716465651988983
-2.7212440967559814
-2.7486934537882917
-2.795499086380005
-2.86986716396738
-2.878109633922577
-2.886239915987005
-2.8996052742004395
-2.9033705592155457
-2.9618484973353816
-3.012933938555458
-3.0152831077575684
-3.0898795127868652
-3.1037154264398246
-3.1824002265930176
-3.304620834244512
-3.306261943653226
-3.3079880475997925
-3.3559389114379883
-3.4552555084228516
-3.6524867285043
-3.876492202281952
-3.956622838973999
-3.997959814965725
-4.013736724853516
-4.414902210235596
-5.470754146575928
-6.09369421005249
-8.14891242980957
-8.354207992553711
-9.013031005859375
-9.050731658935547
