-2.6860821587130584e-05
-0.0015668127598473802
-0.004515052410681619
-0.04699106148589181
-0.058352635242044926
-0.07052397697261767
-0.1474304378098168
-0.14897412964844328
-0.17311284274645997
-0.1746189823467527
-0.18599341054454677
-0.1878649380269486
-0.19481394169666932
-0.19921275743579578
-0.20072481367488848
-0.21493518154602498
-0.21885718461472997
-0.23718910649014496
-0.23806018532005788
-0.23996100095546016
-0.24006798391395745
-0.24060975009524554
-0.24081588144798888
-0.24118010722604258
-0.2432446832090136
-0.24659315545731833
-0.25264159304740696
-0.2527266406051543
-0.2577399215970011
-0.25818759337499403
-0.26744090403147425
-0.26820735204910306
-0.26837515319870625
-0.26936138927740105
-0.26956243560938936
-0.2700137761770748
-0.2705147900277983
-0.27108140160513966
-0.27219911943978203
-0.27373783430342274
-0.27391035999569013
-0.2744717937990673
-0.2755171986114874
-0.28351497128544534
-0.2841851498903452
-0.2861688454951426
-0.2865268408091791
-0.28913792819134715
-0.289222863120293
-0.29065086568509285
-0.2931609610968735
-0.30010413702728006
-0.3012534653084195
-0.30310324883724277
-0.30441117632498
-0.3131554242262306
-0.31505904029913484
-0.31658375426930435
-0.31709623861934233
-0.3172438245992089
-0.3187223131405082
-0.31955909890927037
-0.31969632612308485
-0.3203541013212998
-0.3218060717730883
-0.32191991080419585
-0.3223390571320124
-0.32573041533478003
-0.32653521757706117
-0.32750976983678765
-0.32770563285601384
-0.32808312003775925
-0.33059059876549407
-0.3320528801190309
-0.33273416286748314
-0.33401421372788415
-0.33472352514460607
-0.33548071970173104
-0.33671124893216503
-0.33728112776880154
-0.3377351190113889
-0.33951142349105795
-0.3400502524817057
-0.34380315298991404
-0.3443125930732724
-0.3443768281307712
-0.34687717087748143
-0.34699942778097465
-0.3474645618205159
-0.34833297020291604
-0.3485461115076077
-0.3487719336537541
-0.3487832409038674
-0.3494696873136718
-0.3497095093487587
-0.3509604137902248
-0.35100038159043834
-0.351181372650899
-0.3517013947249242
-0.35177889768525955
-0.3552991425494838
-0.35914662027321353
-0.35939823467667925
-0.36107680362101746
-0.3625021352453359
-0.3637213648467196
-0.3646921670949125
-0.3676650882530623
-0.3679360226810281
-0.3696265592260488
-0.37131355197238414
-0.37594874494728475
-0.37627818730137125
-0.37646826665453165
-0.3773289326434224
-0.37780696290731913
-0.37839167483784525
-0.3824979481898481
-0.3838144321861263
-0.39097998249481486
-0.3925369993526601
-0.3957509985462261
-0.39861046266351724
-0.39911982191646683
-0.3992029848383166
-0.3992400913921301
-0.40254666934509425
-0.40886361535905796
-0.409813483643221
-0.41275538023328406
-0.4133789540642283
-0.41354837386897997
-0.4154331838217331
-0.4173989982778039
-0.42002445767745183
-0.42026114303602796
-0.4209721768606414
-0.42434012064930154
-0.4251545585289326
-0.4252174005128576
-0.429229216840718
-0.4299920726756682
-0.43086848111003445
-0.4319892257319427
-0.43489737824529584
-0.43961191946291367
-0.44116258657027174
-0.4475940068597473
-0.45204608547574027
-0.4523537344039968
-0.4526748492673505
-0.4575705882452894
-0.45769513661707606
-0.4590757398753859
-0.4615234870435415
-0.4710012291131231
-0.47551397455875605
-0.4778014459817541
-0.47797839825521543
-0.4799990113554356
-0.4806610553414935
-0.4848309771041386
-0.48685732047609537
-0.4873612705248109
-0.48889071926896577
-0.49175801463143215
-0.4962232174759265
-0.49624267775620867
-0.4963747975139995
-0.510500415832818
-0.5121133309003199
-0.513049636798678
-0.5142602563500986
-0.528256609269445
-0.5341794105654116
-0.5359858569234348
-0.5364353723113405
-0.5374164333457884
-0.5399397541768849
-0.5413523726466077
-0.5620308932393527
-0.5643147245723867
-0.5645733059105363
-0.5696069963806722
-0.5767931167792995
-0.578819964939612
-0.5830404314999669
-0.5882387520551143
-0.5884886654093862
-0.595754194931942
-0.6009673721409854
-0.6140571749375441
-0.6188919128229221
-0.6270049965078025
-0.6391940488500722
-0.640994548490562
-0.645871481547753
-0.6484412368863559
-0.6515058673380736
-0.6567104002460837
-0.659168260964725
-0.6642961342392179
-0.6660647298288366
-0.6667520735350555
-0.6737498115937341
-0.6760213652596576
-0.6772446761770728
-0.6868999433863792
-0.6871444454307494
-0.6975016113847232
-0.6979371049965266
-0.7088061546783138
-0.7120768963548472
-0.7141819911330458
-0.7258613124528589
-0.7274816312838084
-0.728593537502699
-0.7404999413538462
-0.7455668035301122
-0.7751707956427708
-0.7770289173240599
-0.7790661715637498
-0.7809618381692821
-0.7812533750219472
-0.7840418017863158
-0.7866486807747606
-0.7919840099121858
-0.7920633484609425
-0.8047259720697184
-0.8052722569555044
-0.8063040510494375
-0.8073403220623732
-0.8073937892913818
-0.8085136283189058
-0.8136735459168752
-0.8141158353537321
-0.8364156210896567
-0.8367467663847492
-0.8799550354418898
-0.8807217997102563
-0.8826701700066527
-0.9048689746033005
-0.9141038358211517
-0.921734532341361
-0.9234758898285994
-0.9327576570212841
-0.9391504610248376
-0.9422305133193731
-0.9585816860198975
-0.9625534788448477
-0.9727854977051417
-0.9746963152099852
-0.9799971672825146
-0.9811572978893915
-0.9815025983511337
-0.9976809911859164
-0.9994794068927442
-1.0002236366171928
-1.0013124240370719
-1.0304717289619378
-1.0538147962652147
-1.0560606668392818
-1.0645424879156054
-1.0757302021484065
-1.0866143799178
-1.0969422459602356
-1.109470330644399
-1.1118144886048829
-1.2833477780702083
-1.3538084683629374
-1.391341472665469
-1.422598143108189
-1.511359121184796
-1.5493528013987543
-1.647559642791748
-1.7755452916505305
-1.7773059010505676
-1.8887571096420288
-2.079089045524597
-2.118457153439522
-2.1662924984072256
-2.294012665748596
-2.4169578049331903
-2.9513019286096096
-3.3152770698070526
-3.4346927404403687
-3.5438853800296783
-3.5808374285697937
-4.011541485762639
-4.201543884714435
-4.99696683883667
-10.335917472839355
-15.371109962463379
-15.695290565490723
