-0.012329269666224718
-0.033017605368513614
-0.061518324893602934
-0.07978942427871516
-0.11158194233264242
-0.15882471023905964
-0.16266947598972667
-0.17385713760338078
-0.2131732566178673
-0.21741147701783728
-0.22903911427965795
-0.2423898231703788
-0.3013923571704384
-0.3201376972061361
-0.3325427398085594
-0.3350948218256235
-0.33610405928144854
-0.3362878164058968
-0.33788937565607385
-0.3448907245416194
-0.3501523942460254
-0.35179024934768677
-0.35187871793750675
-0.35254342769427843
-0.354002445574022
-0.35873995844651124
-0.3601830545069081
-0.3649062982738925
-0.3655823353731718
-0.36616562902927396
-0.37149908024548495
-0.3750804170966148
-0.3781623840332031
-0.37906627285493805
-0.3833298983850649
-0.3859468733026006
-0.39050151114934123
-0.39134671857270104
-0.3934582224381821
-0.3936197739482547
-0.3978406283767981
-0.3978545195617092
-0.39792138018761763
-0.3991160271107219
-0.406333377507508
-0.4069134418421206
-0.4097599564314199
-0.4122206461150199
-0.4125816299667349
-0.4127992370519608
-0.41626296314061617
-0.416645691515961
-0.4178199274985153
-0.41802036799766173
-0.4182953213263924
-0.4215822120507558
-0.4217832866722477
-0.42546983082429507
-0.42772079863701945
-0.4299275264929747
-0.4308677583123261
-0.4356953794106274
-0.4377386100693709
-0.43785741785541177
-0.4396726671711076
-0.44643649888609577
-0.4482472063100431
-0.45010146671362844
-0.4565601689973846
-0.45658858566362737
-0.45685216029914955
-0.45913753371375304
-0.459406323437579
-0.4662187149203549
-0.4701385762108167
-0.47027368988082424
-0.47330851605095503
-0.47356892973628073
-0.474879292249882
-0.4753017124254256
-0.47644089737092143
-0.48051376750559677
-0.4810122158979495
-0.4812974083636488
-0.4850682709366083
-0.48892666998238254
-0.4981260184302098
-0.49833016285415865
-0.49879516779699107
-0.4994047898986277
-0.5022381633437666
-0.5047043577198767
-0.50564049641955
-0.5068235463566251
-0.5088226104034456
-0.5095687426626683
-0.510803608087978
-0.5112206909689121
-0.5136956773106552
-0.5156948637278915
-0.518857508285523
-0.5196019282564521
-0.5208452703999893
-0.5226597161015013
-0.523511442873213
-0.5238301923791705
-0.5254068620935348
-0.5264287193616232
-0.529334774799645
-0.529582899823171
-0.5330759559981909
-0.5350689808998642
-0.5353985041379928
-0.5372429543196977
-0.5379895850245913
-0.5386989084294155
-0.5404343927511945
-0.5405027696979232
-0.5416125773978516
-0.5418164101429284
-0.5419057734182169
-0.543386111719883
-0.5438554640859365
-0.5456933230161667
-0.5457171906775329
-0.5460678942344042
-0.5469817752018571
-0.550422418773031
-0.5509183396643493
-0.5524041592974148
-0.553904882698719
-0.5556991513818502
-0.5559298105340881
-0.5671252417766178
-0.5686850235797465
-0.5734587998013012
-0.5752074556159121
-0.575259824256963
-0.5755041028658691
-0.5809689509527137
-0.5832986409465472
-0.594823104017825
-0.5964437190527355
-0.5981870768591762
-0.6000633530196259
-0.6079954468231235
-0.6084876268578228
-0.6099474368726078
-0.6123437420910169
-0.6197848693002015
-0.6242938544601202
-0.6333921460434795
-0.6339495173758931
-0.6365019247584444
-0.6394740399749329
-0.6410607500933111
-0.6423312003413836
-0.6459960892796517
-0.6544948809314519
-0.6550715782213956
-0.6619807749986648
-0.6619858681741688
-0.661987917190085
-0.663025832000858
-0.6705321338959038
-0.680247149663046
-0.6865526701190642
-0.6877698991447687
-0.692702059767076
-0.6938784133642912
-0.6986629217863083
-0.7037137756124139
-0.7039044621504016
-0.7104132662061602
-0.7172294409247115
-0.72666587959975
-0.7427847921848297
-0.7653886768966913
-0.7700420688837767
-0.7704024910926819
-0.7784704821339498
-0.7853023449424654
-0.811422199010849
-0.8199550740420818
-0.8258431146387011
-0.8297966096239785
-0.8446247398853302
-0.8447003066539764
-0.8454496467020363
-0.8495681714266539
-0.8637922614812851
-0.8724355298715333
-0.8852030634880066
-0.8907700332347304
-0.8971035957336426
-0.9398634930451711
-0.9618690201702217
-0.9619066913922628
-0.9636014811694622
-0.974560393486172
-0.9978491564591726
-1.003060057759285
-1.028774161823094
-1.0583814357717831
-1.05850545829162
-1.0585623083636164
-1.0876656211912632
-1.1079287398606539
-1.1147745981812478
-1.1435175637404125
-1.1896306437750657
-1.2130435816943645
-1.2991863546893
-1.3015203376611073
-1.3582557241121929
-1.4069284088909626
-1.4340127050876617
-1.485475887854894
-1.5246062353253365
-1.6242100596427917
-1.7267840504646301
-2.308470593454937
-2.337116238040229
-2.355027216176192
-2.3883575797080994
-2.458022892475128
-2.662867933511734
-2.806677281856537
-2.812189113969604
-3.408606751356274
-3.515162213239819
-3.628647029399872
-3.719798743724823
-4.077730655670166
-4.5137879848480225
-5.088033616542816
-5.44142484664917
-8.342794418334961
-8.456474304199219
