-0.0005150898941792548
-0.012825219659134746
-0.040003702044487
-0.06467498699203134
-0.0691989419516176
-0.07024144940078259
-0.07195891412690496
-0.09027501216041856
-0.11987185291945934
-0.1421527581071132
-0.14588582556752955
-0.14638209187736115
-0.14696223040421805
-0.15590720858526766
-0.1600411031395197
-0.16099831042811275
-0.17122543443252247
-0.17650416679680347
-0.18096246661817922
-0.18581418134272099
-0.19556510355323553
-0.20206158585497178
-0.20267853446566733
-0.2102772740763612
-0.2120728443066279
-0.21374935674248263
-0.2159143583331671
-0.2201492748932009
-0.22789376649436438
-0.22931088879704475
-0.23464675189040318
-0.2389027394625979
-0.24184350403932817
-0.24401398586827175
-0.24687631051492645
-0.2530578171706446
-0.2543032354672808
-0.2548734223008588
-0.2581552046790926
-0.2608823970228514
-0.26174309104681015
-0.26750991619857295
-0.26943397413318354
-0.27020431767014086
-0.2719595680634181
-0.2782905777408318
-0.28007558206203004
-0.28476523629991185
-0.291293931592788
-0.2938194640782268
-0.2941797105348087
-0.29653645834581477
-0.29687546923135716
-0.2972275774918671
-0.2975090554941239
-0.301311857674805
-0.30150399832642244
-0.3023742191900965
-0.30421770080316823
-0.30730539814103397
-0.30954367392665255
-0.3116219471106888
-0.3123130502188966
-0.312375921489937
-0.31474612198071555
-0.31661431801112483
-0.319736930342125
-0.3205377165986214
-0.32277314154198394
-0.3235009263968095
-0.3268971448764205
-0.3280071798188146
-0.3307382093688729
-0.332762011453659
-0.3338256637922583
-0.33503949458245186
-0.3378219065887
-0.3398342554921328
-0.34196734014258257
-0.34548447745619343
-0.3470842255041394
-0.3480819370514447
-0.34837540224128005
-0.34899673552718014
-0.3494269833608996
-0.3496276117663141
-0.34969286180967174
-0.3514196143874869
-0.35180088475244703
-0.354858939514088
-0.3558319839530668
-0.3602917207709569
-0.36040464185902643
-0.36068861520011286
-0.36260376140762673
-0.3627666012971531
-0.36392596662044524
-0.3656097348430194
-0.3656887155648292
-0.36724490178748964
-0.36871034404393865
-0.36873935999210516
-0.3688467700655262
-0.37082729039284457
-0.37121498960529126
-0.37286677327129936
-0.3733995663933456
-0.37403258027097763
-0.37421008378013915
-0.37465226819040254
-0.37465877462901437
-0.3758414354879278
-0.37902183623685104
-0.38044290818288573
-0.38088627912566153
-0.3826312024753669
-0.3830868025914242
-0.38317398932290064
-0.3837529017828274
-0.3838203027844429
-0.3864845911323625
-0.38679992819460396
-0.3883827108889818
-0.3893790140002966
-0.3894220388422127
-0.3897383874282241
-0.39067931149329527
-0.39095524711781765
-0.39100800454616547
-0.3915421295794658
-0.3921183395044257
-0.3923570301768551
-0.3925633997092849
-0.39353086339930693
-0.3949166401846294
-0.39523335781511076
-0.3954963689403875
-0.39766776431861217
-0.3979622450195685
-0.3982719191086429
-0.3990719146760447
-0.3994131088256836
-0.39942900157932726
-0.3999453689903021
-0.40152169360468787
-0.4020793964820249
-0.40321285613269237
-0.40385208205957085
-0.40519683559735614
-0.40596155881839563
-0.40630556205287577
-0.40738181352415787
-0.4079256127505297
-0.4096502649659265
-0.4099614453880349
-0.4100636536708667
-0.41027653376586387
-0.41041039165187004
-0.41156193147413433
-0.41292412890470587
-0.41341753625893035
-0.4157829755917192
-0.41609324014108795
-0.41806321358308196
-0.41874105854778326
-0.4188819588162005
-0.41999367661774156
-0.4233884611645148
-0.4245922966807224
-0.42542707043079037
-0.4271109302838643
-0.42825343390965526
-0.4283254424524438
-0.4292789849763115
-0.43037393532046864
-0.4308268511958886
-0.43125531560290253
-0.4316271793629442
-0.432131683755415
-0.43230926245450974
-0.43248318398202007
-0.4332701137245749
-0.4336135967168957
-0.4336142537678825
-0.43398439590055204
-0.43468465762980485
-0.4349034875049256
-0.43492858893834635
-0.43539072186028754
-0.4355521047507864
-0.436855682519672
-0.43725904593688586
-0.43795686682894414
-0.4388156372588128
-0.4390335530779339
-0.4394012008415302
-0.43940773882604844
-0.4414451732984162
-0.4418754275732984
-0.44230641548832256
-0.4425101947654858
-0.4432558398435099
-0.44373567048460244
-0.44429139806223766
-0.4443458674682511
-0.44627639433989924
-0.44658085131959524
-0.4478560531067408
-0.44826899265379844
-0.4483751625181564
-0.4503195199908482
-0.45046634232858196
-0.4505792710597234
-0.45077251114222844
-0.4511788568459451
-0.45138882680071724
-0.4517956802405284
-0.45203061950235646
-0.4523195366229629
-0.45398259301691724
-0.45403915317729115
-0.4546460648998618
-0.4556495276199712
-0.4569513525064394
-0.45720928919521003
-0.45854917701035447
-0.45944579944295005
-0.4610834144502102
-0.4626363622936367
-0.46478640779241687
-0.4661363351365758
-0.46648269182333024
-0.46709560478727025
-0.4677494618265175
-0.4688814197267805
-0.46916221990697804
-0.4703529443981501
-0.4710734374036422
-0.47154320900638896
-0.4719661378990638
-0.4721011492583784
-0.47301343007550006
-0.47318404792491087
-0.4732885126024485
-0.47450331039726734
-0.4765513369220571
-0.4771576377726079
-0.47895737981889397
-0.48058065958124985
-0.4817109889863159
-0.48263830307435757
-0.48330368509882
-0.48379631471217854
-0.4847663598948202
-0.48595436861451163
-0.4868951277393434
-0.4871758719400532
-0.48905992891135003
-0.4896777762100101
-0.48969289383300446
-0.4902920917674136
-0.4904192796509181
-0.491398757789284
-0.4939236176970343
-0.4980815553138503
-0.4981997776776552
-0.4991336550641184
-0.4992086561396718
-0.5002119264318026
-0.5003656585883748
-0.500472622959478
-0.5006544104156395
-0.5011427537538111
-0.5062822507544686
-0.5068730606573557
-0.5076620290388486
-0.5091724779144897
-0.5095326619048137
-0.5095408773049712
-0.5097818753371636
-0.5101314696948975
-0.510913148522377
-0.5112102283863351
-0.5113028002281984
-0.5122797985234435
-0.5131698506884277
-0.5133269733438889
-0.5138071872619548
-0.5152757825737353
-0.5157091996322075
-0.515825202322698
-0.5191236728132935
-0.520770122407056
-0.5209245144040324
-0.5215776045903718
-0.5220111657705274
-0.5224101863568649
-0.5233080840553157
-0.5240152296199605
-0.5243948184485946
-0.5247862582313246
-0.5266809649183415
-0.527182142664161
-0.528681329750855
-0.5288590030204432
-0.5307684803071121
-0.5311719956096366
-0.5325255441582866
-0.5336357144051362
-0.5341303449124097
-0.5367091234089457
-0.5368184340477455
-0.5372037241177168
-0.5373313512860073
-0.5384363621976392
-0.5386268349150972
-0.5408943838329934
-0.5415617225398819
-0.5423638970705724
-0.5436923181638121
-0.5438132521646496
-0.5453390761213086
-0.5464139481385549
-0.5470468226288047
-0.5473120517107115
-0.5485145697020926
-0.5490315593779087
-0.5513439435097907
-0.552417611470446
-0.5537421877185503
-0.5544870918149172
-0.5550055569037795
-0.5555084819870899
-0.556580223675285
-0.5585009502033894
-0.559195639368029
-0.5593738113064319
-0.5614410959080689
-0.562316366496816
-0.5633554362724075
-0.5634904893647347
-0.5638874596980814
-0.5645591365090306
-0.5668944247330122
-0.5702943630102608
-0.5711729260161519
-0.5725881371647119
-0.5726845441386104
-0.5737031597135582
-0.574779306036362
-0.5764661142602563
-0.5768963179551065
-0.5777927784249186
-0.5830878087629875
-0.5832935891424617
-0.5834871145586172
-0.5853179549332708
-0.5906708230613731
-0.5907102991974776
-0.5910585727542639
-0.5910727838913179
-0.5921536266803742
-0.5922224590820926
-0.5923385385307484
-0.5925348113960354
-0.5927366299761666
-0.5929467622357022
-0.593002420036646
-0.5941849932801826
-0.5949320748313767
-0.5950460225343704
-0.5975564903346822
-0.597580284869764
-0.5978418296047797
-0.6011661467142403
-0.6028816152329455
-0.6038671608048389
-0.6045459202594228
-0.6048562296879633
-0.6055820506751641
-0.607913317303246
-0.608007485823085
-0.6084169038076652
-0.6088459981192895
-0.6097100262413733
-0.6101155890145391
-0.6116972343996168
-0.6117940721451305
-0.6126711801625788
-0.6142852902412415
-0.6148830607740415
-0.6161025957100921
-0.617176564676421
-0.6186140772576133
-0.6189818856538085
-0.6200179032050073
-0.6206209100782871
-0.6227723658084869
-0.6264095943886787
-0.6264147379228638
-0.6270437163722817
-0.6280446735779859
-0.6324481026269495
-0.6330715143075477
-0.6332980750667048
-0.6351144651183859
-0.636010404629236
-0.6369652972341731
-0.6379167238250375
-0.6379180331760936
-0.6391666554328468
-0.6396349469432607
-0.6396564463661476
-0.6404843969438743
-0.6407479848712683
-0.6414299677029097
-0.6416287627071142
-0.652060690482358
-0.6530430068785791
-0.6535643108189106
-0.6542313881218433
-0.655143815279007
-0.6555128581821918
-0.6559019535779953
-0.6580041944980621
-0.6594674608980616
-0.6599700174161366
-0.6622487434319088
-0.6643877496782806
-0.6646389803952641
-0.6674788606644142
-0.6687513267000517
-0.6690861131840696
-0.6696734512224793
-0.6701137694929328
-0.6704585578409024
-0.670750659238547
-0.6716796326312761
-0.6728910599537509
-0.6733413673005998
-0.6747641419060528
-0.675137157297892
-0.6760549931953262
-0.6761565797708251
-0.6767245275633675
-0.6772559913573787
-0.6779341553337872
-0.6834296415938297
-0.6845980485280355
-0.6898862210671521
-0.6916372568171937
-0.6921448263043809
-0.6932815192100991
-0.6936887601623312
-0.6947189475264167
-0.6960685879790357
-0.6985387343913316
-0.700897254794836
-0.7015664115731072
-0.7020096331834793
-0.7043879823759198
-0.7063975011114962
-0.7119925050064921
-0.7121442791074515
-0.7127766892313957
-0.7140379737441739
-0.7142635714262724
-0.7169176720910602
-0.7169878860669476
-0.7171783809550106
-0.7173579590744339
-0.71853466052562
-0.7190196646941851
-0.7204532641917467
-0.72129429752628
-0.724124162417138
-0.7244849628574835
-0.7282724353135563
-0.7295505361897605
-0.7304749474847085
-0.7328042176862558
-0.7336449566006195
-0.733740190800745
-0.7357020411041698
-0.7363562574610114
-0.7374105481430888
-0.7381289222394116
-0.7382939311830543
-0.738368296995759
-0.7384297445360062
-0.7400667183101177
-0.7439106543412587
-0.7495932932943106
-0.7505555960039297
-0.7514727145469351
-0.753331389836967
-0.7547612959519029
-0.7547718957066536
-0.7552984373437034
-0.7587302327156067
-0.7622149236974239
-0.7637555230408907
-0.763913609921292
-0.7676246536815597
-0.7692409227311146
-0.769782834644762
-0.7703298637410626
-0.7734258421696723
-0.774243692557017
-0.7757177008315921
-0.7765759582592485
-0.7768495329655707
-0.7795142503455281
-0.7830071784555912
-0.7863056050975703
-0.786437554564327
-0.7874541216668149
-0.7882884987164289
-0.7895648170262575
-0.789627730846405
-0.7940226644277573
-0.7947487372584874
-0.7989850052481415
-0.799923337250948
-0.8005025193095208
-0.8059530329133849
-0.8080131933093071
-0.8084900366763274
-0.8139555205901464
-0.8140295343473554
-0.8158207459224892
-0.816394929587841
-0.8204728458270741
-0.8211142355576158
-0.8216902867328221
-0.8233951650137377
-0.8246952276676893
-0.8328806012868881
-0.8334879994392395
-0.8341272119432688
-0.8345699612982571
-0.837244713306427
-0.8382999992851788
-0.8425161784514785
-0.8426232013540963
-0.844352206797339
-0.8453649264655334
-0.8462525521917996
-0.8465702101448187
-0.8502283422276378
-0.8516238581796642
-0.8566468336752483
-0.8585901586338878
-0.8594784056767821
-0.8616100673098117
-0.864079141523689
-0.8643063642084599
-0.8665362272845414
-0.8765435601817444
-0.8788862884044647
-0.8792820743152073
-0.881802037358284
-0.8836184206108252
-0.8862493932247162
-0.887746323500843
-0.8889031764119864
-0.8979792920872569
-0.8992778113533859
-0.9017260659486055
-0.9031786286601952
-0.9089353565126658
-0.9121122020296752
-0.9139809366315603
-0.91986405269854
-0.9253943400681237
-0.9255294278264046
-0.9272464368647585
-0.9280397247523069
-0.9296097679374119
-0.9398855958133936
-0.9403347571690878
-0.9467732715420425
-0.9477919071912766
-0.9478613222017884
-0.9514687120914459
-0.9519038270227611
-0.9542011160769367
-0.9581350907683372
-0.9625066593289375
-0.9629237294197083
-0.9659303664714874
-0.9673813236877322
-0.9731997132301331
-0.9788074176758528
-0.9857171211624518
-0.9873379394412041
-0.987999697526296
-0.9882244896143675
-0.9914753139019012
-0.9939666064456105
-0.9953696500509978
-0.9970983557868749
-0.998783619569925
-0.9990295966466268
-1.0009609814733267
-1.0044495111331344
-1.0052178958430886
-1.0083653897047042
-1.0231711380183697
-1.0237440522178076
-1.0420498469844461
-1.043631549924612
-1.0499221819142501
-1.0536252558231354
-1.0538515909574926
-1.0539838174978893
-1.056959182024002
-1.0686606367429097
-1.0862710910141686
-1.0958887871587648
-1.0981822852045298
-1.1002471605315804
-1.1206265441142023
-1.126269370317459
-1.1416532434523106
-1.1432920185228188
-1.1562182505925496
-1.1607774490839802
-1.1662637839714687
-1.1672086806502193
-1.1739228963851929
-1.1740392744541168
-1.204057517151038
-1.2134252190589905
-1.2144188107704394
-1.2169799883849919
-1.223337409319356
-1.2365822618206341
-1.2400260791182518
-1.2486256696283817
-1.2534759814540546
-1.2613605148007991
-1.284446282312274
-1.2972461382548015
-1.29828845957915
-1.31130713224411
-1.311431183790167
-1.3138736528344452
-1.3407291322946548
-1.3414111575111747
-1.356162799813319
-1.3566443423430126
-1.3583687357604504
-1.387524940694372
-1.3937252163887024
-1.4091017842292786
-1.43132084608078
-1.432020413223654
-1.4436286877219875
-1.4481174945831299
-1.4515925447146099
-1.4567081835120916
-1.4628771804273129
-1.5010837422451004
-1.50150991200159
-1.523825670282046
-1.5247956365346909
-1.541379573289305
-1.5664600171148777
-1.6102540095647175
-1.6164402905851603
-1.642739199101925
-1.6837173104286194
-1.6997757355372112
-1.7025778833776712
-1.7240957096219063
-1.7489497512578964
-1.7572341561317444
-1.7842250271545101
-1.8030301332473755
-1.8295471090823412
-1.8395458161830902
-1.8572707577453305
-1.9408164024353027
-1.964510202407837
-1.966453033965081
-1.9944955706596375
-2.000352144241333
-2.010662317276001
-2.0107448399066925
-2.0286919847130775
-2.057154569774866
-2.0895800590515137
-2.0940760572751365
-2.1081878542900085
-2.122667111456394
-2.359064099068443
-2.4224194288253784
-2.4765794575214386
-2.501593643799424
-2.5334042264148593
-2.5488910203178725
-2.622521251440048
-2.68486750125885
-2.751595498993993
-2.830699920654297
-2.8787560891360044
-2.935131767997518
-2.974191665649414
-2.993109881877899
-2.9944372195750475
-3.0022125621326268
-3.0618770718574524
-3.0688486099243164
-3.073448956012726
-3.1525322794914246
-3.845001220703125
-4.084652602672577
-4.382496118545532
-4.793893098831177
-5.947035312652588
-6.248791217803955
-9.48916244506836
-9.646392822265625
-9.968040466308594
-9.970989227294922
