-0.0005927497841184959
-0.0014285215826627489
-0.004288525538868271
-0.005625292324111797
-0.006667974035086185
-0.010479469798042373
-0.016268746461719275
-0.017834527097875252
-0.01905040488236409
-0.0241535238455981
-0.02546611602883786
-0.03155674980516778
-0.03323624269736077
-0.03437988772748213
-0.03695339837577194
-0.03854289255104959
-0.03912942559691146
-0.0430213057261426
-0.04672951396787539
-0.04728830489329994
-0.05034739297116175
-0.05161455584069093
-0.0545359525931417
-0.06376205234214792
-0.06821478906423156
-0.07225378737421125
-0.07418536066252272
-0.07423138282140371
-0.08441890017002152
-0.0856073271400722
-0.08713034746629741
-0.09455577141125104
-0.10187105104948084
-0.10235015982289042
-0.10390940771109551
-0.10468978191177787
-0.10604515261948108
-0.11100631253793836
-0.11390102084039314
-0.11660480604041368
-0.12430548662055685
-0.12441968083199839
-0.12568823636199036
-0.13108264001493808
-0.13864385479135827
-0.14051814520401726
-0.14440376497805119
-0.14483598247170448
-0.14720563564364966
-0.14768126945273252
-0.1507675180923343
-0.15196720965286659
-0.15919374201353334
-0.1602373973021583
-0.16201461908349302
-0.16447807227571806
-0.17272388579325101
-0.1732084890489432
-0.17490566116359788
-0.17651571915503156
-0.1812061505936851
-0.18789199611880272
-0.19365143589675426
-0.19499950707540847
-0.19746637531813707
-0.198139824462487
-0.1982555246352907
-0.2004210677053379
-0.2006518704733217
-0.20153035260736943
-0.20661154380771526
-0.20719139169055248
-0.20834921777921928
-0.21477025265056382
-0.21777190429202165
-0.21834773843541674
-0.22109249234199524
-0.22413634245784428
-0.2269988473970443
-0.2310390242462615
-0.2310481382488326
-0.23119636740976704
-0.23256785910429503
-0.2338312114715033
-0.23414827829896645
-0.23951445519924164
-0.24004649916544926
-0.24194350999446215
-0.2429069610516308
-0.24373506539425055
-0.24454733839484105
-0.24709724348466514
-0.25117479953041766
-0.25321450984332233
-0.25504260855959726
-0.25593455295477596
-0.25839903485029936
-0.25979537595496066
-0.26088135987520217
-0.2618267744260834
-0.264621907046863
-0.2652432072907686
-0.26743550031869745
-0.2698507175118182
-0.2728307157861612
-0.27359468887043475
-0.27407121541909873
-0.27600276673183544
-0.276087149977684
-0.2778742266818881
-0.2793939090333879
-0.2802479069796391
-0.2814847074119825
-0.2884013404032243
-0.2907666169339791
-0.29116571380776196
-0.2942302691671477
-0.294404071622436
-0.2973349114190569
-0.2976815879519563
-0.29870813415436714
-0.3006647288566455
-0.3011657129973173
-0.3023485537513125
-0.30668035558898865
-0.30855053510564784
-0.31140614823541707
-0.3118525913783482
-0.312243948008892
-0.3127000937781552
-0.3141851506798048
-0.3283026568408656
-0.33105468879929345
-0.33132645363609
-0.33235536608844995
-0.3332831862741538
-0.3338265443619873
-0.3349534133438003
-0.3349953858802716
-0.3350352584988846
-0.33700661211178856
-0.33809687903376473
-0.3410784804354454
-0.3432508883690389
-0.3454078854992986
-0.3531250074971467
-0.3541360406276567
-0.3541913181648991
-0.3575295004023549
-0.3581899605362196
-0.3607356522461487
-0.3623866206035018
-0.3683294171637317
-0.36970054389773094
-0.37256534967664834
-0.3771765857345599
-0.37894517680009204
-0.3799729757010937
-0.3816498816684413
-0.381855773832649
-0.3842066674839373
-0.3862883337933454
-0.3866305039391591
-0.3900306372587303
-0.39141112795390653
-0.3938467852588344
-0.3942857466308851
-0.3943731403236598
-0.3966084684604236
-0.39689146327523656
-0.39974176293908387
-0.40038925045344514
-0.4013693503796958
-0.4019882801609735
-0.4028684184433284
-0.40493408114707563
-0.4088273360827804
-0.409537300519878
-0.4111754066144613
-0.41121882470724813
-0.4119889963541686
-0.41218472737818956
-0.413757269277869
-0.41441544658849766
-0.41723131015896797
-0.41737230349099264
-0.41825487872968853
-0.41898358664561614
-0.42432210287079214
-0.4245882245596476
-0.4247421225561993
-0.42475206912422436
-0.4250187667397161
-0.42666539161655237
-0.4268715194059321
-0.42822297165791195
-0.4283275141691168
-0.4288530262558197
-0.428862864825472
-0.4289558445322352
-0.4293758948575487
-0.43052663381240563
-0.4312229329969139
-0.43199920654296875
-0.43404725218867196
-0.4359722380331732
-0.436024265319637
-0.43644405261693464
-0.4370393495319149
-0.43733436056275177
-0.4385573878341044
-0.439357950385084
-0.43999193095730554
-0.4401359263408397
-0.44080135598778725
-0.4442706737228526
-0.4443125769951924
-0.4443548420503147
-0.44605417140458786
-0.44761349150987373
-0.4476371602080083
-0.4478877489455044
-0.4503147787012899
-0.45234668622360913
-0.45375365220237046
-0.45382520970555823
-0.4545300514437258
-0.4576232346444158
-0.4579243385676472
-0.458254837814214
-0.4609899364411831
-0.46219172127105895
-0.4630301851206501
-0.46311781587064615
-0.4685471886852091
-0.4686405342799844
-0.4688822046271525
-0.4689054548346235
-0.46908304168391624
-0.4709478370431397
-0.47275840706788586
-0.47299663580429296
-0.4770714904149827
-0.477857896592468
-0.47828298966083416
-0.4790412378497422
-0.4810518780723214
-0.48285256152662204
-0.4861500601909938
-0.48721386145176176
-0.48792770718318934
-0.4913741074173231
-0.491382083402641
-0.4938524969024002
-0.4942082144552842
-0.49442378122486325
-0.4944648124277592
-0.495705368634036
-0.4957723127777821
-0.49857436157763
-0.5007351785313006
-0.500767361934777
-0.5019227225954334
-0.5025904410075681
-0.5027182250629778
-0.5031262126285583
-0.5035852789878845
-0.5108546918166516
-0.5123048147619961
-0.5136858759603152
-0.5166746727287924
-0.516877060290426
-0.5174078503623605
-0.5182587258459534
-0.519291710817015
-0.5197601785831384
-0.5199887072027195
-0.520805229157304
-0.5212664587711713
-0.5220587691292167
-0.5222270351618395
-0.5246013813752639
-0.52470354991965
-0.5248482262216757
-0.5249797373544425
-0.5268929797159672
-0.5286532139245537
-0.528700693441533
-0.5303796685857378
-0.5303854203250792
-0.5307214677333831
-0.531692106602956
-0.533951066667214
-0.5344278359164795
-0.5349461470757108
-0.5351146069264764
-0.5354122071873064
-0.5364917892729864
-0.5367471759241548
-0.5368745739169754
-0.5368924764251071
-0.5376076264121366
-0.5383734757945474
-0.5388504639374029
-0.5401881467550993
-0.5403436015828144
-0.5405574559660332
-0.5421290693666379
-0.5435065136518662
-0.5443226873337861
-0.5461587468162179
-0.5467138634218524
-0.547919499069715
-0.548000676871743
-0.5494557013269514
-0.5494649581570619
-0.5505206390923073
-0.553266244819838
-0.5535287519841015
-0.5542608114330505
-0.5545011118985712
-0.5550597779657437
-0.5555794700695615
-0.5556175788175096
-0.5566787288262276
-0.5579713703606103
-0.5600526936884437
-0.5609632529861605
-0.561780817422914
-0.5624165726670375
-0.5635372748494976
-0.5640603607986122
-0.564134810728865
-0.5649354159270135
-0.5650728994049132
-0.5658071428537369
-0.5687313725001786
-0.5688640275506259
-0.5691961131615244
-0.569537882245832
-0.5698354803025723
-0.5713680597426983
-0.5716004475640754
-0.5727448546497796
-0.5738786232347289
-0.57424221271649
-0.5747438870021142
-0.5767608707564149
-0.5778125856021588
-0.5786699283311868
-0.5806426137318744
-0.5810420873042729
-0.5822714284036294
-0.5826308117990265
-0.5829385962337256
-0.5831884745508432
-0.5848146179690957
-0.5849691671373876
-0.585057286272506
-0.5871603714767843
-0.588038124383985
-0.5881666208479146
-0.5891929075587541
-0.5904702928382903
-0.5911111148826811
-0.5913338996469975
-0.5915640665079991
-0.591883650095042
-0.5929383827218165
-0.5939913415477349
-0.5940754639450461
-0.5950487606550168
-0.5953570156261776
-0.597492605822481
-0.5993111894240428
-0.5994654493406415
-0.5995052109162012
-0.599854149255811
-0.6005927106598392
-0.6029935343182072
-0.6036885982466629
-0.6036953430459107
-0.6038846459932301
-0.6062918538038502
-0.6080377975122246
-0.6091368379958213
-0.6097303559589717
-0.6109501129103592
-0.6160153352813722
-0.6163894947773466
-0.6164258610733668
-0.6183979100751458
-0.619089047067657
-0.6191063198162333
-0.6192113595704237
-0.6232613675500943
-0.6241900990051883
-0.6254103164956177
-0.6256150114932097
-0.62625373905236
-0.627379605720697
-0.6285372238442506
-0.6289149884833023
-0.6303970891361436
-0.6317292785603854
-0.6322497836420856
-0.6322786275495673
-0.6326742507517338
-0.6330204084981232
-0.6330609995384293
-0.6340297694391666
-0.6345722827051455
-0.6353422797127678
-0.6356992505323433
-0.6357811365931412
-0.6372918519075939
-0.6373516596504487
-0.637977230217075
-0.6389621431007981
-0.6410852630312244
-0.6417588109948805
-0.6423985431091361
-0.6424924315915177
-0.6428057993921862
-0.6438946764760153
-0.6465716518323461
-0.6474854658949231
-0.6477137576439418
-0.6479406408163615
-0.6484443560151097
-0.6491846073056675
-0.6510501779072607
-0.6517287498427322
-0.6521921987208771
-0.6522448713076301
-0.6530152168042049
-0.6540486674372663
-0.6556378159099646
-0.6580146482661612
-0.6602523130267011
-0.6614126354751433
-0.6635931463879388
-0.6640443973004722
-0.6643147512028614
-0.6655274078720039
-0.6659237632652043
-0.6673872268198465
-0.6674546618620903
-0.667581168704403
-0.668578429799527
-0.6686853429360781
-0.6698455783559135
-0.671065003641666
-0.6726351406589401
-0.6726731175367604
-0.674647157006095
-0.6746612823390024
-0.6758176855504416
-0.6763568069630613
-0.6766036103699056
-0.6766554530709982
-0.6780826185325471
-0.6806851047091186
-0.6832692858038677
-0.6842070710899861
-0.6851630670433224
-0.6853966289127129
-0.6856897310329563
-0.687491204861241
-0.6898843042352686
-0.6929598214621819
-0.693018260145133
-0.6944954398398598
-0.6947428565996233
-0.6950325147999037
-0.6958778891712427
-0.6964035355463997
-0.6964156025831472
-0.6973583869397544
-0.6980761072066214
-0.6985530724438528
-0.6987893001918565
-0.7017281199732679
-0.7023943588137627
-0.7024398582288995
-0.7031681755500662
-0.7053604474640451
-0.7055322077575056
-0.70561448637784
-0.7071585551369935
-0.7076675040633644
-0.7076763722908997
-0.7077123959784836
-0.7082578808438721
-0.7084420898929238
-0.7117845894002434
-0.7123523773874955
-0.7145592737942934
-0.7147953316655177
-0.7166064597666264
-0.7187036316898749
-0.7187531830547543
-0.7205284610002612
-0.7240526722744107
-0.7268135153378049
-0.727975047690658
-0.7313565231859684
-0.736766857933253
-0.7377612929235006
-0.7403877783497592
-0.7411874726931273
-0.742594912648201
-0.7434684194777219
-0.745666069479436
-0.7468174079296139
-0.7473204097435276
-0.7483133418252692
-0.7504218852479312
-0.7514487639069557
-0.7556753268581815
-0.7573453672230244
-0.7594089418649673
-0.7603220426011831
-0.7605165248824051
-0.7616831872130407
-0.7637194836162962
-0.7646654654225131
-0.7650562361348421
-0.7652653390541673
-0.7657539826468565
-0.7658446697077466
-0.7664346702396869
-0.7677515236961577
-0.7684674765245291
-0.7690140683470028
-0.7694875434972346
-0.7712026042863727
-0.7777034191414713
-0.7794537402689456
-0.7821555904423197
-0.7841392647751491
-0.7853155489255086
-0.7860661288214033
-0.7864019824191928
-0.7868686825037002
-0.7871712570389112
-0.787888037344803
-0.7886797797788555
-0.7916342542448547
-0.7942427912348649
-0.7945162118223379
-0.7993141594779445
-0.800371347860034
-0.8022437718231231
-0.8027835864008271
-0.8033696889258083
-0.8056398075073957
-0.8058514572679997
-0.8059999467139798
-0.8090897276997566
-0.8092146395938471
-0.8120918065309525
-0.812509055249393
-0.8127444654112749
-0.8138023950962179
-0.8148315868207386
-0.8162446288125855
-0.8171126861906747
-0.8175464589556214
-0.8219846833802876
-0.8222135695628822
-0.8231717540288628
-0.8251332943254965
-0.8253043621468047
-0.8278249606490136
-0.8322867766022682
-0.833967206068337
-0.8380376510322094
-0.8387683692077795
-0.8389585543423891
-0.8429385557770729
-0.8491468146443367
-0.8492124137737846
-0.8532556336649577
-0.8558316029608249
-0.8573326381956576
-0.8582245886325837
-0.8609080385982192
-0.8617122725117952
-0.8624717987452944
-0.8634917586110532
-0.8655388308688998
-0.8742678547278047
-0.8746077315008733
-0.8767406771657988
-0.8793700162976685
-0.8807165443897247
-0.8811142936820033
-0.8840249351536235
-0.8863558295582022
-0.8891067642252892
-0.8906218201542894
-0.8907214961946011
-0.8933958373963833
-0.8942505963146686
-0.8963810074608773
-0.8992021345475223
-0.9022302635014057
-0.9027506210453188
-0.9072052385658026
-0.910413655359298
-0.9132553048815579
-0.9163208415266126
-0.9189506632586321
-0.9205248838756234
-0.9246642543002963
-0.9247943350783316
-0.9257174972444773
-0.9343832489103079
-0.9349855712304512
-0.9363846129230556
-0.9376161563355708
-0.9397984222039971
-0.94124721493572
-0.94967133245882
-0.9547359449691916
-0.9547534505379319
-0.9565378427505493
-0.9580969015757242
-0.9585206913096564
-0.9695765972137451
-0.973764397824804
-0.9771813547371754
-0.9869389468594818
-0.9948055003603388
-0.9958083514421661
-0.9961100369691849
-0.997163319416965
-0.9977576561272145
-0.9980966933071613
-1.0199889810755849
-1.0335417967289686
-1.0387800447642803
-1.0444700135849416
-1.047274294309318
-1.0497286427998915
-1.0507570852001664
-1.0632865361869335
-1.0659752551998412
-1.0674451013328508
-1.0715059004724026
-1.0781364103701587
-1.0811485284939408
-1.08614970909548
-1.0908190310001373
-1.1046477506558101
-1.106663703918457
-1.1078419983386993
-1.1099587932229042
-1.1107867153623374
-1.1213157108286396
-1.1236462537344778
-1.1276033351064794
-1.140153605650994
-1.1457673261562984
-1.1507553346455097
-1.151167414151132
-1.15345432831964
-1.1538039868076642
-1.1546842847019434
-1.1552461967221461
-1.170672812081951
-1.1735824909992516
-1.1740176009043353
-1.1802623746789322
-1.1846163503360003
-1.19355109333992
-1.205470056796912
-1.2082267627120018
-1.209191843867302
-1.2101077886545681
-1.214720426040003
-1.2180801647094388
-1.227717528740565
-1.232838117837673
-1.2376755708828568
-1.2434041978170474
-1.2492849178612233
-1.258776948787272
-1.2588680580956861
-1.269909132433693
-1.275032028395799
-1.2797269521189654
-1.2839005791587017
-1.2994506073494752
-1.300628089904785
-1.302321543296178
-1.3037237978590253
-1.3044427186250687
-1.3138645477592945
-1.3140674978494644
-1.3166251741010153
-1.3169794976711273
-1.3209207536031802
-1.3215635977103375
-1.3286680843739305
-1.3295613613445312
-1.33152647006015
-1.332979132894252
-1.33503076818306
-1.3393929451704025
-1.340379026485607
-1.3411448202678002
-1.341754183731973
-1.3451250195503235
-1.3511150280634563
-1.3534065708518028
-1.3547042225836776
-1.3570395330898464
-1.3570851658781369
-1.3608705577789806
-1.3703935414087027
-1.372714128345251
-1.3824916004668921
-1.3865728974342346
-1.3908863154550393
-1.3922554454184137
-1.3994103759527206
-1.401784286640274
-1.4020148180425167
-1.4067301665432752
-1.4071314621251076
-1.414120289782295
-1.4158776389501457
-1.4190891236066818
-1.4219332684806432
-1.4375129647552967
-1.439686869554862
-1.4418092504143716
-1.4423728430022795
-1.4425511262379587
-1.449472397682257
-1.4539833155771096
-1.4663819562643767
-1.4664957076311111
-1.4686858956702054
-1.4688612222671509
-1.4726756093896256
-1.4768134785202467
-1.4792592724164326
-1.4910212706308812
-1.4988039738382213
-1.5111921289935708
-1.5118489800021053
-1.5261626139981672
-1.5315163818498452
-1.5376579562822978
-1.5422906777821481
-1.556534019112587
-1.5778036704286933
-1.5819675624370575
-1.5888256183825433
-1.5891033053398131
-1.592257909476757
-1.6022026724240277
-1.621251927067836
-1.6269510540490348
-1.6364502534270287
-1.6468414515256882
-1.6484404007593791
-1.6493193251468863
-1.6512887663266156
-1.6570857763290405
-1.6714909057554905
-1.675538328786691
-1.6780574768781662
-1.6871235171953838
-1.6872147610411048
-1.6900679307679336
-1.6954281747341156
-1.708220899105072
-1.717986853948484
-1.7562160938978195
-1.7690985053777695
-1.8237459801603109
-1.8248570933938026
-1.8374289989471435
-1.8555333495140076
-1.8629243820905685
-1.8651963658630848
-1.874513663739587
-1.8850572556257248
-1.913790333957877
-1.9146578013896942
-1.953989576920867
-1.9551626853644848
-1.9608745202422142
-1.9697797298431396
-1.9742192009774346
-1.9745920673012733
-1.9754300936474465
-1.9828961864113808
-1.9963067919015884
-1.9994268044829369
-2.0309668000554666
-2.03420450782869
-2.0567360537776644
-2.058262560516596
-2.070699915289879
-2.10459575659479
-2.133121609687805
-2.1458273717871634
-2.1494355872273445
-2.1517610425750413
-2.1569614646335444
-2.1577955757578215
-2.162445510359248
-2.185366390272975
-2.1934358924627304
-2.1943978518247604
-2.2089542597532272
-2.2314068352182708
-2.2315746818979583
-2.250446939840913
-2.256196975708008
-2.2637260953585305
-2.2878745158777747
-2.290934811535408
-2.3051955538491407
-2.3209865738948188
-2.3368019660313926
-2.345290407538414
-2.348277647208306
-2.358649730682373
-2.3688247116903463
-2.37012155726552
-2.415297718718648
-2.424962803721428
-2.428936704993248
-2.435364783896754
-2.446750990115106
-2.4582209265735173
-2.4611225637296834
-2.4854380479082465
-2.4912773079850012
-2.492343544960022
-2.4938918948173523
-2.4970398731529713
-2.5322379521724847
-2.6081502437591553
-2.646011001255829
-2.646464094723342
-2.6616151928901672
-2.665277808904648
-2.6680354475975037
-2.7263142694719136
-2.7306245267391205
-2.755164861679077
-2.7602119836956263
-2.7633509635925293
-2.811307344119996
-2.8493433917562165
-2.88878858089447
-2.9031338691711426
-2.947876721387729
-3.0371293226877847
-3.0416947193443775
-3.103098452091217
-3.1591495275497437
-3.167678952217102
-3.3874164819717407
-3.542804479598999
-3.5693374276161194
-3.662009574472904
-3.671567519505819
-3.6862586160423234
-3.7758270104726157
-3.8878920432180166
-4.0892333984375
-4.118496112525463
-4.276036083698273
-4.3971710205078125
-4.459865570068359
-4.535199005506001
-4.810855425545014
-4.818900108337402
-4.971932479995303
-6.229004621505737
-6.364272832870483
-6.489351987838745
-6.555155992507935
-6.580393552780151
-8.473160743713379
-8.726183891296387
-9.075249671936035
-9.22950267791748
-9.244109153747559
-9.444414138793945
-10.139487266540527
