-0.00026770823751576245
-0.010253049666061997
-0.23290159304936728
-0.2708567794412374
-0.2953500263392925
-0.33492955689628917
-0.38372913738712666
-0.41487134367020595
-0.42522127414122224
-0.42675787187181413
-0.43628463829518294
-0.4386456608107047
-0.4390187385595507
-0.45617380598559976
-0.4668280578085354
-0.47847482727633583
-0.4907581373117864
-0.4953923928551376
-0.49898483566939833
-0.5003796604461968
-0.5018498011465583
-0.5138256058096886
-0.5145091361233166
-0.521172528517329
-0.5297584780103838
-0.533690226264298
-0.5402686554007232
-0.5442460374906659
-0.5600468835069073
-0.5606283204630017
-0.5814708820835222
-0.5827462598109479
-0.5857680179178715
-0.5864210844738409
-0.5875687452094603
-0.5881536603306553
-0.5912467824916045
-0.5930121099841926
-0.5990591393783689
-0.60131627942125
-0.604514040880733
-0.6076936662817994
-0.6083502383606645
-0.6093522201816086
-0.6105774462223053
-0.6148019747704113
-0.617432448968483
-0.6195289633340306
-0.6195739001429535
-0.6208044809422323
-0.6216675205505453
-0.6227422537077655
-0.6241881989267482
-0.6249458705484098
-0.6251162330629866
-0.6261663361349039
-0.6262546180131232
-0.6268895702960435
-0.629243707056178
-0.6339856386354464
-0.635933067055107
-0.6384213417451974
-0.6398530655385305
-0.6408630243778524
-0.643243346363306
-0.6445660104473063
-0.6450309240359414
-0.64606095010634
-0.6468649903898175
-0.647022701283938
-0.6470862547575962
-0.6503884306473671
-0.6505729987152985
-0.6518653815973697
-0.6520121156839499
-0.6532867014014171
-0.6540276389569044
-0.6542475664783706
-0.6579235140234232
-0.6580963216066655
-0.659846767783165
-0.6598750222008676
-0.6608002254797611
-0.6642302031395957
-0.6669793094778844
-0.6683478741451045
-0.6702746849374047
-0.6707846582103957
-0.6716141855322348
-0.6722065381705761
-0.6727460505706924
-0.673604993389963
-0.673612591790079
-0.6736729557160288
-0.6757018456977676
-0.6760123983025551
-0.6775741159186797
-0.6824241824724595
-0.687709481746424
-0.6879310647828819
-0.6888625418068841
-0.6941218417551782
-0.6954981302215646
-0.6958018547971733
-0.7016801223158836
-0.7019738814400295
-0.7020564675331116
-0.7028169182558486
-0.7032606197248141
-0.7041175350896083
-0.704201620279087
-0.7054302899370668
-0.7078843402376238
-0.7089693851254802
-0.7100701101589948
-0.7116716922416041
-0.7132004753553441
-0.7174967950559221
-0.7209233522415162
-0.7214770260034129
-0.7225543933972303
-0.7260808600268016
-0.7285785973072052
-0.7299486219882965
-0.7317618176949998
-0.734014404933987
-0.7353365075256895
-0.7391142703550444
-0.7395104447172748
-0.7395228764214082
-0.7408886391167471
-0.7431086851283908
-0.7482220097444952
-0.7493799475450942
-0.7504045731491513
-0.7509858776902547
-0.7535513251657702
-0.7557923371350626
-0.7575769990682601
-0.7594575306572481
-0.7606191597024008
-0.761132229375653
-0.7639542194781825
-0.7677492368966341
-0.7710552858753501
-0.7710721725597978
-0.773451339447049
-0.7735971275251359
-0.7758117487343649
-0.7759409801960415
-0.7795975651292143
-0.7814812598129114
-0.7820339448750019
-0.7822247755902936
-0.7822877303537098
-0.7847232910959671
-0.7849626968487758
-0.7852249375544489
-0.7853177277235469
-0.7866902113892138
-0.786830613471102
-0.7870766717940569
-0.7939478617216296
-0.7947167821962683
-0.7950648067053407
-0.7956579599529505
-0.7972315413353499
-0.798106187582016
-0.7983697939825188
-0.7995511043118313
-0.8026871122693753
-0.804072209992834
-0.8089238982647657
-0.8093797564506531
-0.8128602807410061
-0.8130953729152679
-0.814659798250068
-0.8203709941240959
-0.822336663880075
-0.8261594283627346
-0.8273636927806365
-0.8283382574041348
-0.8284894744865596
-0.8292989080275773
-0.830869531724602
-0.832707385920609
-0.8342987433847157
-0.8369425550103188
-0.8391597042791545
-0.841136132263475
-0.844429895002395
-0.8483817083761096
-0.8501759873237461
-0.8503865683443027
-0.8504522605799139
-0.8518828380154446
-0.853807556462319
-0.8556203961372375
-0.8561391376757196
-0.8573479193029925
-0.8638212555420718
-0.8697823405265808
-0.8729477093244592
-0.8729764043860736
-0.8731015533208847
-0.8787215907858419
-0.8803496981985518
-0.8821441067827891
-0.8842102763010189
-0.8851699341968116
-0.8881787657737732
-0.8887668084363314
-0.8901152540600379
-0.8921844317112118
-0.8935327008366585
-0.8940578890698296
-0.8995930430246517
-0.9002481688346181
-0.9004617557366146
-0.9005245491862297
-0.9005871568573639
-0.901454177332198
-0.9015885305998381
-0.9016968974610791
-0.9032635909638235
-0.9050407888633865
-0.907628484244924
-0.9133356595411897
-0.9146472570552889
-0.916510417608697
-0.9173962557688355
-0.9184934415368389
-0.9190466984485587
-0.9219808080233634
-0.9296674402321514
-0.9297204874455929
-0.9329531627246813
-0.9338579799846879
-0.9360664615174755
-0.9364398997975514
-0.9432994946837425
-0.9444391578435898
-0.9465263843536377
-0.9486939448863267
-0.949270270143946
-0.9506002616137266
-0.9529028255492449
-0.9581202655626839
-0.9588889528531581
-0.9597950327125463
-0.9600587038126428
-0.9631473732588347
-0.9681236733589079
-0.9712281506518694
-0.974487234238768
-0.9787813725415617
-0.979638379248273
-0.9832346114174774
-0.9844824274381002
-0.9858839959075946
-0.9888440244176309
-0.990045356131824
-0.9914941992203239
-0.9922269040511714
-0.9957583909854293
-0.9958505733666243
-0.99828693529384
-0.9991839877329767
-1.0039621828667198
-1.0048737147202094
-1.0071436150444697
-1.0089022185245995
-1.0120783150196075
-1.0187382195144892
-1.0197731921216473
-1.0257575483992696
-1.0259117353707552
-1.0295463888905942
-1.0311179915443063
-1.0343570432492666
-1.03447026014328
-1.0384427993040946
-1.0432793411115806
-1.0461765025393106
-1.0462504465665137
-1.0465941342214744
-1.046798689911763
-1.0514106135815382
-1.0534148957166407
-1.0636920273303985
-1.0657405443489552
-1.0660220968226592
-1.0666234605014324
-1.0700076585635543
-1.0735897371312604
-1.0767049581045285
-1.0780753571540118
-1.0812225275569491
-1.081777989760869
-1.088864281680435
-1.0901806657202542
-1.0920837137382478
-1.1012534518376924
-1.1041390750971105
-1.1061216463334858
-1.110280932916794
-1.1187510793097317
-1.1243970369299252
-1.1269022226333618
-1.1277954690158367
-1.1290349289774895
-1.129716209668134
-1.1327182571921084
-1.1398843847481268
-1.144217073917389
-1.1449909964576364
-1.1458417414299522
-1.1512130489572883
-1.1553144570853975
-1.1641290037493621
-1.1650877809152007
-1.1743022352457047
-1.1827176972292364
-1.1868672696873546
-1.191291131451726
-1.194227555456261
-1.1952617167096053
-1.1971685960888863
-1.2086855166902144
-1.210263109455506
-1.2120752669870853
-1.2125692123081535
-1.2135956408455968
-1.220655280475815
-1.221098655462265
-1.2233250389496486
-1.229138869659177
-1.2355323022763645
-1.239947972819209
-1.2412477916638767
-1.2432878570010264
-1.2499670181423426
-1.2537539523715775
-1.2615462788380682
-1.2719417922198772
-1.2772408384829759
-1.2838201522827148
-1.3078363585906725
-1.3122260868549347
-1.3238566741347313
-1.3257808062946423
-1.3295144041379292
-1.3368548409392436
-1.3559214918253322
-1.3583496941460504
-1.3733300841025387
-1.378247618675232
-1.3799654816587765
-1.3805372826755047
-1.3817616805899888
-1.3818346516345628
-1.3963666359583538
-1.3970347113907338
-1.4051179587841034
-1.410816390067339
-1.4122381508350372
-1.4334585467974346
-1.4347930202881496
-1.449164070887491
-1.4664856910239905
-1.5151892478267353
-1.5169267058372498
-1.5302101771036785
-1.5487496604522069
-1.5515042940775554
-1.552656278014183
-1.5642871459325154
-1.5698623259862263
-1.585153840482235
-1.5996223986148834
-1.599711999297142
-1.6006001830101013
-1.6112988251261413
-1.619343991779412
-1.6222431138157845
-1.6390392661094666
-1.6487927734851837
-1.6557325050234795
-1.691585935652256
-1.7041114214807749
-1.716102170944214
-1.745874896645546
-1.7581699639558792
-1.760456596314907
-1.7673061825335026
-1.7697500533734758
-1.7833578456193209
-1.7879618145525455
-1.7881387509405613
-1.7884432077407837
-1.795007400214672
-1.7977870432659984
-1.803517597913742
-1.8060910794883966
-1.8146913026769955
-1.8375771045684814
-1.8405116498470306
-1.8489874203999836
-1.8706331302722294
-1.892096245661378
-1.9034172495206196
-1.9248266220092773
-1.927545242011547
-1.9396903117497761
-1.948281168937683
-1.9855357805887859
-1.9948186725378036
-1.9974294751882553
-2.001813014348348
-2.006748180836439
-2.0388033390045166
-2.0516479536890984
-2.0592784881591797
-2.0598339637120566
-2.074055790901184
-2.0979172587394714
-2.1267981976270676
-2.1365483179688454
-2.161881387233734
-2.183895230293274
-2.288157805800438
-2.312043383717537
-2.4048731073271483
-2.4308986365795135
-2.434355676174164
-2.473444938659668
-2.50799173861742
-2.654458165168762
-2.846880316734314
-3.0788171282038093
-3.1276185512542725
-3.2635471399407834
-3.4148547649383545
-3.6253345012664795
-3.6391714811325073
-3.714487748919055
-3.813621759414673
-3.8640849590301514
-3.876767158508301
-4.422235131263733
-9.73746395111084
-9.945977210998535
-10.838347434997559
