-0.00015430428175022826
-0.0006078403384890407
-0.002464852121192962
-0.011680499203066574
-0.015198696506558917
-0.019334978438564576
-0.02432062430307269
-0.025518023321637884
-0.030290002236142755
-0.03330692156623627
-0.04488067823088689
-0.04637326955829243
-0.049705614568665624
-0.05215758962893031
-0.05353099774220027
-0.05692422885580787
-0.059914885787293315
-0.06069310428574681
-0.07860688744196002
-0.07915625725872814
-0.08003768934868276
-0.08038331365096382
-0.08146890393085673
-0.08281273984175641
-0.0861868036663509
-0.09684020962396805
-0.10280075172583263
-0.1039643574913498
-0.11387704488717848
-0.11390927814257641
-0.12047049807318087
-0.1218168493360281
-0.12330368151888252
-0.12395942649787425
-0.1255671846576863
-0.12780285521876067
-0.13317709748350484
-0.13358322740532458
-0.13460663519435911
-0.13509070159246525
-0.13591312491334975
-0.13836393365636468
-0.13889139613861012
-0.1416322372679133
-0.14414288733516717
-0.14733685079409042
-0.147505846383865
-0.14786002412438393
-0.14972781104152091
-0.1618332287762314
-0.16405225607741158
-0.1684347865715002
-0.17122493152273818
-0.17176787455682643
-0.17373318147535124
-0.17731808239061916
-0.17923801124561578
-0.17981813536025584
-0.1804554661095608
-0.18149074590473901
-0.18384878880654773
-0.18413899212609977
-0.18955441079015145
-0.1914346599020064
-0.19183894360030534
-0.19241092926822603
-0.19550547655256065
-0.19778458922519349
-0.2002863486588467
-0.20270667225122452
-0.20406249752268196
-0.20865446586394681
-0.20968467625527865
-0.21002197079360485
-0.21038990545397004
-0.21304588549149533
-0.2143091739465793
-0.21477113099535927
-0.21669746769281725
-0.2182866665922726
-0.21940895576262848
-0.22024363178449372
-0.22335301563725807
-0.22459343075752258
-0.2247732541640289
-0.2257089763879776
-0.22963069639202635
-0.22997105442918836
-0.2312830866780132
-0.23351952918649962
-0.23370094063945793
-0.2345227206533309
-0.23974366885522613
-0.24045532992264876
-0.24065441245006192
-0.2421009854103128
-0.2421602051705122
-0.24380409132896197
-0.2486343217547983
-0.24899266008287668
-0.24908417463302612
-0.25762804582902593
-0.25851432904601096
-0.2650473413386327
-0.26518556801602244
-0.2652888265729416
-0.26561823457013817
-0.2664215495809913
-0.2680861738335807
-0.2692620533385447
-0.26973188263946213
-0.27007190268486736
-0.27142840150336267
-0.2732951656148276
-0.27355710666077876
-0.27465319787143017
-0.27978329865436535
-0.2799735277891159
-0.28227392797125506
-0.28280250435927884
-0.28679746940421563
-0.2882378069043625
-0.2886408354737796
-0.29031495814625585
-0.2917049064167908
-0.2953026476316154
-0.29722616940271107
-0.29899424213605624
-0.2992914702394046
-0.30222289784190554
-0.30310867203515957
-0.3036073709736229
-0.3067287221783772
-0.306852832705772
-0.3071316693443805
-0.30819028654514113
-0.3083679103292525
-0.3089748682784072
-0.3124185050983215
-0.3125484145130031
-0.3137302026152611
-0.314918437662224
-0.31550851464271545
-0.31605252786539495
-0.31721045821905136
-0.3196753981885397
-0.3197093681347641
-0.32193531123921276
-0.32284796081812067
-0.3240435558836907
-0.32454011135268956
-0.3247925688046962
-0.32530051928867276
-0.3302918039262295
-0.3307263369206339
-0.3311797644593753
-0.331963421156009
-0.33267508825520054
-0.33355614308966325
-0.33418182423338294
-0.33419877716473173
-0.3344132324693621
-0.3344239838887006
-0.3354930957139004
-0.33573967466751736
-0.3381192361315091
-0.34012379696165834
-0.3402342236833647
-0.34182181261712685
-0.342163618945051
-0.3430713179986924
-0.34325983833987267
-0.3493745301339004
-0.3506958544603549
-0.3510090819443576
-0.35330120825528866
-0.35420886827474035
-0.35550730663817376
-0.3558111377424211
-0.35645064547295785
-0.3567626446198959
-0.3574064279257852
-0.358473794781329
-0.3591526237835821
-0.35929693088983183
-0.36128198402002454
-0.3613610712811351
-0.36208979391813045
-0.3655047580347552
-0.36672219592146577
-0.3687967175428639
-0.3699655899778008
-0.370938205825431
-0.3711592110838475
-0.3723618771065958
-0.3723782429911403
-0.37308598539093507
-0.3735209904801498
-0.3738635368315348
-0.3745643746640001
-0.37461155055699724
-0.3749697363333932
-0.37528177690027015
-0.375741554540582
-0.37685390561819077
-0.37771943585248663
-0.3777886230498552
-0.37782529974356294
-0.37998682288452984
-0.3801524674985558
-0.3816028041765094
-0.38182206691375803
-0.3818493202328682
-0.3826165609061718
-0.3827445565722883
-0.3833026456650259
-0.3838329938298557
-0.38408967293798923
-0.3846388414947017
-0.3854151027691033
-0.38985569819342347
-0.3902896073705051
-0.39039129569816095
-0.3911203383933753
-0.3920403850497678
-0.39293200368992987
-0.39319142708554866
-0.3935154159581067
-0.39442829509951277
-0.39565346928106415
-0.3974207489751279
-0.39819731637835504
-0.3985607815440744
-0.39895132769431385
-0.39917130087717223
-0.3995899024109046
-0.4005290894669348
-0.40082418866869474
-0.4029383516870439
-0.40476492929479313
-0.4051774076069705
-0.40593233619239816
-0.40602240872103723
-0.40611821925267577
-0.4064732674509287
-0.4070409211330116
-0.4072686992585659
-0.4081646432168782
-0.40828421140904536
-0.40910919406451285
-0.40933548007160425
-0.4100962127558887
-0.4104641117664869
-0.41176308286376295
-0.4124629709245214
-0.4141277402639389
-0.4142226590134669
-0.4152187183499336
-0.41662254546665484
-0.41731864130445595
-0.41785573379860985
-0.4180727896413633
-0.4184465013289203
-0.4191943235928193
-0.4197521909787051
-0.4200236823839637
-0.42068487615324557
-0.4214662086451426
-0.4216755511505263
-0.42217235037865714
-0.42217671157171327
-0.4223589528340935
-0.4233047402619074
-0.4258592900907388
-0.42779807647457346
-0.4291506329817431
-0.43045361964032053
-0.43115999238342856
-0.43124915222870186
-0.43139320268528536
-0.4319084193557501
-0.4321617215871811
-0.4326449742273491
-0.43288388986798837
-0.4334379374676456
-0.4334864999234144
-0.43351443396467304
-0.4340802657310493
-0.43528250684695585
-0.43648872947960626
-0.4366688410518691
-0.43678766759694554
-0.4368445026422186
-0.43748950067258974
-0.43801727878101365
-0.4383780313364696
-0.4391617303714156
-0.43919615626800806
-0.4392805515381042
-0.4399166328366846
-0.4401476244784135
-0.4404150939080864
-0.44072406619994176
-0.44081055364360855
-0.44107548023263615
-0.4415107285603881
-0.44234346610028297
-0.4425911495927721
-0.44261711368536844
-0.4428468464496385
-0.4436298734108277
-0.4458305170345638
-0.44591891719028354
-0.44675995921716094
-0.4470454593829345
-0.44721229078954666
-0.44761994533473626
-0.448382693529129
-0.4493429758068588
-0.45059820407186635
-0.4509641462105459
-0.45101407745208305
-0.4544611302902922
-0.4553704549653048
-0.45596977893728763
-0.45615902079993653
-0.4572831888217479
-0.4587551754433662
-0.46005100479324984
-0.4601078032782035
-0.4601279026828706
-0.4612342803027584
-0.4620279301371839
-0.46314036287367344
-0.46360256858170035
-0.46397845287145556
-0.4642424536286853
-0.4653594586998224
-0.46574912921042755
-0.46621719617396595
-0.4665064574174511
-0.4673060025088489
-0.4675385386683047
-0.46865556803531944
-0.4698552391200792
-0.47073176304049985
-0.4720562192494981
-0.47281221512093907
-0.47365190539494506
-0.4747288604603933
-0.47678628414869306
-0.4787005807738751
-0.4787454565003928
-0.4789706642040983
-0.47945657293773064
-0.4798789184569614
-0.4811284766894662
-0.48113634643232217
-0.4835039575875271
-0.4841893007606268
-0.48495107665658
-0.48617579894406454
-0.48697722701924956
-0.48882091850308435
-0.48892013328926015
-0.48920761194312945
-0.4902286694472423
-0.49054776613290113
-0.4916521750050239
-0.4926582722691819
-0.49307775361971423
-0.4955837649293244
-0.4959926611481933
-0.497918404950594
-0.5007370465124646
-0.5009658366131285
-0.5019947804200152
-0.5031779776560142
-0.5055117090523709
-0.5075069737434387
-0.5083685361055864
-0.5094336252125989
-0.5099823982268572
-0.5105217048355067
-0.5109128321540387
-0.5113790603742624
-0.5151027786341729
-0.515460679284297
-0.518372996722495
-0.5211308366124285
-0.5211539710988291
-0.5216456444135734
-0.524152695434168
-0.5267844947447884
-0.5275602091181403
-0.5277424301020801
-0.5286864824593067
-0.5289294984075241
-0.5289891360120641
-0.530576562612421
-0.5314673192891254
-0.5315779206222422
-0.5322746614281855
-0.5336442452506163
-0.5362907365585367
-0.5375238692338046
-0.5390533780058225
-0.5393409267666617
-0.5399819567475268
-0.5408852801192552
-0.5411078727064544
-0.5419932550750672
-0.5426804369027891
-0.5430291432421654
-0.5438275796012022
-0.5442995876073837
-0.5448035821318626
-0.5458829998970032
-0.5489266339896454
-0.5491796399333647
-0.5497846186415039
-0.5506942205131053
-0.5531223824713379
-0.5551596540026367
-0.5559968743015945
-0.5578349702076854
-0.5589018305123318
-0.5598138912713954
-0.560487526410725
-0.5609542230118273
-0.562470031527078
-0.564239415616612
-0.565345466020517
-0.56545873378127
-0.5657655143711183
-0.5688684661872685
-0.5692754775751382
-0.5714173454762204
-0.5716257966123521
-0.5724209604474405
-0.5730000820825808
-0.5774826596357993
-0.5781256914571193
-0.5799860469996929
-0.5800352841219542
-0.5802107363473624
-0.5821010679006576
-0.582572340965271
-0.5836404487490654
-0.5839930139482021
-0.5849319779372308
-0.5865193105095791
-0.5908785615290981
-0.5947295308113099
-0.5952846716557231
-0.5956785954961864
-0.5962469067191705
-0.5972429359608213
-0.5978374053250134
-0.5982669877509276
-0.5993083367745081
-0.6029491499066353
-0.6055481863828996
-0.6057009143858321
-0.6074595237150788
-0.6207292079052422
-0.6211383370682597
-0.6212324805738818
-0.6233855127939023
-0.6240862525275747
-0.6247664112597704
-0.6265850812196732
-0.6267779357149266
-0.6274256608025595
-0.6274435397769723
-0.6276701408656663
-0.627684376144316
-0.6280923620797694
-0.6291463727829978
-0.6301336494740098
-0.6313095381483436
-0.6319134682416916
-0.6325550664332695
-0.6345559297129512
-0.6396108844783157
-0.6417587544710841
-0.6421388253569603
-0.6435369555838406
-0.6442001760005951
-0.6444596939095804
-0.6477290283175534
-0.6478971596807241
-0.6522827450360638
-0.6534464878163168
-0.6555143861831831
-0.6567425731336698
-0.6600053980946541
-0.6603369874937925
-0.6631372485467831
-0.6737187267281115
-0.6750563755631447
-0.6753129247808829
-0.676962251154085
-0.6778564876876771
-0.678272623452358
-0.6794771105051041
-0.6797993374445165
-0.6847494333982468
-0.6848249596854051
-0.6874915291037824
-0.6876147749523321
-0.6893476010907603
-0.6944635903928429
-0.6962198844800392
-0.7032696455717087
-0.7034885890316218
-0.704402345750067
-0.7083910238191796
-0.7167632329995589
-0.7185969059501076
-0.7212301474064589
-0.7218102112412452
-0.7249975644808728
-0.7261232937686145
-0.726839866489172
-0.72814731746912
-0.7282027122491854
-0.7292983013321646
-0.7296074323356152
-0.7306936495006084
-0.7310309290885926
-0.7320365510880947
-0.7390742606616446
-0.7455773299766911
-0.7458546301349998
-0.7484760448336601
-0.7489440888166428
-0.7519822156755254
-0.7535102773457766
-0.7558072973042727
-0.7586515367031097
-0.7629509682634047
-0.7704024192804354
-0.7715960801579058
-0.773229444026947
-0.7742200105761489
-0.774426905810833
-0.7744514159858227
-0.7769880935549736
-0.7849179065475861
-0.7889623314142227
-0.7932472631335259
-0.7950920557292799
-0.7951126098632812
-0.8027677020058036
-0.80461003134648
-0.8081056863069535
-0.8129566088318825
-0.8136372603476048
-0.8147698782850057
-0.8239976863066355
-0.8247336060740054
-0.8260848876088858
-0.827020936831832
-0.8297480961773545
-0.8299883378203958
-0.8351960554718971
-0.8352392055094242
-0.8389965385198593
-0.8404610715806484
-0.8414102932438254
-0.8486885502934456
-0.8537607034719686
-0.8564854104188271
-0.8576613605022431
-0.8648108094930649
-0.8718280030589085
-0.8795346344807459
-0.879714697599411
-0.8875163694222769
-0.8883114993572235
-0.8899738490581512
-0.8905121758580208
-0.8957676142454147
-0.9005877070594579
-0.9052892227403142
-0.9069874728059707
-0.9092710654843937
-0.9187481448054313
-0.9222032782272436
-0.9270836760600408
-0.9285182997584343
-0.9301554060408047
-0.9311244974378496
-0.9384877967337767
-0.9392388661702474
-0.9403423339128494
-0.9578985010739416
-0.9580676723271608
-0.9588903288046519
-0.9660958588123322
-0.9663039558411887
-0.9671838569144408
-0.9693882080415884
-1.0014374454816182
-1.0016164884436876
-1.002251148223877
-1.0025583304464818
-1.0069977724924684
-1.015221357345581
-1.0185535052441992
-1.052510862549146
-1.055533055961132
-1.065191829310996
-1.0778590003028512
-1.0799958623635273
-1.084995374083519
-1.0940187970797222
-1.096274472773075
-1.1043582359949748
-1.1053538073319942
-1.1063983823211554
-1.1094298785319552
-1.134136569511611
-1.1361839175224304
-1.170982579390208
-1.1733300413936376
-1.1760591752827168
-1.1906593813037034
-1.1980000436306
-1.200543761253357
-1.2053256258368492
-1.2357981756795198
-1.2704048206408818
-1.2723001725971699
-1.2782060106595357
-1.313506885431707
-1.3340897339221556
-1.3530865722692398
-1.3596256979896377
-1.3599314490177978
-1.3950603865087032
-1.4149592220783234
-1.425467535853386
-1.431536316871643
-1.4367952247460682
-1.456209808588028
-1.4600426256656647
-1.5286037409678102
-1.5304200937971473
-1.541310966014862
-1.5575892413035035
-1.571489356458187
-1.5745075345039368
-1.5775019378015713
-1.602607730962336
-1.6157307539445658
-1.6297600707039237
-1.6464483216404915
-1.6576787392550614
-1.6597217917442322
-1.6607213156918685
-1.6722749955952168
-1.680176916687439
-1.7065674141049385
-1.7549802418798208
-1.756233314362665
-1.7708576321601868
-1.7730345726013184
-1.7824241742491722
-1.7968971685816844
-1.7983816952910274
-1.8217945396900177
-1.8278625508149464
-1.8305738877970725
-1.8339106952771544
-1.8775480389595032
-1.9373753666877747
-1.9991821605168905
-2.029651621603989
-2.076955556869507
-2.1220822781324387
-2.1917832096417746
-2.201913058757782
-2.2435813347498574
-2.279695431391398
-2.299796998500824
-2.3291502594947815
-2.339918931325277
-2.3457295447587967
-2.3993455803526254
-2.4510328389296774
-2.5676179891064144
-2.5933841640750566
-2.6635131670627743
-2.737490566447377
-2.759483575820923
-2.8385773743502796
-2.9047329425811768
-2.9189488887786865
-2.9473509788513184
-2.9627079168955484
-2.9775202063222728
-3.197197483930116
-3.339564085006714
-3.3620903818082297
-3.3747105265501887
-3.410296883666888
-3.4780688285827637
-3.50417252551415
-3.520425319671631
-3.538523874391103
-3.5624767008315152
-3.620371349621564
-3.7001776695251465
-3.72624134644866
-3.776540219783783
-3.8291022641351447
-3.9240449559292756
-4.006691250033327
-4.047131753992289
-4.173726949957199
-4.398423194885254
-4.524538546800613
-4.577285893174121
-4.586564236087725
-4.707138255238533
-4.7149573942879215
-4.724618130130693
-5.332004542724462
-6.21778678894043
-7.11222505569458
-9.033380508422852
-9.270248413085938
-9.747932434082031
-9.76701545715332
-11.347064018249512
-12.09537124633789
