-0.004274513470591046
-0.005232964380411431
-0.02200851810630411
-0.025767754763364792
-0.06462619019051392
-0.06695997447241098
-0.07123231850564479
-0.08904770202934742
-0.10094009712338448
-0.14534519692824688
-0.16855314373970032
-0.17400696128606796
-0.18640576675534248
-0.18892473929251233
-0.195673997203509
-0.19586397614330053
-0.20581938518444076
-0.21525374749520174
-0.2155463621020317
-0.2190308924531564
-0.21969028236344457
-0.22616832038121565
-0.22630168606216708
-0.23764503685136637
-0.25283261124786804
-0.2643163470784202
-0.2692281013975541
-0.2760101030192648
-0.282571941614151
-0.2864174085358779
-0.29571387426565504
-0.29767127335071564
-0.298787622153759
-0.30224969354458153
-0.3029012080049142
-0.3029102392805119
-0.3191495315404609
-0.32108223336399533
-0.3234724985435605
-0.3263819032290485
-0.341907617286779
-0.34299212899059056
-0.34637623888556845
-0.3464493868781978
-0.3542566080771697
-0.35924737295135856
-0.36006574500352145
-0.36734446944319643
-0.36791709046810867
-0.36798485997132957
-0.3695936415111646
-0.37635457200459704
-0.3793223943794146
-0.39073608815670013
-0.39430593745273657
-0.39791259774938226
-0.40118653436366003
-0.40346651684214724
-0.4079482776578516
-0.42415418922901155
-0.42597031202167274
-0.42610918753780425
-0.4281543396646157
-0.4291222328902222
-0.43088663022758233
-0.43136800327338276
-0.43324307911098003
-0.43460362367331984
-0.44245076631195845
-0.44733003475185895
-0.45566531180843917
-0.45653839223086834
-0.45955551117658616
-0.46053289701896055
-0.46088688273448497
-0.4616501429118216
-0.46229939608435544
-0.46270889793522657
-0.4639762865146622
-0.46633810349481386
-0.4671225974685512
-0.47279923208989205
-0.4780000507598743
-0.4797463770955801
-0.48360020813997834
-0.4846080696443096
-0.4861517056124285
-0.4900891145924106
-0.4954770252936416
-0.49764839941377026
-0.49977047128292423
-0.5010411488927073
-0.5013554118573665
-0.5027988283662126
-0.5058265464354513
-0.5070503767346963
-0.5080849980669362
-0.5099553374573589
-0.5162347180206174
-0.5169215150332699
-0.5171415634395089
-0.5179805714637041
-0.5199049711227417
-0.5202576565142307
-0.5218132590608937
-0.521928385532062
-0.5233514807187021
-0.5253245893865823
-0.5264445630600676
-0.5269142094734384
-0.5294943330650312
-0.5301062003243715
-0.531679777847603
-0.5367224773392081
-0.5370645006575311
-0.5398902962915599
-0.5420045006554574
-0.5423769047250971
-0.5438890236837324
-0.5490214319101402
-0.5507744536735117
-0.5532905523307272
-0.5549575971817831
-0.5557997471642011
-0.5569291199091821
-0.5574223357814782
-0.5614011638099328
-0.5630825122816195
-0.5640157506180307
-0.5653869449160993
-0.5665480726359723
-0.5682051939191297
-0.5708816170892013
-0.5709458010736853
-0.5726349560750855
-0.5745310787577182
-0.5749272559264332
-0.5756418565753847
-0.5777958358327547
-0.5810797824524343
-0.5830629344796762
-0.5866658165759873
-0.5870583253057228
-0.5884367899935958
-0.5887017823755741
-0.5926107117673383
-0.59454294799694
-0.595804191272085
-0.5969021088769659
-0.5970369262801493
-0.597498049857677
-0.6018300469565604
-0.6035081519803498
-0.6037319072444612
-0.6037519946694374
-0.6038361886981874
-0.604351824839666
-0.6056897181422554
-0.6071606339814718
-0.6077135233208537
-0.6077651563691688
-0.6094513688662678
-0.6105554368405137
-0.6106177765343871
-0.6120533868670464
-0.6121734341399537
-0.6131937998486683
-0.6132281750324182
-0.617102993564913
-0.6172895102894732
-0.6184971556067467
-0.6186091529205442
-0.619805803289637
-0.6209508958863807
-0.6229802460875362
-0.623572135852832
-0.6239735165403949
-0.6259559204336256
-0.6262253116816282
-0.6269565425813198
-0.6273486973303888
-0.6325849021918007
-0.6326005641531083
-0.6328396933200161
-0.6352952960878611
-0.6353298628702759
-0.6366709464540085
-0.6382313970409866
-0.6389936908547368
-0.639468592684716
-0.6395824269857258
-0.6441047873347998
-0.6450875570299104
-0.6491280691698194
-0.6518391018396179
-0.652325632981956
-0.652703074501395
-0.6548220030834071
-0.6557186655700207
-0.6572203692514449
-0.6582534918561578
-0.6586739484752927
-0.6592945128601665
-0.6616210341453552
-0.662193589634262
-0.6634272381663322
-0.6665004603564739
-0.667012396531559
-0.6684588232739387
-0.6732393964659422
-0.680076247879437
-0.6802232079207897
-0.6806683138012886
-0.6834550958126784
-0.6851771155165302
-0.6860107835149393
-0.6869898047298193
-0.6895432269666344
-0.6912831961386035
-0.6914042961111085
-0.6921519821709288
-0.6931536486372352
-0.6950570845958561
-0.6958400540586028
-0.695951251479398
-0.7050412231224722
-0.707212952276071
-0.709323734577213
-0.7093452044895717
-0.7102992964908481
-0.7108431723900139
-0.7110556693281979
-0.711676890740189
-0.7117986273951828
-0.7137860391048889
-0.7141946522082435
-0.7155797126082083
-0.7156233079731464
-0.7164865514662649
-0.7175273483818663
-0.7200254302059131
-0.7217670320791917
-0.722273090870918
-0.7292847463162616
-0.7314819666316208
-0.7327426322096601
-0.733679409197066
-0.7342173585202545
-0.7350470338812253
-0.7356879319995642
-0.7404288500547409
-0.7445337573008146
-0.7487302429896469
-0.7512465782423058
-0.7523688692211484
-0.7523759991042959
-0.7531852600484854
-0.7548878220259212
-0.757773611531593
-0.7586688908559154
-0.7597894690989051
-0.7619840671896883
-0.7630648951107148
-0.7634255004716882
-0.7642462639903117
-0.7648117617995013
-0.7651317385520088
-0.7673409306250202
-0.767888425529236
-0.7688554596589429
-0.7716931007802487
-0.7741247201671025
-0.7749541494246971
-0.7763757705688477
-0.7771545524708927
-0.7775006904732435
-0.7798699971055612
-0.7802619202062487
-0.7838505422696471
-0.7851076499180636
-0.785167301283218
-0.7872511483437847
-0.7873827760728697
-0.787916376395151
-0.7888610350491945
-0.7905263313749695
-0.7917698810924776
-0.7980577151091504
-0.8046247758204117
-0.8091627434206505
-0.8113529293073548
-0.8122804470153319
-0.8137342515992714
-0.8139884217590507
-0.8160635637994145
-0.8164378879979873
-0.8184006684977148
-0.819096808321774
-0.8191624902188778
-0.8226535086675236
-0.8237719014286995
-0.8253201001316484
-0.8256340080970404
-0.8264814559952356
-0.8330076026419798
-0.8379684470593929
-0.8385394392260221
-0.8386991336730333
-0.8392700246706801
-0.8407348742708564
-0.8417453901842237
-0.8433053338279327
-0.8437583963885638
-0.8447870835661888
-0.8448599717904519
-0.8462844177220876
-0.8474036394763971
-0.8484583095026513
-0.8488498362986481
-0.8493600686391195
-0.8500984444842852
-0.8531381326611154
-0.8544773298005263
-0.8549419298586953
-0.8594720244873315
-0.8603185564279556
-0.8611528956597405
-0.8633367888722568
-0.8649162299310168
-0.8652110516341054
-0.865604175865883
-0.866960735858551
-0.8676212031394244
-0.8689240061794408
-0.8692771650850772
-0.8697534542530775
-0.8733317432925105
-0.8741762334757368
-0.878029965428545
-0.8781213347706944
-0.8781352261081338
-0.8783770249574445
-0.8784148502680991
-0.8788765603676438
-0.8794663089340449
-0.8809439702842307
-0.8814605176448822
-0.8839814011007547
-0.8856797748141818
-0.8860018067061901
-0.8863168695760477
-0.8881810926250182
-0.8890664443500679
-0.8893938958644867
-0.8907330290036043
-0.8919356922375631
-0.8923716110177338
-0.8933400379712967
-0.8974797306582332
-0.900395717471838
-0.9007103117182851
-0.9016392613717471
-0.9053760307870107
-0.9083831471391022
-0.9096407586985151
-0.909763572155498
-0.9099399745464325
-0.9103613685816526
-0.9141748162607352
-0.9155811142797271
-0.9159003522247076
-0.9167191984597594
-0.9172249601760996
-0.918933117465878
-0.9189348328426215
-0.9193621043115854
-0.921525326040056
-0.9259217982180417
-0.9273316924061094
-0.9293845263891853
-0.9295858216605016
-0.9324318752624094
-0.9374881051771808
-0.9412742180542814
-0.9418951061554253
-0.9430099953315221
-0.9486686777090654
-0.9491554697354635
-0.9503362185454794
-0.9528780534863472
-0.9533061146115264
-0.9632334485650063
-0.9636036562345301
-0.9649342590322098
-0.9657836805304719
-0.9658399077161448
-0.9670241586863995
-0.9710869748544481
-0.9732143236936585
-0.9742610439658165
-0.9746007724897936
-0.9764489534558379
-0.978719516408546
-0.9804055010899901
-0.9805992089498502
-0.9822291038930416
-0.9861788920041161
-0.9931912299944088
-0.9966260306537151
-0.9991496955709798
-1.0009005889296532
-1.0017091985791922
-1.0019916028250009
-1.0122358810156584
-1.0200025861662911
-1.0233390230153288
-1.0263822413010832
-1.0269695602182765
-1.0308037617109624
-1.0328237964451545
-1.0335224347987346
-1.0338122695684433
-1.0366407577355858
-1.0380879810917476
-1.0420398039743304
-1.0444910772558715
-1.0500948417000473
-1.0521037700846136
-1.0521710515022278
-1.0538182684656932
-1.0556285097781155
-1.063443627829353
-1.0685299978746723
-1.0690862238407135
-1.069216895615682
-1.0703949977954228
-1.0719016194343567
-1.0760463103652
-1.076358012855053
-1.0765158834401518
-1.0774169944779715
-1.0776029359299824
-1.0833057681253802
-1.084648576624103
-1.0846991737571443
-1.0857635935147603
-1.0861085383221507
-1.0944292719165485
-1.0998521291961272
-1.1002568323165178
-1.1062493473291397
-1.1222096057608724
-1.1275458006809156
-1.1297472871781793
-1.1332314790051896
-1.1356375345827214
-1.1387194225357637
-1.144624773299256
-1.149905732766326
-1.1537725100559848
-1.1561288136872463
-1.1567725839558989
-1.1571071915354372
-1.1599448612735916
-1.1608749880921096
-1.1647170186042786
-1.1673010090986888
-1.1688923185691238
-1.1939181745052339
-1.1943830605596304
-1.1955910676266426
-1.1977489525452256
-1.2007940486073494
-1.2012372291646898
-1.2055308508376281
-1.21464997116943
-1.2181002643709589
-1.2187692187726498
-1.2333165506521861
-1.2351002334689838
-1.2356958969363145
-1.2414144790569221
-1.2429071235840508
-1.2429716268088669
-1.2499480874248547
-1.2583331719040871
-1.2583856323326472
-1.259605647219966
-1.2603826373815536
-1.262190066743642
-1.2647520795774956
-1.268396166463693
-1.2689817922655493
-1.2773065380752087
-1.2787270724773407
-1.2805493758642115
-1.2816294839605689
-1.2823487015869302
-1.2823510675558023
-1.2868698299862444
-1.2890641931832458
-1.2899765010390962
-1.290753013920039
-1.2920782331493683
-1.2954272869974375
-1.2979792058467865
-1.301744196470827
-1.3036271174496505
-1.3079411483680208
-1.3197132793626452
-1.3208964007596176
-1.3211189707120259
-1.3216654501855374
-1.3251052615232766
-1.3270056595404942
-1.3282544456111889
-1.331939280751006
-1.3483087172110875
-1.3551603900933904
-1.3671175812681515
-1.3711920762434602
-1.3754911036895854
-1.389876801546456
-1.3917107224697247
-1.396073008577029
-1.3961153080066044
-1.3994672842302613
-1.3997785225404764
-1.4005536875882854
-1.4055809701482456
-1.4070030717800062
-1.4078574553132057
-1.4126170029242833
-1.4252536365762354
-1.433472107280977
-1.4350873752098
-1.4358899067063768
-1.4379484325647354
-1.4430739872186678
-1.4431438378524035
-1.4435915023088455
-1.4450068165897392
-1.4513986445963383
-1.4657889604568481
-1.4683934450149536
-1.4752921778708696
-1.4766830301232403
-1.4901543497773153
-1.5122568893712014
-1.525736153125763
-1.5353631203373272
-1.5541118159890175
-1.5702120140194893
-1.574106895497867
-1.5809796154499054
-1.5861224234104156
-1.5865361286198094
-1.5868005301672383
-1.5869427126599476
-1.5945544568821788
-1.6148603817647589
-1.6206518589622445
-1.624526061117649
-1.6396769285202026
-1.6425857370098431
-1.644266629125923
-1.6505149542612747
-1.6513825356960297
-1.6539476017157237
-1.6569000035524368
-1.6758736371994019
-1.6783559736019622
-1.6823766618967055
-1.6920609176158905
-1.6921976804733276
-1.693314289053281
-1.6965887933969497
-1.6975454643368721
-1.70437125954777
-1.7048568749334663
-1.7137309461832047
-1.719019204378128
-1.7212897732970305
-1.724433295428753
-1.7339890350898106
-1.746091067790985
-1.764675423502922
-1.7678654193878174
-1.7728217504918575
-1.7863981204905681
-1.8067840337753296
-1.8178600473329425
-1.821107029914856
-1.8245289325714111
-1.825821625214303
-1.827734229554023
-1.828791725449264
-1.831791871227324
-1.8568759224338767
-1.8626981377601624
-1.8750346899032593
-1.9080814123153687
-1.908154711748163
-1.9270289540290833
-1.9434622277816136
-1.9434991776943207
-1.9461130015552044
-1.9513505088786285
-1.9805647134780884
-1.9811641573905945
-2.0140317036770283
-2.0207172632217407
-2.022124856465962
-2.0272737741470337
-2.0479010542233786
-2.047998547554016
-2.059900124091655
-2.075146973133087
-2.082430325448513
-2.08289060741663
-2.128428556956351
-2.143654911313206
-2.1448599100112915
-2.144959251085917
-2.150926411151886
-2.169592475906635
-2.1761214134749025
-2.202365575979153
-2.2025668335457644
-2.215511561060945
-2.232412507136663
-2.249297188827768
-2.252129852771759
-2.2692044638097286
-2.273913203086704
-2.277144491672516
-2.281855464912951
-2.4394713611342014
-2.484302803874016
-2.4962137466063723
-2.506285071372986
-2.512647478530804
-2.542582780122757
-2.543371796607971
-2.5881994566880167
-2.6721841990947723
-2.701459724921733
-2.7177284359931946
-2.9784988164901733
-3.0259205102920532
-3.0603911489015445
-3.0978347063064575
-3.109490156173706
-3.1157285372416177
-3.156591204518918
-3.172834179829806
-3.309303323427836
-3.485592544078827
-3.5230076909065247
-3.8038786351680756
-3.835663636525472
-3.858020067214966
-4.193088889122009
-4.224320292472839
-4.3304598107934
-4.405455827713013
-4.433227777481079
-5.364365577697754
-5.376806139945984
-5.412287712097168
-5.633657455444336
-5.6485772132873535
-6.492828369140625
