-0.0002988716587424278
-0.006495563909993507
-0.009530251030810177
-0.03488600696437061
-0.10232110132993613
-0.10424106405116618
-0.13700909929320915
-0.14372284698765725
-0.14866954791359605
-0.16147596390926214
-0.1684107166381889
-0.1836961922235787
-0.18878939440972836
-0.19203071645461023
-0.19500687017258583
-0.19832305312293635
-0.20145402547765384
-0.20492965946323238
-0.21009395489610533
-0.21035507464869718
-0.21367904944539381
-0.21836435868005669
-0.21898758856696077
-0.22189640959259121
-0.22246240490296093
-0.22362245674958103
-0.22380425534356618
-0.2247465998516418
-0.2261015076190233
-0.2269518134287662
-0.22722840970259553
-0.22766366677872915
-0.22807070764741053
-0.2286191851442429
-0.2313783167406828
-0.23138873452786357
-0.23183431642246433
-0.23228245305411596
-0.23263493729367232
-0.23397367230306068
-0.23400791718881078
-0.2344664793461561
-0.23593367491286762
-0.24476775908842682
-0.24481734179932138
-0.24505401231969395
-0.2455533279122132
-0.24588835265407957
-0.24668489940697327
-0.2502279215065452
-0.2509803859813308
-0.2516234665901201
-0.2530977993349855
-0.25414102646755055
-0.2561246630475147
-0.25628469344228505
-0.2573716092026896
-0.2595120721186201
-0.25955331907607615
-0.26021510328947833
-0.26389216708193997
-0.2657596716509523
-0.26589070768871653
-0.26604142926225904
-0.2673366240286712
-0.26815316090505803
-0.2697560249423412
-0.2700540986649382
-0.2714502859262525
-0.2715666562684679
-0.27246316770712536
-0.2781468653352931
-0.27839738864881486
-0.27869061685095614
-0.2832947153041864
-0.2833794339094311
-0.28597798800495056
-0.2874457327383829
-0.28836729789951016
-0.2884475800907239
-0.29556043921595276
-0.304069475298908
-0.3116450630814621
-0.31973783964557306
-0.32080502284225076
-0.32166017505560857
-0.3261944577097893
-0.3335790579440072
-0.3350599455103899
-0.33598559766283465
-0.3365095259621739
-0.3366831124993041
-0.3374637962907501
-0.3385722175007686
-0.34087096040861475
-0.3423300562426448
-0.34277250764425843
-0.34337618127465247
-0.3448713447432965
-0.3470752141001867
-0.3471154530765489
-0.34829765018075703
-0.3491228112567721
-0.3507330270949751
-0.352015906957806
-0.3561321144388057
-0.35825030606550473
-0.3602241459302604
-0.36084712971933186
-0.36187908524880186
-0.36243046624585984
-0.36300688767805694
-0.3633931160920838
-0.36655071973800657
-0.36663946376012807
-0.3686650010757148
-0.36916243125193027
-0.3715967866592109
-0.37202632863126284
-0.3722504741939095
-0.3731490919765617
-0.373758591079968
-0.37510357874756056
-0.37939871326088903
-0.3798961664142553
-0.38067435650154946
-0.38157558175735173
-0.3824795048858505
-0.3861599595984444
-0.3866455705008573
-0.38881150344386695
-0.38924214327707884
-0.39084259564212215
-0.3911930948961526
-0.3919789228748414
-0.3920163289294578
-0.39248209049631105
-0.39395220919201773
-0.39554190398484934
-0.39560634537483563
-0.3957463826955063
-0.39596358094260925
-0.39622757239461254
-0.39710273646051064
-0.3978766750337349
-0.39836868492420763
-0.40049518999044914
-0.4006241689203307
-0.40255243878345937
-0.40444323513656855
-0.40510354405705584
-0.4071288198232651
-0.40718183881108416
-0.40845244214870036
-0.4095418775845742
-0.4104793503259619
-0.41079458555517095
-0.412409572294564
-0.41254621517792756
-0.41257774070836606
-0.4157346236622996
-0.4167066119516676
-0.419428714880875
-0.4204717144370079
-0.4209783924355482
-0.4212707264038424
-0.42216122839211795
-0.4223542588064447
-0.4226757147349417
-0.42324671568349004
-0.4240802437561797
-0.42463903352618215
-0.42695817034691574
-0.42697280968228973
-0.4281043461135899
-0.4284086739853592
-0.4295594324823469
-0.4301033480377454
-0.4306425084418152
-0.431091889532076
-0.43136066299242276
-0.43183749851305037
-0.43270148162264377
-0.4375526153922288
-0.43847252810373905
-0.43898670468479395
-0.44028617290314287
-0.44072595234562567
-0.44298828663304446
-0.4458243678285119
-0.4484064264688641
-0.4484744603105355
-0.44971056666399817
-0.4500072660855949
-0.4511897526754183
-0.45393171155204376
-0.45474657064510715
-0.45551029461520637
-0.45636326881746453
-0.45799447263457943
-0.46008561049691504
-0.4618679316714406
-0.4623450132306008
-0.4628448230214417
-0.46547234908211976
-0.4666530525311828
-0.47140963333991487
-0.4719670715664203
-0.4720466583967209
-0.4773175865203874
-0.4776095191108262
-0.47805647370405496
-0.4813667549751699
-0.482013619504869
-0.4831076554954052
-0.4843293509911746
-0.485190445217692
-0.4879676796263084
-0.48872095476835964
-0.4903972411661276
-0.49230620933020774
-0.495244312669254
-0.49610111662020373
-0.49702065044807064
-0.49766107206232846
-0.4980976695993117
-0.4986322634853423
-0.4993359010356168
-0.5018298314470384
-0.501847137324512
-0.504450770560652
-0.505382344048121
-0.5055352396331727
-0.5068872123748795
-0.5070303776301444
-0.5108931031815397
-0.5118699720395463
-0.5120560808572918
-0.5141213707625866
-0.5157486077514477
-0.5168066487854553
-0.5190189878921956
-0.5213930109914925
-0.5224587776594691
-0.5227104932069778
-0.5228051467177769
-0.5254515675561768
-0.5269330105123421
-0.5279620198739899
-0.5285621906884692
-0.5288149143823169
-0.5320412431740098
-0.5347495631015461
-0.5360364379157545
-0.5381637029349804
-0.5388007266058897
-0.5389287228213756
-0.5405216356074172
-0.5405377756272044
-0.5407423948248228
-0.545842612173874
-0.545853279237318
-0.5466705885046395
-0.549310464435257
-0.5526998466262335
-0.5541864899652345
-0.5595248777988471
-0.562792464455759
-0.5638788986640672
-0.5708279046335115
-0.572070135579755
-0.573912407271564
-0.5741586967371404
-0.5746883135288954
-0.5803218026246343
-0.5808329179650172
-0.5808722880402846
-0.5815729952417314
-0.5818733111437824
-0.5836289705974715
-0.5836958479568628
-0.5843293930270842
-0.5843328580958769
-0.587323770703127
-0.5894347390159964
-0.5905514841899275
-0.5918412029762598
-0.5920391360890459
-0.5925996985752136
-0.5945156117086299
-0.5952880391305371
-0.5954812749987468
-0.5978769606444985
-0.5995937133615371
-0.6014390204800293
-0.6025434645654802
-0.602655039075762
-0.6103907767683268
-0.6137271880039147
-0.6175071456818841
-0.6187607482489612
-0.6189769164969524
-0.6219350706253733
-0.6229521362110972
-0.6240891760680825
-0.6241762296607097
-0.6265742232402166
-0.6274467164650559
-0.628006276441738
-0.6281148066278547
-0.6301366101418223
-0.6302939714708676
-0.6306225530812904
-0.6356448008279715
-0.6402069181203842
-0.6411823388654738
-0.6451279483735561
-0.648640051658731
-0.6507638670504093
-0.651292074972298
-0.6594331714524222
-0.6614108091947856
-0.6668785698711872
-0.6674839654006064
-0.678167462348938
-0.6800401595731577
-0.686208174424246
-0.6953076639232071
-0.6955529054626822
-0.6960314312683684
-0.6986056962050498
-0.6987786758691072
-0.6989960904854039
-0.7014703779481352
-0.7019328509146968
-0.7060344144701958
-0.7094225337107977
-0.7137188867782243
-0.7172027855728326
-0.7239011056787733
-0.726502668322064
-0.7337727230042219
-0.7339840079269683
-0.7388143017888069
-0.739010626450181
-0.7500943359918892
-0.7556875240057707
-0.7665502545423806
-0.775592229846451
-0.7758020185865462
-0.7781795898918062
-0.7800201444886625
-0.7845272608101368
-0.7876627418445423
-0.7892351128160954
-0.7964956917179128
-0.8015369719360024
-0.8065776091068984
-0.8081364480778574
-0.8141063515096902
-0.8162993846150736
-0.8212995051095883
-0.8369650191161782
-0.8428181607741863
-0.8501200125552714
-0.8520481852348893
-0.8615931421518326
-0.8700523806735874
-0.8708813902921975
-0.8715961471898481
-0.8749331505303937
-0.8846212467178702
-0.8982071551494301
-0.9074463290162385
-0.9106099374592305
-0.9150513615641103
-0.9157025466362635
-0.91855114325881
-0.9199541395276107
-0.9318452510051429
-0.9417253330349922
-0.9546317381577359
-0.9622381632216275
-0.9735479027032852
-0.9792951800521802
-0.9839336425065994
-0.9906941010202799
-0.9921112499665469
-0.9945707122984458
-0.996866476838477
-1.004275346795718
-1.009906885990252
-1.0313294913619757
-1.033637646678835
-1.0626923662610352
-1.0816891171445604
-1.0964226685464382
-1.0989829748868942
-1.1138829523697495
-1.1160028394466888
-1.1231621474027633
-1.1238265341768663
-1.1521078050136566
-1.1604662551835645
-1.1687319725751877
-1.175523528829217
-1.1861562877893448
-1.1869448984507471
-1.1906752687646076
-1.2019636631011963
-1.2094295471906662
-1.2141153518110515
-1.2193983048200607
-1.2195527967220794
-1.2479768455028535
-1.2804462909698486
-1.2817434746772052
-1.2929145693778992
-1.2944550089887343
-1.2985026781243505
-1.31828205101192
-1.3417509215032624
-1.35050634543101
-1.3624384362250566
-1.39629381056875
-1.4147193878889084
-1.4213577232190542
-1.4283169507980347
-1.4388147734571248
-1.4679640671238303
-1.472275878302753
-1.477711398852989
-1.5025911579529445
-1.5081445470452308
-1.5588189950212836
-1.5956361275166273
-1.6174505949020386
-1.632725632749498
-1.6332757546006178
-1.651619791984558
-1.657485842704773
-1.6600604155100882
-1.6672190371900797
-1.7338291390333325
-1.748667900217697
-1.7955657094717026
-1.8732638359069824
-1.884143760529696
-1.8908998845145106
-1.954010620014742
-1.9651066437363625
-2.0277146157604875
-2.036650598049164
-2.058775708079338
-2.0895447731018066
-2.096138296299614
-2.09863118827343
-2.162291467189789
-2.2721163804332414
-2.363437420067688
-2.5219160460401326
-2.571744866979619
-2.579212486743927
-2.820167488476727
-3.1819122610613704
-3.202001892030239
-3.4954997246386483
-3.633730628527701
-3.6746054833056405
-3.683547484484734
-3.7160441926680505
-3.902752600610256
-3.931185722351074
-4.09548722859472
-4.179156926771005
-4.184300283590953
-4.188468978936726
-4.366523265838623
-4.396737257639567
-4.61369268099467
-4.707636594772339
-4.949218701571226
-5.289809642825276
-5.418092648188273
-7.1917407512664795
-8.185062646865845
-8.246697425842285
-8.410434007644653
-9.587759733200073
