-0.0057142716228554494
-0.017697509843856096
-0.02183385193347931
-0.043170586522137455
-0.04598751034063753
-0.05839542287867516
-0.06000778265297413
-0.0654146690214677
-0.08739258721470833
-0.08867441918700933
-0.08939426301124816
-0.10401027354722221
-0.10443628756329418
-0.11172044430647722
-0.11292844930929798
-0.11527979922248051
-0.11557381886190601
-0.11671673879027367
-0.1348558220663108
-0.13738902204123507
-0.14412797160912305
-0.15246706892951176
-0.1536605590954423
-0.155627328902483
-0.15681634815077164
-0.15997867844998837
-0.16622070192048946
-0.16733593692379145
-0.1761378275363573
-0.18223113765316157
-0.1896052581258118
-0.19132851426386172
-0.19207404859896218
-0.2022999527362117
-0.20891444369529685
-0.2109335469680705
-0.21112636169244878
-0.21209897817711212
-0.21340815909206867
-0.22187754199076154
-0.2262379490555479
-0.22836555877270606
-0.2301282187319076
-0.2307942753424868
-0.23257217495499746
-0.2332353051751852
-0.23448581587917244
-0.23567841136648965
-0.2370101230866883
-0.2391012976787841
-0.2414464883719726
-0.24296909105032682
-0.24348236261866987
-0.24401161364706545
-0.24447411651723086
-0.24459746262989937
-0.2482060301117599
-0.24945274414494634
-0.251187977866958
-0.2529126916945513
-0.25365122697742964
-0.26189050926930374
-0.2641631899168715
-0.2652622721922983
-0.2656751389272119
-0.27625543672669056
-0.2844846303035554
-0.28637478393890586
-0.288359993857739
-0.2893945113076673
-0.29063594572815216
-0.2906890666112304
-0.29136137941598217
-0.2937631886857359
-0.297838420703021
-0.30110467740645014
-0.30177041261146464
-0.30535405948758126
-0.3054137897296724
-0.30644435035840917
-0.30703082219697536
-0.3098117522098619
-0.3099539812214466
-0.3127407274312443
-0.31391564105953357
-0.31422047099719447
-0.3152511690277606
-0.31552016238371533
-0.3155448390170932
-0.3165684889613153
-0.31676628955190406
-0.31960696218690526
-0.32039560998479527
-0.3207707119706486
-0.32169933255614813
-0.3226799750912257
-0.3229270037263632
-0.32305458933115005
-0.32361170427773484
-0.3258731085807085
-0.32720897591207176
-0.32853437738958746
-0.3286474524455116
-0.3286700649186969
-0.33189531292633284
-0.3329898112919182
-0.33523679594509304
-0.33611052566104466
-0.3361518208525683
-0.3364767968916567
-0.33851707746323784
-0.3424310331336326
-0.3428207629864725
-0.3431695350445807
-0.3435115945670987
-0.34552070844802074
-0.34602675444501285
-0.34755571105051786
-0.3488847492521422
-0.3537238324608873
-0.35479452763684094
-0.35605198892299084
-0.3571715878517187
-0.35717185281100683
-0.3572060579317622
-0.36190105036699344
-0.362571083009243
-0.3667013803496957
-0.3668565550709472
-0.3671410783759451
-0.37004101925995203
-0.3705336552346125
-0.3708734908141196
-0.3710546600133447
-0.37169686786292006
-0.37207993771880865
-0.37444155861930994
-0.37488507536049426
-0.3753265889740928
-0.3755168293395804
-0.3769616862030133
-0.3781076463249822
-0.3785932591288454
-0.3787468754410468
-0.3791098909661576
-0.3791489021473185
-0.37932271422404384
-0.37940212446847
-0.38022441817447544
-0.38082897930871695
-0.3809433887246996
-0.3817667584766501
-0.3825672524134544
-0.3836706363492542
-0.3838074153422245
-0.3841618139063939
-0.3844495704164729
-0.3848877936397912
-0.38691196936997585
-0.3887072985176928
-0.3893512040376663
-0.39031019231437575
-0.3917347308015451
-0.39210261553525927
-0.39511867369421655
-0.3975252080497078
-0.3982678234358044
-0.4002669010311365
-0.4004614665333567
-0.4012824259698391
-0.4027416007593274
-0.40420964956283567
-0.40437490724284075
-0.40877114575622336
-0.4106563871105209
-0.41220276122912763
-0.4124709999766843
-0.4124795103006446
-0.41274395887739956
-0.41352936404728097
-0.41695332289340775
-0.4172306716874508
-0.4177741079049156
-0.41884487080905175
-0.4197652664567743
-0.42055937387049197
-0.42374214849301745
-0.42409232751067194
-0.4246516546441449
-0.4265498980879784
-0.4270047793785731
-0.42781123829384643
-0.42963915481232107
-0.4297658714621017
-0.4302645155176934
-0.43232669026797843
-0.43387687020003796
-0.4342498429119587
-0.4349991999799386
-0.4353600915055722
-0.43586517848038614
-0.43705251956375185
-0.4385426824796014
-0.4397401440785163
-0.44023260455578567
-0.4416240103975205
-0.44410237669944763
-0.44435284718532453
-0.44667111995763015
-0.4467165525360354
-0.44966209333004625
-0.45042571327649056
-0.45127447322010994
-0.4518899739719927
-0.453407919045449
-0.4537161504616961
-0.4542585551792469
-0.4546895980103208
-0.4550061781013098
-0.45717756300499396
-0.4575700635711352
-0.4599436878093651
-0.46245884895324707
-0.4630720123839435
-0.46330427717314
-0.4638455476455824
-0.4650890287011862
-0.46541905640201137
-0.46593635555888924
-0.46957764588296413
-0.47008252890082075
-0.47054864423857495
-0.4707636563479254
-0.47077320094686004
-0.4708290878269408
-0.4711071620695293
-0.47129170071067555
-0.47179978190688415
-0.4726169762974938
-0.47288866331800816
-0.4749323323679467
-0.4749406926463659
-0.478771897777915
-0.47941176619912895
-0.4807295628956386
-0.4822388216853142
-0.4826811181588305
-0.48363618413249143
-0.4841390973370936
-0.48474306862335653
-0.485060052620247
-0.48614253355190157
-0.4880741610759287
-0.4893232649075799
-0.49007551837712526
-0.4911605294328183
-0.4912820789730176
-0.49169512268854304
-0.49463886544108393
-0.4950331932177505
-0.4961988288074887
-0.49673272219176096
-0.49678951165535384
-0.4975854134601023
-0.4983492220635526
-0.49837466251725954
-0.49977375629047555
-0.5005311444401741
-0.5007438398897648
-0.5007987681310624
-0.5024568140506744
-0.5035241780181726
-0.5037607850972563
-0.5037657082080841
-0.5048651344735514
-0.5052642886611548
-0.5064843483269215
-0.5070157895388547
-0.5073858970510108
-0.5078968941899282
-0.507983620550173
-0.5087272906675935
-0.5090555190626118
-0.5094847495201975
-0.511304590307797
-0.511715175351128
-0.5119887794600799
-0.5145274057673911
-0.5161243512346927
-0.5161504796124063
-0.5165428623557091
-0.5167805720120668
-0.5179852179251612
-0.518478227360174
-0.5187227386049926
-0.5202396918016348
-0.5245295330882073
-0.5296654539803664
-0.529720241514345
-0.5302289376559202
-0.5306931784198241
-0.5307124031707644
-0.5321940570655797
-0.5345068082213402
-0.5347204950586375
-0.5347471162676811
-0.5352441146969795
-0.5357189529575408
-0.5363462950917892
-0.537064746565496
-0.5385160710559123
-0.5398361232752601
-0.5402750938665122
-0.5413148750551044
-0.5436078896746039
-0.5436081492475101
-0.5463367730146274
-0.5467068524837183
-0.5467974676026238
-0.5468804345776638
-0.5468817915767431
-0.5483530469238758
-0.549723377257275
-0.5511633239875664
-0.5523650135560779
-0.5532819704094436
-0.5544433859842164
-0.5554694791013995
-0.5557850929391053
-0.5564217904466204
-0.5567990163607257
-0.5586926323885564
-0.5600263252854347
-0.5607734462246299
-0.5608777063233512
-0.5613760977155633
-0.5618067319904055
-0.5668983867184983
-0.5672880777690027
-0.5692989155650139
-0.5695367008447647
-0.5695507244931327
-0.5697562779920796
-0.5731119781732559
-0.5737081463448703
-0.5737901677639456
-0.5750683201476932
-0.5759811839404089
-0.5780732766725123
-0.5783546978038632
-0.580153945472557
-0.5824711809400469
-0.5848749826351801
-0.5887682627098911
-0.5913163349032402
-0.5932963496694962
-0.5944961532950401
-0.594866854371503
-0.595886264462024
-0.5959583537446128
-0.5972622159336295
-0.5974172778369393
-0.5983662737533451
-0.5999460238963366
-0.6038242940391813
-0.6053049142162005
-0.6053923018875399
-0.6067708597208062
-0.6076624365107689
-0.6077141112514904
-0.6083430892654828
-0.6096392711624503
-0.6096708563854918
-0.6104263953864575
-0.610905332756894
-0.6111019730567933
-0.6111862659454346
-0.6113207130110823
-0.6116576681612059
-0.614301693305606
-0.6167245122293631
-0.617336734974136
-0.6188127651810647
-0.6225073793902993
-0.6227666182177407
-0.6246798208914697
-0.6250441029667855
-0.6252189304463432
-0.6253851193136403
-0.6265242887394769
-0.6268085405230522
-0.6278195929480717
-0.6284841398398081
-0.6299517531879246
-0.6304222038015723
-0.6318351486439092
-0.6328098881989718
-0.6364289908669889
-0.6391772743728426
-0.6396642100065947
-0.6412979150190949
-0.6422606366686523
-0.6438706927001476
-0.6439231052063406
-0.6478215746049371
-0.6496601548045874
-0.6499935518950224
-0.650140667334199
-0.6506630443036556
-0.6544937656985389
-0.6549675688147545
-0.655567490728572
-0.6556305527687073
-0.6559607939879325
-0.6601569006840388
-0.6613073679618537
-0.6618828512728214
-0.6638211780227721
-0.6674456901382655
-0.6695043806518827
-0.6699395829346031
-0.6724817336847385
-0.6744951486587525
-0.6749919636381997
-0.6754340196161398
-0.6759895235300064
-0.676390444394201
-0.6773096569813788
-0.682501301014175
-0.6835869476975253
-0.6842996659023421
-0.6850114208646119
-0.6851107043524584
-0.6863355941022746
-0.6868665388652256
-0.6880601849406958
-0.6885773663874716
-0.6940982430759404
-0.6943737138062716
-0.6945969352964312
-0.6945973569527268
-0.695282352868364
-0.6962283276435401
-0.6992180958390236
-0.7020739776392778
-0.7021375643089414
-0.7030301456236177
-0.7037958097902851
-0.7054882651815811
-0.7102177711203694
-0.7113785858382471
-0.7127561690285802
-0.716375291813165
-0.716625327989459
-0.7171611860394478
-0.7174496660009027
-0.7213493350760213
-0.7251183880226952
-0.7302427019923925
-0.7309170613686243
-0.7353450820470849
-0.735575950704515
-0.737052071839571
-0.7376982659101486
-0.7383263289928437
-0.7385122306644917
-0.7388315222093037
-0.7390807466581464
-0.740534114651382
-0.7428830865421332
-0.7431417249143124
-0.7463169936090708
-0.746823359746486
-0.7483175241854042
-0.7499332715757191
-0.7513960069045424
-0.7525205612182617
-0.7538005457196656
-0.758003443479538
-0.7596181052736938
-0.75962317828089
-0.760611136443913
-0.7611929938197136
-0.7614859573543071
-0.7640490885823965
-0.7670352533459663
-0.7670775461010635
-0.7680903324466531
-0.770265669375658
-0.7706649899482727
-0.7731507122516632
-0.7746975129204137
-0.7775279051857069
-0.7776345629245043
-0.7802353501319885
-0.7848650509757655
-0.78663191315718
-0.786699341237545
-0.7897039651870728
-0.7905367407947779
-0.790727611631155
-0.7912222994491458
-0.7939818029602369
-0.7983436682261527
-0.8006637177430094
-0.8013977706432343
-0.8015460852119658
-0.801816301420331
-0.8022395239344665
-0.8027455188333988
-0.8039832713289393
-0.8049889001995325
-0.8116343066096305
-0.8142434164881707
-0.8164588431274751
-0.8183167509268969
-0.8225881945497046
-0.8252434253692627
-0.8299641236662865
-0.8309192284941673
-0.83265111874789
-0.8332280367612839
-0.8339821350760758
-0.8352606121916324
-0.8353748805820942
-0.8354401122778654
-0.8356080981902778
-0.8363414853811264
-0.8395662407080332
-0.8437483068555593
-0.8477933599303166
-0.8516765862703324
-0.8547740331850946
-0.8581230044364929
-0.8599055444023439
-0.8615727005526423
-0.8625002570450306
-0.8634509096542994
-0.8662713531936918
-0.8694269626867026
-0.8696100115776062
-0.8697191990911961
-0.8888781468073527
-0.8937314792225758
-0.9029921025037766
-0.9051087578603377
-0.9123281327386698
-0.920798530181249
-0.921397440135479
-0.9233355547767133
-0.9253344312310219
-0.9311007291078568
-0.9410891365259886
-0.9438396642605463
-0.9453815743327141
-0.954645985737443
-0.9699301977774927
-0.9723754380829632
-0.9724488615989685
-0.9751004204154015
-0.9755789879709482
-0.9883234198399199
-0.9889806628227233
-0.9996838718652725
-1.0037925377488137
-1.0038475670984812
-1.0126991221415145
-1.019627829703192
-1.0209768638014793
-1.0257507661978404
-1.0318256579339504
-1.0366838870104402
-1.0398334842175245
-1.0401945233345031
-1.0479479134082794
-1.0481486111879348
-1.0525981485843658
-1.061404962092638
-1.0713187878330548
-1.0747498316424233
-1.0813405760430517
-1.0926726341422182
-1.0931199342012405
-1.09463130235672
-1.09965480864048
-1.1012521740049124
-1.103512999912103
-1.1095298863947392
-1.118148970603943
-1.118746530264616
-1.1202323704957962
-1.1251474956516176
-1.1264053136110306
-1.1317047104239464
-1.133169653515021
-1.13869704802831
-1.146903246641159
-1.1470792386680841
-1.1504162900149821
-1.1610193451245625
-1.1690587162971497
-1.1771631687879562
-1.186034083366394
-1.2042174458503723
-1.2117220805957913
-1.2280343224604924
-1.2309948205947876
-1.233316995203495
-1.240496003627777
-1.2503196597099304
-1.262816771864891
-1.2717379918321967
-1.2778605952858926
-1.2811525836586952
-1.2912202924489975
-1.2939779857794445
-1.3092982088564895
-1.3182089825471242
-1.3230688720941544
-1.3316756635904312
-1.3346886386279948
-1.3386946168417733
-1.3827564821889002
-1.3858622113863628
-1.4001674981398538
-1.4178741574287415
-1.4201767593622208
-1.4217647090554237
-1.4243477135896683
-1.4351775661110877
-1.4522409004469712
-1.4992593880742788
-1.5451485812664032
-1.5464666113257408
-1.5650667548179626
-1.610800325870514
-1.6114747722943623
-1.641618549823761
-1.6897761784493923
-1.7097049448639154
-1.7222934050175052
-1.7348809490601222
-1.7479789555072784
-1.7716318871825933
-1.7945283651351929
-1.8109321643908818
-1.8155139088630676
-1.8173055108636618
-1.818410317103068
-1.8232887883981068
-1.8358819782733917
-1.8926618695259094
-1.914726883172989
-1.928206613752991
-1.935655415058136
-2.0040571093559265
-2.0117628164589405
-2.015970525021354
-2.0207004006952047
-2.029092777520418
-2.0379008650779724
-2.084784746170044
-2.0903475284576416
-2.1138502564281225
-2.1353337398419776
-2.1505643924077353
-2.1737900115549564
-2.204591803252697
-2.243461847305298
-2.245662808418274
-2.2502152025699615
-2.267984092235565
-2.2845113277435303
-2.399618943532308
-2.4069796568946913
-2.5018151700496674
-2.557238221168518
-2.601834362372756
-2.615302840868632
-2.7850794394810996
-2.8533232719637454
-2.878402829170227
-2.9797110557556152
-2.9922622814774513
-2.9968284964561462
-3.0131150665692985
-3.07403124216944
-3.0827464018948376
-3.102224246133119
-3.353763459250331
-3.4612302780151367
-3.8965340852737427
-4.022139740060084
-4.341880798339844
-4.878037214279175
-5.688449859619141
-7.116254806518555
-7.634518623352051
