-0.00014536500384565443
-0.0113919751602225
-0.029044719114608597
-0.0326312407075117
-0.04456389005645178
-0.047646585114610694
-0.04782639603529658
-0.051081759738735855
-0.06558319536270574
-0.0687146583853367
-0.07582646310038399
-0.10265235538180503
-0.10301909781992435
-0.10432425547939299
-0.11256028709855552
-0.1134386050204436
-0.11471023823833093
-0.11734356568777002
-0.11812242415253423
-0.12261422723531723
-0.14133367263711988
-0.1427131239152004
-0.15337275953165122
-0.15880146358783045
-0.16353848343715072
-0.1748319542966783
-0.17617520609443696
-0.17744197445572354
-0.18663626168854536
-0.18740818494734413
-0.19255667179822922
-0.20021724232771834
-0.20125538855791092
-0.21486500720857293
-0.21796917216852307
-0.21859938147681532
-0.2214525793582046
-0.22196413586373506
-0.22778917360119522
-0.22832978708454624
-0.23449335199704643
-0.23646914213895798
-0.241689531791053
-0.24292135358700762
-0.251052953923742
-0.25719665142241865
-0.2626842380966991
-0.2635681696096435
-0.26388733205385506
-0.2642477103509009
-0.2667188798256505
-0.27013020566040985
-0.2714340223930776
-0.27267671695962137
-0.27354673412082775
-0.2742796204205661
-0.27475204373835227
-0.2769136736654521
-0.28042228397195385
-0.28787813112661564
-0.2902919847731123
-0.29041537642478943
-0.29152459278702736
-0.29290404222168337
-0.2935679171758238
-0.29515499389526667
-0.2959408369452621
-0.296361025958322
-0.2965772346267477
-0.2976529921969632
-0.2979198536874416
-0.29934478202961723
-0.3005148440729716
-0.3007483390848274
-0.3021659441723454
-0.3047489465032413
-0.30588379267283017
-0.3059395963791758
-0.30709096650098217
-0.30790369370455056
-0.31037886464252584
-0.31122666159465623
-0.31133002567534834
-0.31321326648246434
-0.31645794075448064
-0.3186806547929774
-0.3196249842898956
-0.3198980433289367
-0.3208081100601703
-0.321441349190233
-0.3216449678616805
-0.32307403781960603
-0.3262629734755527
-0.3265478853136301
-0.328049005771955
-0.3294122739049878
-0.3302808326552622
-0.33303171430167783
-0.3347157922932335
-0.3370158894240911
-0.337954273599381
-0.338768868126499
-0.34027054217697766
-0.3409676914961892
-0.3419545672557433
-0.3423795833898891
-0.3435401742463
-0.3452488774091762
-0.346255791868316
-0.349935157538551
-0.3514875840099359
-0.35201309982221574
-0.3536368707469332
-0.3545786464290524
-0.3546638434299415
-0.354852721405526
-0.35521029829978945
-0.35582286179331796
-0.35651643410965334
-0.35755515202514027
-0.3585783601265575
-0.35872597421478963
-0.35958257788193543
-0.36118112458317575
-0.3612796503917447
-0.36131410154048355
-0.3642203252296895
-0.3645359279695325
-0.3678020144663086
-0.3684931469935691
-0.3687533774471376
-0.3690660743221607
-0.37503320738323964
-0.3753907256482524
-0.3760306048716302
-0.37633581933267934
-0.37673417337715537
-0.3785054840761101
-0.37857800463557634
-0.3791435635037487
-0.3798689227551222
-0.380128263408551
-0.38030477601569146
-0.38085400610829573
-0.3816114464668014
-0.382791551495237
-0.38337703504064985
-0.3837785030467785
-0.3846251696148621
-0.3848231787040796
-0.38496852041134844
-0.3851456545914213
-0.38638380622300744
-0.3867525608050831
-0.38704564459621904
-0.38838869127600145
-0.38942881394177675
-0.3907160462455495
-0.3929206839762628
-0.39396936732964605
-0.3954121126896805
-0.39801595799508505
-0.39839738157267374
-0.3985932264250651
-0.4024243739744027
-0.4031234183406923
-0.40312555283308027
-0.40375385104562156
-0.40494641040115514
-0.40914368749508867
-0.4104673120150851
-0.41156593086974075
-0.4145031910738908
-0.41558980154804886
-0.4174797325140389
-0.418132340766897
-0.41824133005267117
-0.4195794914267026
-0.41976286179124145
-0.4201475647394545
-0.4207888268865645
-0.4208612255228218
-0.42146515443592386
-0.4216627837364513
-0.42403641534070224
-0.42648567993698333
-0.4280944650111321
-0.4286380629055202
-0.4309910974140318
-0.4323889901695241
-0.4337937835371122
-0.43479815435178654
-0.4371298265701625
-0.43759595188312234
-0.4386693695487338
-0.43969840050808023
-0.44103647880838254
-0.4414908886479679
-0.4424559647979384
-0.44277920258956815
-0.4463547571601036
-0.44756114115007223
-0.44827836570329965
-0.45050707886305946
-0.45053226538376684
-0.45122009012484343
-0.4515569933486404
-0.452463798224926
-0.45518936091846424
-0.45635879504698096
-0.456530782704552
-0.45742734463419765
-0.45952701688656816
-0.4597671070419892
-0.45979925089826185
-0.46133755971677604
-0.4620207054540515
-0.46326925325203255
-0.46875827794428915
-0.46949228257872166
-0.47070972342044115
-0.47367690151764286
-0.4737387767863066
-0.4744872207000818
-0.47698935176304075
-0.47778451889753343
-0.47883469592779876
-0.47898871451840164
-0.4800254135816431
-0.4810251280432567
-0.48128307316558977
-0.4821969390504819
-0.48568284603970824
-0.48734603365883233
-0.48874561440607067
-0.4902957875246001
-0.4946781104109028
-0.4947771282522808
-0.4982785803731531
-0.49985602019781555
-0.5008134200345792
-0.5023403778406126
-0.5023586168228777
-0.5024217572249654
-0.5061329759062372
-0.508019319412415
-0.5086614382841314
-0.5114437267895684
-0.5139716948942805
-0.5152681463114277
-0.5152793100220151
-0.515841045678826
-0.5159027144312859
-0.5164053849875927
-0.518081062939018
-0.5191686608294341
-0.5194852994700341
-0.5196393228707166
-0.5208912766102003
-0.5211748575602542
-0.5225626014039985
-0.5251266006026916
-0.526736268310924
-0.5272693121805787
-0.5288720698954421
-0.529435354944629
-0.5304655708969221
-0.5306499872167478
-0.5309565994234617
-0.531928697195586
-0.5329996070989486
-0.5335052081694206
-0.5340779274702072
-0.5344095005809019
-0.5354168200347986
-0.5359432678087614
-0.5383894992119167
-0.5395717876298087
-0.5397601223750306
-0.5412529979003011
-0.5436532706953585
-0.5443832934834063
-0.5458512502445956
-0.5460778772830963
-0.5461271679960191
-0.5474765630982196
-0.5476098087286422
-0.5507127462963884
-0.552704411248366
-0.5541308150161057
-0.5559427574917208
-0.5573792877330561
-0.5578444944177237
-0.5592258235820654
-0.5613406721327919
-0.5629643342690542
-0.5635981009607869
-0.5650562775159155
-0.5654042452822776
-0.5675636345986277
-0.5677935522049665
-0.5681452381605696
-0.5685462917234483
-0.569538511077149
-0.5707365695437018
-0.574954652303579
-0.5761278895661235
-0.5774114826621372
-0.5776001752354205
-0.582057540557192
-0.5826752405613661
-0.5841321317075199
-0.5841592087745084
-0.5858337063712368
-0.586998325510649
-0.5885646498762072
-0.5900272512808442
-0.5917560787185923
-0.5918989344805595
-0.5920511095706994
-0.5944320066009823
-0.5966833086373905
-0.5968931858854679
-0.6005072705447674
-0.6026785585231015
-0.6034548807656392
-0.6063312015758129
-0.6093569647831222
-0.6126291643595323
-0.6127158089345487
-0.6140022510662675
-0.6144045410794206
-0.6159446554754848
-0.6176564455032348
-0.617692537799788
-0.618339066131739
-0.6185030695293486
-0.6209096679877903
-0.6221821532584727
-0.6236666214264749
-0.6247805844674682
-0.6251117806914408
-0.6251496978386838
-0.6277153512928635
-0.6285174481570721
-0.6325927081828316
-0.6339927051433025
-0.6347879157401621
-0.6365849848953076
-0.637417460895247
-0.6384335553480519
-0.639903234038502
-0.6433069833243886
-0.6438163813078669
-0.6449147823700009
-0.6454812777228653
-0.6497597859997768
-0.6523608426297349
-0.6547317788968535
-0.6555585982823686
-0.6583715370228068
-0.6590066840872169
-0.6605006422614679
-0.6605485171700517
-0.666277615656145
-0.6673025405810525
-0.6692195417999756
-0.6712026280971864
-0.67359225358814
-0.679275244474411
-0.6797149669291684
-0.6800357930129394
-0.6821432602591813
-0.6864819581387565
-0.6867133473667005
-0.6871074568480253
-0.6887430816888809
-0.6890407016217068
-0.6905199134988445
-0.6933070218874491
-0.6935792600270361
-0.6957005215808749
-0.7051886141300201
-0.7059063126466104
-0.7101547493133694
-0.7241544807717825
-0.7246042560320347
-0.7322394723499505
-0.7328410595655441
-0.7426354590803385
-0.7445495089250471
-0.7460363879799843
-0.7473775083199143
-0.7510038711952802
-0.751251145801507
-0.7524024948477746
-0.7541983835981227
-0.7580715914567312
-0.7600183397531509
-0.7722515935699145
-0.7730877961963415
-0.7757155027065892
-0.7767735550712261
-0.7778839145321399
-0.7786208826350048
-0.7834316114895046
-0.7872643992304802
-0.7879764396348037
-0.7934077568352222
-0.8016247808933258
-0.8167790985252295
-0.8188775432063267
-0.8267252147197723
-0.83147295748131
-0.8397413138045522
-0.8506719288943714
-0.8540295716375113
-0.8560025716821352
-0.8648459199393983
-0.8656998564401874
-0.866166850348236
-0.8715393230319023
-0.8717867734845236
-0.8722712255548686
-0.8806239622063003
-0.8816790073178709
-0.8822135403752327
-0.8850654765963555
-0.8895952426828444
-0.8897188621146294
-0.8933436542283744
-0.8977298978716135
-0.8989615427271929
-0.8992375299800187
-0.9032223761081696
-0.9104570150375366
-0.91302993973451
-0.9168120235204696
-0.9183284468682749
-0.9282337243267749
-0.9288260992616415
-0.9405298217607196
-0.9458686765283346
-0.9486108432562711
-0.9606365752988495
-0.9943436617031693
-1.0032486990094185
-1.005376175045967
-1.009673148393631
-1.0346053143342335
-1.0423200589915116
-1.0558650568127632
-1.0802773851901293
-1.0857745817920659
-1.108364784469207
-1.1111900335818063
-1.1122827231884003
-1.124335984699428
-1.146902044614156
-1.157658852195406
-1.159665475289027
-1.1757336191949435
-1.1807869331678376
-1.2085274488975604
-1.2092156043897073
-1.2130412615855068
-1.2150888288160786
-1.2222869692341192
-1.2251637478669484
-1.2263955463228438
-1.2323958203196526
-1.2541800571605564
-1.2749033570289612
-1.2825416738633066
-1.3017211854457855
-1.3032474654416244
-1.3033571739991505
-1.3056377172470093
-1.322444323450327
-1.326847962848842
-1.3444749489426613
-1.3851638920605183
-1.3880005817536585
-1.4220011519889038
-1.4510411620140076
-1.4868145416645955
-1.5124942138791084
-1.5223751366138458
-1.5393246412277222
-1.5395750403404236
-1.591336087634166
-1.6045164465904236
-1.6606091260910034
-1.6804214119911194
-1.7071633621417277
-1.7103321333318793
-1.7293627129304998
-1.7519954933474462
-1.752502938111623
-1.7561526900778215
-1.780196542541186
-1.8365676601727803
-1.8765169365869951
-1.9190914630889893
-1.9758212639662815
-1.976906232535839
-2.0407454818487167
-2.0712994732894003
-2.085187430959195
-2.099172592163086
-2.1337696313858032
-2.173829674720764
-2.222169265151024
-2.3134655877947807
-2.315753787755966
-2.3626203760504723
-2.3648476749658585
-2.3655781019479036
-2.483003541827202
-2.4896453619003296
-2.494381904602051
-2.563955307006836
-2.5781160593032837
-2.6250336170196533
-2.6256639659404755
-2.6815158913862738
-2.6919250823557377
-2.936947600916028
-3.0031470354879275
-3.0444383770227432
-3.1136066913604736
-3.1865244805812836
-3.257130593061447
-3.2588266357779503
-3.6739353239536285
-4.842853415029822
-4.8920736368745565
-4.965679377317429
-5.495337000582367
-10.232458114624023
-10.583290100097656
-10.586898803710938
