-0.0035123125999234617
-0.014278296730481088
-0.03134015906398417
-0.06727119535207748
-0.09790777415037155
-0.10433326294878498
-0.11849882151364
-0.1229686092119664
-0.14281471818685532
-0.14879013545578346
-0.154078780948718
-0.17553922006239495
-0.18407728616148233
-0.18605289644781603
-0.1865881271660328
-0.19788668241380947
-0.21333174382258827
-0.2473575361073017
-0.26449520140886307
-0.28036037385463713
-0.2857008569740823
-0.28591491935286384
-0.28835517803236144
-0.288518500328064
-0.3159277541883057
-0.31885022670030594
-0.32688134275376796
-0.32851652801036835
-0.33036620362254326
-0.33118307549092507
-0.33145751245319843
-0.33338695112615824
-0.33680338505655527
-0.34442666079849005
-0.3530919418371923
-0.3567097255727276
-0.36384616835441974
-0.3743037946522236
-0.3743068651878275
-0.3758306561154313
-0.37922265979328323
-0.37992221862562775
-0.3825548810418695
-0.38764089504256843
-0.3898619459941983
-0.3903826158493757
-0.3930350386290229
-0.39449819549918175
-0.39744941610842943
-0.4025411745533347
-0.4025672413408756
-0.40346429430355785
-0.4054906397525753
-0.41032890491187574
-0.41086819680640474
-0.4142599050886929
-0.41603800747543573
-0.42052316477069823
-0.4242445134247343
-0.42445276414842475
-0.42622415131578845
-0.4280559120888938
-0.43062408771462896
-0.4324018292661224
-0.43546482766396366
-0.4357171629235381
-0.437727278098464
-0.44113410168793055
-0.44290540741349105
-0.4476257922748725
-0.4477767719363328
-0.4501533757381064
-0.453189980937168
-0.4546498227864504
-0.4551393616954253
-0.45751554477991985
-0.46162339113652706
-0.4626810300563063
-0.46588121561540496
-0.46654169843532145
-0.4676289990047735
-0.46772068405213457
-0.4678948525753286
-0.4685913675457414
-0.46957449441025445
-0.47127154865302145
-0.47217233292758465
-0.4723286490318262
-0.47330236434936523
-0.4749771289095995
-0.4761235094629228
-0.47655905046340197
-0.4765662498927365
-0.47691491101351047
-0.47775714374923456
-0.48084390244912356
-0.4809400372207165
-0.48107601510774756
-0.48400796527566853
-0.48431873582947965
-0.48648155201226473
-0.486899774055928
-0.4870597212575376
-0.4882724227328949
-0.4886206623632461
-0.4897236440330744
-0.490760138258338
-0.49098967264095944
-0.49251189158045844
-0.4955887927208096
-0.4969622971773788
-0.4982836302369833
-0.49890133527369473
-0.4989332207478583
-0.4993142243474722
-0.49958071345463395
-0.499665322015062
-0.5003075022250414
-0.5005566910226157
-0.50058403911276
-0.5013320736587048
-0.5031315338398729
-0.503215729438055
-0.5034339991153071
-0.5039124559197161
-0.504152795067057
-0.5064026578644795
-0.5069362823363918
-0.5072918891188843
-0.5087626210030672
-0.5103306436212733
-0.5105437086895108
-0.511680571237362
-0.5150968222085133
-0.5172446314807467
-0.5188160315155983
-0.5194170637322324
-0.5197206541068025
-0.521312242429386
-0.5220454595983028
-0.5233078421006212
-0.5238521918987057
-0.5239293149539402
-0.524525188608095
-0.5245326027707679
-0.525173289128221
-0.5254612909629941
-0.5258106146007776
-0.5270179783304533
-0.5273094449657947
-0.5286219303816324
-0.5287906086305156
-0.5294333323836327
-0.5294754166776935
-0.5300833696965128
-0.5302669906855694
-0.5308006200939417
-0.5308648693086259
-0.5312679400667548
-0.5316725671291351
-0.531937381701061
-0.5329182942708334
-0.5340367684490047
-0.5340816194398535
-0.5355429475506147
-0.5362850410863758
-0.5365163895534352
-0.5377693058965777
-0.5387750267982483
-0.5387851393898018
-0.5390861451160163
-0.539184580440633
-0.5392447048393983
-0.5397796753793955
-0.540642461925745
-0.543075925861818
-0.5434621170163154
-0.5434894609032199
-0.5434992438078754
-0.5437220938380479
-0.5441924976184964
-0.5449721107725054
-0.5470459683487813
-0.5478399816515426
-0.5489759082130539
-0.5496897002061208
-0.5501441436819732
-0.5503437384031713
-0.5505493075936101
-0.5522033015266061
-0.5535649216268211
-0.5547450810427899
-0.5547606415472858
-0.5547630123794078
-0.5560412593590824
-0.5573713245263207
-0.5582264202575271
-0.5584899969398975
-0.5586895062588155
-0.5596028230469933
-0.5603556411806494
-0.5610555838793516
-0.5610887922396485
-0.5614175852388144
-0.5625399154507451
-0.5638536006833116
-0.5667879776219311
-0.5680379718542099
-0.569063252200269
-0.569093716871326
-0.5700557484735327
-0.570311305512275
-0.5705497419195515
-0.5710558745195158
-0.5711671784520149
-0.5718760967865819
-0.5719679095468914
-0.5733706370616952
-0.5743753235476713
-0.575448258779943
-0.5767644724745135
-0.5774300299584866
-0.577597903577905
-0.5778173575443881
-0.5797480425486962
-0.5802614049365123
-0.5820182681911521
-0.5824233529468378
-0.582681181030003
-0.5831157798180356
-0.5838571084397179
-0.5839460521936417
-0.5840987427269712
-0.5847344423333803
-0.5847997556556948
-0.5848187608286165
-0.5857487575101133
-0.5861761520306269
-0.586253667526223
-0.586677054874599
-0.5872298348350106
-0.5873690545558929
-0.5878494479380046
-0.5886163625245293
-0.5895392596721649
-0.5898460416065063
-0.589929886162281
-0.5899904056762656
-0.5910275480396544
-0.5915457918541506
-0.5920370295643806
-0.5935640226234682
-0.593913814984262
-0.5951613513752818
-0.5952054969621478
-0.5955133764073253
-0.5973470038780943
-0.5988474811116854
-0.5989262028570838
-0.5990159503562609
-0.6007198169827461
-0.6015107003040612
-0.6040370240807533
-0.6046537847982513
-0.6050712071737507
-0.6054067298420704
-0.606442409257094
-0.607141219638288
-0.6075561770371029
-0.6080723330378532
-0.6080859126523137
-0.6083319035048286
-0.608638653418489
-0.6095383924111957
-0.6099200972821563
-0.6117185844486812
-0.6122020874172449
-0.614754818030633
-0.6155136863468215
-0.6162681287775437
-0.6169093273180936
-0.6170815915933677
-0.6182320554410884
-0.6191885757570466
-0.6200156547129154
-0.6212977098508013
-0.6220699919919882
-0.6240868022266243
-0.6251514569545785
-0.629116600094777
-0.630486519962904
-0.6304927777033299
-0.6306627642334206
-0.6311870209340539
-0.6313024424016476
-0.6314226221293211
-0.6315425320580188
-0.6340639051049948
-0.6351245664060116
-0.6375754739468297
-0.6376598605087825
-0.6384185586984341
-0.6391653176746331
-0.6402553379535675
-0.6404024374981722
-0.6406319922811928
-0.6418497102011157
-0.6428619157522917
-0.6429706457836021
-0.6443182352930308
-0.6453960268861718
-0.6463661019224674
-0.6486619666218758
-0.648871630982155
-0.6494640331604221
-0.6497645098398525
-0.650628169791566
-0.6529640039791249
-0.6551210830609003
-0.6557603632946584
-0.6565389701032213
-0.657870139926672
-0.6599372966835896
-0.6602443940937519
-0.6602537952014245
-0.6607253871508874
-0.6621862511696796
-0.6633162695448845
-0.6647974939551204
-0.6650762341916561
-0.6652942854911089
-0.6655868723988533
-0.6664406553442989
-0.6674541682004929
-0.6682298429310322
-0.6687290030889786
-0.6696855877276643
-0.6703954929689644
-0.6710978948200742
-0.671611309114572
-0.677066227782052
-0.679881845736721
-0.6820232388563454
-0.6820602404131066
-0.6840399503449185
-0.686917140459021
-0.6884091397126516
-0.690255713487125
-0.6907065924670961
-0.6914799163738886
-0.6916152676567435
-0.6916228048503399
-0.6920416285516694
-0.6930438437504397
-0.6963587617501616
-0.6966016592923552
-0.6977665131978158
-0.7019354458898306
-0.7026981660940995
-0.7028266623499804
-0.7030192892998457
-0.703112828033045
-0.7032339833676815
-0.7040777380267779
-0.7053395131370053
-0.7083957514592579
-0.7086941078305244
-0.7092032084862391
-0.7100156983360648
-0.710166475463969
-0.7110077995621396
-0.7119309284413854
-0.7124919325113297
-0.7134569032738606
-0.7152790552936494
-0.7164838192984462
-0.7169714615281139
-0.7189318223723343
-0.7197190887884062
-0.7206129383295774
-0.7217232771217823
-0.7218198094051331
-0.7225411939822758
-0.7227358222007751
-0.7233948888140731
-0.7237859613378532
-0.7276213232427835
-0.7293528527021408
-0.7301302773877978
-0.7302666259463877
-0.7304141288623214
-0.7304433722048997
-0.7313055138383788
-0.7322328564245254
-0.7340578518099695
-0.7350185375660658
-0.7353276222944259
-0.735780581443881
-0.7369093725250827
-0.7376323654704416
-0.7388608588704041
-0.7395913554355502
-0.7410966187715531
-0.7414225444995931
-0.7427170113078319
-0.7427649481428994
-0.7448669254779816
-0.7522229123860598
-0.7553671421483159
-0.7558926957659423
-0.7586586056277156
-0.7605460379272699
-0.7645344633609057
-0.7681954212486743
-0.7702912795246535
-0.7707752976857591
-0.773078566417098
-0.7740450281649828
-0.7750204848125577
-0.7774958061985672
-0.7784694006990321
-0.7800994911563716
-0.7815322952551974
-0.7828163653612137
-0.784969796027456
-0.7850267403448622
-0.7874543864745647
-0.7880532403166095
-0.7897360609411928
-0.7914944037795066
-0.7940670597766127
-0.7943154899403453
-0.7991110241855495
-0.8000974413007498
-0.8041811993138658
-0.8049557749015678
-0.8054173141717911
-0.8081917897280719
-0.8101319173971812
-0.8121099848300218
-0.8144759442191571
-0.815072970057372
-0.819020016444847
-0.8204927584156394
-0.8218543011074265
-0.8229588179383427
-0.8231563443938891
-0.8262213533744216
-0.8271662270029386
-0.8271943651139736
-0.8303222551941871
-0.8321569642672936
-0.8324930809127787
-0.8325361087918282
-0.8342171516269445
-0.8344970722682774
-0.836588756646961
-0.8404814545065165
-0.8472888380638324
-0.8522958102015158
-0.854277090728283
-0.8548039881512522
-0.8551418648825752
-0.8648859957853953
-0.8661263150473436
-0.8664934966299269
-0.8674597879871726
-0.8734212219715118
-0.875274658203125
-0.875322001054883
-0.8767196774482727
-0.8810064196586609
-0.8814799323057135
-0.8821571373513767
-0.886330671980977
-0.8874911045034727
-0.8885081011801959
-0.8898781701922417
-0.8898969694972039
-0.8901415843516588
-0.8924379657837562
-0.8931557846721262
-0.8967417553067207
-0.8984044764190913
-0.9007518775179051
-0.9026672782376408
-0.9034288773934046
-0.9041604842990637
-0.9048830034832159
-0.904947115406685
-0.9149656630858468
-0.9156706432064917
-0.9174209576100111
-0.9184785676654428
-0.92224644087255
-0.9227505270391703
-0.9265860831364989
-0.9267178704176331
-0.9297432154417038
-0.930787512101233
-0.9349478720105253
-0.9374685121234506
-0.9386135737101237
-0.9388193304184824
-0.9434547596611083
-0.9460088778287172
-0.948431347310543
-0.9495569417874018
-0.9574813909828663
-0.9585461251903326
-0.9617119792848825
-0.9779849224723876
-0.9821275044232607
-0.9838718523581823
-0.9906319941260985
-0.9968253527767956
-0.9981385500480732
-0.9987189285457134
-1.0098477876745164
-1.017323151230812
-1.0204118583351374
-1.041958337649703
-1.0638715848326683
-1.0662771626375616
-1.0734343267977238
-1.093741923570633
-1.0975116081535816
-1.0985858645290136
-1.1008186372928321
-1.1008535800501704
-1.102722440447126
-1.112186461687088
-1.113208297174424
-1.1258752383291721
-1.139530713359515
-1.1424473877996206
-1.146756200119853
-1.1530406607364836
-1.154347715633256
-1.1612478257156909
-1.164450357357661
-1.1648140892386436
-1.1655836813151836
-1.1685354318469763
-1.1773386582732202
-1.1988723576068878
-1.2006009466946126
-1.2009668052196503
-1.2030138375121169
-1.2261806353926659
-1.240240439772606
-1.2759076317306608
-1.278431136161089
-1.2964091325799625
-1.3180387143511325
-1.3313992321491241
-1.3446655571460724
-1.3638796831170719
-1.3645711342493694
-1.3658587858080864
-1.3707055822014809
-1.3719067256897688
-1.39912398904562
-1.399263729651769
-1.414253791173299
-1.4202061430551112
-1.4226013720035553
-1.4601305365562438
-1.4765173196792603
-1.4813586324453354
-1.5505910317103069
-1.5514144053061802
-1.5814191500345867
-1.5863438099622726
-1.5905585698783398
-1.6001322666803997
-1.6072514147381298
-1.633755992166698
-1.658714234828949
-1.6808801367878914
-1.6864155381917953
-1.7145988531410694
-1.7580879502153646
-1.7632983506191522
-1.7811209224164486
-1.7884597517549992
-1.8044946379959583
-1.8436299785971642
-1.8513749837875366
-1.8543434739112854
-1.9344337191432714
-1.9404242038726807
-1.9919553436338902
-1.9969061389565468
-2.026551254093647
-2.028647303581238
-2.073955863714218
-2.0898566842079163
-2.158419445157051
-2.267284164826075
-2.363129198551178
-2.4281082153320312
-2.4870963096618652
-2.534330368041992
-2.554882764816284
-2.763693030923605
-2.83391010761261
-3.050137408077717
-3.1933957897126675
-3.2574829049408436
-3.3930385410785675
-3.4181028008461
-3.4685009841341525
-3.535487551242113
-3.5690524578094482
-3.632797956466675
-3.7619078159332275
-4.159051994560286
-4.271557092666626
-4.521086692810059
-5.194239616394043
