-0.00038864561190621316
-0.000579417264437628
-0.0014158068048085884
-0.002678483197693519
-0.005095615196686205
-0.006926864632987417
-0.010215581687248232
-0.010494846414076164
-0.016951792873442173
-0.023470028703968637
-0.024011945433585424
-0.024372556958301823
-0.028453182739516098
-0.031023030479749043
-0.032765767181263075
-0.0351863119405607
-0.036814607633358615
-0.044494734660111133
-0.045705000096859294
-0.04582062973640859
-0.04636303537851442
-0.049169088839941345
-0.04946781082799134
-0.051920581770173155
-0.05545068217907101
-0.05920370761305094
-0.07340319082140923
-0.07814474205648973
-0.0825279874032276
-0.0851802480384625
-0.08879891703067447
-0.09088828414678574
-0.0922156518160288
-0.09724166573472151
-0.10411382932215929
-0.1094335769303143
-0.10954708539501927
-0.11303572252189462
-0.11636991904979369
-0.11705398701521447
-0.11755052220657737
-0.11806187041341015
-0.12137038057284776
-0.12274307828920428
-0.1229396703290429
-0.12445585717414866
-0.12509399173515184
-0.1263441888423813
-0.12669593605266982
-0.12897553665262046
-0.13529760056040427
-0.13766839402004344
-0.13809522407649744
-0.1400669869028156
-0.1408298668861627
-0.14134974802436773
-0.1414807692170143
-0.14656831331275397
-0.1475653217345704
-0.1481176668778062
-0.15465382505343378
-0.1576561924885027
-0.15846448864197424
-0.16056296734821165
-0.1638037780756349
-0.16621842166641726
-0.16706172731956032
-0.16748900007879847
-0.16816695581189833
-0.17029659060081032
-0.17066908807852801
-0.17237960639546573
-0.1739503417723784
-0.17553627352519166
-0.17567780625656518
-0.17584879868568
-0.1759892025391829
-0.17755922844350738
-0.1785561313382599
-0.18075702996429754
-0.18091627612154204
-0.18320264105695178
-0.18344311261720436
-0.1842517710815375
-0.18641466912901403
-0.18726008563893565
-0.1874875620007515
-0.18915727643683566
-0.18946210970207175
-0.1902691751870912
-0.19052530623897232
-0.19384311359463027
-0.19529106188216852
-0.19561601438522302
-0.1957853516228797
-0.19585599846399354
-0.1964570010071349
-0.19847309826932627
-0.19970589162787747
-0.20115501970140032
-0.20277969492599368
-0.20488489806342233
-0.20603625531758654
-0.2067175041884184
-0.2076230004118029
-0.20865040438635474
-0.20942110009491444
-0.20950410680975787
-0.21140812708727025
-0.21193544366433342
-0.21208219178861326
-0.21326816525782175
-0.2143085505696945
-0.21471535464600797
-0.21587321410492144
-0.21654539186959648
-0.21943371554634095
-0.21949003951576068
-0.22109875644844124
-0.22167299748600824
-0.22199748385196472
-0.22447271429490895
-0.22562878956604335
-0.2270593502833233
-0.22796522509515457
-0.22888631533965054
-0.2292070664698258
-0.22985187977355964
-0.23013512353179522
-0.2339553975278986
-0.23466306928373473
-0.23484684313871185
-0.23499846417056547
-0.2351668122624211
-0.23635803058665547
-0.23883740038067117
-0.24091437135005916
-0.2444437330776124
-0.2468354720622301
-0.24702615904650635
-0.24707627433406287
-0.24808539296678978
-0.2481511751977905
-0.24839067434046835
-0.2492878878945703
-0.25093571964460654
-0.2509384986684919
-0.2512361257982279
-0.25162563967285223
-0.2518691061951459
-0.253355999467782
-0.2538663018942316
-0.25422790858858896
-0.2544677890543123
-0.2553360505420502
-0.2558124312717054
-0.2558164444368621
-0.25639443399809114
-0.25739227740481513
-0.2584014048159588
-0.25852880506704423
-0.25929620492424876
-0.2597233407455486
-0.25981033858833297
-0.25988813728910526
-0.2613074568765417
-0.26168868043407656
-0.26376115196300515
-0.2637672709608429
-0.26409868861942415
-0.2650951101740399
-0.2655398843506873
-0.2660306585015736
-0.2671497788674969
-0.26861574674956046
-0.2691434147715667
-0.2704309587916214
-0.27220286626633033
-0.27305593015321394
-0.2732709823302803
-0.2739974206226634
-0.2754692781663185
-0.2755217083380558
-0.2762722439278605
-0.27630523919197003
-0.27820537190615036
-0.28069117448642456
-0.2807652281441051
-0.28238677737554096
-0.28299821270629766
-0.28442599598884044
-0.2850540989647925
-0.2853298306810887
-0.2867525106739993
-0.2867528845056313
-0.2871383426061454
-0.2880923566294051
-0.2886985567064585
-0.28887233696877956
-0.28944963216781616
-0.29014694313736983
-0.29030406297776307
-0.2907922923831003
-0.2911975285156586
-0.29447433914344856
-0.29507635858378006
-0.2978155288401467
-0.2989727219055567
-0.30397255745798346
-0.30424649962133116
-0.30461519818352045
-0.30500147763797775
-0.31068711079842615
-0.31111885527984257
-0.311402977333637
-0.314487574463404
-0.3154316777819986
-0.31612635200457995
-0.3195025909133847
-0.322857242009712
-0.3239521401105776
-0.3241736143681919
-0.3249668589003848
-0.3251676502016683
-0.3263391845519436
-0.3267024657172572
-0.32797464890427364
-0.32888593499183116
-0.33049499168083984
-0.33150316034480054
-0.3335744688565683
-0.33790131683053914
-0.3397293458498704
-0.3420809141927748
-0.34413592855687763
-0.34743074396343826
-0.35061753002246404
-0.35086022992654764
-0.35101379011794054
-0.3519870018644724
-0.3547460810717894
-0.355314580955951
-0.3560796863686327
-0.3573911917429541
-0.3580521519969417
-0.36377292399652106
-0.36583325230167246
-0.3658460497561464
-0.3699218811501244
-0.3712601305118629
-0.37445017914453477
-0.3774863276300948
-0.3782949605924336
-0.3786180518101901
-0.3790163986628613
-0.3796684024622664
-0.38002861430868506
-0.3801402353721642
-0.384392856038984
-0.3885052848258056
-0.3891345855469505
-0.38963376060128213
-0.395003665320246
-0.3956162748858333
-0.3964895503100706
-0.39835586729266953
-0.39842106802389027
-0.39943133640028666
-0.3996753321293495
-0.4003983127928829
-0.40057833096943796
-0.40161258236139474
-0.4037341100406593
-0.4044300003110298
-0.4047329854608203
-0.40629254041427887
-0.40723443389278047
-0.40892311002280624
-0.40957577056251465
-0.41129003658570584
-0.41264810777283856
-0.4135217277627817
-0.4143836298617316
-0.41646771586302794
-0.4171802320925053
-0.4180322073055625
-0.4214517167007443
-0.42593538583848084
-0.42780867290841545
-0.4303853119240557
-0.4307680350971168
-0.4309430303517729
-0.4321990588101067
-0.432234525680542
-0.43418091131671743
-0.4342871362365258
-0.43746423348784447
-0.43959420747414696
-0.44155203448608515
-0.4429106376275221
-0.44409795803949237
-0.44446485654771095
-0.4469810600871824
-0.44822105781495336
-0.45003014902936733
-0.45055202204966915
-0.4507227079625914
-0.45156716563279686
-0.45330838036412996
-0.45659752911433316
-0.45715340971946716
-0.45857494374589197
-0.4604238173345948
-0.4633167329709977
-0.46563221424621587
-0.4693420042927351
-0.4696462859865278
-0.4709209154359996
-0.4711386384195066
-0.4719651615628714
-0.47222242757006827
-0.4733773113694042
-0.4741943886969239
-0.47540863628091756
-0.47574674750545193
-0.4773246463446412
-0.4785869766739779
-0.4790094173629768
-0.4796366236289032
-0.48027240461215115
-0.4810113998129964
-0.48137515712629203
-0.4851496048100671
-0.4857762368439915
-0.4871274258702114
-0.4878328744962346
-0.49012103646527977
-0.4916498082982596
-0.49276064054429297
-0.49647500916644277
-0.503005019635667
-0.5035991035919223
-0.5036789494859275
-0.5041428830235317
-0.5056892912022704
-0.5065973939126707
-0.5071029269136489
-0.5112342650930563
-0.5112594406239623
-0.5133622465405097
-0.5138250685163906
-0.5154039364840303
-0.5175934731960297
-0.5175988452522559
-0.5178507777179928
-0.5191631634501391
-0.5193485978990793
-0.5213866613218366
-0.5219099480392677
-0.5238730824668891
-0.5243513347140834
-0.525320474075329
-0.526972560750437
-0.5270442007388283
-0.5285173261986529
-0.5290164500072732
-0.5305074048228562
-0.5318695762194693
-0.5337883886571945
-0.535580604479037
-0.5365463055980703
-0.5388288760382743
-0.5390101988581592
-0.5454446824267507
-0.5462729228427634
-0.5464241579174995
-0.5477241462122038
-0.5490034663348019
-0.5519260470597752
-0.5555996077923088
-0.5559416532619252
-0.5586500010012969
-0.5588500147374967
-0.5603559831436087
-0.5619081399792256
-0.5627071435252825
-0.5629751790314913
-0.5636782765762595
-0.5644914016884286
-0.5650899326598164
-0.5664967547170818
-0.5706224460867816
-0.5716040439438075
-0.5729179501280929
-0.5746070908382535
-0.5797085844083085
-0.582814466102978
-0.5841384391113869
-0.5850911016829989
-0.5863581403621841
-0.5875397428402115
-0.58967946408198
-0.5898768360243594
-0.5924917497171529
-0.5928748951118905
-0.5955560853083929
-0.5957201086581563
-0.5977038876288943
-0.5990052679944711
-0.6046219827607274
-0.6051356466910378
-0.6079253878754874
-0.6080746928588875
-0.6103829017865792
-0.6167754287348544
-0.616811002100197
-0.6177760882070288
-0.6213246708802116
-0.6213919163274113
-0.622391059398069
-0.6224173475056887
-0.6235482502644035
-0.6244166344404221
-0.6250816798007008
-0.6263983728640596
-0.6278254534117877
-0.6295090908921944
-0.6301630540692713
-0.6313184932418413
-0.631432504148001
-0.6330297711441139
-0.6339946443663393
-0.6341401816462167
-0.6344228874271115
-0.6351995207369328
-0.6355851132717362
-0.6356822769221253
-0.6391083646033492
-0.6413116429466754
-0.6438738884680788
-0.6443833455546155
-0.6444847972265312
-0.6446214214277765
-0.6447290834097658
-0.6448981970440529
-0.644940873971791
-0.6461620631394908
-0.6497375663410822
-0.6500091925263405
-0.6500390440561054
-0.6507042118658622
-0.654845276978449
-0.6558197180607489
-0.6591971473947827
-0.660103156932746
-0.6617186036583007
-0.6645288179628551
-0.6646497453486517
-0.6657311116345227
-0.6663195443896777
-0.668306422648519
-0.6689610856784773
-0.6689892983158643
-0.6694237336826822
-0.6730450764298439
-0.6740784038390432
-0.6799401513999328
-0.6831580265092531
-0.6850732030967871
-0.686308953166008
-0.6867300257153046
-0.6899725526891416
-0.6912988381736795
-0.6913384683430195
-0.6920972872612765
-0.6921142895395557
-0.6930921669118106
-0.6934083345986437
-0.6970705188810825
-0.6989281140267849
-0.6998774413271652
-0.7048615235835314
-0.7150666639208794
-0.718460027873516
-0.7195267191829251
-0.7221669187229054
-0.7250979958329481
-0.7256919347681106
-0.7274794622872933
-0.7303565107882832
-0.7304468113491437
-0.7326138723708157
-0.7387229911983013
-0.7395165897905827
-0.7421569668707283
-0.7456900021643378
-0.7488419059372973
-0.7536248335880893
-0.7563466355204582
-0.7565099246866238
-0.759415706153959
-0.7612580202578303
-0.7628105923843881
-0.7683675307780504
-0.7702256379028162
-0.772516504826074
-0.7742735207080841
-0.7754628800030332
-0.7796476790681481
-0.7840136148035526
-0.7887465953826904
-0.7894469619171408
-0.7911757122104367
-0.7921788804233074
-0.7927595737390221
-0.7996608487640818
-0.8009020804427565
-0.8035317594185472
-0.8055341910076095
-0.808480753689461
-0.8121079304080923
-0.8162494817806873
-0.8167238732179006
-0.823006958438782
-0.8273249717396018
-0.8277784930542111
-0.8286901632382069
-0.8312930064275861
-0.8361671927074591
-0.8366615688568605
-0.8400400918617379
-0.8401226034387946
-0.8408463802188635
-0.8436588232056238
-0.8441387107595801
-0.8484447983404001
-0.8521750296155611
-0.8562216146965511
-0.8577664285153982
-0.8577892427953581
-0.8723970177816227
-0.8753422815740729
-0.878298431634903
-0.8831895321654883
-0.8853973780448238
-0.8865669189835899
-0.8901083408389241
-0.89033058937639
-0.8950948603451252
-0.8966945045200797
-0.9017852824181318
-0.9101660519838333
-0.9113831821208199
-0.9116648094994682
-0.9145696232353657
-0.9148132622241973
-0.9150417211155096
-0.9171449765563011
-0.9185859231899182
-0.9191062673926353
-0.9210665646630029
-0.927319347858429
-0.9290748724713922
-0.930787213012809
-0.9322458507660485
-0.9322879707594568
-0.9326010346412659
-0.9333702132105828
-0.942130001882712
-0.9439580291509628
-0.9472647431539372
-0.9487535572983948
-0.9488877180265263
-0.955240985751152
-0.9565758009751638
-0.9569308888167143
-0.964320701896213
-0.9646449983119965
-0.9658300601489221
-0.9678513184189796
-0.9775092278917631
-0.9775374457240105
-0.9791723837455114
-0.9858986008912325
-0.9880676090688212
-0.988621860742569
-0.9887836476167043
-0.9919400592916645
-0.9931392446160316
-0.993557259456793
-0.9974855283896128
-1.0022185176610947
-1.0046735927462578
-1.0064189285039902
-1.006880645500496
-1.007812025025487
-1.0078445822000504
-1.0081605472535426
-1.0091598220169544
-1.0107410138007253
-1.0122993737459183
-1.026546150445938
-1.027070240303874
-1.032514323790868
-1.039886473119259
-1.0403194585251185
-1.0439769701100885
-1.0470806288843353
-1.051017425156412
-1.0557447324196498
-1.0581855215132236
-1.0645849419757725
-1.0662396152814229
-1.066437005996704
-1.070495456457138
-1.0713728335686028
-1.0733698040324573
-1.0746289789676666
-1.0779971598065459
-1.0829870286164804
-1.088371366262436
-1.0902277529239655
-1.0936186028644443
-1.0967256233096123
-1.097928096850713
-1.099123790860176
-1.1043479591608047
-1.1058711479220489
-1.10874321940355
-1.1142482608556747
-1.1144383133287192
-1.1160431168973446
-1.1168097004604836
-1.1237355582416058
-1.1274586342486665
-1.1308873295783997
-1.1435701499382656
-1.154658742249012
-1.1562261080676421
-1.1585176289081573
-1.1634558141231537
-1.1672571847836177
-1.1765953352217668
-1.1782008837229416
-1.1796427816152573
-1.182261238495509
-1.1835772171616554
-1.184996746480465
-1.1866976581513882
-1.1878006026148795
-1.1920923659577967
-1.1922862092033029
-1.1951250086228054
-1.202095739915967
-1.2023794722384384
-1.204206645488739
-1.2071179078455316
-1.2088904026895761
-1.2118183714337647
-1.2132759590943654
-1.2242094498748581
-1.2246794402599335
-1.2251111827790737
-1.2312137261033058
-1.2334719374775887
-1.2416940331459045
-1.2419373989105225
-1.2432551924139261
-1.2443499902728945
-1.2498647963628173
-1.2547314216693242
-1.2624116970109753
-1.2706225017706554
-1.2889217759366147
-1.2962369630716108
-1.3015975095331669
-1.3065764928857486
-1.3160284012556076
-1.3200932145118713
-1.3283581025898457
-1.3286060094833374
-1.3372715622826945
-1.3481885641813278
-1.3605610680533573
-1.362251192331314
-1.377860888838768
-1.3824749787648518
-1.389440968632698
-1.3963121250271797
-1.406296968460083
-1.4082380533218384
-1.4082852080270338
-1.4083207318817585
-1.4209003448486328
-1.421238797561576
-1.4239672621091206
-1.4487926363945007
-1.4580634815210942
-1.4590741991996765
-1.4717546701431274
-1.4770589801482856
-1.5031158179044724
-1.511011391878128
-1.5136249661445618
-1.5148071143776178
-1.5171490609645844
-1.5311704836785793
-1.5542290098965168
-1.555973693728447
-1.5629152006780107
-1.563058614730835
-1.565907083451748
-1.5797650043775018
-1.580120290319125
-1.5886540214220684
-1.59432053565979
-1.5983131378889084
-1.6186969230572383
-1.6266728639602661
-1.6303993128240108
-1.6334480841954548
-1.6364693717681196
-1.6601089239120483
-1.6703205108642578
-1.6729188561439514
-1.6795770127791911
-1.6996480226516724
-1.7096575498580933
-1.7506301701068878
-1.7564792496462662
-1.7572725713253021
-1.774525277549401
-1.7796346218310646
-1.7815641164779663
-1.7840211546669404
-1.7864617183804512
-1.7940077781677246
-1.797724962234497
-1.8230327765146892
-1.8360658884048462
-1.8505699634552002
-1.8520110845565796
-1.8635380268096924
-1.867520014444987
-1.8844798046629876
-1.8986660689115524
-1.9007598161697388
-1.9051463305950165
-1.9055894215901692
-1.9082538783550262
-1.9224480738242467
-1.929824709892273
-1.9313217103481293
-1.9350654110312462
-1.9460337460041046
-1.988309621810913
-2.0124868252623855
-2.0279410406947136
-2.043494426528923
-2.0488618314266205
-2.0784027576446533
-2.079344153404236
-2.0822741985321045
-2.084699273109436
-2.1033771619161903
-2.1076804101467133
-2.110435426235199
-2.1178230345249176
-2.1185503378510475
-2.121686902634489
-2.1398285031318665
-2.140890657901764
-2.15240341424942
-2.165069316236577
-2.1867164373397827
-2.1996680124866543
-2.1997053368582784
-2.2225648164749146
-2.2519017159938812
-2.259944200515747
-2.280010998249054
-2.300619900226593
-2.3291912809945643
-2.3336272537708282
-2.375683717429638
-2.4019651437411085
-2.4150383472442627
-2.448913527885452
-2.5065975189208984
-2.509438395500183
-2.7159935383194047
-2.730468273162842
-2.788995325565338
-2.7973613473344208
-2.820752232821974
-2.8721852898597717
-2.931982667185366
-2.979204833507538
-3.15763842398754
-3.1636698246002197
-3.2445054054260254
-3.355123996734619
-3.3705591615980666
-3.379955768585205
-3.560567855834961
-3.5791484837704957
-3.62765277386643
-3.6393802165985107
-3.7879180908203125
-3.8740138188004494
-4.50126838684082
-4.511023168073734
-5.416952610015869
-5.71309757232666
