-0.009829333983361721
-0.0465495940297842
-0.12820316429133527
-0.21048438362777233
-0.24638803052948788
-0.294245866049702
-0.3306572549045086
-0.3537060100279632
-0.4107141788958365
-0.4360054795182805
-0.43885295981142136
-0.4567598331118158
-0.47011646530674106
-0.4720569766193096
-0.48101479187607765
-0.4824352264404297
-0.4850785319382946
-0.49376030010171235
-0.5013357897599539
-0.5019217437698639
-0.5048232595602583
-0.5137374074741577
-0.5172479879111052
-0.5294815978656212
-0.5326275641305579
-0.541559069417417
-0.5428720552784702
-0.5453660400401402
-0.5626001119613647
-0.5641312680851954
-0.5666429938767882
-0.5668011151054608
-0.5702654724940658
-0.5706339131536189
-0.5718547850847244
-0.5754269042052329
-0.5756022460215414
-0.5786268213298171
-0.5797551058232784
-0.5809329627081752
-0.5829932179069146
-0.586570623464434
-0.5875008434781598
-0.5895669112602869
-0.5907660070806742
-0.5913567570969462
-0.5914923196658493
-0.5956700957483716
-0.6007847208612864
-0.6020174772012978
-0.6027313013270031
-0.6036101900041103
-0.6056444724090397
-0.6070010352181271
-0.6086750000758911
-0.6121160193828733
-0.6128445267677307
-0.6198931301652919
-0.6252003740519285
-0.6257135163371762
-0.6282656684173883
-0.6299302270635962
-0.6308023218225571
-0.6311424904186944
-0.6313682316492001
-0.6324727593318504
-0.6325353581923991
-0.6343827803066233
-0.6354491935344413
-0.6384189110249281
-0.6397617388516664
-0.6428642809391022
-0.6447436953257282
-0.6466054141521453
-0.6496648041324483
-0.6504964929606233
-0.6545665738813113
-0.6556768496520817
-0.6587723161179123
-0.6593694254083352
-0.6595269774552435
-0.6648263878055981
-0.667152739732581
-0.6673965750794325
-0.6681254991683466
-0.6714893575629284
-0.6719638776526803
-0.6722404567524791
-0.6750944054801948
-0.6755571290850639
-0.6761676119174809
-0.6765632738048831
-0.6785860074063143
-0.6794369004533759
-0.679779963567853
-0.6807591800267497
-0.68106870864437
-0.681280671308438
-0.6825592972870383
-0.6828145802021026
-0.6831968992948532
-0.6849850114202127
-0.685170853510499
-0.6861566975712776
-0.6889692675322294
-0.689527420947949
-0.6914170769353708
-0.6932697316127209
-0.6957188774592525
-0.6960422843694687
-0.6970363477760527
-0.6982695468701422
-0.6982781238039024
-0.6998127678409218
-0.7002649844313661
-0.700467229122296
-0.7007240004022606
-0.7022502011805772
-0.7024648184888065
-0.7027607356113467
-0.7035960511614879
-0.703929785794268
-0.7067889524623752
-0.7073052256850393
-0.7085670114805301
-0.7152807195005673
-0.7153455261141062
-0.7175420799525455
-0.7195864753448404
-0.7199131148712089
-0.7217376979745247
-0.7245493502356112
-0.7257449154276401
-0.726705839094292
-0.7305092876389002
-0.7328064243658445
-0.734320400096476
-0.7351237604394555
-0.7373104959879129
-0.7387023211849737
-0.7403484605252743
-0.741269513964653
-0.7433738049326671
-0.744463177065232
-0.7447933843359351
-0.7451170645654202
-0.7454096943292825
-0.7456136907373244
-0.7461741961538791
-0.7467692072192827
-0.7468010910919735
-0.7476477817528777
-0.7533183494168851
-0.7533466413769929
-0.7540101056918502
-0.7546046600909904
-0.7556036904607026
-0.7562958443646922
-0.7568794258404523
-0.7590997931030061
-0.7594647948280908
-0.7599148186189788
-0.7615575490959196
-0.7643828528622786
-0.7654022535739037
-0.7671280755764909
-0.7672105701174587
-0.767537594307214
-0.7698422741144896
-0.7698428102303296
-0.7698605899349786
-0.771314814244397
-0.7735087048262358
-0.7741955320350826
-0.7746349717723205
-0.7769317858140258
-0.7788797066631642
-0.7795314572751522
-0.780297535136342
-0.7805486142635345
-0.7818297391225185
-0.7824981878317582
-0.7825528904795647
-0.7832330751519364
-0.7833338816805432
-0.7860365696251392
-0.7861828891974356
-0.7870451693888754
-0.7880898083431499
-0.7888239479158073
-0.7896356472241072
-0.7912290266581944
-0.7935112867671705
-0.7937356232701299
-0.7975880653646431
-0.7978674509266223
-0.7991830789084945
-0.8013961890828796
-0.8018437208633663
-0.8132361202899899
-0.813429728616029
-0.8146515425222998
-0.8159368137518564
-0.8169396907091141
-0.8185459857922979
-0.8191635277435125
-0.8195715043693781
-0.822110072360374
-0.8238003381993622
-0.8269416513503529
-0.8321555752772838
-0.8362483096309006
-0.836771572008729
-0.8368596945889294
-0.8371024086838588
-0.8402993255294859
-0.8408347208052873
-0.8412087539327331
-0.8418177342308419
-0.8427856428315863
-0.8440871068409511
-0.8492033047436313
-0.8494088455502476
-0.8494174139840263
-0.849998040117498
-0.850192824669648
-0.8506700992584229
-0.8508156184689142
-0.8513858028454706
-0.85192152432033
-0.8519954872650227
-0.8524403780299638
-0.8528598271576422
-0.8532474405318499
-0.8539807001749674
-0.8590962751251128
-0.8599343293656906
-0.8607928520068526
-0.8649696061387658
-0.865613202460938
-0.8659079056233168
-0.8714879684150219
-0.8731794471852481
-0.8755827554398112
-0.8771121948957443
-0.8776962045166228
-0.8786431769646393
-0.8787113005916277
-0.8788710968103259
-0.8796037316529287
-0.8808799230842851
-0.8821313269436359
-0.8835440815115968
-0.8844220678322017
-0.8857331715132061
-0.8874795878572124
-0.8876100250985474
-0.8886571007832471
-0.8895971149206161
-0.8917853666935116
-0.8944814245216548
-0.8958312634378671
-0.8959663212299347
-0.8973339998887645
-0.8982873145076964
-0.9001522012986243
-0.9011426171410777
-0.9036611458286643
-0.9039438467642124
-0.9076649914844893
-0.9077365952155864
-0.9099579431116581
-0.9102374128997326
-0.9103645703622273
-0.9201676914468407
-0.9201765777543187
-0.923078653216362
-0.9259829938411712
-0.9283062014728785
-0.9311238825321198
-0.9313190778096517
-0.9330008793622255
-0.9367132908664644
-0.9378972463309765
-0.9398496646434069
-0.944464535821074
-0.9450878115104777
-0.9462013406279896
-0.9466172966640443
-0.9491563307043785
-0.9525525808334351
-0.9550365746021271
-0.9559022004250437
-0.9569392986595631
-0.9596714752260596
-0.9600427594268695
-0.9633505230303854
-0.967238907398575
-0.9721709019504488
-0.9773377845063805
-0.9827531354967505
-0.9830144986044616
-0.983647038079133
-0.9893341112377433
-0.997392988194608
-0.9985335214684407
-0.9991880506277084
-1.0057674441486597
-1.0107552389381453
-1.0114645423101527
-1.014617093850393
-1.0266881831572392
-1.0274260248988867
-1.0280344784259796
-1.0324049532413482
-1.0332080137450248
-1.036421720337655
-1.0463103353977203
-1.0532867753257353
-1.061055580774943
-1.061103481799364
-1.0614877349386613
-1.066957562127047
-1.0700166001915932
-1.071013138629496
-1.0819375042725976
-1.0823588892817497
-1.0829681396484374
-1.0837105195969343
-1.0880756825208664
-1.0899781703948974
-1.0921944621950388
-1.0927846920229058
-1.0953532422759704
-1.0959587494532268
-1.0968995743564196
-1.1010033087804914
-1.103994918987155
-1.1044873416423797
-1.1112203001976013
-1.1182157476432621
-1.1186144202171515
-1.1209008693695068
-1.1232288380463917
-1.1233025782275945
-1.1276716947555543
-1.1278744315107663
-1.1308477533748373
-1.1345595692594845
-1.1388382431533601
-1.1389430827564664
-1.142146345641878
-1.143840593844652
-1.145727798435837
-1.1466369330883026
-1.151236343383789
-1.158491374924779
-1.15957330330275
-1.1603392213582993
-1.1615233622336139
-1.1692874256987125
-1.1710659876051877
-1.178756827281581
-1.1788701862096786
-1.1802360020577907
-1.1820781171321868
-1.1835931355340614
-1.1856465605087578
-1.194218036201265
-1.1943415270911322
-1.1968625781259365
-1.1973547833040357
-1.1987660784274339
-1.2170439567416906
-1.2226793124340474
-1.2299250483512878
-1.2338600754737854
-1.2384021133184433
-1.2414764721285214
-1.243838793085888
-1.250001147389412
-1.2500891050634284
-1.2507840735571725
-1.258751204062719
-1.2588779072869907
-1.2624631460223878
-1.2626627779876192
-1.2629016630817205
-1.2651624083518982
-1.2663372435740061
-1.266840569054087
-1.2670366764068604
-1.2720049619674683
-1.273262363134159
-1.274235984776169
-1.280334527604282
-1.2812469506752677
-1.2829625649111611
-1.2863443873822689
-1.2920948831985395
-1.2962288595736027
-1.2964611401160557
-1.3012460459489374
-1.3049460016191006
-1.3071843618527055
-1.316517029296268
-1.3304063819814473
-1.3325577320647426
-1.3327783692628146
-1.3428549517411739
-1.366869032382965
-1.3792972683906555
-1.3794306716881692
-1.3809679746627808
-1.397280927747488
-1.398823320865631
-1.3989630510861224
-1.4028329588472843
-1.403564022417413
-1.4045835981766384
-1.4059570126701146
-1.4104655086994171
-1.4199210181832314
-1.423768133778746
-1.4271458727307618
-1.428825135874961
-1.44225591304712
-1.4429788107052446
-1.4592388421297073
-1.4597356872899192
-1.4649984817951918
-1.4677041172981262
-1.4678176244099934
-1.4892797578126191
-1.494813519840439
-1.506035973628362
-1.512550127506256
-1.5177415907382965
-1.526340365409851
-1.5374794602394104
-1.5465151380631141
-1.5540898243586223
-1.584251765693937
-1.585017213287453
-1.5870450586080551
-1.6029272781064112
-1.6083806206782658
-1.614012787739436
-1.6147909425199032
-1.6163364350795746
-1.6697940677404404
-1.6796757280826569
-1.695401281118393
-1.7407913394272327
-1.7488973288564011
-1.763662408106029
-1.774329431122169
-1.7811673084894817
-1.7900528013706207
-1.815007746219635
-1.8157945221755654
-1.825811505317688
-1.8271211013197899
-1.8285332520802815
-1.8308143615722656
-1.842231000463168
-1.84560772528251
-1.860347072283427
-1.8770794343824189
-1.8883350491523743
-1.8889427582422893
-1.893822468817234
-1.8954120874404907
-1.898532509803772
-1.9008810371160507
-1.9144972562789917
-1.942163236439228
-1.9599885940551758
-1.9895797967910767
-2.006871834397316
-2.0539457872509956
-2.1066393926739693
-2.1517007425427437
-2.219401180744171
-2.2247071862220764
-2.2443796281392374
-2.2648093700408936
-2.275833487510681
-2.3558850288391113
-2.37727952003479
-2.442287802696228
-2.4877939919630685
-2.55919349193573
-2.5751025676727295
-2.5773454904556274
-2.592201955616474
-2.5977081432938576
-2.674083560705185
-2.6907344882686934
-2.6952955219894648
-2.7009547501802444
-2.772414596984163
-2.817951043446859
-2.898412346839905
-2.9064619541168213
-3.022812306880951
-3.0832052814463773
-3.220160126686096
-3.267268121242523
-3.5400866866111755
-3.685514211654663
-3.7572879791259766
-3.7701473236083984
-4.170942395925522
-4.236971616744995
-4.592124581336975
-7.324250221252441
-7.53826379776001
