-0.0005240255559328943
-0.006868841863858203
-0.01565786396774153
-0.02831457494175993
-0.047060798009624705
-0.06966373883187771
-0.07100969552993774
-0.09621654590591788
-0.126540717901662
-0.12952064257115126
-0.1537363211880347
-0.19569769903339945
-0.2012252087184202
-0.21248093001206683
-0.2152994846251709
-0.2224869714257563
-0.22579606782112802
-0.24072260722869032
-0.24354149758092766
-0.24760911229532212
-0.24876530007386463
-0.249854107630917
-0.2600687115112893
-0.26454009716214316
-0.26870485540186767
-0.2701950489408773
-0.27088976966346806
-0.2760272289838758
-0.2778938110691936
-0.2791600995000121
-0.27934380278857135
-0.28216312799292304
-0.28427603287216413
-0.2849116418355455
-0.28782745482994204
-0.288714704347321
-0.289521096742521
-0.29250541143119335
-0.29798049591211867
-0.3016484386377889
-0.3020375310184641
-0.30439710225601585
-0.3088276907801628
-0.308921039717259
-0.31243454962968825
-0.3133036622570621
-0.3149960462606567
-0.3152765209844169
-0.3162427246570587
-0.319868965171645
-0.3199137814349103
-0.3211871905172302
-0.32516245323518417
-0.3271849296503536
-0.32877633638854603
-0.33112688906175725
-0.3314524515076568
-0.33168315892053213
-0.33269702163094433
-0.3335935909569592
-0.33515212046859233
-0.33861863396928776
-0.34130122075919644
-0.34215375781059265
-0.3426435445981042
-0.34324994003400205
-0.3446770340204239
-0.3457791655707885
-0.3476868645307799
-0.350973783286463
-0.3522804389980593
-0.3530059279873967
-0.35308958776295185
-0.3546429953860622
-0.35521390433132183
-0.3568329657945368
-0.35997946560382843
-0.36567937675863504
-0.36701292792956036
-0.36717342969495803
-0.36739574642851947
-0.36906430050730704
-0.3707278945283698
-0.3709442829078233
-0.37177189798759563
-0.37306504430515425
-0.375091014639717
-0.37514728669273234
-0.3753163341761512
-0.37713177608602566
-0.37859164029359815
-0.37911245092982426
-0.38081314676674083
-0.38170594780925005
-0.38224669749227663
-0.3829475158466569
-0.38657011104112915
-0.3882192158802914
-0.3885758982765505
-0.3889116941480097
-0.3891746087538195
-0.39080774624432835
-0.392485149566912
-0.39492974726779345
-0.3961725113913417
-0.40139193973594783
-0.4018792517328014
-0.40397752591525204
-0.40702244748672456
-0.4070578812912572
-0.40997301870957015
-0.41784540759472294
-0.4180761715513654
-0.421157007291913
-0.42583847788046114
-0.4262412155940183
-0.4276351622538641
-0.4320619355920436
-0.4321406218223274
-0.4334262995253084
-0.439391385154782
-0.4446899364037173
-0.44912644616518566
-0.45129716543791193
-0.4536286255876933
-0.45489008247386664
-0.45858658516663126
-0.46028705951499027
-0.461014247212006
-0.46471520150080325
-0.4657466881792061
-0.4668114636149932
-0.46987723746278787
-0.47547749682728735
-0.48153629805892706
-0.48246160615235567
-0.485301436266375
-0.4868570525199175
-0.4873896121513098
-0.48943986936605405
-0.4895150744252735
-0.4901660161849577
-0.4917055401795854
-0.49453041022643446
-0.4977611958214159
-0.4993942095232861
-0.499555840715766
-0.4997441850468022
-0.5013001566486699
-0.5058938320726156
-0.5062424339481367
-0.5073184410866816
-0.5078451700365721
-0.5112063679377818
-0.5115695057902485
-0.5117005551583134
-0.5126802593258617
-0.5134175654190282
-0.5142548416430751
-0.5145101381640416
-0.516502247534744
-0.5256759613752365
-0.5266625707348188
-0.5286856808234006
-0.5302030540430375
-0.5383242948648532
-0.5386263899505138
-0.5391478847712279
-0.5420061434898733
-0.5422916326278937
-0.5437597394403484
-0.544330601580441
-0.5458664409088669
-0.5462454270039286
-0.5531594236443718
-0.555559586477466
-0.5571969309821725
-0.5583002400983658
-0.5616229138492296
-0.5616723897113843
-0.5679462962783873
-0.568141640849515
-0.5697896794267258
-0.5701515320688486
-0.5716845245462738
-0.5728109547526401
-0.5778390972076782
-0.5795668474747799
-0.5816911436203454
-0.5826304917689413
-0.5852825842157472
-0.5854084780617995
-0.5865728674049023
-0.5887345524711741
-0.5911406228551641
-0.5945282828470226
-0.5948201664206054
-0.5977700877022775
-0.599678550332707
-0.6076525998547108
-0.6106933220289648
-0.6107215728610754
-0.6195609161164611
-0.6231159569695592
-0.6256953074286381
-0.6269947302191414
-0.6293251037597656
-0.6293726016767323
-0.6302140539108743
-0.6338046187948849
-0.6383172118803486
-0.6479735631998361
-0.6486696127103642
-0.6586265250643919
-0.6622120322776027
-0.6649053707718849
-0.6704571135342121
-0.6758518445421942
-0.6777486521750689
-0.6781564528743426
-0.6802608136915498
-0.6824280347675085
-0.6832218079944141
-0.6849698442965746
-0.6852512764744461
-0.6865121605418002
-0.6873800657049287
-0.6879464432131499
-0.6885651988236027
-0.6917780538400015
-0.694716334156692
-0.695445764499406
-0.695788639996733
-0.6967745289314605
-0.6981586873531341
-0.699592150375247
-0.7049429416656494
-0.705151664922596
-0.707800435523192
-0.7133183965459466
-0.713355834595859
-0.7134415835142136
-0.7150072670101508
-0.7151966950752668
-0.7176205888390541
-0.7215308833734265
-0.7215931514898936
-0.7220559492042022
-0.7225038947537541
-0.7228072990094208
-0.7263698840720786
-0.7288032621145248
-0.7335738575093274
-0.733941230981145
-0.74348323220121
-0.7443279292942448
-0.7457958767190576
-0.7466645830552027
-0.7482840433716774
-0.7532956215501245
-0.7546151905553415
-0.756626718887128
-0.7570472277681498
-0.7579696189612151
-0.7609100416302681
-0.7629989254554468
-0.7653030015655531
-0.7699322944099549
-0.7705273739702534
-0.7716224848234561
-0.7755729738356811
-0.7763799741864205
-0.7783282662858255
-0.7820728477323428
-0.7827577590942383
-0.7852380661773039
-0.7856049202382565
-0.7877298284854207
-0.7899968287882595
-0.7965975249452251
-0.7975609843660095
-0.8033316234747568
-0.8051665630191565
-0.8077909648418427
-0.8132466029637726
-0.8181170808151365
-0.8181226182237474
-0.8214929286946749
-0.8230209558137825
-0.82386542072054
-0.8242066383361817
-0.8268806111067534
-0.8276465050585102
-0.8310130463796668
-0.8320978635123798
-0.834675076107184
-0.835151880979538
-0.8396805954398587
-0.8434243588043111
-0.846927173435688
-0.8525042863828796
-0.8548643669387924
-0.863249982893467
-0.8674717589816282
-0.8697189086427292
-0.8718989608330756
-0.8721826822681275
-0.8839363491169934
-0.8871923852711916
-0.8872256757292364
-0.8880683108521529
-0.8897836828707821
-0.8965337257977808
-0.8975390692551931
-0.9003525972366333
-0.9005569939169314
-0.9048222936689854
-0.9058612287044525
-0.9109440958127379
-0.9183786967769265
-0.9213833340909332
-0.923887088894844
-0.9331792383949505
-0.933735579252243
-0.9498990634456277
-0.9582779482007027
-0.9587895611766726
-0.9659689512669242
-0.9792909562587738
-0.9830238692520652
-0.985392551869154
-0.9910177655518055
-0.9944889563514152
-0.9963540453463793
-1.0312391221523285
-1.0423687472939491
-1.0424832535209134
-1.0432365018253524
-1.044800616800785
-1.0542848986307425
-1.0554078426212072
-1.064567710645497
-1.0651378369657323
-1.0670222863554955
-1.073568138119299
-1.0800377735868096
-1.0953727453015745
-1.1183858981254162
-1.1259092896943912
-1.1337568335293327
-1.1479145240300568
-1.1530794201040409
-1.1685063414333854
-1.1776772593497298
-1.1803500326350331
-1.1889396979887452
-1.1901834663003683
-1.19082176898207
-1.206162441521883
-1.2486877176910638
-1.2648443149144961
-1.2728838794864714
-1.3535288907587528
-1.407791977127393
-1.450834015617147
-1.4623482736293227
-1.527474799286574
-1.5653508016839623
-1.565993841116627
-1.5680304765701294
-1.5734886266291142
-1.5959213939495385
-1.7014577388763428
-1.7052171359828208
-1.7378891615662724
-1.753262153128162
-1.794938400387764
-1.8086501006813098
-1.8348115235567093
-1.8844885863363743
-1.8876151703298092
-1.8939525708556175
-1.8992971825355198
-1.9045077562332153
-1.9277653903700411
-2.0099967938537397
-2.053300976753235
-2.062578320503235
-2.0926284343004227
-2.1521246253202357
-2.174887243192643
-2.1828243732452393
-2.1981993184424935
-2.208339862525463
-2.2398308913689107
-2.242309169843793
-2.319283684094747
-2.3401853442192078
-2.4024037520090737
-2.403093767662843
-2.425967901945114
-2.458952784538269
-2.4661455949147544
-2.515084452694282
-2.5309831500053406
-2.535055253538303
-2.5923155145719647
-2.918369585648179
-2.9484092593193054
-3.0285488460212946
-3.045863746354977
-3.149519602768123
-3.3378684520721436
-3.358231802781423
-3.3610463344375603
-3.3938356273186705
-3.4218896181555465
-3.426722012460232
-3.4512302484363317
-3.656736969947815
-3.662613034248352
-3.7605501487851143
-3.901303812240561
-3.9760544300079346
-4.207441775841289
-4.210060004765789
-4.282047510147095
-4.433710866927868
-4.625139792760213
-4.663316044490784
-4.84672286757268
-5.236314217249553
-5.816487789154053
-6.060781955718994
-6.201179265975952
-8.741153717041016
