-0.0005610798834823072
-0.0010928260599030182
-0.004831133865081938
-0.008147590839403815
-0.014219425596820656
-0.015404029923956841
-0.02058406639844179
-0.022588662162888795
-0.0229096675465712
-0.024407757446169853
-0.029517794268394938
-0.03599647005709509
-0.04084404841584425
-0.04797283691550547
-0.05240425105148461
-0.05891529133077711
-0.061468709224653945
-0.07390086544494677
-0.07705522393807769
-0.07949108583852649
-0.08594324114674237
-0.08766144016468995
-0.10980695334728807
-0.11137342238089332
-0.1147000430180924
-0.12099186395547197
-0.12432740035001189
-0.1252086306867568
-0.1314943790435791
-0.13584814080422802
-0.14041318371060438
-0.14239244779067425
-0.1430866215378046
-0.15112085082884213
-0.1582157462835312
-0.1631831960611245
-0.16424020603299141
-0.1870714344549924
-0.1918169455428142
-0.19424997768672053
-0.19447187163800095
-0.196689037451506
-0.20097216370049864
-0.20187009568799114
-0.20224457809568516
-0.21451463832490844
-0.2158345087728877
-0.22483650665380991
-0.22568065031846346
-0.22754818808364993
-0.23413462394819362
-0.2346526151522994
-0.23574280874648443
-0.23759340020187664
-0.24815147137269378
-0.24949135780334472
-0.2516313186233665
-0.2523127943228853
-0.2543280334211886
-0.2543747052032914
-0.25792334990910604
-0.26032947327912553
-0.26118329080054536
-0.2630801052284369
-0.26314463271410204
-0.2649245843376766
-0.2658941578119993
-0.2672988531579904
-0.26794186940080383
-0.2752013551827986
-0.27652293909907005
-0.2814193104262813
-0.28676464098930904
-0.29071709048366756
-0.2913470429678758
-0.29154828176469894
-0.29217083962867035
-0.2952866617590189
-0.2962530519871507
-0.2977260804748059
-0.30073873245015015
-0.3011404632457665
-0.3017226897063665
-0.3044634078470314
-0.30692311143502593
-0.3073583096600487
-0.30977720332642394
-0.3118354645130239
-0.31298723770596554
-0.3135548235994065
-0.31373978542978875
-0.3141858371149283
-0.316942699098945
-0.31769811152694544
-0.3177637593083386
-0.32234697616825414
-0.32294812964503833
-0.3267702740803974
-0.32685544922909077
-0.32704541553701144
-0.32743768072886387
-0.3281361124070827
-0.32851799704237944
-0.3290351311392758
-0.33150786720216274
-0.33182469207255555
-0.33208703670937567
-0.3335915385832777
-0.3343339343657135
-0.33477496904067394
-0.3371184806067807
-0.3375244871260495
-0.3381514568849525
-0.33871822219953174
-0.33879559226625133
-0.340414608703577
-0.34215380257654715
-0.34252597175218397
-0.3425677117509622
-0.34415320981133846
-0.3441656182161144
-0.34547714010950586
-0.34687207590104663
-0.3472690165574971
-0.34785311471205205
-0.3483412754204538
-0.3485050193648065
-0.3489624818071856
-0.3489706590209188
-0.35034637175872024
-0.35115225972276676
-0.35215397280020017
-0.3536688956864964
-0.3539337274216285
-0.3543314714843291
-0.35446451335209767
-0.35486871622124455
-0.3573656250502779
-0.35795242691880236
-0.35825487395341044
-0.35825910030398517
-0.35831038508331403
-0.3589020819765412
-0.35916284533838433
-0.3595809391350485
-0.3595986473236345
-0.36168375071914244
-0.3634041614830494
-0.3635458023377901
-0.3637812036682905
-0.364406695100255
-0.3651308933491883
-0.36654693098389546
-0.36665106878023257
-0.36673976244788653
-0.36688284610863775
-0.36712451375630434
-0.36844231464367894
-0.3690011382634839
-0.3692325305349765
-0.3701268836448435
-0.3703450027195691
-0.3716486421879381
-0.3720064400604315
-0.37232316166264356
-0.37279796568327583
-0.37389492674265057
-0.3753775507373373
-0.3760124422717906
-0.3761507970470759
-0.37680182102677034
-0.3778359841283721
-0.3781108059691481
-0.3795805681945273
-0.3813293507749525
-0.38140060835438916
-0.3814727635213381
-0.38165799697270375
-0.38240214284226004
-0.3826184456840182
-0.3838209518798976
-0.38415648409682035
-0.3842820292744063
-0.38431459754550207
-0.3844525621938778
-0.3850387604316994
-0.38768185014487244
-0.3879569982265821
-0.3887366747592296
-0.388834521950533
-0.38885375192815747
-0.3892926842859846
-0.3900212559025628
-0.39037920888367805
-0.390774034181959
-0.39183569888447656
-0.392881555511849
-0.39349461007102743
-0.3941721044393489
-0.39433403296775565
-0.39469810783443143
-0.3954403563167524
-0.3964388750928256
-0.39679689330223483
-0.3968349049112294
-0.3971768722060785
-0.39741407673820506
-0.39769045616073223
-0.39812553516292776
-0.3989938966655505
-0.3991331404447543
-0.401469035410264
-0.40232315524302137
-0.402470293402439
-0.4041456631035544
-0.4044374740166989
-0.4045091201123796
-0.40484281116680776
-0.40593137605901575
-0.4069489492716717
-0.40716279389889676
-0.407169954978599
-0.4072748047573259
-0.4076307705254294
-0.40841202303708996
-0.40875686274957845
-0.40897404693608425
-0.4114356883354568
-0.41229171148063415
-0.4125016555513462
-0.4131496907721157
-0.41385809623817393
-0.4140423166903756
-0.41440806435007527
-0.4147281280206516
-0.41474063091663993
-0.41495900162650895
-0.4150666049348989
-0.41732860565025476
-0.41746650756977033
-0.4180107022402808
-0.41812187985373095
-0.41875799622253645
-0.41889744092011827
-0.41984860068441776
-0.4202770127701418
-0.4207764118909836
-0.42085639140633346
-0.4225002168835393
-0.4233844724318785
-0.4239316989680649
-0.42407923024181987
-0.42436104016960596
-0.4254036874988136
-0.42546715646832517
-0.4255784947118417
-0.426720352088236
-0.42674659350177535
-0.4268604454191518
-0.427196975548708
-0.4275713162829301
-0.42825150239514187
-0.4285420951135974
-0.42967148740232614
-0.42981155634430857
-0.4304126070152658
-0.4305917277867723
-0.43074313925441216
-0.43148242596570036
-0.43176499738729035
-0.43178937605526096
-0.43199107590286684
-0.4321313974505756
-0.4326859088232595
-0.4332900999899721
-0.43338302230113185
-0.43416357770001923
-0.43439002999257353
-0.43467600134560297
-0.4352754947321955
-0.4368286728858948
-0.4381451268447563
-0.4387932902706477
-0.43930826920877736
-0.4398428727445207
-0.4401009747590352
-0.4401551245566225
-0.44023336932150414
-0.44076417056294304
-0.4409334192393241
-0.4418123092331371
-0.44185468334259126
-0.44193864078843037
-0.4430674931814032
-0.44317415803670884
-0.44367299832538265
-0.4438003656512592
-0.443898594810285
-0.4449137036693476
-0.4454521049299122
-0.44640204806637485
-0.44662961398717016
-0.4472962454838125
-0.4476055114452417
-0.45017991433875676
-0.4503606024017144
-0.4505191840626618
-0.45057492610066846
-0.4512354917416815
-0.4514424221544889
-0.45213816314935684
-0.4532217314481386
-0.45373736537536996
-0.45494567374295813
-0.4552838299548187
-0.45647262287509094
-0.45704609361321974
-0.4578311006549958
-0.45802504876398115
-0.45803310599957414
-0.4581285001855576
-0.4586343175578804
-0.4586369415555964
-0.4586761159646105
-0.4589291311927982
-0.4592109707680746
-0.45995354846134434
-0.45999722690903583
-0.46073723892404816
-0.46081508278730327
-0.46094091148888067
-0.4610382176073876
-0.46193200250854716
-0.4627423437528445
-0.46322251841879086
-0.4635779482137473
-0.46375007697133697
-0.4646306025215381
-0.4648571090065696
-0.46638164206478905
-0.4672291770820384
-0.46788143962621687
-0.4679743512117836
-0.46855444477841957
-0.46863109535188413
-0.46904784098400604
-0.4699714406415296
-0.4700088979821885
-0.4702003051667513
-0.4702031033313168
-0.4703586532365686
-0.47069009584811283
-0.471092985739233
-0.4720550512720365
-0.47205635430291293
-0.472931457485538
-0.4734272886577712
-0.473970154451672
-0.47482333578712616
-0.475334118492595
-0.4755140616762219
-0.4763285507367982
-0.4763805587135721
-0.47666073712171053
-0.478273320896551
-0.4788081390899606
-0.47941957220318726
-0.479905839998537
-0.4799662167801137
-0.48203205441435176
-0.48204316940245917
-0.48265000201838704
-0.4827946556532489
-0.4829798522417453
-0.48298882105609664
-0.4833371063505183
-0.4834892935113102
-0.483795051447277
-0.48404507990926504
-0.48460380933684066
-0.484753437870596
-0.4848350779080647
-0.4858099543722346
-0.4862477826989359
-0.4864801444960499
-0.48720619865343906
-0.48858743262826465
-0.48879338007662393
-0.48931069620340395
-0.49013857236132025
-0.49035888383930015
-0.4918564202800388
-0.49209150780977023
-0.49436606084262685
-0.4946082432870753
-0.49481133464723825
-0.4949493906192134
-0.49528283340550844
-0.4956786769421847
-0.4960708022741268
-0.4961178547420549
-0.4972029064457664
-0.49750575752113946
-0.4976079678541282
-0.49777992547897154
-0.4985698494283892
-0.49866234978617285
-0.4991305344738066
-0.5000846053361394
-0.5006191487061044
-0.5010329079677831
-0.5013117854848436
-0.5026678195614035
-0.5029449533906245
-0.5029655851517768
-0.5030021394024302
-0.504737917458572
-0.5055649531916515
-0.5065425997599959
-0.506602063796229
-0.5070973471683828
-0.5072192227235064
-0.5081212367367698
-0.5085176402790239
-0.50967751303142
-0.509719656366441
-0.5098748362042897
-0.5102448459774678
-0.5109669520655492
-0.5110799107642379
-0.5111322994343936
-0.5128964806546199
-0.5129282640409656
-0.513032935326919
-0.5133828043536697
-0.5142909910791786
-0.5177370494763766
-0.5181061624049713
-0.5184071978890441
-0.5192707447396969
-0.52065272672501
-0.5207565377107434
-0.5217337054533085
-0.5220344489123538
-0.5223998825042925
-0.5227781369111553
-0.5229490927344159
-0.5230820857369426
-0.5236500361255215
-0.5242648975225151
-0.5244033730074685
-0.5244553766034576
-0.5249594820197672
-0.5249657070089597
-0.5260475923174194
-0.5264118936234702
-0.5272221515042474
-0.5279565644450486
-0.5292169004630219
-0.5294229292897833
-0.5296551412826375
-0.5298036233455475
-0.5299273285818344
-0.5300698799338923
-0.5302251204363225
-0.5305743470796317
-0.530605423297467
-0.5312393115015187
-0.5313510681056263
-0.531399352527741
-0.5320813841244671
-0.5325154867750825
-0.5354186983978642
-0.5355048395835588
-0.5358276884404144
-0.5363187542728459
-0.5374777455655182
-0.5378925873283151
-0.5379798700284611
-0.5387306945672857
-0.5389239204752292
-0.5401952249605009
-0.5410922147881744
-0.5427426675709689
-0.542749686409176
-0.5430163100827485
-0.5439580950886012
-0.5444930364610627
-0.5456396040034532
-0.5466365206407823
-0.5468816758511821
-0.5475257840363257
-0.5476726875899153
-0.5479430127161322
-0.5482844392471533
-0.5495299860679855
-0.5496081710113107
-0.5501444820870852
-0.5509502540032069
-0.552255177504516
-0.5534129547736484
-0.553515056763148
-0.5542196677059918
-0.5544118664348153
-0.5550856658891361
-0.5554487073418891
-0.5556384323475262
-0.5578516832448419
-0.5590652082237284
-0.5592938033863888
-0.559340021990855
-0.5599834079815386
-0.5601373887911905
-0.5606060962600168
-0.5610694530025119
-0.5612588230620271
-0.5620851450945669
-0.5624379240907729
-0.562889180617276
-0.5649951005834737
-0.5662990633924588
-0.56781933477032
-0.5678233668052902
-0.5684968049754389
-0.5717844214814249
-0.5727582068897651
-0.5729744643904269
-0.5732649512356147
-0.5736320493655512
-0.5768841127919586
-0.57769457064569
-0.5783098988209127
-0.5789014681470235
-0.5793082885444164
-0.5794196259012097
-0.5811483833909733
-0.5838006315520033
-0.5851816472131759
-0.5860248027223861
-0.5872630326581808
-0.5873856586695183
-0.5880562085658312
-0.588195249355825
-0.5891555580201384
-0.5907163635295417
-0.5910925416780325
-0.5913511409404842
-0.5917630692529201
-0.5926011922356338
-0.5936928838309541
-0.5955583151662722
-0.5964342955965549
-0.5968706384068355
-0.5984474212164059
-0.5985064912365488
-0.6011026297783246
-0.6023398618563078
-0.6046892094794506
-0.604704933068812
-0.6049235250364291
-0.6060457188868895
-0.6080131710793163
-0.6099112527444959
-0.6116492533668255
-0.6119506109389476
-0.6121189866328047
-0.6122645549476147
-0.6141768980428424
-0.6154569238242402
-0.6174636516079772
-0.6178356782183982
-0.6182610405861245
-0.622856474884126
-0.627132968576916
-0.628391937166451
-0.6285668459853956
-0.6291591729786887
-0.6291789362730924
-0.6327053376007825
-0.6328441997199358
-0.6335149150192072
-0.6366554461742958
-0.6394681455114752
-0.6395954966378075
-0.6421349266129255
-0.6441360195523076
-0.6447972686340412
-0.6451161335571669
-0.6451239189016633
-0.6463968176685739
-0.6478799708866669
-0.6480437514127027
-0.6482778970010779
-0.6522127118272086
-0.6524769643801847
-0.6548453264404088
-0.6590276921633631
-0.6598833883181214
-0.6609817507560294
-0.6618720832452907
-0.6620535813271999
-0.662727378308773
-0.6628309979801997
-0.6664831847883761
-0.6670808796625352
-0.6693349821919886
-0.6698513627052307
-0.6708887778545937
-0.6740066505105157
-0.6760143134354925
-0.6761980048031546
-0.6767122491728514
-0.6774086614646616
-0.6778948846705524
-0.6782823315006539
-0.6809993504915232
-0.6810097563398553
-0.6822555339895189
-0.6839073480805382
-0.6842151786666364
-0.6846806061163079
-0.6867245535016991
-0.6963215396972373
-0.6978938927266947
-0.6993028178549139
-0.7008565960956427
-0.7014464135156433
-0.7074506651377306
-0.7074891131681701
-0.7094091454831263
-0.7108797045267627
-0.711073821192258
-0.71170973777771
-0.7128184313805832
-0.7135070217773318
-0.7143003062662956
-0.714355710792006
-0.7180172678345116
-0.7196817071991972
-0.7201137242149603
-0.7206059797317721
-0.7212208098135306
-0.7234283853613306
-0.724395303276348
-0.7257126052217144
-0.727065945713548
-0.7291462198481895
-0.7293020486831665
-0.7329579229495721
-0.7355950241132329
-0.7368567819551876
-0.7407054648792837
-0.7411284580826759
-0.7435101036228136
-0.7468170473352075
-0.7501469200239322
-0.752294946683105
-0.7644842705412884
-0.7655663396930322
-0.7672986638499424
-0.768561985566339
-0.7694395594560774
-0.7706845502058665
-0.7716109570756089
-0.7795492834178731
-0.7799747061624658
-0.7824483488678068
-0.7841886455658823
-0.7848401180817746
-0.7890338789438829
-0.794656973099336
-0.7958350208096413
-0.7959590973332524
-0.7971327766543255
-0.7993391156196594
-0.8025782817334403
-0.8026991287645485
-0.8092779079452157
-0.8095609489828348
-0.8125145307967614
-0.8125718813971616
-0.8130878026968276
-0.8143721650897836
-0.8188271261751652
-0.8222672287374735
-0.8222767253534714
-0.8267224778731664
-0.8271276587620378
-0.8285646076177121
-0.8285810698755085
-0.8291290518051623
-0.832761507248506
-0.8347876607789658
-0.8413835092838521
-0.8433808710426092
-0.8502215902720179
-0.8555252649821341
-0.8583542158206304
-0.8590112198260613
-0.8631056596835455
-0.8666891943663358
-0.8668817671947181
-0.8681594863533973
-0.8762615444211406
-0.8843491411680588
-0.8910000207866283
-0.891086042788811
-0.8919450016692281
-0.8933115693740546
-0.89371890497326
-0.8957613554250982
-0.8978405818110332
-0.8982868664897978
-0.9048951520817354
-0.9072744875214994
-0.9092821647122037
-0.9097866377560422
-0.9109745683769385
-0.9234268065944585
-0.9236678282198098
-0.9246751129394397
-0.9276435963809491
-0.9279756198326746
-0.930258417269215
-0.9425605269692218
-0.9472492483134071
-0.9484692247584462
-0.9536951986810891
-0.9555936400865903
-0.9568124181823805
-0.9584150463342667
-0.9686576421445352
-0.9704053392633796
-0.9748645996054014
-0.9797714590094984
-0.9827961378032342
-0.9854689267231151
-0.9880317122675478
-0.9930489423684776
-0.998554213787429
-1.0030672734246764
-1.0043689470738173
-1.0091855225909967
-1.0140653516476352
-1.0146878375671804
-1.0152099183469545
-1.0260091175635655
-1.026522998465225
-1.0274570842739195
-1.0379087583332876
-1.0398788750171661
-1.0486440376650232
-1.0546814432988565
-1.0558484125882388
-1.061537389953931
-1.0621362506256748
-1.0643446823814884
-1.0755707919324777
-1.078938603323574
-1.0840379909689848
-1.0853385776281357
-1.0981656673053901
-1.1144374847412108
-1.1299263720284216
-1.1380577452480793
-1.1449751409927558
-1.1520760841667652
-1.152727407810744
-1.1549148115555
-1.1552792639005929
-1.1647390693426132
-1.16642862316221
-1.167472820612602
-1.168469384614582
-1.1756140109112796
-1.1770514518022537
-1.1783669864137967
-1.2023325715951312
-1.2200648188591003
-1.2202326655387878
-1.2342770107077539
-1.2395714446902275
-1.2397563681006432
-1.2464352746804555
-1.2508220590651036
-1.2541854274459183
-1.2559676051139832
-1.257198077510111
-1.2800972172990441
-1.2838513619887333
-1.2857366899649303
-1.3072098209522665
-1.3073872923851013
-1.3116909638047218
-1.3181234311584074
-1.3212707518832758
-1.3313083052635193
-1.3454929486033507
-1.347587874077726
-1.3578545525670052
-1.3662172257900238
-1.367264449596405
-1.380792916053906
-1.3873185701668262
-1.3917906247079372
-1.3933888080403751
-1.398548673838377
-1.4010136900367798
-1.411262571811676
-1.41929841786623
-1.4214816508390868
-1.4389216230847524
-1.4445157448450725
-1.4445789357026417
-1.4539606794714928
-1.461405837481531
-1.4663209673017263
-1.4678912422192905
-1.4773299098014832
-1.4805233478546143
-1.4975165367126464
-1.4976473718415946
-1.499890260398388
-1.5178001150488853
-1.5187326818704605
-1.5643473059559863
-1.5884396135807037
-1.5951534708340962
-1.6009316444396973
-1.6050432125727336
-1.6230257660150529
-1.6275490711462528
-1.629413283119599
-1.6406598687171936
-1.6436044077078502
-1.6904345353444417
-1.6922501524289448
-1.6948495134711266
-1.719485307810828
-1.7213074495084584
-1.7471897192299366
-1.7691846117377281
-1.7886727799971898
-1.7960046927134197
-1.8000781327718869
-1.802938506094506
-1.8191256920496623
-1.882435196088045
-1.9090214727912098
-1.9240425126627088
-1.9782774051030476
-1.9789367392659187
-2.0094399452209473
-2.033830502652563
-2.1211562156677246
-2.1535482108592987
-2.1562215299345553
-2.1567718386650085
-2.1654184848302975
-2.1697209179401398
-2.1998673420166597
-2.217380346613936
-2.3574703300837427
-2.3988134215275445
-2.4075982561334968
-2.467901323339902
-2.4802625824692464
-2.507693729829043
-2.522417784668505
-2.639295995235443
-2.6716413497924805
-2.672244983286267
-2.690280314355429
-2.720991626381874
-2.74183112817506
-2.744508981704712
-2.7652191519737244
-2.7869199197739363
-2.938030570279807
-3.0046696066856384
-3.046284161042422
-3.072017550468445
-3.1861046883277595
-3.22610384006839
-3.388316211894562
-3.7024552151560783
-3.8804185713330903
-4.016320340335369
-4.040686428241315
-4.098929286003113
-4.1376288160681725
-4.4391679763793945
-4.598197891842574
-4.770081520080566
-4.897355148568749
-5.090528309039655
-5.589497693348676
-6.289292812347412
-6.692933559417725
-6.919344902038574
-7.499908924102783
-7.545172214508057
-7.755614757537842
-7.852505207061768
-7.936709403991699
-8.087298393249512
-8.327557563781738
-9.708029747009277
-10.664318084716797
-13.135028839111328
-14.480533599853516
