-0.0006654431927017868
-0.002188193262554705
-0.007501732703531161
-0.012921010920157036
-0.01666610639464731
-0.03876058843161445
-0.04300201635730142
-0.04576436378475693
-0.06629258956915389
-0.07940941086659829
-0.08946473142132164
-0.13940651403390802
-0.14631947280011243
-0.14682625097339042
-0.15256747277453542
-0.1702295628201682
-0.17238672320963816
-0.19996425355202518
-0.2114749364554882
-0.21270318138340372
-0.22727481613401324
-0.23073321518022566
-0.2377322337900599
-0.2401606631319737
-0.24230530466108272
-0.244694801105652
-0.24572797809378244
-0.24783341446891427
-0.252039764309302
-0.25392763548168457
-0.2558460816508159
-0.2558528172739898
-0.26318558828475386
-0.26811536243518014
-0.27355488334433176
-0.282449536376387
-0.2830317164771259
-0.28540860147525865
-0.2865529257804155
-0.2882402728428133
-0.28941540652886033
-0.29089436926878987
-0.292720302939415
-0.2970874583374502
-0.2982240039855242
-0.3058807873506642
-0.30819751927629113
-0.3103730657936207
-0.31180933334399014
-0.3122965646519636
-0.3173621533496771
-0.3179489150876179
-0.3185918485933843
-0.32094262455939315
-0.32216046397807074
-0.3227149933576584
-0.32710229291697035
-0.32812238959595563
-0.3297565489076078
-0.32981891644054223
-0.33110791801009326
-0.3346744490088895
-0.33529728148520616
-0.3397475269448478
-0.34172685504225747
-0.34408117525578874
-0.3463835180737078
-0.34645841960669854
-0.34866098419297487
-0.3488356173620559
-0.3499686728781936
-0.3547842586413026
-0.3578087025581716
-0.35801449551363473
-0.3587078064680099
-0.3599507118009829
-0.36080174221961686
-0.36132135303341784
-0.36592054096399806
-0.3664585777558386
-0.3674464614285777
-0.3684710435569286
-0.36858285626706977
-0.3689644804690033
-0.3707250861043576
-0.37134687462821603
-0.371591133903712
-0.3730666973628104
-0.3751894353190437
-0.37672996553592386
-0.37708429631311446
-0.3783364005955971
-0.3783760835483138
-0.3794020460821533
-0.3813903454325295
-0.38208801243454216
-0.3841389640932903
-0.3846282159837966
-0.3857523493869748
-0.3860418418480549
-0.38645648696508844
-0.3865010360314045
-0.38731652601355954
-0.38735735178925096
-0.38938668040827906
-0.3923740223212917
-0.3925914077553898
-0.39352627788321115
-0.3938732157985214
-0.39492304250597954
-0.39568943181075156
-0.39692492490972986
-0.3980858938812162
-0.39811499633461883
-0.3981886612147921
-0.40474593797181213
-0.40535732521675527
-0.409549465735576
-0.4095777241912271
-0.40981044379395826
-0.41042309502954594
-0.4118187660467811
-0.41188218677416444
-0.4128856336723806
-0.41304007245020735
-0.41677139874636415
-0.41770118718139
-0.4189198950305581
-0.4200081414957013
-0.42171927959134337
-0.4219078179448843
-0.4222389376023784
-0.4222468051157193
-0.42405391042120755
-0.42525829522955144
-0.42574987943387693
-0.4278635597547691
-0.42884845612570643
-0.43044792039371615
-0.43161731775737655
-0.4322326634544879
-0.43247122056782245
-0.43297119430887204
-0.4356967469677329
-0.43739587961463255
-0.44020944370311643
-0.4416225188586395
-0.44263551994744277
-0.44372368627227843
-0.444637553481799
-0.4454811251023784
-0.4464601891131365
-0.4479681293273138
-0.4480601809802465
-0.4485247037638063
-0.4490904338192195
-0.4493801703758757
-0.4502848906791769
-0.4503493154441695
-0.45040250389969777
-0.4511870277135379
-0.4522970675147678
-0.45281168901258045
-0.4543975611283843
-0.45481468588372487
-0.455720399373344
-0.4568942693461265
-0.4569237979594618
-0.45790760964155197
-0.46000240789726377
-0.460422214327587
-0.46123806601390244
-0.4615403126032713
-0.4615767129497336
-0.46555148184415884
-0.46628085849806666
-0.4671990007886456
-0.46769517548382283
-0.4681475452768306
-0.4687109046271476
-0.46946517808322347
-0.47003378117840516
-0.4704260118305683
-0.4710999439509275
-0.4730543291429058
-0.4740692369588133
-0.4761907900424881
-0.4766649966800792
-0.47727725431323054
-0.47900384315289557
-0.47951147617358303
-0.4833781243715849
-0.48423583139665427
-0.4844727529368053
-0.48648717006047565
-0.4866308216005564
-0.48715151300919907
-0.48723678274213206
-0.48923769474029544
-0.48937888919479317
-0.4905567201785743
-0.4924311414102299
-0.4927496755879153
-0.49294509226456285
-0.4938909106693851
-0.49530084636838484
-0.4975337785668671
-0.5012090101586182
-0.5052880661778858
-0.5056778600421519
-0.5061639273642666
-0.5066060011275113
-0.5067361380642978
-0.5070981088404855
-0.5081018467151027
-0.5086197422351688
-0.5109420911874623
-0.5123516287421808
-0.5195777126538911
-0.5201407842595425
-0.5208949816878885
-0.521164953946771
-0.5216458574868739
-0.5225426025471875
-0.5227180889009365
-0.5239140396671635
-0.5288748435171632
-0.529624226159649
-0.5311916494742036
-0.5314659903191828
-0.5348526830138225
-0.5367147514803542
-0.5380132436597099
-0.5384582587576006
-0.538510296260938
-0.5393642568960786
-0.5407920575526077
-0.542257219926978
-0.5437737701253759
-0.5470180295058527
-0.5521345678716898
-0.5542334221234476
-0.5566020494385157
-0.5581738472812705
-0.559129482600838
-0.559931142871002
-0.5613254406023771
-0.5618090153937894
-0.5636691306200292
-0.5674493744348487
-0.5714031089097261
-0.5727327309548855
-0.5729190194083807
-0.5736846864921972
-0.5748786191855159
-0.5758773295415772
-0.5764383906498551
-0.577165099978447
-0.5785707935132086
-0.5818854480981827
-0.5825230151414871
-0.5833656738201777
-0.5850217098680636
-0.5856519022158214
-0.5894007444647806
-0.5898883168585598
-0.5933057586662471
-0.5933417029096745
-0.5946495868265629
-0.5959573453292251
-0.5966105010981361
-0.5979358821210486
-0.5982039837565806
-0.5983853425714187
-0.5995458385907113
-0.5997405217581049
-0.5998488204204477
-0.5998906799068209
-0.6006584310904145
-0.6007282386126462
-0.6021872822478015
-0.6024171981428351
-0.6042377970491847
-0.6043593697767291
-0.6052533874753863
-0.6057504860218614
-0.60670056194067
-0.6067006975063123
-0.608231736275439
-0.6083912309259176
-0.61036923766369
-0.613350449479185
-0.6139328682662121
-0.6143544327933341
-0.6150941598628249
-0.6160832168534398
-0.6170664828270673
-0.6174348805210078
-0.6187032439879009
-0.6254400283963021
-0.6268169226474128
-0.627729824220296
-0.6311679894902876
-0.6338736664503812
-0.6344518860802054
-0.6352672703564167
-0.6354045491665602
-0.6363150429097004
-0.640072091744211
-0.6401384281149755
-0.6426522433757782
-0.6427807122818194
-0.6438687552831003
-0.653678973722789
-0.6541410419438034
-0.6547015082711974
-0.6567640476860106
-0.6586820602416992
-0.6618141374156739
-0.6635900524755319
-0.6645904779434204
-0.6666031589545309
-0.666917995736003
-0.6703315459191799
-0.6721895194612444
-0.6747235670685768
-0.6764894470572471
-0.6915953393243919
-0.7037032842636108
-0.7072170728019306
-0.7090354226529598
-0.7112035362848214
-0.7122873343527317
-0.7197549254633486
-0.720902522560209
-0.7214947876830896
-0.7226722346884864
-0.7259275317192078
-0.7285842596708486
-0.7303288054401771
-0.736602818859475
-0.7373029145944331
-0.7386902011930943
-0.7424554230334858
-0.7428326873840498
-0.7605535327974293
-0.76075352737098
-0.7622926305048168
-0.7652141810394824
-0.7680331276108822
-0.771304419497028
-0.7767639361321926
-0.7844904415309429
-0.7910932956263423
-0.7917018500156701
-0.7965994745492935
-0.7996611387158433
-0.8001942397386301
-0.8064297296106815
-0.8073638242979845
-0.8109746217727661
-0.8111026607453823
-0.8117287997156382
-0.8160171031486243
-0.820965267601423
-0.8227413207292557
-0.8236289149305472
-0.8289977858463923
-0.8304677039384842
-0.8307826705276966
-0.8317992181982845
-0.8338131010532379
-0.8355287672951818
-0.8397548197826836
-0.8440488316118717
-0.8506725244224072
-0.8542446463058392
-0.8557639702921733
-0.8564751970116049
-0.8639407738810405
-0.8660382266555514
-0.8865032443776727
-0.8874090759491082
-0.889863134175539
-0.8916927033237049
-0.8920510774478316
-0.8980394004223248
-0.8998577818274498
-0.9071172560565174
-0.9106612786417827
-0.9120416209101677
-0.9131356443278491
-0.916131914278958
-0.9179946999065578
-0.9280068039894104
-0.933794330310775
-0.9422184726364711
-0.9433874744905292
-0.9526268035173416
-0.9657122458331286
-0.9672607308190587
-0.9715701825916767
-0.9800767009146512
-0.9907581508159637
-1.0032145127654075
-1.007908813864924
-1.026142531511141
-1.048252781125484
-1.0666206182795577
-1.0712019757096034
-1.0719209150411189
-1.0746759794652463
-1.0789771489799023
-1.0965630650520324
-1.1211883093540866
-1.1319330966410537
-1.1395014231093228
-1.141698956489563
-1.1438136597474415
-1.1500524307290714
-1.1547116165359814
-1.162120788008906
-1.1650163182639517
-1.1844320315867662
-1.1986042804492172
-1.2023765532649122
-1.2038622948108242
-1.2073091889421146
-1.2127183564007282
-1.215622808939467
-1.234054131899029
-1.2527589797973633
-1.255982544273138
-1.2624055575579405
-1.2782785530822973
-1.2921052493814689
-1.2998487828299403
-1.3200543522834778
-1.3215650112833828
-1.325929191322454
-1.3297877224783103
-1.33116819197312
-1.3381552509381436
-1.339378343662247
-1.352329579909565
-1.3780911199864931
-1.3842187176148097
-1.3887967527844012
-1.3990580328196909
-1.405952900648117
-1.409977208985947
-1.4108317196369171
-1.4712742865085602
-1.4866879433393478
-1.5376303866505623
-1.5378470197319984
-1.5665275504191716
-1.5692109526135027
-1.7045429646968842
-1.7741934210062027
-1.776703764994939
-1.8130971988042195
-1.8628318176682417
-1.8813338452018797
-1.946123202855233
-1.9589999119440715
-1.9656023019197164
-2.0326201636344194
-2.0793474117914834
-2.114547610282898
-2.120661899486246
-2.1252543330192566
-2.1362186124315485
-2.146060693426989
-2.15802538394928
-2.2178839228193588
-2.2200665646232665
-2.2857418292405782
-2.381190224395444
-2.382715313540151
-2.392508441116661
-2.393708845678096
-2.4325572815723717
-2.539733585435897
-2.544059614340464
-2.554554485643166
-2.5646634333970724
-2.612419757875614
-2.6195895043201745
-2.690872550010681
-2.8171451333910227
-3.185783267021179
-3.3552437170001213
-3.8902453184127808
-3.920335292816162
-4.87500464131881
-5.000729084014893
-5.17010498046875
-5.36922550201416
-7.29730749130249
-10.633378982543945
-11.656362533569336
