-0.0004067976478836499
-0.013972005268442445
-0.04723128626937978
-0.09872265967230003
-0.1407107756658661
-0.16008978225290776
-0.16158258647919865
-0.16454133758088574
-0.16889851048888108
-0.208756896572595
-0.22523350920528173
-0.2382442337257089
-0.24946265986987523
-0.2624956800009386
-0.27052232818277844
-0.28007283207261935
-0.2830327736737672
-0.30158604906871916
-0.3028512790204129
-0.3130753810172185
-0.3161858022212982
-0.31983891883865
-0.32747585543424623
-0.33261612172063904
-0.3333544727356639
-0.3372861051582731
-0.3405141849249888
-0.34240867241751405
-0.34311260464892257
-0.34489168107617074
-0.34610916415695103
-0.3481537016341463
-0.34936897208293277
-0.3505775560857728
-0.3513856240606401
-0.35403450081745785
-0.35676740870500606
-0.3606188829710138
-0.3614892482744633
-0.36561016498931814
-0.3656333705359179
-0.36699013858257484
-0.37203401832578364
-0.37226734862391214
-0.37241584272123873
-0.3727837636445959
-0.37409055793911894
-0.3741856997108294
-0.3742990826555927
-0.37532756956061347
-0.3758028778247535
-0.37736846320331097
-0.3783584038416545
-0.37963962603906365
-0.38163886891884935
-0.38372247910592705
-0.3838473593496019
-0.38490565117293346
-0.3849695514887571
-0.3878453299682587
-0.389884634098659
-0.3905824596724032
-0.3908054932124085
-0.39444583208699313
-0.39553861154126935
-0.39862559300805017
-0.3992114149344464
-0.400358824947034
-0.40179815805620617
-0.40322306433356264
-0.4055998907019587
-0.4072179582823689
-0.40800314290390816
-0.40861431462690234
-0.409730451030191
-0.40994006968685426
-0.4158141524142896
-0.41855748080545
-0.418680566130206
-0.4190051462667595
-0.42234153228249244
-0.4236737594474107
-0.4273796397847036
-0.4276920148986392
-0.4292023283753382
-0.43045734615589026
-0.43046480535995213
-0.43221771336781484
-0.4327512757736258
-0.43289962001775467
-0.43329554883001203
-0.4333568985263507
-0.4353162416955456
-0.4357208614595808
-0.4366392499941867
-0.43682493443008175
-0.43755876024564105
-0.4382348072476816
-0.44279784745433265
-0.44282538011012706
-0.4429847711347975
-0.44507836375851184
-0.4453461360712738
-0.4458385443431325
-0.44606246007606387
-0.44685722157980007
-0.4469183943256212
-0.44833661883927156
-0.4484793424424424
-0.4487856386229396
-0.44879398327320813
-0.44978742586934695
-0.45756102868472226
-0.45756455474959995
-0.46088870988357183
-0.464425564226177
-0.4657877125311643
-0.46760341090460616
-0.4676555007269296
-0.4678944916360908
-0.47054546242321116
-0.4711764004896395
-0.47170146222093273
-0.47357326935355865
-0.47505481102104696
-0.47594571067020297
-0.47606060024866437
-0.4793444353621453
-0.4807388022179819
-0.4809874359634705
-0.4868058123004933
-0.48742634302470833
-0.4884101538109067
-0.48938578455930665
-0.4899532668059692
-0.49094186917257804
-0.4926468011108227
-0.49445089550863486
-0.495213912068201
-0.4969386976582053
-0.5010274572867073
-0.502386524900794
-0.5024834813521011
-0.5026461556553841
-0.5030348598957062
-0.503358670626767
-0.5035452033687187
-0.5040417245442146
-0.5054145583902331
-0.5078041624011738
-0.5132641438685823
-0.5133467020673884
-0.5149059568357188
-0.516056317485436
-0.5168351427866862
-0.5171708022709935
-0.5197527837008238
-0.5227292304276488
-0.5229279059916735
-0.5242834398079486
-0.524962903962781
-0.5255448306145679
-0.526783793233335
-0.5269550660281981
-0.5286931556959947
-0.5300148630556881
-0.5311195399990538
-0.5311823531053961
-0.5313476113835349
-0.5316830883966759
-0.5342634279979392
-0.5364438657249723
-0.5391442727530376
-0.5409860688054727
-0.5436425587395206
-0.5440828189253807
-0.5446292905136942
-0.5456533769943884
-0.5470115339383483
-0.5471396449073735
-0.5490577489100886
-0.5498106427904632
-0.5517359267920255
-0.5521216671913862
-0.5554724818386603
-0.5569228535340003
-0.5570758688030765
-0.5590609267653365
-0.5621005339281899
-0.5627748576649041
-0.56425600782192
-0.5642602989585915
-0.5648291919380426
-0.5658755574375391
-0.5665416879835773
-0.5676304785196077
-0.568214515091053
-0.5693947387160734
-0.5695334550109692
-0.5704962863819674
-0.5706616468184317
-0.5710727210209572
-0.5731822736561298
-0.5734413559971885
-0.5741424829632576
-0.5750829420358059
-0.5756487801671029
-0.5789115999702036
-0.579780274691681
-0.5800632449565455
-0.5826877297626601
-0.582891713162618
-0.5836636018007993
-0.5841019737223784
-0.5860951661597937
-0.5899681270122528
-0.5919818327762186
-0.5936289150267839
-0.5942080955331525
-0.5952047969286258
-0.5977051911409944
-0.6003107612486929
-0.602358358601729
-0.602773423306644
-0.6035985010464422
-0.6045253309188411
-0.6047142653842457
-0.6070060153451777
-0.6102608704629043
-0.6111326552927494
-0.6114439401775599
-0.611954825463196
-0.6120686449343339
-0.6147967020166106
-0.615652977488935
-0.6165745129110292
-0.6173684452660382
-0.6198341068294313
-0.6204652674496174
-0.6206600499073309
-0.6266739532351494
-0.6270751968200784
-0.6322472455600897
-0.6354633242444834
-0.6360281423811103
-0.6366574910935014
-0.6394393258314166
-0.6419804684451914
-0.6439028418972157
-0.6444879373108657
-0.6453458894975483
-0.6462400807999075
-0.6490066220925655
-0.6518765002755182
-0.6526825172560555
-0.6531809359788895
-0.6537509236659389
-0.6570709065999836
-0.6577055682137143
-0.6657815651968122
-0.6667163796024397
-0.6672758417470115
-0.6704817683057627
-0.673581198323518
-0.6751368822796004
-0.6788265630602837
-0.6791142632253468
-0.6802363554947078
-0.6804613106780582
-0.6809799311061701
-0.68207997828722
-0.6888250595657155
-0.6896993707865476
-0.6904157575219869
-0.6913819204666651
-0.6949548158794642
-0.7003455188125371
-0.7009001062474454
-0.7014100516421927
-0.7075250943501791
-0.7100063757970929
-0.7124669097363949
-0.7141605155047728
-0.7175357914529741
-0.7177808199077844
-0.7206366915255785
-0.7213452284534773
-0.7215890955246452
-0.724028049968183
-0.7250295066041872
-0.7278191260993481
-0.7289864340173912
-0.7331920290986697
-0.7398949156382254
-0.7414575647562742
-0.742798937484622
-0.7474114405937143
-0.7494615917094052
-0.7613638203591109
-0.7639756715895297
-0.7641293928027153
-0.7644600059837103
-0.7645312249660492
-0.7669544238430847
-0.7737749094473353
-0.7739903472413842
-0.7789209444696704
-0.7792178555391729
-0.7807122511485431
-0.7817986607551575
-0.7833231218159199
-0.7852841036122603
-0.7860413126181811
-0.786729818675667
-0.7925986652262509
-0.7958534277083041
-0.7988805174827576
-0.8011415064334869
-0.8054975848295726
-0.8364122794009745
-0.8370753676475337
-0.8371555482630025
-0.8378901236823627
-0.8465848465760549
-0.8492885025218129
-0.8536894875578582
-0.857920591533184
-0.8607264881953597
-0.8643535962328315
-0.8661891162395478
-0.8672270100563765
-0.8672891553491354
-0.8887115772813559
-0.8889774098992348
-0.8983374178409577
-0.9044118613004685
-0.915145919761724
-0.9223634283989668
-0.9231701269745827
-0.9336130050942302
-0.9369565102582177
-0.9564099237322807
-0.9589992556720972
-0.9628345668315887
-0.9720529786178044
-0.9723310169647448
-0.9774377897381783
-0.9780721485614776
-0.9843562841415405
-0.9847685595353445
-0.985018054667827
-0.9882040619850159
-0.9968928843736649
-1.004040288273245
-1.0057820822112262
-1.019595530629158
-1.0221258149083172
-1.0352580919861794
-1.0353217697702348
-1.0496871123711269
-1.0580847803503275
-1.0855720669884856
-1.0945745944976806
-1.103731945157051
-1.1092459238134325
-1.1220271363854408
-1.124467504521211
-1.1298184891541798
-1.132268600165844
-1.1441212849957603
-1.1703828237950802
-1.1796826720237732
-1.1882014040436064
-1.1944138780236244
-1.2012568753478783
-1.2347460389137268
-1.245014247794946
-1.2452900497009978
-1.2698333660761516
-1.2828767970204353
-1.3033464312553407
-1.3130419445889336
-1.3354689605267984
-1.3524307509263356
-1.3690028836329777
-1.370013128966093
-1.3786176317371428
-1.415229944512248
-1.4621907985769211
-1.4676237627863884
-1.4946168884634972
-1.5411602681851946
-1.5415280262629192
-1.6068001905805431
-1.6153964698314667
-1.6279687844216824
-1.6654940359294415
-1.6727076868216197
-1.6882235333323479
-1.7274611728498712
-1.743235394358635
-1.7585105164907873
-1.7610784443095326
-1.762545071542263
-1.792002225915591
-1.8434434793889523
-1.9385990798473358
-1.9428754420368932
-1.9599063272277515
-2.012554616550915
-2.1544633097946644
-2.256964534521103
-2.4584148824214935
-2.603049742989242
-2.613121271133423
-2.6583595822254815
-2.844456523656845
-3.334192991256714
-3.4354844745248556
-3.6365873132599518
-3.7289206471759826
-3.7609955072402954
-3.859898328781128
-3.875221371650696
-3.9078618920757435
-3.921492338180542
-4.0186896324157715
-4.71498254686594
-4.848219871520996
-4.9005490727722645
-5.169044939801097
-5.243180267512798
-5.462818950414658
-5.804167313093785
-5.880871295928955
-5.991400718688965
