-0.0014967439929023385
-0.14552566688507795
-0.14906556624919176
-0.1572485591750592
-0.17571534619977078
-0.1900426453600327
-0.2228364462412342
-0.2577717180829495
-0.2594203000577788
-0.2599292690383977
-0.26495193327510996
-0.27384164308508235
-0.2740019880235195
-0.27705575981787567
-0.2828166826317708
-0.2879177425056696
-0.28923296873373067
-0.28982670017733025
-0.2904495306313038
-0.29168076626956463
-0.29410663060843945
-0.2959550859836432
-0.29952081042374
-0.3045919045413795
-0.3047496298261519
-0.30582163529470563
-0.30848146480476035
-0.31290403567254543
-0.31376304604897376
-0.31597725121194825
-0.3175953686170812
-0.31846955977380276
-0.323368310186736
-0.3253581766039133
-0.3256640482577495
-0.33430190816418165
-0.3348131417296827
-0.33574854750186206
-0.3404427377418393
-0.34097641706466675
-0.3436376889050007
-0.345901978130524
-0.3516797500607722
-0.35579986709894407
-0.3592316520710786
-0.35967411667418975
-0.3638338215881959
-0.3665706419851631
-0.36745040863752365
-0.36972677390175784
-0.37979656941024587
-0.38064630841836333
-0.39191274996846914
-0.3958928219645339
-0.3983837956717859
-0.4003410128255685
-0.40304054971784353
-0.40340821870735716
-0.40708952099084855
-0.41160046571167186
-0.41566785546019674
-0.41946106776595116
-0.420239451341331
-0.42545538395643234
-0.4254748851060867
-0.42633591273001264
-0.42774531273171307
-0.43282957148427764
-0.4344766804948449
-0.43493994064629077
-0.4356224561731021
-0.43658579061073916
-0.4370489778618018
-0.4440802218658583
-0.44692076947540044
-0.44886097218841314
-0.4513043984770775
-0.4516011451681455
-0.4539171564910147
-0.45418444871902464
-0.4581587145415445
-0.4585179654615266
-0.45893657982349395
-0.459012056597405
-0.4619947912171483
-0.46234948167370427
-0.46433489383198323
-0.4655320327728987
-0.46846420985336107
-0.4708982878923416
-0.4812930696643889
-0.48131713123681646
-0.48754776239564473
-0.4936273046769202
-0.4949639665761164
-0.4964016558868544
-0.49679269674234094
-0.5012176996096969
-0.5052036505192519
-0.5060489805415272
-0.5076341889798641
-0.5080600535031408
-0.5087503757327795
-0.5091975000686944
-0.5097926557064056
-0.5114179615463529
-0.5127009819685058
-0.5148936906829477
-0.5153420890371004
-0.5161024785290161
-0.5167976500732558
-0.520039900764823
-0.5238240724429488
-0.5265214336769921
-0.5267174198575642
-0.5270825665444135
-0.5270956553842711
-0.5284657020653997
-0.5289974077604711
-0.5297893504612148
-0.5322183631360531
-0.5328738018870354
-0.5346361508835917
-0.5386922579258681
-0.5419701034469264
-0.5429009820024172
-0.5429141484200954
-0.5494250446557999
-0.5511023327708244
-0.5537217062498841
-0.5541947246529162
-0.5556255295872689
-0.5587232828140258
-0.5587820410728455
-0.5596244268119335
-0.565484419465065
-0.566927932947874
-0.5676863130647689
-0.5681477164228758
-0.5718619441613555
-0.5724693445695771
-0.5739155866205692
-0.578362787142396
-0.5808989033102989
-0.5837500477209687
-0.5856348712529454
-0.5857905625656713
-0.5861041154712439
-0.5892306920140982
-0.5906896054123839
-0.5919651775620878
-0.5942568598049027
-0.5943733328953386
-0.5987163987010717
-0.5997156868688762
-0.600835208594799
-0.6009364562729994
-0.6028927592560649
-0.6088835600530729
-0.6120884642004967
-0.6124746712545553
-0.6145433409967356
-0.6158367522060871
-0.6179323472082615
-0.6195070791523903
-0.6222510077059269
-0.6225007139146328
-0.6266420238784381
-0.6269763894379139
-0.6290638825545708
-0.6329809532811245
-0.6366672089530362
-0.6370423183155557
-0.6413833285785384
-0.641702393690745
-0.6438103723339736
-0.6473606677932872
-0.6546081602573395
-0.6618849225342274
-0.6637390949763358
-0.6711334125138819
-0.6771905596057574
-0.6786353383213282
-0.679485178552568
-0.6836948022246361
-0.6902606626972556
-0.6989956299463908
-0.7098475848324597
-0.7120468257926404
-0.7147271726280451
-0.7147729496161143
-0.7170901238918305
-0.7173119373619556
-0.7196621870721823
-0.7215234823524952
-0.7264862217541251
-0.7485023982822895
-0.7486041009426116
-0.7530922012935791
-0.7535164465662092
-0.7565914373844862
-0.7614768842856089
-0.7650384679436684
-0.7659253315068781
-0.7676719753071666
-0.7725078128278255
-0.7805860876105726
-0.789101262887319
-0.7937350667153413
-0.7966743320226669
-0.7983489958569407
-0.8119820691645145
-0.8202748907109102
-0.8314867503941059
-0.8363184131681919
-0.8593058582395315
-0.8677993565797806
-0.8827776303514838
-0.8857270714361221
-0.894249248628815
-0.896555022150278
-0.9050400145351887
-0.9085979993854251
-0.9122511471311251
-0.9366114735603333
-0.9426615573465824
-0.9505277555435896
-0.9718297890980135
-0.9948664605617523
-0.996753536829991
-1.01787546928972
-1.0196847133338451
-1.0307133048772812
-1.0393473096191883
-1.0693889586254954
-1.0800474788993597
-1.0851679897168651
-1.0861813693773001
-1.0944155603647232
-1.0952527020126581
-1.1232459114398807
-1.1655224633092682
-1.1707563430070878
-1.1765848505310714
-1.183890190673992
-1.197392803306381
-1.2325417697429657
-1.2413332527503371
-1.2606555925061305
-1.3524999618530273
-1.3650403968058527
-1.3900362215936184
-1.407541627685229
-1.447361409664154
-1.4528867707898219
-1.584436575571696
-1.6203781068325043
-1.6476592373413343
-1.662366166866074
-1.666624441742897
-1.744616024196148
-1.7514365961154301
-1.8505315780639648
-1.9930302202701569
-2.0391289203738174
-2.0851485282182693
-2.110274523496628
-2.205956846475601
-2.292288303375244
-2.3012144720802703
-2.4988710433244705
-2.7178733348846436
-2.8526298999786377
-3.3820061087608337
-3.8109061520081013
-3.9108766813296825
-4.107807882130146
-4.366194248199463
-5.31536865234375
-5.614399433135986
-5.690513610839844
-5.978713512420654
-6.5141730308532715
-6.65437650680542
-10.438616752624512
