-0.00020847532141488045
-0.0031999953207559884
-0.11839462537318468
-0.1793347392231226
-0.1800985082052648
-0.2605891760904342
-0.2826770404353738
-0.28465596426810535
-0.3068977165967226
-0.3138853833894245
-0.3168005724437535
-0.3248363995924592
-0.3274921079476674
-0.3361608117508392
-0.35690233623608947
-0.36091960293706504
-0.36613197781844065
-0.3688817784190178
-0.37081329128704965
-0.37246619316283613
-0.3789461716078222
-0.3892491684916119
-0.3899051488066713
-0.39106758901228506
-0.3933371269797337
-0.39345991611480713
-0.39371897955425084
-0.4062409269623458
-0.4195452305721119
-0.44456753972917795
-0.45933982481559116
-0.4616281230002642
-0.46825417773798106
-0.4752387632615864
-0.4907889094735895
-0.4915988125838339
-0.49191170268588597
-0.49525372935459017
-0.49806826491840184
-0.4990052931243554
-0.502490118611604
-0.5104566679025689
-0.5127967500260898
-0.5335756812244654
-0.5498909161297457
-0.5499011535818378
-0.5637289643442879
-0.5648626089641766
-0.5662783412029967
-0.5681043478252832
-0.5687192721036496
-0.5705816943470078
-0.573341345321387
-0.5777249857783318
-0.5848137476306874
-0.5858370503410697
-0.5864241168122081
-0.5900676610413939
-0.5998185246120556
-0.6020989218493924
-0.6076208907653338
-0.6083757512271404
-0.609175090842958
-0.6094740602187813
-0.6135800963190073
-0.6180336574713389
-0.6213262648234377
-0.6218142966667074
-0.6264798431097699
-0.6268002316901402
-0.6283860841566431
-0.6295768885479663
-0.6365916465745411
-0.6382833320432837
-0.6477563520893455
-0.6480361736453646
-0.6490442732020336
-0.6495423793094233
-0.6525121827920278
-0.6536207258080443
-0.657863820252447
-0.6584010604768992
-0.6584476747084409
-0.6594260794110596
-0.6594895645510406
-0.6615119558134067
-0.6627593655527259
-0.6643470665148925
-0.6664041293746171
-0.6704100112741193
-0.6720132314765482
-0.6732682806034063
-0.6777680112281814
-0.6811107306275517
-0.684081963371552
-0.6861259339701065
-0.6872708869816148
-0.691014125244692
-0.6918245654922667
-0.691847026348114
-0.6927788102237339
-0.6974201623557342
-0.7045394288375973
-0.7049988313461654
-0.7063634832389653
-0.7083041066500646
-0.7097718895027356
-0.7161332066636532
-0.7179216136097569
-0.7219366167502647
-0.7252309161567074
-0.7255709207452395
-0.7257977343251696
-0.7258107918148328
-0.7275316787883639
-0.7341494336724281
-0.7344946119992528
-0.735843298950931
-0.7385397016381224
-0.7387847561389208
-0.7407726478866405
-0.7418941639886422
-0.7432022982102353
-0.7432829832541756
-0.7442289609462023
-0.7465174505875135
-0.7467406649763385
-0.7469491199590266
-0.7495992678616729
-0.751165129386613
-0.7539387269760482
-0.7565166035460101
-0.7568044875644975
-0.7600597903098484
-0.7715262436657213
-0.7782314292126102
-0.7829439182998612
-0.7864349885727279
-0.7915389517787844
-0.7965206876397133
-0.7993278640011946
-0.8015039117474642
-0.8035595497349277
-0.8045631745564086
-0.8056875404436141
-0.8063418117817491
-0.8079994843962292
-0.8094536042003893
-0.8098804383383443
-0.8102617809805088
-0.8113760793581605
-0.8114556968212128
-0.8132972100574989
-0.8143750713206828
-0.8159993345034309
-0.8186532222510626
-0.8193980440846644
-0.820279443429576
-0.8224208913696337
-0.8238677980067829
-0.8262479516358682
-0.8281771832456192
-0.8294823864291955
-0.8309943110992511
-0.8347799330949783
-0.8350252508111722
-0.8408864336347001
-0.8428850903342802
-0.8464100009628704
-0.8467926392830643
-0.8502524949920675
-0.8512932401365834
-0.8550832401961088
-0.8570448598927922
-0.8595726229250431
-0.8595979437232018
-0.8623825500586203
-0.8638343413670858
-0.865346722304821
-0.8662747203165458
-0.8669428275051442
-0.8702013321686536
-0.8720419463546326
-0.8773941298713908
-0.8804516160267998
-0.8834809128602501
-0.8859468319806857
-0.8861253546284777
-0.8884578499335996
-0.8903726769058267
-0.8938996920062762
-0.8945187227800488
-0.9010296462685801
-0.901683649896378
-0.9023304990566287
-0.9057608211878687
-0.9069787726172459
-0.9117315738306692
-0.9132651552924168
-0.9150246066920873
-0.917804206051093
-0.9184930382503403
-0.9206811189651489
-0.9231151586864144
-0.9243992645589804
-0.92560301938959
-0.9268784906681893
-0.9268916828550573
-0.9309871317818761
-0.9361595958471298
-0.9368772879242897
-0.9385017997400579
-0.9461915582651272
-0.9490632638335228
-0.9527484947789667
-0.9533255659043789
-0.9559671326423995
-0.9559784770011902
-0.9580674740884986
-0.9614329315633674
-0.9615391352110438
-0.9624906331300735
-0.9752680821834003
-0.9782497239939403
-0.9802211201555716
-0.9802782725956705
-0.9803041883278638
-0.983900400456386
-0.9880721078992918
-0.9928499994178613
-1.0051018366625963
-1.0052446951158345
-1.0132305512204767
-1.015706251297767
-1.0298085341540475
-1.033902438351005
-1.0361256501819298
-1.039661798812449
-1.0397873541582017
-1.0401684502139688
-1.0507400121007646
-1.0532263006316498
-1.0533713879329818
-1.053703694102856
-1.0581722509038325
-1.0598554747800033
-1.067935122597891
-1.0711526103356543
-1.0715841605292202
-1.0720687384924128
-1.0773625138681382
-1.0797159555368125
-1.0888986522331834
-1.091484401983997
-1.0925331490114332
-1.0968240718502784
-1.1054691052995622
-1.113333397700141
-1.1300036455431837
-1.1334598461786907
-1.1403156226285949
-1.1418275361259778
-1.1426687466640335
-1.1432778143457003
-1.147742881067097
-1.152952579781413
-1.1687144902534783
-1.1755266936130024
-1.1760275986577784
-1.2006703305591004
-1.2015318939927966
-1.2338263081386684
-1.2348162503247815
-1.3189260481546323
-1.371167853542526
-1.4319075495004654
-1.4645989015698433
-1.4752644207328558
-1.5120097398757935
-1.5202855356968938
-1.54577039857395
-1.566370040178299
-1.5765630207994643
-1.6357326295226813
-1.6387970086187125
-1.6800131229683757
-1.6920535482931882
-1.7499300241470337
-1.767587664226691
-1.8454398442991078
-1.856223702430725
-1.8614543366711587
-1.8861016184091568
-1.8898359537124634
-1.9288590972622235
-1.9382242490537465
-1.9894810914993286
-2.0427074655890465
-2.095791721669957
-2.1170081918438277
-2.1613900507363724
-2.2018194049596786
-2.2067224979400635
-2.2502479553222656
-2.2537643909454346
-2.2654242515563965
-2.3293028518431433
-2.3835600316524506
-2.546699058264494
-2.616744041442871
-3.3220781292766333
-3.4871722779935226
-3.786370515357703
-4.062348058265343
-4.414843847975135
-4.630613146349788
-10.228564262390137
-13.920855522155762
-14.50715160369873
