-0.000205018965061754
-0.2198997742816573
-0.2481641198392026
-0.2505131155252457
-0.25376043774813295
-0.2596522774838377
-0.26036087338235864
-0.2610273222089745
-0.3134038576419698
-0.33286946857281563
-0.3479898398121198
-0.348072668351233
-0.3578405976295471
-0.3588532149791718
-0.3667307619616622
-0.3793031898000793
-0.3815378062427044
-0.3821985934446275
-0.38664271077141166
-0.3878545482604144
-0.38926936549666735
-0.39087934814112185
-0.3931521200104137
-0.3944209711626172
-0.39937951695335666
-0.4021860496229945
-0.407247141636617
-0.41328818183683325
-0.42523569906396524
-0.4311685562133789
-0.4320127568725083
-0.4415476423010285
-0.443382393853325
-0.4449914224096574
-0.44570439694345826
-0.45094285905361176
-0.45112802962151666
-0.4520306597862925
-0.4543350028106943
-0.45627837723974757
-0.46866107093436377
-0.4723091939464211
-0.4731932241055701
-0.47704344383237185
-0.47838598399216103
-0.48339178247584236
-0.4837051263699929
-0.48499870877712964
-0.4854828503205984
-0.48744105985194136
-0.4930022153421305
-0.49310218834216357
-0.4949664156883955
-0.4959105795423966
-0.49878311437518835
-0.49914648822467667
-0.5043966548317778
-0.5050926445779623
-0.5052289592082767
-0.5086612167383114
-0.5125731756717349
-0.5152730699628592
-0.5157594977674307
-0.5189000752288848
-0.5196290055289865
-0.524674347305501
-0.5249375074894892
-0.5250942725622074
-0.5251114390343182
-0.5270490520407394
-0.5272048434514242
-0.5277021704969229
-0.536405406659469
-0.5373974546790123
-0.5377252276575746
-0.5381405623006036
-0.5382693574305021
-0.5387151910636021
-0.5395011381977903
-0.5425586372730322
-0.5435433015227318
-0.5446855877526104
-0.5450039851731465
-0.5453412991888139
-0.5459492266178131
-0.5465173038484697
-0.5493274318600575
-0.5519318854148878
-0.5541903829046836
-0.557122833104446
-0.5574572082524273
-0.5595806409748127
-0.5612236346013991
-0.5627320035418961
-0.5664300037819582
-0.5677216045765413
-0.5687600051046742
-0.5694085210561752
-0.5697935324694429
-0.5711248497391352
-0.5720158206531778
-0.5737191302469
-0.5738487208262086
-0.574349096044898
-0.5773197700968012
-0.5775475298287347
-0.5787782352417707
-0.5818597505733903
-0.5829833456276295
-0.5831743919989094
-0.5838758317520842
-0.584082467171053
-0.5843028079718351
-0.584524711756967
-0.585484781069681
-0.5874508896842598
-0.5883674621582031
-0.5913976420648396
-0.601133843691339
-0.604304272060593
-0.6052554760660444
-0.6058781329830665
-0.606839663698338
-0.6081183564788911
-0.6089477449655533
-0.6092208485388255
-0.6098665052283506
-0.6156230199461182
-0.6175125716254115
-0.621811401049714
-0.6221631612214777
-0.6240643927206596
-0.6264807917514669
-0.6298567734867736
-0.6308675321550774
-0.6319608520017936
-0.6333751262476047
-0.6349290391164166
-0.635006633400917
-0.6353377757701449
-0.6354499762722602
-0.6357664535088199
-0.6368437023522954
-0.6376682381414867
-0.6424235819389911
-0.6434531956911087
-0.6447101009383412
-0.6470262572169304
-0.6508796691411624
-0.6548883931897581
-0.6600407395511866
-0.6614734712522476
-0.6636206364521058
-0.6636771707139402
-0.6639032926274618
-0.6645163206849247
-0.6648813601997163
-0.6660480548938116
-0.6679271844552894
-0.6680481079070327
-0.6684114616752291
-0.6684563597664237
-0.6689896825002506
-0.6709754651412367
-0.6721827555214986
-0.6726288419216871
-0.6764956663246267
-0.6765249315649271
-0.676683671423234
-0.6781923207508953
-0.6791693228814337
-0.6791868734871969
-0.679288152809022
-0.6801353076970654
-0.6807554155122488
-0.682638356112875
-0.6831450066383695
-0.6832956710464454
-0.6890348320206007
-0.690309022863706
-0.692078312378726
-0.6925544748082757
-0.6928122598677874
-0.6949900016188622
-0.6951842579990626
-0.6968984007835388
-0.6971876348368824
-0.6987042522856167
-0.6990246344357729
-0.7000565561000258
-0.7003003843128681
-0.7009820193052292
-0.7012734115123749
-0.7016811583640187
-0.7030553600052372
-0.7039999957584465
-0.7040939822154878
-0.7052005272358656
-0.705293753051332
-0.707055132037827
-0.7074922533705831
-0.7076876364881173
-0.7089106195822491
-0.7105319985171913
-0.711287993249362
-0.7117804061207507
-0.7135554717599668
-0.7138657867035363
-0.7147714545329412
-0.7165921984269517
-0.7167351295938715
-0.7169626203072055
-0.7228448788324991
-0.7234791808727162
-0.7238196642655466
-0.7249657816002861
-0.7250735384644941
-0.7256376460939645
-0.7270374298095703
-0.7277571172453463
-0.7309390543814516
-0.7311408492839999
-0.7329943499394825
-0.7332351785153151
-0.7346507608890533
-0.736181702464819
-0.7363451700657606
-0.739512339187786
-0.7398172654211521
-0.7404312789585674
-0.7412073438366255
-0.7432104975783399
-0.7434474285691977
-0.7436001608148217
-0.7440685416970935
-0.7447881797561422
-0.7487959362721691
-0.749965183290086
-0.7501584710553288
-0.7516145695648764
-0.7543810374206967
-0.7564712028950453
-0.7600790666692774
-0.7603554179271063
-0.7607415223028511
-0.7625624513519662
-0.7633906358852982
-0.7636093597859144
-0.76678619351746
-0.7677689074877311
-0.7689265587500164
-0.7692508213222027
-0.7704997062683105
-0.7715085617133549
-0.7727093175053596
-0.7730371120216494
-0.773217949883214
-0.7753335654735565
-0.7757616187044387
-0.7757802506287893
-0.7759119861034883
-0.7763670587705241
-0.7770880289996663
-0.7776900678873062
-0.7781101198866963
-0.7782994525300132
-0.7786866371919002
-0.7798252376831241
-0.7799098489599096
-0.7799332485135112
-0.7815580140385363
-0.7853000558912754
-0.7871603506306807
-0.7882538323756307
-0.7892105931726595
-0.7909514755786707
-0.7913911323994398
-0.7915137987583876
-0.791697254171595
-0.792616835446097
-0.7929686910759371
-0.7949032613209316
-0.7974551671234492
-0.7984001123242908
-0.7991197053343058
-0.8032538866003355
-0.8066814709454775
-0.8075066648423672
-0.8077303916215897
-0.8092499740421772
-0.8116244399920106
-0.8126499766018241
-0.8135798215866089
-0.817015390843153
-0.8173541477216142
-0.817505395412445
-0.8197583624472221
-0.8203810229897499
-0.8207344263792038
-0.825049359165132
-0.831084381788969
-0.8324515633285046
-0.8385847639292479
-0.8416304856073111
-0.8434443722944707
-0.844162769690156
-0.8493768991902471
-0.8573023410790483
-0.8620540779083967
-0.8663179874420166
-0.8670131091028452
-0.8802739803989729
-0.8843151877323786
-0.8851407383169446
-0.8857915980741382
-0.886356096714735
-0.8884522020816803
-0.8911662463098764
-0.8926954989631971
-0.8927049594266074
-0.8933356021131788
-0.8943979615966479
-0.8963808849453926
-0.8991294652223587
-0.902431532740593
-0.9037361492713293
-0.9040540444354216
-0.9050973922014236
-0.9083893895149231
-0.9098579159804753
-0.9103432148694992
-0.9105367141310126
-0.9152041415550879
-0.9158426349924411
-0.9220437169075012
-0.9260432168841362
-0.9273003153502941
-0.9280647209712437
-0.9308566519369682
-0.9372068466618657
-0.9457138095583234
-0.946252830060465
-0.9470609674851099
-0.9475246667861938
-0.9478131076321006
-0.9512438870966434
-0.952681191265583
-0.9639987548192342
-0.9655929423170164
-0.9714312095727239
-0.9782912928611041
-0.9784447401762009
-0.9845651015639305
-0.9884262550622225
-0.9890626621033464
-0.9910289410501718
-0.9945767410099506
-0.9985727698542177
-0.9997005671262741
-1.0006486778729595
-1.0023087083051603
-1.0043146051466465
-1.007534010335803
-1.0106916189193726
-1.0108814276754856
-1.0118057529131572
-1.0180793702602386
-1.0192561144940555
-1.020748978170256
-1.0222617149353028
-1.024685890879482
-1.0272591946025689
-1.0314603447914124
-1.0355407297611237
-1.0369948986917734
-1.0397007664044697
-1.0452252998948097
-1.0473831653594972
-1.0499750211214025
-1.067274710163474
-1.0674100816249847
-1.078123303130269
-1.0797403287142515
-1.0824817538261413
-1.0847724795341491
-1.0883124438779694
-1.0928826063871384
-1.0984101762936915
-1.0995436646044254
-1.101402262225747
-1.101720423570701
-1.1028572549112141
-1.1046343706548214
-1.1092517405748368
-1.1108640070472444
-1.11696691904217
-1.119825688501199
-1.1212521493434906
-1.122665663353271
-1.1256906352937222
-1.129359193961136
-1.1304982881993055
-1.1320436120033264
-1.1474503874778748
-1.1493973433971405
-1.149814248085022
-1.155238042275111
-1.1567128837108611
-1.1579410942892234
-1.1584939851115148
-1.158609626814723
-1.1609097893039386
-1.1610050350427628
-1.1715454757213593
-1.176587422688802
-1.1828694840272267
-1.1876578330993652
-1.1994810327887535
-1.2034016648928325
-1.2062696491678555
-1.2158053815364838
-1.2188500761985779
-1.2200587503612041
-1.226549419760704
-1.2265893518924713
-1.2300387471914291
-1.2362905316054822
-1.2365309804677964
-1.241566619702748
-1.2425639182329178
-1.254554603781019
-1.2577215433120728
-1.2670382261276245
-1.276508018374443
-1.2956992040077846
-1.3093620538711548
-1.3132071420550346
-1.3188279221455257
-1.3258816115558147
-1.3337526555572237
-1.3376050889492035
-1.3470626950263977
-1.3541604280471802
-1.3609007447957993
-1.378239929676056
-1.3803934284618922
-1.3866293895989656
-1.4417216032743454
-1.4446335788816214
-1.461125710979104
-1.4638954401016235
-1.4676177899042766
-1.4774684409300487
-1.4863450924555461
-1.532638095319271
-1.5433158489565055
-1.5517938137054443
-1.551852360367775
-1.5770807266235352
-1.5887298285961151
-1.6002718955278397
-1.601853996515274
-1.6036033630371094
-1.6086578965187073
-1.6153780659660697
-1.6311467736959457
-1.6327675382296245
-1.6621790155768394
-1.6715124361217022
-1.6772865056991577
-1.686015784740448
-1.6872947973509629
-1.6929696314036846
-1.7070534937083721
-1.7089751809835434
-1.7211632430553436
-1.7221980839967728
-1.7270907908678055
-1.729008063673973
-1.7428860366344452
-1.753921627998352
-1.7698175311088562
-1.781526803970337
-1.7867066065470378
-1.8759464174509048
-1.9967833757400513
-2.110942542552948
-2.1717555609842143
-2.1760379672050476
-2.3810140788555145
-2.41838800907135
-2.547213554382324
-2.566555976867676
-2.6926198303699493
-2.76086962223053
-2.809861183166504
-3.5343615214029946
-3.743351777394613
-11.462560653686523
-11.732338905334473
-12.609854698181152
