-0.0008230325038312003
-0.0030069215481489664
-0.003184466069797054
-0.005452641285955906
-0.013145096600055695
-0.01576798909518402
-0.016376758882567326
-0.016826367005705833
-0.019455790519714355
-0.02185178726601104
-0.023730152322968934
-0.024348861168255097
-0.03294039110187441
-0.033348884996667036
-0.038752715598093346
-0.04494091882370412
-0.05262717152945697
-0.056017161453564765
-0.0629742218099471
-0.06431154272286221
-0.06597970923030516
-0.08101523640410353
-0.08894305142328246
-0.09276435448555276
-0.09592561688332353
-0.0974033933776405
-0.10267135042678481
-0.10278878477811304
-0.10875614281462731
-0.11346123877471352
-0.12325456646067323
-0.12377096627564502
-0.1286478488012411
-0.12940388302584843
-0.13129113693867112
-0.13949182203537525
-0.1399436630494165
-0.14295594127906952
-0.1447084695095587
-0.14667934087022635
-0.15795276645157072
-0.15849538469998292
-0.15957455829023579
-0.16004048011907596
-0.16253504157066345
-0.16604827856644988
-0.16669145557814494
-0.17260944853333057
-0.17284494679915952
-0.1745606019103434
-0.17456393237322723
-0.17627181487223426
-0.1787611366837934
-0.18005646912691495
-0.18335003410466016
-0.1847327025654522
-0.18653416212847723
-0.19170587455499283
-0.19572418876487063
-0.1973611749043422
-0.19836750645663415
-0.19880444236679023
-0.2024404108503534
-0.20284834643032149
-0.20406413931050338
-0.2071338554378599
-0.21075476131712398
-0.21363599283613438
-0.2139211762855253
-0.21688435683754506
-0.22151766082970425
-0.22221108145701388
-0.22284523956477642
-0.22421769188180665
-0.22460543978959321
-0.22500545194426586
-0.22506185348611324
-0.2251953155559022
-0.22574236884975107
-0.2260297886095941
-0.22743905787003887
-0.22804478273610584
-0.22815177935990505
-0.22909937147315676
-0.23495431774790632
-0.2373229267448187
-0.2391290913025538
-0.2398231848179421
-0.24031856481087743
-0.24058311656699516
-0.241720433376031
-0.24201251690714057
-0.24255259221536107
-0.24447966100146565
-0.24463938475258015
-0.24672604788469876
-0.2484815991774667
-0.2502587264199974
-0.25031581666553393
-0.2503723960569756
-0.253566739949747
-0.25464619356384705
-0.2578591114317533
-0.25888351451563224
-0.25907841492917216
-0.2594656807195861
-0.25988314951038255
-0.25994521504850127
-0.2604302482365165
-0.2608579227235168
-0.265255629867343
-0.267178133399284
-0.2689423407719005
-0.2693889532063622
-0.2715289694239365
-0.2715457418074948
-0.27245746610686183
-0.27278048664655735
-0.2744686057724591
-0.2755709773295426
-0.2767350159767375
-0.2789808707093471
-0.2792120345143808
-0.28160420923242263
-0.28176897294421605
-0.283273291101068
-0.2861779002584323
-0.28886964158300543
-0.29034428039631166
-0.290896204780438
-0.29147922667956055
-0.2932880222797394
-0.29526704857344155
-0.29637232469394803
-0.29645048130845203
-0.2996859249126698
-0.30019391879128915
-0.3013189681389901
-0.30226672751165967
-0.30274569025884074
-0.3042730493650127
-0.30692112602991983
-0.30838868357629207
-0.3086326330659277
-0.3106074994125679
-0.3108809647840514
-0.3122599388472736
-0.31257441050755524
-0.31268900057875726
-0.31488564818405745
-0.3149765780020971
-0.31528596160933375
-0.3165015397593379
-0.31668326873805197
-0.31848804771046463
-0.3187948554665942
-0.31973871882332283
-0.32258412390947344
-0.32418324795205417
-0.32447334908595493
-0.3253625782757915
-0.32702993019322296
-0.3291201625640194
-0.32949111300562933
-0.3298257615417242
-0.33035640139605676
-0.33322344487532973
-0.33372235956592605
-0.33403297348154914
-0.33575562607230885
-0.3360242544367793
-0.3363363020390453
-0.3376165796071291
-0.338987842476854
-0.33927367812222137
-0.34057464767247436
-0.341755575244315
-0.3430881518070237
-0.34355215798415073
-0.34538316587269136
-0.3454142242269427
-0.3454698248145481
-0.34663015193966984
-0.3490363863650067
-0.3490608451189473
-0.3496556666214019
-0.3497516974806786
-0.34988292618395966
-0.3528719197104995
-0.35327373140171403
-0.3542305941530988
-0.35501336226047114
-0.3555224476834102
-0.3567830262472853
-0.35704079357027596
-0.36045679909228867
-0.36110948314389035
-0.36237128552007064
-0.3634571853559464
-0.3636935418491097
-0.364793955947971
-0.36701105249812827
-0.36710270559810204
-0.36790391684998114
-0.3679283367600874
-0.3682808614234091
-0.36973231001997947
-0.36992985020333435
-0.3714506029929099
-0.37173298047855496
-0.3719545006752014
-0.37450763499728057
-0.378971673308115
-0.3813418417237699
-0.3815195953845562
-0.38167382621239604
-0.3822213873407401
-0.38228372589483944
-0.38281724736390804
-0.383275747729931
-0.3837559917570885
-0.38666068349266425
-0.3866724794226886
-0.38867929146241903
-0.38872755271343823
-0.38875962631027505
-0.38897187839484104
-0.3901656018279027
-0.3904000219263253
-0.39058742497137344
-0.39116679031091434
-0.39207694653887304
-0.393972236087641
-0.3940573109966863
-0.39414932351190085
-0.3951003460679203
-0.3951378804205368
-0.396177273531066
-0.39670299128629266
-0.39958063659391235
-0.4034733070459749
-0.40479305235203356
-0.4052106765967827
-0.4074145943298936
-0.4078012525351369
-0.4078255653450749
-0.40793810918909945
-0.4080916338910659
-0.40884122662610023
-0.4091425017745678
-0.41026051389053464
-0.410678807950507
-0.4113300832520638
-0.4125214059693882
-0.41341222236223985
-0.41461200579619295
-0.41564730261525257
-0.4174861590921258
-0.41775710528264215
-0.41870683400754516
-0.41901052415778395
-0.4201235965076194
-0.4202200807631016
-0.4225405992081505
-0.4232399668544531
-0.42383293567679803
-0.4240839310066349
-0.42490976347835385
-0.42553344115731306
-0.42565001277253034
-0.4272688408673275
-0.4280583565332563
-0.43054470978677273
-0.43113544479274424
-0.43131322142047185
-0.4322473840526072
-0.43248911899627274
-0.43271074212073773
-0.433788080899311
-0.43495793068515404
-0.43655017657632317
-0.43686815876052215
-0.4387456877157092
-0.4390700899748481
-0.4396985779102478
-0.44295464555034414
-0.44454723138187546
-0.44501220935017044
-0.4450226134977129
-0.44721298148700345
-0.448531095295847
-0.44940025514612597
-0.44975050399807515
-0.450364313603911
-0.4518650682741561
-0.45279125341676263
-0.45290220644742746
-0.45431838624790544
-0.4548318043089239
-0.45512438064906746
-0.4555106528310312
-0.4560899543808773
-0.45633248379454017
-0.4564851882977463
-0.4595752062025265
-0.4595843936965846
-0.4602733283834368
-0.4608144458389789
-0.46081942613886895
-0.4610945071937749
-0.4622799724352912
-0.4631622957851505
-0.4632805448025465
-0.46385045702845673
-0.4648088900936879
-0.46599230729043484
-0.4662523103927794
-0.4669937038095668
-0.4670268836496234
-0.46731941926700526
-0.4689010439016035
-0.4696520631356786
-0.4716326816220923
-0.47432296350598335
-0.4747673745215353
-0.4753229874331737
-0.47704511664466864
-0.4783855339181173
-0.4798158993459462
-0.48059855096653337
-0.4806147703849193
-0.48144364123982086
-0.48469555960036814
-0.48532091650284
-0.48668516108591575
-0.4899862355280978
-0.49205275578424335
-0.4928641812875867
-0.49287501838116443
-0.4940428224702676
-0.4942121991383222
-0.49554499615042
-0.49561947397887707
-0.49571667378768325
-0.49711686707381714
-0.4976183858331448
-0.498094747250434
-0.4987171984930683
-0.5015828970613906
-0.5019092469847237
-0.5020820053493177
-0.5026148619751135
-0.5039344770193566
-0.5042427436274011
-0.5044628961011768
-0.5049636338284472
-0.505167192905598
-0.50637052860111
-0.5064305386816462
-0.5068510363011488
-0.5078303689757983
-0.509207725971161
-0.5094249487071162
-0.5097389854833155
-0.5104585695694873
-0.5106595994438976
-0.5133103516331176
-0.5152658280458127
-0.5157181509130169
-0.5184646824430578
-0.5201636680738173
-0.5201811905135401
-0.5202934330424156
-0.5205582783867916
-0.5215314200613648
-0.5231220427279671
-0.5254587834006088
-0.5292181968688965
-0.5298019350609846
-0.5301410609723202
-0.5328305502674388
-0.5329124899581075
-0.5354753048013663
-0.5368035660085297
-0.5384520198252479
-0.5402860277157743
-0.5409312246548426
-0.5411742751857673
-0.5417604177637259
-0.5428777652094141
-0.5432860714827257
-0.5437160578439943
-0.5456899395408422
-0.5502731650329744
-0.5509783207024965
-0.5516732767331026
-0.5527377823163988
-0.5532338923741398
-0.5535970901449522
-0.5541313499197713
-0.5556029658764601
-0.559897631717225
-0.5615096732217353
-0.5626197041128762
-0.565368978617092
-0.5676874360069633
-0.5705477967761302
-0.5713381818495691
-0.5716351373121142
-0.5727789397060405
-0.5742875015989739
-0.5764845717640128
-0.5765134735869651
-0.5781413856428117
-0.578187353742708
-0.5784521022578701
-0.5792752380366437
-0.5807455081585431
-0.5815510698594153
-0.5826003966503777
-0.5830644818488508
-0.5855855192445839
-0.5857507972046733
-0.5894620507024229
-0.5982098169624805
-0.599632227482895
-0.6000932925089728
-0.6003611269406974
-0.6008957249910704
-0.6028643168509007
-0.6043054430871658
-0.6046938710579914
-0.6052489007688564
-0.6135518244700506
-0.6144039996161155
-0.6154358765084503
-0.6162788221612573
-0.6170997848530533
-0.6173864953270822
-0.6204576183808967
-0.6226613939636283
-0.6227092441792289
-0.6237445261795074
-0.6241990248132164
-0.6245151469483972
-0.6264314155559987
-0.6284700294490904
-0.6287252492426584
-0.6324601363012334
-0.634190179456103
-0.635934503613195
-0.6411255371931475
-0.6458395515510347
-0.648265325869683
-0.6487301008310169
-0.6497736807380404
-0.6500885362795088
-0.6537815554377934
-0.6550895738311939
-0.6559032239685101
-0.6564747464377433
-0.6569303917931393
-0.6598813105067367
-0.6606786286538409
-0.6610664592798068
-0.6627143095975043
-0.6663770423620008
-0.6678740573780877
-0.6757034136292835
-0.6763325456662902
-0.6808119127817918
-0.6809657592311851
-0.6823906154518227
-0.6854403902377401
-0.685760154455368
-0.6865235765775045
-0.6871681637421716
-0.6888025218213443
-0.6906570657471699
-0.6922054081805982
-0.6925575322626779
-0.6927716048667207
-0.6930346210331967
-0.6944582561651865
-0.6948988070711494
-0.6967765805976731
-0.6969276714759568
-0.6983589395676972
-0.6985831109098702
-0.6999346494674683
-0.6999937006168895
-0.7003985143904478
-0.705083171526591
-0.7056797473691404
-0.7074165496526673
-0.7121250147192768
-0.7127948999404907
-0.7136858520098031
-0.7175751729555486
-0.7215018044128859
-0.7248204753601125
-0.7266635615523488
-0.7274905381724238
-0.7284680704275767
-0.731278270483017
-0.7320021815598011
-0.7327290600431817
-0.7348150968551636
-0.7377253200102132
-0.7401958396658301
-0.7411524927825667
-0.7434690803289413
-0.7435414996774247
-0.7442806415259838
-0.7461096473437335
-0.7480795333782831
-0.7496541766449809
-0.7532050959765911
-0.7557500478412423
-0.7562097255140543
-0.7593467895465438
-0.7607386410760227
-0.765917039476335
-0.768509241938591
-0.769654056429863
-0.7709031767735723
-0.7732977708801627
-0.7736173556962361
-0.7740656961880935
-0.7756452314555645
-0.7757992913786438
-0.7761422423645854
-0.7777463473778751
-0.7782094026915729
-0.778691957394282
-0.7791428063064814
-0.7797366253965136
-0.7799602448940277
-0.7808338085189461
-0.7808812469244003
-0.7833661074750126
-0.7833837065587027
-0.7837860276922584
-0.7840317326287428
-0.7842878733839219
-0.7848519658048948
-0.7885829520722231
-0.7896729417552706
-0.7951140851218952
-0.7956075809015601
-0.7985658602944264
-0.7991185553371907
-0.799556907825172
-0.8034763932228088
-0.8060227688401937
-0.8062721458729356
-0.8067897955576578
-0.8094283111568075
-0.8098699569569102
-0.8114501722157001
-0.8133417367935181
-0.8142790496349335
-0.8151745503758624
-0.8162298907506434
-0.821373107843101
-0.829353604465723
-0.830818255742391
-0.8313602336815425
-0.8313698144629598
-0.8365439772605896
-0.8404524314350316
-0.8411397916788701
-0.8449244676157832
-0.8465580668780603
-0.8487043186323717
-0.8509151479229331
-0.8531633946840884
-0.8561090315961337
-0.8586244732141495
-0.8588620189730136
-0.8647627058671787
-0.8650229148566723
-0.8681136891245842
-0.8684661677107215
-0.8703247983939946
-0.8707387601956725
-0.8758224241435528
-0.8776171608561916
-0.8784526998739844
-0.8805058986472432
-0.8823501985520125
-0.8823651797429193
-0.8830982968211174
-0.8879092037677765
-0.8918105696114557
-0.8941443219780922
-0.8990278949010341
-0.8995023209135979
-0.8999447170644999
-0.9016643663868308
-0.9027480014289418
-0.9040844679111615
-0.904721220334371
-0.9073610951503118
-0.9076939895749092
-0.9081233505159616
-0.9094639271497726
-0.9097003568895161
-0.9112514689564705
-0.9119748841039836
-0.9168922174460021
-0.9174926678727692
-0.9189576944336295
-0.9194134871164957
-0.9211339950561523
-0.923642973570774
-0.9276143732713535
-0.9342696696519852
-0.9361631646752357
-0.9381683025509119
-0.9385854608844966
-0.9447464148203532
-0.9497601851820946
-0.9586337248846475
-0.9608533754944801
-0.9714700351760257
-0.9739725023197631
-0.9790240145288408
-0.9827153566875495
-0.98495381573836
-0.989392101764679
-0.9896947854043295
-0.994565679813968
-0.9952261254191399
-0.9952715778102478
-0.9961222878671834
-0.9987478685798123
-1.0068416148424149
-1.0087818331376184
-1.0116801027208566
-1.011861664056778
-1.012798348069191
-1.0150225191997986
-1.016161896340782
-1.0178220900706947
-1.0189786688017193
-1.0202579654287547
-1.0254695042967796
-1.0275029614567757
-1.0355993310610454
-1.0367183327674865
-1.0368142679023247
-1.0401020447413127
-1.0407047719927505
-1.0475726285483689
-1.0483700688152264
-1.050679075717926
-1.067077195815121
-1.068882944683234
-1.0753304362297058
-1.0805887629588444
-1.0828649843703413
-1.0832440524245612
-1.1016229870729148
-1.1057738097326364
-1.106886721024057
-1.107455448557933
-1.1102485791003953
-1.1106191861908883
-1.1148891355842352
-1.1166634291410447
-1.117431924736593
-1.1213837911685307
-1.122164915005366
-1.129218599293381
-1.1405185160692781
-1.1408335834741592
-1.1418308950960636
-1.1459627456594415
-1.1512057445943356
-1.1588612558378373
-1.1706283489863079
-1.1732016696284215
-1.1735802174856265
-1.1750122904777527
-1.1815154298092239
-1.1820832728408277
-1.1838605105876923
-1.1841805179913838
-1.187337726354599
-1.1995344992416601
-1.2053723434607189
-1.2133013978600502
-1.214481966337189
-1.2151201711967587
-1.2175737246870995
-1.2205878488603048
-1.239906479914983
-1.2432646751403809
-1.2462212853133678
-1.2485215663909912
-1.2518831027759005
-1.252575347200036
-1.2559005618095398
-1.2629509344696999
-1.2638826874317601
-1.2700455393642187
-1.2752743810415268
-1.2766408361494541
-1.278045257460326
-1.284913009032607
-1.2864495292305946
-1.2880707830190659
-1.3072906137444078
-1.3088994650170207
-1.3117980137467384
-1.3175095953047276
-1.3184359949082136
-1.358694174947838
-1.367743476293981
-1.3744315306345622
-1.3774120608965557
-1.3868621587753296
-1.397927399724722
-1.414682609339555
-1.4189218193292619
-1.420963391661644
-1.426197258134683
-1.4428290153543155
-1.4606842435896397
-1.4659076631069183
-1.487742155790329
-1.4956612984339397
-1.5185998678207397
-1.5199524958928425
-1.5346209183335304
-1.5467919963411987
-1.5489144523938496
-1.5576864903171856
-1.5727892716725667
-1.5743366479873657
-1.5847880244255066
-1.605501159094274
-1.6178261786699295
-1.6309582276735455
-1.6371136754751205
-1.6387877464294434
-1.6574093773961067
-1.6780768806735675
-1.6833460163325071
-1.6938633425161242
-1.7084096744656563
-1.730138076169169
-1.750371035624994
-1.7554450035095215
-1.756368428779145
-1.765219224316752
-1.7743390798568726
-1.8148624300956726
-1.8812625408172607
-1.8829021118581295
-1.9006449206887435
-1.9032544555763404
-1.9222339391708374
-1.9698917411733419
-1.9702146891504526
-1.9781926298358787
-1.9794454701968789
-2.0263455534198633
-2.0457055270671844
-2.0844509974122047
-2.094800364226103
-2.09669009099404
-2.0988584458827972
-2.1326108872890472
-2.134331025183201
-2.1422014390991535
-2.14888072013855
-2.1544401943683624
-2.1777139677433297
-2.2018327713012695
-2.2207138538360596
-2.2741691172122955
-2.2982418909668922
-2.308291606605053
-2.3366605639457703
-2.339296743273735
-2.340531475841999
-2.355532957124524
-2.3887038826942444
-2.4029059410095215
-2.4241300597786903
-2.448676586151123
-2.526203453540802
-2.5749058723449707
-2.5907921195030212
-2.597101613879204
-2.6291091825114563
-2.649832833558321
-2.6893237195909023
-2.695199780166149
-2.714702018609387
-2.773007869720459
-2.7875605896115303
-2.7939988374710083
-2.939025342464447
-2.9934212823864073
-3.0427749156951904
-3.0464607775211334
-3.0498465299606323
-3.0903897285461426
-3.0964635759592056
-3.173335552215576
-3.210155963897705
-3.237889423078741
-3.258354663848877
-3.261756420135498
-3.3139627358614234
-3.3352904617786407
-3.3402650356292725
-3.381484217941761
-3.383372563373996
-3.3997212648391724
-3.51613187789917
-3.6046957969665527
-3.6178011493757367
-3.7766041873255745
-3.793390621431172
-4.157022535800934
-5.038043588399887
-5.185959696769714
-5.696843147277832
-6.038374423980713
-6.534894943237305
-6.712131500244141
-7.002187252044678
-7.818742275238037
-8.075414657592773
-8.624967575073242
