-0.0011059267271775752
-0.004020446562208235
-0.004595290869474411
-0.012819496099837124
-0.013353610411286354
-0.019076223271743704
-0.021786492550745606
-0.03566197620239109
-0.049845305271446705
-0.05389042447010676
-0.0649849194684066
-0.08381623026798479
-0.08738562393700704
-0.10297532548429444
-0.11220723246224225
-0.11743276855850127
-0.12115667786242233
-0.14147240006261402
-0.15455944137647748
-0.16437312002381077
-0.16524171902953336
-0.16869387900320967
-0.17665181390475482
-0.1778719616762828
-0.1788347111820864
-0.18365070187974197
-0.18821431281094192
-0.18985481786876335
-0.19458824223838747
-0.19624465017113835
-0.198527837005843
-0.20640695956535637
-0.21369349557789974
-0.23283058868643516
-0.2333591781789437
-0.2363832176550724
-0.2386669535189867
-0.24069819482974708
-0.24404824106022716
-0.2490377396461554
-0.25293377145296997
-0.26239841791102664
-0.2628950217505917
-0.2639519509510137
-0.2667809870567751
-0.26681785787877743
-0.2688199395218232
-0.27233450057428854
-0.27573889531872975
-0.2773940909288025
-0.2832843953122695
-0.2834485836792737
-0.2836362512764306
-0.2839110951026669
-0.28565842382765066
-0.2892819774500822
-0.29110368889329646
-0.2923537409268857
-0.2925310613354668
-0.2935181543892083
-0.2968957104254514
-0.29843256672029383
-0.29954445130812624
-0.3001973327016458
-0.30354299561844933
-0.30390768218785524
-0.30418014293536544
-0.3043776625778437
-0.30561972345458344
-0.3063335289979087
-0.30757517826044933
-0.30775969811252757
-0.3082040656390118
-0.3091759149781865
-0.3112543976167217
-0.3127328012138605
-0.3201332746510161
-0.3203204500325093
-0.32659527164893615
-0.32694679244714614
-0.32745966611574184
-0.3277563429437578
-0.32835083189099257
-0.3285746268299408
-0.3288115356117487
-0.33135072933509946
-0.33155887044683496
-0.3327675741864368
-0.33276932121952996
-0.3350038763681619
-0.3352911947265966
-0.3357543875130692
-0.3395013663775899
-0.3415943100893249
-0.3428790024164217
-0.3436484932899475
-0.3443497915792724
-0.3452713437039744
-0.3455874438863248
-0.34566214415826835
-0.34585612507200697
-0.3488791900066038
-0.3491115995508153
-0.35002779267753276
-0.3504229915182805
-0.3511460854705157
-0.35156780345211947
-0.3539330825313098
-0.35407465955035555
-0.35415374631993474
-0.35561450059847427
-0.3566138125956059
-0.35874454904761577
-0.35914547653429996
-0.3621154089269112
-0.3629176936271754
-0.36334840553754477
-0.3639345977413045
-0.36439971351646816
-0.3654520200681873
-0.3662361023016274
-0.3669783874065615
-0.3670429822523147
-0.3681938416723694
-0.36949321349883185
-0.3720389073049383
-0.37239564068152936
-0.3731486686671045
-0.37459208336284583
-0.37521281062035994
-0.37539096020627766
-0.3757601691264426
-0.3764457344310358
-0.3772469951460759
-0.3786428620288562
-0.3788063195954439
-0.3799713090294972
-0.3804979544715025
-0.3807023244802482
-0.38142605340108277
-0.383165585743532
-0.3833101274953647
-0.38529152555856855
-0.3857079720448541
-0.38682646567920326
-0.3873089914554536
-0.38884378332295455
-0.3893018488927434
-0.3908045390508724
-0.39111627374586533
-0.3919067566981539
-0.3935433485959139
-0.39558388698787894
-0.396156021563981
-0.39637724608182906
-0.3964483970339643
-0.39927227518014013
-0.4004335465120116
-0.40258077391061103
-0.4030346538250645
-0.4030596305803758
-0.4049855298880074
-0.4067908517447197
-0.40785365507883187
-0.407882350815473
-0.40810413596530754
-0.40884369243319857
-0.41238835836103294
-0.412982772057876
-0.4132748370369275
-0.41350983730517327
-0.4137816458177339
-0.41421807264422944
-0.41508803276034695
-0.4154505274168009
-0.41565816026801866
-0.4179452867247164
-0.41808399771980476
-0.4183807424885933
-0.41959722205077316
-0.4197723402599381
-0.4211360846657044
-0.4239114000927657
-0.42545307659828624
-0.426464281976223
-0.42674336491618303
-0.427320596433544
-0.4274682342656888
-0.42894037668075824
-0.42928177632129516
-0.4308858205165182
-0.43133738466297344
-0.4328443285659887
-0.43329101356423716
-0.43352849131527665
-0.433646726917726
-0.4344789595363961
-0.4353306628340347
-0.43692749249748886
-0.43856374892638994
-0.4387700407241937
-0.43926524883136153
-0.4399334292858839
-0.44093676075863186
-0.4436288881633017
-0.44589785630826856
-0.44793388614198193
-0.44918702130154187
-0.4498789816150545
-0.4512636936851777
-0.45191056506941096
-0.45192876069340854
-0.4520073753548786
-0.4546270963523966
-0.45534318809384583
-0.45720202637104584
-0.46306356624024503
-0.46528754887985996
-0.4657208071555942
-0.46756945973417413
-0.46980309067294
-0.4713440950790755
-0.47206293350318446
-0.4723871959577082
-0.47300687149072473
-0.4741584594464964
-0.4742760894994717
-0.4753658956149593
-0.4767948864415909
-0.4770261972298613
-0.47704394720494747
-0.4771745211005004
-0.4797380270974827
-0.4804342036601156
-0.4813283027833677
-0.48562262175255455
-0.4866731226502452
-0.48713222876823337
-0.48857236608940485
-0.48870199887314814
-0.4910671399640186
-0.49114863127470015
-0.493815456982702
-0.49605149583658203
-0.4962050825357437
-0.4974624495698663
-0.4992486502742395
-0.500121864490211
-0.5009461914499601
-0.5019195370453721
-0.50210507905909
-0.5042753446058441
-0.5045153092360124
-0.5047962361597456
-0.5058867731334075
-0.5081055971968453
-0.5095691333678717
-0.5103912866829584
-0.5124371505818479
-0.5153722510273967
-0.5167912853560809
-0.517263921443373
-0.5175436880032066
-0.5189858662107816
-0.5191078567586374
-0.52062815647029
-0.5227127202476064
-0.5245736108045094
-0.5259315713192336
-0.5260652425058652
-0.527887139726469
-0.5294728372246027
-0.529810349276886
-0.5348204761045053
-0.5373677614843473
-0.5397311314940453
-0.5401875682578066
-0.5413133917293939
-0.5428101305741231
-0.5437590617511887
-0.5449685820401646
-0.5478051383164712
-0.5492030118884941
-0.5497178556630388
-0.5502030465751886
-0.5587995156645775
-0.5598379988223314
-0.560502436326351
-0.5610104331281036
-0.562749801814789
-0.5643655555089936
-0.5643888322899459
-0.5669820119759866
-0.5676769828423858
-0.569325190076294
-0.5703331452179035
-0.5710320565849543
-0.5721527037776468
-0.5740626341663301
-0.574344701890368
-0.576620573643595
-0.5775607623159885
-0.5778620009310543
-0.5779597258428112
-0.5788718136493116
-0.5792923935999473
-0.5794860721071018
-0.5802401818544604
-0.5830265706637874
-0.5838800538185751
-0.583994811939192
-0.5849149799912539
-0.5851735137403011
-0.5872866563085053
-0.5873664688842837
-0.588581211795099
-0.5903996422679888
-0.5909137089256546
-0.5957910549419466
-0.5959622666112929
-0.5977765043110898
-0.5988007789848779
-0.5991936403055055
-0.5994510098462342
-0.6040596336630794
-0.6050045652518747
-0.6065678466111422
-0.607627944943791
-0.6112375600787345
-0.6161821198242251
-0.6163731538981665
-0.6176431099551597
-0.6220008755723635
-0.6233446697006002
-0.6243305948082707
-0.6256568274596551
-0.6260289564728737
-0.6286655890289694
-0.6335833236575127
-0.6344549395143986
-0.6395275777438656
-0.6400553626525733
-0.6413970209865106
-0.644504282635171
-0.6460708355797189
-0.6479731374290876
-0.6490741480592988
-0.6494843093169038
-0.6512047052383423
-0.6615250990143977
-0.662886216188781
-0.6668348172679543
-0.6698639198605504
-0.6702350100094918
-0.6726095763234687
-0.6747704185545444
-0.6803071472354026
-0.6853917331567833
-0.6924568680115044
-0.6953830540180206
-0.7065313795007698
-0.7082267113354257
-0.708802763838321
-0.7100111241119781
-0.7133825421333313
-0.7152781224343926
-0.719882055444436
-0.7231290086383524
-0.7233254848979414
-0.7260988354682922
-0.7273549350599448
-0.7332017481792719
-0.7347090635448694
-0.7387869607856763
-0.7392657533288002
-0.7416396995075047
-0.7461613433901221
-0.7471554741302194
-0.7507192414304882
-0.7540312707424164
-0.766776016408888
-0.7687798047903925
-0.7690714327285865
-0.7820198496005365
-0.7821547985534251
-0.7834875771543011
-0.7861043012700974
-0.7891954015358351
-0.791240121233083
-0.7954285295854788
-0.7983276273922196
-0.8005974590778351
-0.8013959337646762
-0.8083645366132259
-0.813128089266164
-0.8271886830218136
-0.8306042950716801
-0.8326537490138435
-0.8373268962771233
-0.8413114671595394
-0.8440119978040457
-0.8718945453874767
-0.8827369804494083
-0.8893917202949524
-0.899584344306883
-0.9110005413531326
-0.9143183422274888
-0.9163522238571508
-0.9203375287470408
-0.922754842787981
-0.9284144515792528
-0.9333473928272724
-0.944264928996563
-0.9468512830457517
-0.949698220672352
-0.9518088251759764
-0.9570324797532521
-0.9625592278316617
-0.9640047708526254
-0.9856555017807599
-0.9862033223034814
-0.9952006364862124
-0.9961102176457644
-0.9982743958632151
-1.0025726687163115
-1.0318179003661498
-1.0332232552270095
-1.0451022054068744
-1.0481580542691518
-1.0556440527240436
-1.0628991025616414
-1.0668303221464157
-1.0824684287421404
-1.0908720294634502
-1.0931920246221125
-1.1090259696356952
-1.1116974254449208
-1.1228569112718105
-1.1250072481731574
-1.1532974180525344
-1.1562035664295156
-1.1650004436572392
-1.1705958826545004
-1.172480046749115
-1.1855155068139236
-1.2070249802394148
-1.2265875140825908
-1.2367023956030607
-1.2397873997688293
-1.2398216961526487
-1.2751020775176585
-1.284051253926009
-1.2897002324461937
-1.301749861217104
-1.308655932545662
-1.3116470567067153
-1.3436834868043661
-1.3786493260413408
-1.3942033685743809
-1.4129362022737042
-1.432148664665874
-1.4498748071491718
-1.4616716355085373
-1.4715360699628945
-1.4835793413221836
-1.522305700307091
-1.5293723039940232
-1.5312738004140556
-1.555674414295936
-1.5875387210398912
-1.6072501121088862
-1.6223950237035751
-1.6475291829556227
-1.6684366359841079
-1.6754513094201684
-1.6756156912694375
-1.7228716384197469
-1.724539379181806
-1.7521660327911377
-1.767651661299169
-1.8590268208063208
-1.8606423735618591
-1.9401759080938064
-1.9479704201221466
-1.9481501050759107
-1.9586054049432278
-1.9779549837112427
-1.9866976737976074
-1.9914319813251495
-2.0235859490931034
-2.067934266078131
-2.0696154832839966
-2.083966374397278
-2.0995480716228485
-2.1073286831378937
-2.1241357624530792
-2.1588184535503387
-2.1686691318949065
-2.1797321209063134
-2.2254587188363075
-2.256011066492647
-2.291008420754224
-2.326326608657837
-2.376893119634284
-2.37703769254343
-2.3902622361977897
-2.434796057350468
-2.4447251558303833
-2.448771456916196
-2.4786877632141113
-2.584347940981388
-2.5959031055681407
-2.6129719218006358
-2.6488745417833948
-2.6855211830697954
-2.723761260509491
-2.7662878930568695
-2.789216657518409
-2.8115460285916924
-2.8706139989662915
-2.8824932472780347
-2.8917847871780396
-3.020237624645233
-3.1679532130559287
-3.2053554265294224
-3.2807998219504952
-3.573549270629883
-3.907279431265124
-4.369137912988663
-4.389586104749469
-4.6157882908980055
-4.976626054383814
-5.517460823059082
-6.128141641616821
-6.152064919471741
-6.300169587135315
-7.3655301332473755
-7.656557083129883
-9.115676879882812
-9.13697338104248
