-7.521823135903105e-05
-0.07048267622788747
-0.14247102606653547
-0.14998290460789576
-0.20954183023422956
-0.2358321389183402
-0.2579929880797863
-0.26258395177622634
-0.27223925585349207
-0.2818943157649806
-0.2907851096242666
-0.3130737273488194
-0.3145964477832119
-0.31795181799679995
-0.3190095104277134
-0.3248931318667019
-0.3323691469413461
-0.33463580658038455
-0.3419732787515386
-0.34306240314617753
-0.34389534820285106
-0.3440580758615397
-0.3445760125759989
-0.3481011899809043
-0.3500234720762819
-0.35432638563932933
-0.3616095222144698
-0.36470707980915906
-0.36925081065419363
-0.3741125804039517
-0.3831941578703533
-0.383882657205686
-0.3996510048164055
-0.3996533581780063
-0.4009958254900994
-0.4016212959541008
-0.4030255836745103
-0.4089557234037784
-0.4104492186258237
-0.41053412442228626
-0.41080543475109155
-0.41159474179148675
-0.4125307537615299
-0.4175641220062971
-0.42046879429835826
-0.4207052835263312
-0.4254621907370165
-0.4266225869780303
-0.43748391419649124
-0.43944928038399667
-0.4396053281845525
-0.43980968918913277
-0.440049251052551
-0.4411969777138438
-0.441458095330745
-0.44153243853361346
-0.44535715176191715
-0.4503848624105255
-0.4517723123232524
-0.45593374969030265
-0.4597034095121281
-0.45971770791543853
-0.4613582044985378
-0.4672188237309456
-0.4707033667596079
-0.4710125807207078
-0.47125155818648634
-0.47392933760097045
-0.47531459580123836
-0.47608695898670705
-0.4774925996971433
-0.47988777627728674
-0.480004871600411
-0.48075349239580745
-0.48204232128337027
-0.4824958946555853
-0.4850178846390918
-0.4879732618690468
-0.49282644073052023
-0.4957241588737816
-0.4965602876036428
-0.49988719436805695
-0.4999416485894471
-0.5026055065294107
-0.5029741625492332
-0.5040740479016677
-0.504429719943021
-0.506746456027031
-0.5070225702864783
-0.5090710642592361
-0.5090826176520851
-0.5098108221362863
-0.5162443228405209
-0.5163244288544067
-0.5165842482092557
-0.5207875940120883
-0.5208885540487245
-0.5209369648480788
-0.5218364890664816
-0.5238132234662771
-0.5260591784026474
-0.5269891029844681
-0.5298112826421857
-0.5301792974522479
-0.5323137636619827
-0.5351265830395278
-0.5354485413208749
-0.5357356254942716
-0.5399286617757753
-0.5402309144940227
-0.5415229854406789
-0.5420471622375771
-0.5426261865301057
-0.5437861023470759
-0.5440515477582812
-0.5443381906952709
-0.5449487684915463
-0.54664389929967
-0.5479654641988289
-0.5484293475747108
-0.5506114863923618
-0.552566847205162
-0.5536616872304876
-0.5536891631127219
-0.5559242595219984
-0.5602040562778712
-0.5612499846155634
-0.5616420158961167
-0.5680218666966539
-0.5695362701881095
-0.5699142905144375
-0.5707242970820516
-0.5738702964865499
-0.5753977933200076
-0.5773821834474802
-0.5792031735181808
-0.580068800332659
-0.5806165875867009
-0.5823082475457341
-0.5833243710092373
-0.5847714992041801
-0.5851337367461787
-0.5882398193630665
-0.5883877450134605
-0.5885814686577456
-0.588745855895633
-0.5894875722704456
-0.5913909387891181
-0.5930693784235593
-0.5933596639661118
-0.5941300554467099
-0.5963425188092515
-0.5967673596959295
-0.5971166729513142
-0.5976879820227623
-0.5999128456330962
-0.5999851655215025
-0.6057827426120639
-0.6069392589658188
-0.6081092917524716
-0.6081481589313956
-0.6084226015622595
-0.6116522264783271
-0.6122655816468424
-0.6137548051774502
-0.6152589858116698
-0.6197337787598372
-0.6225662933041652
-0.6230973925973687
-0.6249071393685881
-0.6267933102531565
-0.6271767217031083
-0.6276086545031931
-0.6277947889586144
-0.6279835184104741
-0.6283836621791125
-0.6325245322659612
-0.6327281312987907
-0.634589299981836
-0.6356300640784737
-0.6364814853295684
-0.6368870569373636
-0.6389438740516198
-0.6410765257314779
-0.6434082495979965
-0.6435812646057457
-0.6466432003913464
-0.6468448355934181
-0.6472365870153722
-0.6473435630535029
-0.647870863477389
-0.6482780855823456
-0.6486828004763083
-0.6496774666375131
-0.6537990804645233
-0.6556036994792521
-0.6561537957168184
-0.6577366689840952
-0.6595167231965152
-0.6620080103589729
-0.6620086576929846
-0.6633323898745908
-0.6649051874876022
-0.6690140515565872
-0.6700612269341946
-0.6710636325660744
-0.6757586704833167
-0.678034009411931
-0.6791120500376564
-0.6802735365927219
-0.6821027339932958
-0.6833057137278956
-0.683975039822144
-0.6842370843126749
-0.6868013449013233
-0.6872816123068333
-0.6886813358297121
-0.6900318103158497
-0.6957490046819051
-0.695939112106862
-0.6967279803163061
-0.6996955524198711
-0.7017592126004664
-0.7020458728075027
-0.7028299570083618
-0.7032992100440814
-0.7041223925272269
-0.7059236438944936
-0.7065790705382824
-0.7091556936647976
-0.7120877915527671
-0.7136778527405113
-0.7198310295740763
-0.7223225256893784
-0.7249856584757153
-0.728817438085874
-0.730717288737651
-0.7313338954829507
-0.733555602079529
-0.7345007945384298
-0.7400911004386015
-0.7434596742192904
-0.7443670661499103
-0.7448600249675413
-0.7469524554908276
-0.7485726162791252
-0.7501079869855728
-0.7537234034389257
-0.7544066607952118
-0.7553619352919567
-0.7553890338468622
-0.7565421710411707
-0.7567206262751354
-0.7586001024950141
-0.7589737347363832
-0.7609498986974359
-0.7614896979001868
-0.7632403316943405
-0.7644029475411336
-0.7651448704923193
-0.7655546313949994
-0.7703759536423065
-0.7710884108673781
-0.7725597446309015
-0.7726078496780246
-0.7783973421901464
-0.7800664006218571
-0.7812191726018985
-0.784066803008318
-0.7850358093613371
-0.7900607042014599
-0.7903619958577972
-0.7946213043511047
-0.7968784712720662
-0.7970421832839125
-0.7973896194404612
-0.8024513131316305
-0.8093105941079557
-0.8099899841472507
-0.8102321156766266
-0.812453283679982
-0.8128794751901296
-0.8141848735976964
-0.8144524752592238
-0.8165965377508352
-0.8171946546984449
-0.8172474064553777
-0.8173888283781707
-0.8181407898664474
-0.824844069995379
-0.8288784688338637
-0.83188336280485
-0.8383399101772478
-0.8392110268274943
-0.8403624237204591
-0.8435063000302762
-0.8455644332700305
-0.8460343485629117
-0.8476832257928671
-0.848635471948565
-0.8509720338042825
-0.8536530315876008
-0.8544987916414227
-0.855265073422545
-0.8552755621661033
-0.8619507189368261
-0.864339824882336
-0.8643470500354413
-0.8658120391424745
-0.8659420904545047
-0.8679406986249467
-0.8762285370113594
-0.8784515813976113
-0.8833316884774831
-0.8897712280973792
-0.8925188095050139
-0.893714657239616
-0.8943184545194661
-0.8986231414601207
-0.8988056431214014
-0.9010449318913742
-0.9020057966311773
-0.9030530832707881
-0.9054858013114426
-0.906320379814133
-0.908892194341336
-0.9117426298558712
-0.9211128523041096
-0.9307485970740135
-0.9365395219938364
-0.9399802088737488
-0.940424915519543
-0.9413745017178977
-0.9463404891546816
-0.9485032684904965
-0.9546296187691041
-0.956732100341469
-0.9575508020818233
-0.9602677447133159
-0.9602850200608373
-0.962508137932875
-0.9628508299589157
-0.9663038994767703
-0.9676091542157034
-0.9688751896222433
-0.9701661626300351
-0.9748458082322031
-0.9825167829636484
-0.9837396293878555
-0.9886759407394989
-0.9914137522379557
-0.991775525901984
-0.9958154495314895
-0.9966116551500321
-0.9979445440775534
-1.0016825050115585
-1.0040168762207031
-1.0074064800050109
-1.0091398238603557
-1.0101973434599738
-1.015085220336914
-1.0172831217447917
-1.0184969663619996
-1.0323094930499792
-1.0351029464509338
-1.0363140208646655
-1.0424386858940125
-1.0488033493359883
-1.0502089554909617
-1.051189512014389
-1.0524015010090633
-1.0541486194623368
-1.0617909632338625
-1.062286615371704
-1.0739035320556944
-1.074817805067869
-1.0773446410894394
-1.0879912175238133
-1.088988214218989
-1.0922039858996868
-1.0961200998475154
-1.0972453583445814
-1.097647891189101
-1.1029465168961905
-1.1218352536670864
-1.128612728441658
-1.1341250408570178
-1.1393538415431976
-1.1397965850774199
-1.142439851909876
-1.1479713536798954
-1.1482837692907197
-1.1555603674267851
-1.1576812246348709
-1.1591943407741685
-1.1623690128326416
-1.162455997296742
-1.1640016325764009
-1.1652985515538603
-1.1766759689406692
-1.179065233154688
-1.180766347700329
-1.1852940910030156
-1.186197315737243
-1.1865175750572234
-1.1887745298445225
-1.1933641376454034
-1.1971269532223232
-1.216087228929003
-1.2378448359668255
-1.2395820072140649
-1.2417658604681492
-1.2442230112850665
-1.254373013973236
-1.2754328224275793
-1.277428038418293
-1.2809045563141506
-1.2857257130090147
-1.2925312668085098
-1.294251228372256
-1.306702545285225
-1.3131084237247705
-1.3158081701611601
-1.316675317440448
-1.3262384600368224
-1.3354972712695599
-1.3560117157176137
-1.3630259037017822
-1.379228717337052
-1.3834506496787071
-1.418235745280981
-1.4230496287345886
-1.4250797666609287
-1.4368753818174202
-1.4387270510196686
-1.4430897030979395
-1.4583011468251545
-1.458989704400301
-1.4739945109933614
-1.4803934058540367
-1.496497889359792
-1.5044461314876874
-1.525464551600938
-1.542343595996499
-1.5505263600498438
-1.5580757952162199
-1.564246952533722
-1.6100601430017767
-1.6276901811361313
-1.6293700536092122
-1.650382817855903
-1.654082298810993
-1.6826608199626207
-1.6877467036247253
-1.69154691696167
-1.711388472467661
-1.715509102812835
-1.740963414311409
-1.74299655854702
-1.7528046572891374
-1.7606370449066162
-1.8168684542179108
-1.8268845776716869
-1.828797310590744
-1.8348617851734161
-1.8663258701562881
-1.8672853708267212
-1.8742429316043854
-1.944072961807251
-1.945681631565094
-2.0304346680641174
-2.065200388431549
-2.082223117351532
-2.0848782248795033
-2.144063822925091
-2.1617995069827884
-2.209121640538797
-2.2642975747585297
-2.3051210244496665
-2.3060944040771574
-2.3218514025211334
-2.5023491978645325
-2.543335529975593
-2.569537401199341
-3.0159098505973816
-3.0679564987658523
-3.109175557619892
-3.447542428970337
-3.5906163454055786
-3.803429126739502
-3.8293094635009766
-3.973666548728943
-4.2145549058914185
-4.275702476501465
-4.296652674674988
-11.266139030456543
-14.762345314025879
-15.281184196472168
