-0.0005096716246650127
-0.004854450678976718
-0.01507039088755846
-0.027199661355098215
-0.0559645458755161
-0.06375280364146521
-0.06480849906802177
-0.07050858106036426
-0.08856016397476196
-0.09641582915262059
-0.1027755131945014
-0.10768126444807942
-0.11116083771921695
-0.11315132695017383
-0.11349715236550158
-0.11757055840492588
-0.12221383537626421
-0.12546526759009188
-0.12655323420646405
-0.1290583182643685
-0.12964101135730743
-0.1303392523728285
-0.1365416059270501
-0.13790357982118925
-0.13948408788253022
-0.14131069194772863
-0.14143107906524424
-0.14534890498382286
-0.15156061004381627
-0.1520329140359536
-0.1589149116496426
-0.16065507733655976
-0.16156143309651977
-0.16218019196530803
-0.16830566135467961
-0.16892225165441954
-0.1699622925273919
-0.1723637553586741
-0.17871249589474505
-0.1793556817810268
-0.18151746201716984
-0.18151778110768646
-0.18264073443216539
-0.19185272622313018
-0.19565293349296553
-0.1969734135818726
-0.19970154356997227
-0.2013826225544714
-0.2020961236293343
-0.20269639374843487
-0.20289744726615028
-0.20386435145745055
-0.2041909192223102
-0.2053906467432777
-0.20687981112595563
-0.20732385959709063
-0.2079996825341368
-0.20919615246414955
-0.21222287065320417
-0.21350273839198053
-0.21490983869171032
-0.21607986993913422
-0.2160914047105637
-0.21630384700838476
-0.21797302969415405
-0.21950766137753683
-0.22208157356586666
-0.22322749279340282
-0.22378999663245244
-0.22402746738516727
-0.2252718778961872
-0.2259081514494028
-0.22630628909973893
-0.2280577577455915
-0.22846518873605723
-0.22956052357457177
-0.23040423551719869
-0.23048827031743713
-0.23127021752588917
-0.2327235419383774
-0.2367477615341119
-0.23706148813168207
-0.23902484739872826
-0.23927020699864862
-0.23934910764676584
-0.2402585531266308
-0.2406329350778833
-0.2410811357476632
-0.24224952746702072
-0.24256079910680775
-0.2425701835541986
-0.24288450786480098
-0.24311409315365987
-0.24516336406789682
-0.24548726430041895
-0.24577780226108564
-0.24698305881449617
-0.24821151005675174
-0.24830851109332538
-0.24927240129793063
-0.24948186145200835
-0.24999046262382763
-0.25056832802615
-0.2519537074258551
-0.2522068009171302
-0.25419764281832613
-0.2549355244139276
-0.2550287007138
-0.25592410068843996
-0.25663738331524655
-0.25664360238969774
-0.25788485072753875
-0.25895597245544194
-0.25942210462212995
-0.260368465549416
-0.2606688652376761
-0.26079266431689674
-0.2616846499586245
-0.263996394793503
-0.26425253802881343
-0.2653234185542845
-0.2679464130057816
-0.2687513419521565
-0.26913902393425815
-0.27060389259297934
-0.270643829567624
-0.27079261187464
-0.2709368967161936
-0.2727715809669462
-0.27357838013105923
-0.2744082444488803
-0.27496197186410426
-0.27705533249328645
-0.277605750227979
-0.2798084890306927
-0.2824424776436689
-0.28296460376753074
-0.28362478522996587
-0.2838302737128778
-0.2840619236204392
-0.2853723644673462
-0.28658870165042266
-0.28713421093282077
-0.2885337898042053
-0.2887613162602065
-0.2894493459843943
-0.2902414696339595
-0.29041235125623643
-0.29360404881299473
-0.29385001235835567
-0.2950505730463192
-0.2955111647490412
-0.29716467470861974
-0.2988093491102601
-0.3000052276300266
-0.30087924471341204
-0.3023245841395692
-0.3025248190958966
-0.3025402825636168
-0.30445713801732793
-0.3045141100883484
-0.30458603303870607
-0.30494544910054955
-0.3050829003461533
-0.30587348006665704
-0.30602315890913206
-0.3080329807902065
-0.3088592778891325
-0.309386711451225
-0.30992087721824646
-0.3101434895725106
-0.31111484295171166
-0.31177156918812005
-0.3122117809019983
-0.312931833951734
-0.313415946520267
-0.3134567038438175
-0.3145067481721829
-0.3146926730405539
-0.3146988112232922
-0.31475642307934604
-0.3157621485879645
-0.3164245586740435
-0.3173833077809023
-0.31743918020381695
-0.3193133210038973
-0.32004302801183454
-0.3202047667501675
-0.321104850951815
-0.3228984068458279
-0.3231328033346116
-0.3237858081495233
-0.32484596090216655
-0.3252934751944849
-0.3257231389954021
-0.3258172857250819
-0.32670556872876155
-0.3285675436563906
-0.3300319728718023
-0.3332462212041719
-0.3339004058313246
-0.3344771693009534
-0.33774769317242315
-0.33831569298636166
-0.33946742663263446
-0.340713127906929
-0.34508568699432846
-0.3469193152268417
-0.3474531671963632
-0.3498595348093659
-0.3505430910969153
-0.35059766471385956
-0.35369814570135943
-0.3545316582173903
-0.3550584849377628
-0.3560528500471264
-0.3568137870170176
-0.3581247612601146
-0.35949881564842406
-0.36010994657408446
-0.36192238965503004
-0.362438880460104
-0.36371710896492004
-0.3640992518514395
-0.3645043885102496
-0.36452144384384155
-0.3662655070365872
-0.36700083166360853
-0.3681345775257796
-0.3723751098021037
-0.37426382132107394
-0.375728133548465
-0.37610239326992695
-0.3768968435819261
-0.3775329905613696
-0.37768777313067403
-0.37804913766449316
-0.3796146211392625
-0.38059077860283047
-0.3814262073543432
-0.38250201850314625
-0.38262951567958225
-0.38303525096853264
-0.38318022990133616
-0.38356990734205787
-0.3836545216125579
-0.3846520777791739
-0.3850553533357689
-0.38509825617074966
-0.3873586876085028
-0.3881678902458816
-0.38878142996024206
-0.39617382570643467
-0.3967091247565501
-0.39729861812170214
-0.3993945839518512
-0.3995049541745175
-0.4024591290561313
-0.40347442330260364
-0.4046537087095203
-0.4048666951675841
-0.41008487343788147
-0.4143885129264423
-0.4145914101973176
-0.41721132264938204
-0.4191921853562235
-0.4195178047262339
-0.42026586113497616
-0.4211681452812627
-0.42154772561288584
-0.42250514285569807
-0.424236415212767
-0.4251104194779853
-0.4269972346761885
-0.427704652781055
-0.4279304336935941
-0.4326179317198694
-0.43357709991687443
-0.43434517292512786
-0.4355905931442976
-0.43620184529572725
-0.43889666616450995
-0.44238376850239547
-0.4450282015976781
-0.4454147322103381
-0.4455067539769516
-0.4467953046162923
-0.44992386234880544
-0.4510298163630068
-0.45133357507293115
-0.45325024088378996
-0.45396768879921484
-0.45474598919988946
-0.4552048351033591
-0.4558743864846682
-0.45599266440452385
-0.4573092915355422
-0.4593046272493453
-0.4612505536424578
-0.461435669338763
-0.46278354607056826
-0.4628406164799041
-0.4642920685832256
-0.4659194341964192
-0.46624233135953547
-0.4683290992273084
-0.46860741222293917
-0.4691091020948079
-0.46930791072857875
-0.46950754459778016
-0.4731467571774764
-0.4757284381692963
-0.47586336033418775
-0.47586784114173497
-0.47808646775911257
-0.47935813572257757
-0.4801070785948208
-0.4804750606417656
-0.48083466205280273
-0.4833880891480173
-0.4840137364420419
-0.48606610458809885
-0.48655296250944957
-0.4871031834045425
-0.4873598718550056
-0.4874573520151898
-0.49553642306839013
-0.49994132519350387
-0.5026506984399425
-0.505155201306999
-0.5068824773552478
-0.5071571240983354
-0.507163105022354
-0.5082956885841364
-0.5085174777422152
-0.5091274305492074
-0.5092379910250505
-0.5106839037367276
-0.5122205296324359
-0.5126824207727623
-0.5143799374855007
-0.5154611608479172
-0.5157751550521223
-0.5157819460936091
-0.5160920931666624
-0.5176122094504535
-0.5178312155185267
-0.521308211887016
-0.5226091051008552
-0.5287565543912933
-0.5289642296731472
-0.5295912796813355
-0.5330702592618763
-0.5339220216497779
-0.5346955870045349
-0.535785964054412
-0.5371125944147934
-0.5380855865175059
-0.53826228968137
-0.540477646770887
-0.5471102781970437
-0.5471946724657235
-0.5512797166593373
-0.5515925231256915
-0.5520288252155297
-0.553866307932185
-0.5556974439144445
-0.5579455610131845
-0.5583794307229775
-0.5590010590822203
-0.5592171314056031
-0.5619223981502728
-0.5625142511978213
-0.5628562924555607
-0.5629811277245417
-0.5653081651544198
-0.5685984014223019
-0.5688226220176148
-0.572471797594335
-0.5727424879635995
-0.5742552266019629
-0.5750568514146531
-0.5772213926171198
-0.5772630204446614
-0.5789351323993677
-0.5805870741605759
-0.5807061843742203
-0.5829954789951444
-0.5830161351332208
-0.5834154837897846
-0.5840105725053165
-0.5840899174412092
-0.5850332935640056
-0.5885093744238676
-0.588617041396598
-0.589440330002617
-0.590468848964368
-0.5905523766871609
-0.5911505029847225
-0.5937207123885552
-0.5959900999441743
-0.5992208476163796
-0.6030006549786776
-0.6042067852336913
-0.6043840137586812
-0.6044223629204291
-0.6045111613327337
-0.6055031393521598
-0.6056349988793954
-0.6091542233646449
-0.610884852707386
-0.6152880034448268
-0.6159240596578457
-0.616784984866778
-0.6171228276798502
-0.6201541560835072
-0.620966445832164
-0.6218401178800074
-0.6227544080466032
-0.6230064722476527
-0.6242123443140978
-0.6260904808129583
-0.6273714252581287
-0.632418453382949
-0.6331442238966701
-0.6363789920384685
-0.6366792776000997
-0.6391831575892866
-0.6396562591461199
-0.642470546811819
-0.6435703685507178
-0.6459456266990552
-0.6463010966777801
-0.6506745424121618
-0.6511464218298594
-0.6585470316931605
-0.6654875576496124
-0.6687540951081448
-0.669706863904139
-0.6697694432921708
-0.6717748775457343
-0.6718040797526815
-0.6737880915403366
-0.6742044826522553
-0.6775550954043865
-0.6779403677210212
-0.6789340099785477
-0.6802306125561396
-0.683592259301804
-0.6846447215551356
-0.6895162635482848
-0.6964329080739324
-0.6976849039395651
-0.699119221419096
-0.700058126077056
-0.7003419395536185
-0.7005497923120856
-0.70119162784353
-0.702157394326475
-0.7041455422128949
-0.7071477118879557
-0.707482678548331
-0.7100547086447477
-0.7120395731180906
-0.7130250326348081
-0.7163096662427831
-0.7188243127117554
-0.723934207810089
-0.7291258815675974
-0.735476468431039
-0.735759234464543
-0.7362147364060547
-0.7403322262543952
-0.7439156474545598
-0.7525834270886013
-0.7542472406889179
-0.7550641626119614
-0.758650875184685
-0.7636902891099453
-0.7640135861001909
-0.7675227112745233
-0.7716592226584907
-0.7731482399006685
-0.7736220024526119
-0.7798381335760496
-0.7805035100318491
-0.7811214620247483
-0.7815296617445711
-0.7886587166922254
-0.7893078302231515
-0.792329853773117
-0.796722050756216
-0.7980464562773705
-0.8029785037972033
-0.8096797219477594
-0.814994802698493
-0.8239942446351052
-0.827600204013288
-0.8276400156319141
-0.831310657512707
-0.8337816838175058
-0.8386223862568537
-0.8417814392829314
-0.8458712100982666
-0.8482092814520001
-0.8543346868827939
-0.8642110576232275
-0.8688926074646588
-0.8713703795219772
-0.8747690379619598
-0.8791602227456679
-0.8905799662073454
-0.8924539446830749
-0.8943262993557255
-0.896414241567254
-0.9137382171582431
-0.9137951547279954
-0.9201598687286605
-0.9202838269993663
-0.9326109036803245
-0.9337768893688917
-0.939817157573998
-0.9464233711361885
-0.9501500030358633
-0.9554985485350093
-0.9562659263504732
-0.9594865571707487
-0.9596900474280119
-0.9617738624413809
-0.9622330700643943
-0.9700853327910105
-0.9727752124890685
-0.9732029408805829
-0.9755324050784111
-0.976296991109848
-0.9783699338149745
-0.9794183507280346
-0.9898367449470697
-0.996652364730835
-0.9979438579951724
-0.9996247862776121
-1.014267715625465
-1.0219733715057373
-1.0227386867627501
-1.0264856030698866
-1.0288932056476672
-1.033418446779251
-1.0338865593075752
-1.0511085987091064
-1.0830252200365067
-1.086470402777195
-1.0893992204219103
-1.0934679893155892
-1.0953452236950398
-1.102734498679638
-1.1071944534778595
-1.1167380903377004
-1.1177889523796694
-1.1270036343485117
-1.1292965417494998
-1.1431271753584344
-1.1465982781483035
-1.1477472931146622
-1.1657936227493337
-1.1709313297178596
-1.1730785717566807
-1.177647352218628
-1.1799020667870839
-1.194377822180589
-1.202393285619716
-1.237650241702795
-1.2401536896824836
-1.2462869022434462
-1.2569480270147324
-1.26090726852417
-1.277638881319581
-1.2927517891706277
-1.2945134106557816
-1.3052916924158733
-1.3085689833387733
-1.31056609749794
-1.3205589142938454
-1.3274704550858587
-1.3295189812779427
-1.3316856424013774
-1.333106156438589
-1.34919298812747
-1.361293990087385
-1.3672020327067003
-1.3744039428929682
-1.3779288828372955
-1.392638087272644
-1.3946057483553886
-1.394871359070142
-1.4262502258643508
-1.4403211673100789
-1.4409791004982253
-1.461981475353241
-1.4867854219046421
-1.4938779659569263
-1.4939828608185053
-1.5086330324411392
-1.5244881772475007
-1.5595597015150513
-1.5800755023956299
-1.5875232216421864
-1.5989948571659625
-1.600374211370945
-1.6160291378231098
-1.617839429449911
-1.6234221206977963
-1.6375433281064034
-1.638618043220049
-1.681774128973484
-1.6889325827360153
-1.7015669867396355
-1.7071883377308648
-1.7218082842106621
-1.767254451289773
-1.8146429657936096
-1.8354192860424519
-1.8453260138630867
-1.8939095437526703
-1.914537250995636
-1.9168348108360078
-1.9859991716220975
-2.0135871650612294
-2.032367787829344
-2.075225770175166
-2.0767715806141496
-2.0938025868187347
-2.1380443572998047
-2.155374586582184
-2.190675050020218
-2.194214045991733
-2.210151433944702
-2.2549745440483093
-2.258934050798416
-2.286861656295514
-2.3077402114868164
-2.3155917525291443
-2.327798552811146
-2.3962305788882077
-2.4581311711416447
-2.484150762841182
-2.487186905462295
-2.4933459560076394
-2.570637828670442
-2.573273063908952
-2.5824633380398154
-2.6556625803059433
-2.6727977581322193
-2.6729371058754623
-2.7486155033111572
-2.9021141920117466
-2.9295158345485106
-2.9349310137331486
-3.07156390696764
-3.1580556593835354
-3.2767379581928253
-3.309427261352539
-3.4635685682288417
-3.509778130799532
-3.665502248952445
-3.688296288251877
-3.7083467161864974
-3.753642201423645
-3.822674334049225
-3.9236831665039062
-4.200392723083496
-4.257383346557617
-4.4199724197387695
-4.525443077087402
-4.5413665771484375
-4.572037696838379
-5.698538780212402
-5.748566150665283
-5.843944072723389
-7.446304798126221
