-0.006494268920505419
-0.010420352802611887
-0.02193815470673144
-0.033568496099178446
-0.042782592587172985
-0.08111190935596824
-0.09038884751498699
-0.09507296457886696
-0.10323577001690865
-0.1331613715738058
-0.1386723070125819
-0.13878004801205993
-0.14595490818222365
-0.1498369462788105
-0.1512502392673923
-0.17832158568004766
-0.1802746478933841
-0.1803802712529432
-0.19733461240927377
-0.20296035148203373
-0.20860925000743008
-0.21154488109573322
-0.24352600577985867
-0.26577794551849365
-0.2671738266944885
-0.2727740584368803
-0.281914549922476
-0.2862630393356085
-0.2866763997153612
-0.29710190661717206
-0.29973370833322405
-0.30240780805858475
-0.3184679899713956
-0.34781085668873857
-0.36888339689799715
-0.3848854659258255
-0.3875658219065891
-0.392346965149045
-0.3976894326842739
-0.3993575725196154
-0.3993815907742828
-0.40281344432797694
-0.4092492274940014
-0.413002084614709
-0.413301865143391
-0.4156263843178749
-0.41659069862216713
-0.42148871775716545
-0.42732679737465723
-0.42757906102572935
-0.43239541452415625
-0.4344353019918986
-0.4348989771437378
-0.4387942567227583
-0.4398585586808622
-0.4409946324303746
-0.4481683149933815
-0.44853817401453855
-0.4512019418179989
-0.4542448002310266
-0.45470658612748593
-0.4566105277885476
-0.45693084481172264
-0.45722983029130165
-0.4605895327872531
-0.46431074745032674
-0.4643222366594273
-0.4644897951511666
-0.4657458081841469
-0.47950579938606097
-0.48042627837922836
-0.48146252729929984
-0.4833235717378557
-0.48351891711354256
-0.48403663993273466
-0.4858121260331245
-0.4864857689600386
-0.48799652417656036
-0.49290866304444436
-0.4954327591560741
-0.4977470934391022
-0.5003144744317979
-0.5007807797037458
-0.5031909530354075
-0.5069106907338008
-0.5090575864139412
-0.5118508709749828
-0.5156120096410935
-0.5163490152400401
-0.5174672029912472
-0.5186384140370137
-0.5208129077207673
-0.5211310179904103
-0.5227285839617253
-0.5232184733322356
-0.5280958501927873
-0.5292724325942496
-0.5295655727386475
-0.5297414816915988
-0.5303006850968813
-0.5311270403726667
-0.532239245949313
-0.5346491160036142
-0.5381867420404557
-0.5400394056209321
-0.5413999700297912
-0.5436986214439717
-0.5443786233774839
-0.5451844599883771
-0.5462228477594181
-0.5478359423965836
-0.5482138189753252
-0.548906800187459
-0.5502257704406824
-0.5510688223932649
-0.5513487120115315
-0.5516669669499
-0.554198366190706
-0.5552644463954494
-0.5564435750246048
-0.5616804990503523
-0.5626484375861764
-0.5641692951321602
-0.5644534625853339
-0.5668199359788559
-0.5683568656178457
-0.5699386092082932
-0.5750938624187256
-0.5752328215594389
-0.5766530640733739
-0.5787118263542652
-0.5792099460959435
-0.5812209536587554
-0.5858438328374177
-0.586015266053073
-0.5863698432814999
-0.5865930703779062
-0.5874749443360737
-0.5877706862059616
-0.5882943794131279
-0.5883674924469753
-0.5886461087502539
-0.5899180782337984
-0.5930600818532444
-0.5944883624712626
-0.595201718277167
-0.5952673336455169
-0.5967238617548511
-0.5977771414650811
-0.5983707743134801
-0.5986841140935818
-0.5987105053041887
-0.5988842303713682
-0.6001409678709138
-0.6009363763732836
-0.601816673023859
-0.6032410116916557
-0.603865880871308
-0.6039556124277834
-0.6047724798223094
-0.6047864750455899
-0.6086001395677159
-0.6087111458182335
-0.612416823979433
-0.6132500213570893
-0.6133360933809955
-0.6176492612576112
-0.6183250228348007
-0.6184430933557451
-0.6185826949520561
-0.6198486424982548
-0.6200739531766999
-0.6201048552543869
-0.6221841243968811
-0.623924320191145
-0.6245329613028844
-0.627246546300335
-0.6273428499698639
-0.6325123831629753
-0.6351426109671593
-0.635915560463521
-0.6376675338380866
-0.6387907577284042
-0.6409264840850872
-0.6425291249586735
-0.6425622456037672
-0.6426583506166935
-0.6428555566817522
-0.6439652902074158
-0.6457585628543582
-0.6473842539292362
-0.6495088338642745
-0.6509787516726646
-0.6515321601182222
-0.6589670587369861
-0.6615082894762357
-0.662330387532711
-0.6627694897353649
-0.6636564817279578
-0.6657015958002636
-0.6698133074937181
-0.6732471723112717
-0.6751465127221309
-0.6771884843707084
-0.6776450743070908
-0.6778519180869418
-0.6806800495114658
-0.6819726916210129
-0.6826068283888794
-0.6830611878540367
-0.6837628100329312
-0.6838033716194332
-0.6838402678909915
-0.6842892943377592
-0.6876700155829129
-0.6902291448997049
-0.6906208881409839
-0.6922232577123092
-0.6923690188250475
-0.6945192199898884
-0.6966291527367301
-0.6987129469634965
-0.6991806422528397
-0.69932432891801
-0.6997141183819622
-0.7001195713779048
-0.7036149221472442
-0.7059059496968985
-0.7078513054118958
-0.7111263969038971
-0.7113006455765571
-0.7137900173664093
-0.7152839998404185
-0.7153952026274055
-0.7159967571496964
-0.7178048748367777
-0.720655622254861
-0.7211792648358823
-0.7216934156074951
-0.7218708056542609
-0.724266712880914
-0.7255071430582098
-0.7255802681255672
-0.7263951057730992
-0.7303945263233016
-0.7304057264009316
-0.7304235900648766
-0.7306443793360293
-0.7320836164057255
-0.7329959027469158
-0.735044540171118
-0.7351783260703086
-0.7381726043531671
-0.7393241180026962
-0.74037576909177
-0.7418500178631533
-0.7421287979142597
-0.7429949804726574
-0.745890374972739
-0.7461259962292388
-0.7464045837799925
-0.7464675648730917
-0.7492365180615984
-0.750034923377421
-0.7502533375720858
-0.752897995762396
-0.7548194462433457
-0.754872837174584
-0.7548892806419948
-0.755935645462679
-0.7577088665170595
-0.760576453797382
-0.7656581376546195
-0.7675207892639769
-0.7678360567241908
-0.7686871998012066
-0.7710450469012358
-0.7710705660283566
-0.7715909479270017
-0.7719249787847869
-0.7725998253315791
-0.7735780781755844
-0.7746647843025585
-0.7760292053222656
-0.7766836346238373
-0.7777242698551466
-0.7803453207015991
-0.7828917165252278
-0.7838167461699673
-0.7838557649935994
-0.7840330415954881
-0.7859304057700294
-0.7876199730537792
-0.7893821649253369
-0.7898992032730477
-0.7919049389488266
-0.7931948596647439
-0.7947317586462621
-0.7961269099905621
-0.7963692788034678
-0.798827938552104
-0.8010721414882157
-0.8015196728520095
-0.8021851333552539
-0.8029352969356945
-0.8044786857499275
-0.8055772423758754
-0.8056902327449419
-0.8057876505356815
-0.8086722378905576
-0.8092840339311145
-0.8096972392321775
-0.8133994893481334
-0.815009769931965
-0.8164262473583221
-0.8227647364791483
-0.8234661148861051
-0.8237054962664843
-0.8244561020817075
-0.8332333818823099
-0.8341431903342406
-0.8342450986829135
-0.8362655150471255
-0.8427427615970373
-0.8431770431676081
-0.8435689041184055
-0.8447516143842222
-0.8469455668722125
-0.8496426512590713
-0.8501928832381964
-0.8522178273648023
-0.8575535719282925
-0.8591029012782706
-0.8597654699009581
-0.8730333445137755
-0.8742661415354201
-0.8745532952663098
-0.87473516499158
-0.8757883695025857
-0.877675203503006
-0.8780329991132021
-0.8789932785688767
-0.8798826094716787
-0.8855082496535033
-0.8856421798027441
-0.886014842214839
-0.8860184786091168
-0.8916584185612414
-0.8917722284793854
-0.8938560605049133
-0.8965438670930881
-0.8987812495712811
-0.9004679080098867
-0.9006059786770493
-0.9014011984949725
-0.9022488888157042
-0.9083754457891561
-0.9104098434715221
-0.9126892584775176
-0.9144319854191659
-0.9152008081728127
-0.9154317539941985
-0.9208586546950616
-0.9213358998298645
-0.9227549821138382
-0.9249328984878957
-0.93036616841952
-0.9308587652243053
-0.9420350049622357
-0.9432205986184999
-0.9435260953032412
-0.9438088734944662
-0.9441228618332909
-0.9511469019496872
-0.9645774066239028
-0.9784795994766884
-0.9831986920520043
-0.9864887911309097
-0.9978799517424098
-1.0031100541353226
-1.0048360981047153
-1.0097675224145253
-1.0117193435629208
-1.0118857926378648
-1.0122987896203994
-1.0125227329424686
-1.0211734176030707
-1.0218947860179468
-1.0267872215248643
-1.0353271011382377
-1.0411778159905225
-1.0507096792571247
-1.0520059466362
-1.0595507889986038
-1.0614705777164393
-1.0639919835375622
-1.0662990137003363
-1.0698313426226378
-1.0742468716842788
-1.075251467875205
-1.081295467261225
-1.0826723268772993
-1.0827351428852126
-1.085372956097126
-1.0904388697817922
-1.0968872083431052
-1.1007576286792755
-1.1063380440887571
-1.1118409097194673
-1.116083939676173
-1.1189737990498543
-1.1269159503281116
-1.1272363360557291
-1.1296333965845406
-1.1309111068646114
-1.1363634454707305
-1.1386568121612073
-1.1453700200654566
-1.1464000542958577
-1.1597878667525947
-1.16023572627455
-1.168137253527271
-1.170866008847952
-1.1713226387898128
-1.1756896628913553
-1.1762515018926933
-1.1943120626189436
-1.1957950985736467
-1.1992071110755205
-1.1996704794466495
-1.2029485702514648
-1.2059264250897936
-1.207548844035376
-1.2149385411292315
-1.2206968593686311
-1.222341102361679
-1.2283296510577202
-1.242098645772785
-1.2446508497338404
-1.2468652154008548
-1.2469387650489807
-1.2563729283865541
-1.2595641712347667
-1.26611622235006
-1.2666937056928873
-1.2716204840689898
-1.2732902601445941
-1.2815975348154705
-1.286976167311271
-1.3239966368834888
-1.3319435119628906
-1.3559542167931795
-1.3560730051249266
-1.369218314687411
-1.3939551196992397
-1.394401541678235
-1.402703358605504
-1.4049272540335853
-1.4231508397497237
-1.4743649848736822
-1.4865760956541636
-1.5128348618745804
-1.5164880007505417
-1.5331254303455353
-1.5450065433979034
-1.5597080012317748
-1.5673049911856651
-1.6289575695991516
-1.6308518747488658
-1.6541202024673112
-1.6555316671729088
-1.6692033782601357
-1.6708604000508784
-1.688601553440094
-1.7141227821120992
-1.7192516922950745
-1.7281148731708527
-1.7799726128578186
-1.8175342753529549
-1.8326649529238541
-1.863925777375698
-1.8704928737133741
-1.8815585153643042
-1.8823409229516983
-1.8922280073165894
-1.9174403895934422
-1.9270136623332899
-1.9296094154318173
-1.9411537572741508
-1.9819599986076355
-1.9825573563575745
-1.9969061613082886
-2.0080171301960945
-2.030366897583008
-2.0474794507026672
-2.049680666377147
-2.05245873828729
-2.059554934501648
-2.088741441567739
-2.096571624279022
-2.188564896583557
-2.198860764503479
-2.20290744304657
-2.21594774723053
-2.229058093080918
-2.2382388313223296
-2.246261075953953
-2.284327960573137
-2.2860738299787045
-2.325495583936572
-2.3259968534111977
-2.3975179402623326
-2.4313762395177037
-2.4406632613390684
-2.4436937402933836
-2.499349355697632
-2.5262840390205383
-2.579263338819146
-2.622027109066645
-2.6709069907665253
-2.704310911397139
-2.7196410298347473
-2.8511975733563304
-2.8759130463004112
-2.8969968954722085
-2.952150583267212
-3.2272247076034546
-3.270195245742798
-3.3760836124420166
-3.385840266942978
-3.579179768450558
-3.8430389761924744
-3.8631286025047302
-4.820441961288452
-5.022133708000183
-5.255926132202148
-5.6936246156692505
-6.849353790283203
