-0.006832747487351298
-0.025472531095147133
-0.04410501616075635
-0.06375117773495731
-0.09727172910546263
-0.12738534816081584
-0.1354255205951631
-0.13860465859761462
-0.16559017194878026
-0.17213720670260954
-0.17415293252561242
-0.20505913607776166
-0.20542653985986753
-0.21291332572166408
-0.21529176202602684
-0.2219192534685135
-0.22388206810574046
-0.2402370721877863
-0.2574539948021993
-0.26444389671087265
-0.2768616784430508
-0.2825407460331917
-0.2899430835397652
-0.32111472268782865
-0.3212181118578883
-0.32741665387792246
-0.33484654563168686
-0.3352696271280625
-0.34763287845999
-0.3489545962462823
-0.3545289944857359
-0.36406322568655014
-0.36647262461483476
-0.370339167304337
-0.37191367654416424
-0.3741355787962675
-0.3776305848856282
-0.38160007833530907
-0.3826604038476944
-0.38520514850970355
-0.38564010839472757
-0.38698178057093174
-0.3956914470214138
-0.3989448590980222
-0.40176888679464656
-0.4075024180004702
-0.4121098610397894
-0.419865601696074
-0.4279351445535819
-0.4293752180436224
-0.4311876471270807
-0.43262468109076674
-0.43293870833109727
-0.4334738209533195
-0.43655843044481507
-0.4389757345430553
-0.4392833367788366
-0.4397050069645047
-0.4401755514012746
-0.442955872302668
-0.44355471804738045
-0.4450517255067825
-0.44558825628145743
-0.44647180791944263
-0.4488528869114816
-0.45001584524288774
-0.45112521691425217
-0.4536123289236505
-0.45375808632295384
-0.45439421269111335
-0.45589500065479016
-0.45684135822913324
-0.45711206377018243
-0.4576782577642007
-0.45975346252089366
-0.46240798679405243
-0.4624136868584901
-0.46250242660753427
-0.46290478730225004
-0.463036725576967
-0.46339693838608975
-0.46497061479215823
-0.4665836743079126
-0.46708414965264855
-0.4672940169142461
-0.4674206010455711
-0.4678739980154205
-0.4689730697703597
-0.4701150340357951
-0.4702876249793917
-0.470591535548801
-0.4715955328429118
-0.47427321609993667
-0.47487199373426847
-0.47535156849771737
-0.47672281323757487
-0.48036822374194377
-0.4817123895003793
-0.48392477313367027
-0.4847737486577696
-0.48529766633042265
-0.4880921238278649
-0.48857668573381724
-0.48932115610858257
-0.4901052008353872
-0.4927737760396364
-0.4933191125925917
-0.49454713301279946
-0.4963183128515837
-0.49792869564145803
-0.4990602233214304
-0.4992195312552212
-0.4994460456073284
-0.49945519864559174
-0.5007605607721156
-0.5008020034902507
-0.5023406426305883
-0.5024624358629808
-0.5026356998986254
-0.5027831096516887
-0.5063944073860641
-0.5082134671974927
-0.508250129064545
-0.5084139555692673
-0.508873724035867
-0.5108100619917322
-0.511331166142891
-0.5125165875291541
-0.5129962462000549
-0.5130282894242555
-0.513373113082101
-0.5135183070714657
-0.5138231313321739
-0.517847009248466
-0.5179092826341124
-0.5202782277968557
-0.5213840926764532
-0.522445322691717
-0.5252231285822663
-0.5300859989822909
-0.5304635927081108
-0.5319451419636607
-0.5336424195508395
-0.5350494072938871
-0.5365157934891827
-0.5367311744764447
-0.5369089405908848
-0.5416669969563372
-0.5428613492949808
-0.5446587959662653
-0.5458407628660401
-0.5460375520633534
-0.5489471459420331
-0.5509392999423047
-0.5510394664563458
-0.5550556267315353
-0.5563167972275271
-0.5577181938569993
-0.5590899039903888
-0.5642425660302656
-0.5674425850514896
-0.5718611615843007
-0.5744217324212918
-0.5766518996355848
-0.5783300906833675
-0.5803250282680472
-0.5820448418417072
-0.583305866147081
-0.5844959108572867
-0.5852805687224164
-0.5857808981090784
-0.5859456886019971
-0.5874338101129979
-0.5877068630335006
-0.5906087570823729
-0.5913677674601786
-0.5982993321779829
-0.5991729906527326
-0.5993873626963856
-0.6007183184847236
-0.6047418707360824
-0.6057832096586935
-0.6095972853816218
-0.611059429244051
-0.6112664638914995
-0.6121547871734947
-0.6127316230041389
-0.6141794485204931
-0.6145253302529454
-0.6169443240819069
-0.6174789935660859
-0.6176596173706154
-0.6177643835544586
-0.6227522762492299
-0.6255699902540073
-0.6292171970009803
-0.6305200327904179
-0.6311529064842034
-0.632434511402001
-0.6326239493985971
-0.6329665624070913
-0.6355381333269179
-0.63981602414112
-0.6441306004999205
-0.6446684884373098
-0.6447516067782999
-0.6458537722646724
-0.6462044518440961
-0.6486769163230848
-0.6530426576733589
-0.6538303655882677
-0.6578909275008805
-0.6607484428212047
-0.6651366563048213
-0.668654944954647
-0.6748260706663132
-0.6750448288528585
-0.6764514774084092
-0.6770004624766963
-0.6819347232813016
-0.6873936954885721
-0.6896730661392212
-0.6899292264948599
-0.6937504320405423
-0.695136287715286
-0.69556800990055
-0.6977924198145047
-0.6980726319468684
-0.7003937398549169
-0.7016619175672532
-0.7075116507185157
-0.7092386751435698
-0.7131239731485645
-0.7177155183938643
-0.7197754415018218
-0.71999829132983
-0.7216742038726807
-0.7219314791727811
-0.7245124131441116
-0.7265162548671166
-0.7277468398213387
-0.727994087497791
-0.7280239395119927
-0.7297134281446537
-0.7330266942735761
-0.7351767330445
-0.7354047273596128
-0.7376457639038563
-0.741152130368088
-0.74188631772995
-0.7429641518538119
-0.7495593890133831
-0.7514450559392571
-0.7515580302570015
-0.7585704989199128
-0.7590066987193294
-0.7596326306462288
-0.7600094676017761
-0.7622389083262533
-0.7653791370491186
-0.7847448773682117
-0.7898723478946421
-0.7908300844952464
-0.7958053004824452
-0.798051736317575
-0.8027595622232184
-0.8088940568268299
-0.8104900816189391
-0.8124913860644613
-0.8189701069146395
-0.8256140922506651
-0.8272048830986023
-0.8291406791346768
-0.8333491944940761
-0.8450768447170655
-0.8492757100611925
-0.8503827565194418
-0.8594610217958689
-0.8703019126052303
-0.8732153460383415
-0.8806265342980624
-0.8859075026379691
-0.8951117520531019
-0.9047287460416555
-0.9054838135424588
-0.9265777555604776
-0.9291628282517195
-0.9317924032608668
-0.9364392641698942
-0.9375704498961568
-0.937960424774792
-0.9409971460700035
-0.9410999666899442
-0.9451708783744834
-0.9454235371202231
-0.9462358198807124
-0.9489218357678814
-0.9597182606346906
-0.9625282368312279
-0.9773043096065521
-0.9799098819494247
-0.9822869203635491
-0.9830467545737823
-0.9875701104756445
-0.9893249595271689
-0.9903042293153703
-0.997867481969297
-1.0006054759025573
-1.0041494568188984
-1.0059376422315836
-1.006590869543808
-1.008582130074501
-1.0113118826411664
-1.0305153836961836
-1.0324993655085564
-1.0326290037482977
-1.040562351961853
-1.0418027341365814
-1.046620688944434
-1.0510794186072114
-1.052834956906736
-1.0586449926098187
-1.0604251431567329
-1.0746234465332236
-1.0762014593929052
-1.0784233317244798
-1.078850846205439
-1.08065388041238
-1.09294877294451
-1.093804841054537
-1.0977069661021233
-1.103627550357487
-1.110204041004181
-1.1122171844222717
-1.119211825542152
-1.1196001917123795
-1.1348536868269246
-1.147590439921866
-1.1552675490966067
-1.1591954870770376
-1.1718962639570236
-1.1732626035809517
-1.1752809586469084
-1.187742384383455
-1.1951227728277445
-1.1954207974951714
-1.1964953541755676
-1.197067482130868
-1.2009523928165435
-1.2135362923145294
-1.2143882879366477
-1.2241556992133458
-1.2265651297888585
-1.2304690282843593
-1.2317927446216346
-1.2542465887963772
-1.2631109866779298
-1.2893498420715332
-1.2907398910998988
-1.2930889278650284
-1.293748107738793
-1.302783157909289
-1.3090714837890118
-1.3111734702251852
-1.3193947792053222
-1.3223860180005431
-1.3229529929480381
-1.324971866607666
-1.3297826834022999
-1.3307941011153162
-1.3393951853116353
-1.3418092640349641
-1.3463713437584894
-1.3513911177869886
-1.354393111570971
-1.3568573594093323
-1.3687677656610806
-1.3732555335542809
-1.382816623430699
-1.4057037504389882
-1.4185692369937897
-1.45253187417984
-1.4611874880890052
-1.4727824818342925
-1.4868067406350747
-1.4872618240304292
-1.489003551006317
-1.4983015861362219
-1.5113239322478573
-1.5262628284593422
-1.529055655002594
-1.5376784758176654
-1.5390266139060258
-1.550712090730667
-1.5514044659212232
-1.5810423698276281
-1.5852979451417923
-1.5909838676452637
-1.5966154138247173
-1.6033425877491634
-1.6164270326495171
-1.616677026109149
-1.617778986847649
-1.619300378113985
-1.6199522813161213
-1.653528094291687
-1.6654503317549825
-1.6683456948958337
-1.6980191767215729
-1.7056375294923782
-1.7371600791811943
-1.7452278852462768
-1.7488729034860928
-1.7897497415542603
-1.7984800155682024
-1.8081096719834022
-1.8193891569972038
-1.843084342777729
-1.8495317792985588
-1.8799904584884644
-1.9725150068600972
-2.00371923049291
-2.017528447227354
-2.0482330322265625
-2.055728525668383
-2.097925623257955
-2.11580228805542
-2.1251516342163086
-2.1286588621636233
-2.147681176662445
-2.1868209838867188
-2.2443081620149314
-2.275028705596924
-2.311677221208811
-2.312498683730761
-2.31371009349823
-2.3872813284397125
-2.441383197903633
-2.4474421069025993
-2.552926406264305
-2.5650416016578674
-2.623169243335724
-2.6598835587501526
-2.7091698683798313
-2.840250998735428
-2.8929417928059897
-3.079565107822418
-3.1635627299547195
-3.6374072581529617
-3.733206538716331
-3.942794112721458
-3.9447953982744366
-4.107692673802376
-4.108084538253024
-4.374673098325729
-5.243756294250488
-5.433257818222046
-5.533869504928589
-5.542096138000488
-5.781043767929077
-5.854300498962402
