-0.12235726737417281
-0.14163048854485774
-0.14649854134768248
-0.16825287393294275
-0.16873079538345337
-0.1822711079923541
-0.20947060828621034
-0.21394622698426247
-0.230818630787932
-0.2508167452597263
-0.2592525103439887
-0.26610267417907546
-0.2725771472771437
-0.2774710419970298
-0.278562374808871
-0.2828798015587381
-0.2884060031431415
-0.2962438732460474
-0.3085209772689268
-0.3094733770639222
-0.3096186598413624
-0.31826587356918024
-0.32100069990071156
-0.32525058769954884
-0.3272137912048493
-0.32755403855926174
-0.32919558194989806
-0.3344700762981494
-0.3362365404095994
-0.33943065271134776
-0.3406463773830587
-0.34546094116656323
-0.34718288132266717
-0.3479619271165575
-0.3500371015225028
-0.3507028751516961
-0.35255312548992257
-0.3565187440771196
-0.3615183972082421
-0.3653021935103673
-0.3654341672582549
-0.3663768631952774
-0.3703190649539465
-0.3705490687092866
-0.37097751347658536
-0.37159869109364946
-0.37164238366988556
-0.37180753320717486
-0.3738757930158709
-0.3764642653778023
-0.3765038416247328
-0.3768853957219769
-0.3769705422552458
-0.37756930354710977
-0.38477003185523373
-0.3848130338592455
-0.38505894131062984
-0.3853675865747543
-0.3864924502656019
-0.3896461977798026
-0.3929845874737718
-0.3949670224737929
-0.39517213637009263
-0.3955339968358333
-0.39578249790065456
-0.3971198920592542
-0.3972899863997315
-0.39834779821467237
-0.4028062377553094
-0.4090725730638951
-0.4096879233693471
-0.4108704083900053
-0.411017359147872
-0.41698658367931785
-0.41823809141060336
-0.4208906650917197
-0.42136370413936675
-0.42151893661357465
-0.4227316353328364
-0.42326804266970913
-0.42360114929336606
-0.42456407658449424
-0.42674798174023937
-0.4277729125157445
-0.4282888065482257
-0.42866209361298907
-0.4294966773250053
-0.4296330677945142
-0.4304662894719513
-0.4334011829729813
-0.436038500286356
-0.43659138131148084
-0.4379257199373872
-0.4395075027365237
-0.44006299540234506
-0.4401146270422032
-0.44232581355609
-0.4433619324519331
-0.44406836447597015
-0.4479328428491359
-0.44834258100147256
-0.4486553499940783
-0.44894511009312865
-0.4559246464799529
-0.4564761102410557
-0.46185326962731776
-0.46202396554040853
-0.4642427953844567
-0.4668962048162939
-0.4708246507622167
-0.47354669003101435
-0.47364905658253487
-0.47473051857433834
-0.4770960584282875
-0.47812139336019754
-0.4796577631845139
-0.48488087081350384
-0.48894177746357553
-0.49017416474331793
-0.4950984647963196
-0.4964800622148687
-0.500187774967344
-0.501269844689187
-0.5018053806076447
-0.5049888043198735
-0.5056079662463162
-0.5061125266674935
-0.5083388903440209
-0.509507372095767
-0.5137692180366933
-0.5145967391542702
-0.5167206078767776
-0.52076763244501
-0.5215021232143044
-0.5255873301532119
-0.5331011750136635
-0.5337569334806176
-0.5365347352085842
-0.53752324602101
-0.5406621634546254
-0.5406980681867796
-0.544984314229805
-0.5455606496943801
-0.5461490262225399
-0.5463710708233217
-0.5505640013642343
-0.5510755274195357
-0.5517826784246912
-0.5546400502531065
-0.5591232606260746
-0.5596324302795337
-0.5611079646216239
-0.5636382006716
-0.5666183655615896
-0.5797531011630781
-0.5815488033362531
-0.5837342804815207
-0.5888417297861047
-0.5897886494094564
-0.5926683914694877
-0.5998343506362289
-0.6015521127930177
-0.6022736452978279
-0.6161786411238219
-0.6175936250481755
-0.6192537192754182
-0.6269303111221234
-0.6271068884691756
-0.6309902463108301
-0.6312667437596247
-0.6483470370258146
-0.6575755326077342
-0.6675296998065379
-0.6830254606902599
-0.683247267792467
-0.6904920761783918
-0.6939115663990378
-0.6952014390379191
-0.7000043582171201
-0.7073690891395219
-0.7119069188387195
-0.7295163584300705
-0.7299190062497344
-0.7331182014230373
-0.7417846891496863
-0.7428079843521118
-0.7435389381966421
-0.7483802508213557
-0.7488015306492647
-0.7495022458541725
-0.7497794521706445
-0.7527850395999849
-0.7563799050237451
-0.7644338363574611
-0.7646294457372278
-0.7653814398476647
-0.7662931356579066
-0.7679751655086875
-0.7826474705711007
-0.7830636813046618
-0.7893765409389744
-0.789940881774003
-0.7928749322891235
-0.7941353512661797
-0.798502194798655
-0.8005287672082583
-0.8030807046840588
-0.803315453763519
-0.8099624863160508
-0.8131931773386896
-0.8154140263795853
-0.8185770392417908
-0.83071269094944
-0.830770592391491
-0.8410959402099252
-0.8513589171537509
-0.8544550463039842
-0.8704103345517069
-0.8734573697205633
-0.8735022445519766
-0.8814130648970604
-0.8899354402286311
-0.8971289041866031
-0.9115040078759193
-0.9123052660375833
-0.9161963624258836
-0.9293631203472614
-0.9296553730964661
-0.936404388397932
-0.9602526451150576
-0.9615314876039823
-0.9647529994448026
-0.9692911121195981
-0.970677797216922
-0.9855829642619938
-0.9881191807133811
-0.9923795921931742
-0.9928231954574585
-0.9988933963904856
-1.0268209936912172
-1.0496562881598948
-1.0590732899228377
-1.0680389806162567
-1.0697802662849427
-1.0767155200242997
-1.0808450877666473
-1.0838676780064513
-1.0879038363695144
-1.119891834910959
-1.1254224280516307
-1.1551609138647716
-1.1583639979362488
-1.1708029905178894
-1.1710804303487141
-1.1814499646425247
-1.1902633806069691
-1.211045975331217
-1.2136390507221222
-1.2423709308107693
-1.2425278265029192
-1.2709750786423684
-1.2735707387328148
-1.302742749452591
-1.3123787250369787
-1.371282011270523
-1.3750903606414795
-1.3925885955492656
-1.393726907670498
-1.457862821718057
-1.4722218016783397
-1.5102220326662064
-1.5527481138706207
-1.5812268108129501
-1.6207433938980103
-1.6531962468288839
-1.6806647062301636
-1.7865634262561798
-1.8567923605442047
-1.9440362035335663
-1.9980753809213638
-2.0647122018660107
-2.113013226306066
-2.280521020293236
-2.296783924102783
-2.375105381011963
-2.485560864210129
-2.9293293952941895
-3.116808201186359
