-0.00021562635083682835
-0.010514553170651197
-0.025403255014680326
-0.02822184283286333
-0.031103097833693027
-0.03326527075842023
-0.048801686614751816
-0.0489637057762593
-0.050377338728867474
-0.0731747591718366
-0.08733701035380363
-0.0953912007001539
-0.10210119318753641
-0.10566822106484323
-0.11167933522457522
-0.11270462944012252
-0.11571448110044003
-0.11860472429543734
-0.12013192176818847
-0.12899543484672904
-0.13960660039447248
-0.15055586030939594
-0.15341161930700764
-0.15818093107081949
-0.16439124336466193
-0.17167466320097446
-0.17514452395132846
-0.17709402623586357
-0.17908754968084395
-0.1914738808227412
-0.20469559910707175
-0.20554793084738776
-0.20896700596333379
-0.21000716022535926
-0.2132902421799372
-0.21391516449188608
-0.21467942105620308
-0.21536164185751908
-0.21630759661396345
-0.2187094902320366
-0.21889789894990636
-0.22070475543538728
-0.22236282099038363
-0.2231035977602005
-0.22545146831710425
-0.2255846749758348
-0.2270573891699314
-0.2281987985109233
-0.22918592672043991
-0.2294206179115766
-0.2294251763891867
-0.23189165742437848
-0.23217726937850544
-0.23255970487794417
-0.2333206795156002
-0.23359636636450887
-0.23693137509124224
-0.23807349071170106
-0.2384157190886874
-0.2408128273440525
-0.24186562682734802
-0.24189957914253077
-0.24332933306868654
-0.24382816110645714
-0.24517394980648533
-0.24543157666921617
-0.24686157856291782
-0.24739288229466183
-0.24874102305073073
-0.2488584602251649
-0.2500744008882773
-0.2504528405525806
-0.2512497429303559
-0.25179464357145326
-0.25183447180315854
-0.25341321421728935
-0.25935706931632013
-0.2594852182082832
-0.26333603765815494
-0.26431473053211496
-0.2654114872372399
-0.2662044435949816
-0.26681433031485685
-0.26710026152431965
-0.27025016645590466
-0.2706617722287774
-0.2710354577359413
-0.27170841122278944
-0.2735497374087572
-0.2762611921738229
-0.27795334378093045
-0.2784502159413551
-0.2823520655641645
-0.2824303864617832
-0.2833206757903099
-0.28351843109339825
-0.28621713201411897
-0.2866819344409224
-0.2870636184311782
-0.2876456560980942
-0.28997129639093244
-0.2916743061815699
-0.2933315843110904
-0.2936037068720907
-0.2939004158542957
-0.29454533401100585
-0.29521172761451453
-0.29549269936978817
-0.2955313855997921
-0.29686558432877064
-0.29793132678605616
-0.29985057606051363
-0.30059097975026816
-0.30230536018498244
-0.30248551588738337
-0.3025160110555589
-0.30260542936897156
-0.3030494063989156
-0.30407345357040566
-0.3043251835874149
-0.3059867399861105
-0.30694170847224694
-0.3084426311672562
-0.3097603105008602
-0.30993689014576375
-0.3118196398019791
-0.3118397295475006
-0.3118583247479465
-0.3124876417485731
-0.31282014488242565
-0.313181087304838
-0.31389486581449294
-0.3145954656518168
-0.3149933345349772
-0.31528091912075656
-0.3169301703882714
-0.31710940643097274
-0.3193473720858837
-0.32084398680470055
-0.3215079492268463
-0.321987478248775
-0.3224916588620875
-0.32331517424123984
-0.3247900039277738
-0.3253006716258824
-0.32540676221251486
-0.32659054171693114
-0.3266500001773238
-0.3271568939089775
-0.327424008133156
-0.32871859602164477
-0.33008084337537485
-0.33133091708490003
-0.33214205005206165
-0.3339121000929575
-0.33434798133869964
-0.334854098295586
-0.33510601070011037
-0.3358676480129361
-0.33600728384548206
-0.33865548559697345
-0.3393126891969587
-0.3393973877042299
-0.3396087946991126
-0.3401040804261963
-0.341418359358795
-0.34166446689050645
-0.3418058680399554
-0.34239137936383485
-0.3431591977694489
-0.3432815159159453
-0.3436371668241918
-0.3438743597827852
-0.3455574539704965
-0.34576790609086555
-0.3465746326992909
-0.3471890219079796
-0.34762274763650364
-0.3478476961608976
-0.34788379619518917
-0.3493284626553456
-0.3494981105905026
-0.3499483411433175
-0.35002235549369026
-0.35095411983396235
-0.3510951574891806
-0.35154263632527244
-0.3532124024932273
-0.3545709749392699
-0.3559262679889798
-0.3562740431413712
-0.3586953471545712
-0.3589308050771554
-0.3593664701200194
-0.3598892975391613
-0.3600682566873729
-0.36010633224052274
-0.3611885595268437
-0.3624686930328608
-0.36345829779747874
-0.3638723537192813
-0.3640939584001899
-0.36487357020378114
-0.36528884224347113
-0.36573210288770497
-0.3675517575466074
-0.3682949016866688
-0.36830670400522647
-0.3687895430251956
-0.3700113528757356
-0.3702730640070513
-0.37057995272334665
-0.37098874896764755
-0.3709941611935695
-0.37157878931082616
-0.3733410171698779
-0.3751327805657638
-0.3751858863979578
-0.37555658375255435
-0.37601191227302133
-0.3761865038291684
-0.3762953918986022
-0.37631853147306377
-0.3768971606856212
-0.3770118639804423
-0.37741917185485363
-0.3777495002374053
-0.37891243349104814
-0.3789496570825577
-0.3793602120131254
-0.3799379338743165
-0.38001740544236134
-0.3804087811787169
-0.3806949967790085
-0.3807277667025725
-0.3819736711884616
-0.3833204875700176
-0.38379203822696584
-0.38410162876049675
-0.38432311033830047
-0.3853302028177208
-0.3863220199321707
-0.386599984485656
-0.3867931100539863
-0.38741871411912143
-0.38806070768542766
-0.3890448828227818
-0.38953641921074855
-0.38974393596872686
-0.3898425584193319
-0.390021347712415
-0.39048235431047423
-0.39168293778202495
-0.39197835214436055
-0.39203724409970975
-0.39269219690726864
-0.3941309648565948
-0.394148340182645
-0.39419890055432916
-0.3942006873613637
-0.39560019434429705
-0.39599152985546326
-0.39642288416091886
-0.3964894803551336
-0.3965343792330135
-0.39716394027345814
-0.39750873866992503
-0.39769967113222393
-0.3980904886033386
-0.4006181616956989
-0.4020140463163933
-0.40235728735569865
-0.40288894353434446
-0.4029332958161831
-0.403182802345747
-0.4035044478951022
-0.40389697630889715
-0.40390107691055166
-0.40468728076666594
-0.40498605838511137
-0.4055034801777866
-0.4058206379413605
-0.40652826032601297
-0.40680835541264204
-0.40689728657404584
-0.40714918649755416
-0.40798682006009457
-0.40817111721262334
-0.40817155689001083
-0.4088215574415194
-0.4089274283498526
-0.40993521983424824
-0.4104449533857405
-0.41053650208881926
-0.41168821323662996
-0.41196036625187843
-0.41248245549607365
-0.41373671661743794
-0.41399583267048
-0.4150812555518415
-0.41508366814297104
-0.4165343837812543
-0.4173005570967992
-0.4177839685645368
-0.4191683158278465
-0.4192574221108641
-0.419417401879198
-0.4197522124999927
-0.41995629016309977
-0.42077128193341196
-0.4219806286273524
-0.42245146445930004
-0.4224765659892
-0.42276114935521036
-0.4231088362401351
-0.42324232040294285
-0.4234016028543313
-0.42355358128552323
-0.42382953015880453
-0.4240194477107642
-0.42446818202733994
-0.42467279313132167
-0.4259561581004943
-0.4260882617284854
-0.42705269199278617
-0.42719905717032297
-0.42743202578276396
-0.42804218805395067
-0.4280427868507104
-0.42841459793271497
-0.42967392184073105
-0.4299793683923781
-0.4300622480849807
-0.4311242408763904
-0.431131505407393
-0.4315085002842049
-0.4328254541873725
-0.4329216776532121
-0.4340768968525889
-0.43470436609350144
-0.4347568195131
-0.4353464272701078
-0.43563293452773777
-0.4359361396539801
-0.4369518771069124
-0.43797214731522316
-0.43893288541585207
-0.43929910846054554
-0.43987797973677517
-0.4399869272834621
-0.44026115391817355
-0.4404705428945211
-0.4406598247587681
-0.4408273184671998
-0.44094591843895614
-0.44096637167967856
-0.4410171597264707
-0.44109755045630866
-0.44122538407100365
-0.4416693536421427
-0.44170181005675757
-0.4417511645394067
-0.4419891608154608
-0.4421950521937106
-0.4423917019397349
-0.4425314683758188
-0.44270415586005485
-0.44326441297640223
-0.44407798843458296
-0.444653260812629
-0.4449424451546899
-0.44533954643540913
-0.4457951440708712
-0.4460640650242567
-0.44615060556679964
-0.44650782536094386
-0.4465495763967435
-0.44722707299515607
-0.4479167828593697
-0.44829165418526495
-0.44944996533117126
-0.4501689453091886
-0.45165379252284765
-0.4517047396744601
-0.45405793909660797
-0.4545392778236419
-0.4556670812424272
-0.4561578653131922
-0.45630961435381323
-0.45658732909295296
-0.45712049179876757
-0.4576855133442829
-0.45784256373299287
-0.45789748212943476
-0.45794817223213613
-0.4584819081106356
-0.4593942624827226
-0.45944067370146513
-0.45970171832013873
-0.46025873720645905
-0.4618830470634358
-0.4619625522987917
-0.46211827422181767
-0.4624114500300493
-0.46301462198607624
-0.463097474227349
-0.4633032853404681
-0.46507957121357324
-0.4651980900260761
-0.4655172345433932
-0.465847268467769
-0.465911821834743
-0.4667646552968238
-0.46681658120360225
-0.467120475997217
-0.4672343097627163
-0.4672497465378708
-0.4681181204505265
-0.4683397233020514
-0.46854227635776624
-0.46955139534547924
-0.4699749395251274
-0.4702178258448839
-0.470425107749179
-0.4706404124153778
-0.47136217743779224
-0.4720046465517953
-0.47223202287152943
-0.4737197792985373
-0.4737869054079056
-0.47442840239299194
-0.4748370492329391
-0.47486067516729236
-0.4753710445116407
-0.4755786286608782
-0.4759094533044845
-0.475944738893304
-0.47627388275577687
-0.4767178271172775
-0.4774988094810396
-0.4776710644364357
-0.47817669180221856
-0.4786774012260139
-0.47927615848103805
-0.48030380601994693
-0.4808518648555037
-0.48149359766911304
-0.4815048084128648
-0.4817334108852914
-0.48234934684587644
-0.48292047654589015
-0.48326646962336134
-0.48365994584229255
-0.48407804500311613
-0.48412377294152975
-0.4842657520668581
-0.48470599736486164
-0.48489317018538713
-0.48500614347867665
-0.4850971939870053
-0.48531365031376483
-0.48568624754746753
-0.48611663481486694
-0.4862077546616395
-0.487237927193443
-0.4872404611669481
-0.4872468536098798
-0.4874449563212693
-0.487726780353114
-0.4880914751972471
-0.4883657954633236
-0.4885776812831561
-0.48869928455678746
-0.48889448473023045
-0.4892347825370962
-0.4902690560556948
-0.4912842529063875
-0.49137027736287564
-0.49166297043363255
-0.49180740129668266
-0.4931024709208445
-0.493121287599206
-0.4932240725805362
-0.4941392111941241
-0.4943540513049811
-0.49482783588505946
-0.4948853231966496
-0.49594129990353913
-0.49634813033946557
-0.4966977946460247
-0.4969598342220045
-0.4973909363357557
-0.4984977761549609
-0.49907816806808114
-0.49934738738970325
-0.49953644508495926
-0.4995532157746228
-0.5001238504890353
-0.5005547429900616
-0.5014030639082193
-0.501802857266739
-0.502370526614998
-0.5032089239296814
-0.5034162476658821
-0.5046585580990226
-0.5053507117554545
-0.505629014223814
-0.505661817966029
-0.5061676853336394
-0.5077873705886304
-0.5083744065486826
-0.5084233357171927
-0.5098480717861094
-0.5106833390891552
-0.5117733380757272
-0.5118537999012254
-0.512867855001241
-0.5131146996115733
-0.513362142490223
-0.5135148000554182
-0.5149657363389534
-0.5154092194778579
-0.5163866777904331
-0.516536072595045
-0.5165666510454483
-0.5168430745187733
-0.5170322762181362
-0.5172237545743378
-0.5172271281480789
-0.51793806925416
-0.5193318848498165
-0.5202232210896909
-0.5203487249091268
-0.5208469161298126
-0.5218839608132839
-0.5244697300717235
-0.5246556530706584
-0.5248842804770296
-0.5252424911435308
-0.5266057584434748
-0.5271392367754338
-0.5271994156064466
-0.5272091731894761
-0.5274267668968865
-0.5276556243853909
-0.5279157981276512
-0.5286813515186723
-0.5290159359923564
-0.5302455549361185
-0.5304187476126985
-0.5304670088517014
-0.5306754490360618
-0.5319641963578761
-0.5344207853906684
-0.5345506724552251
-0.5359229622408748
-0.5371456447635489
-0.5371908058772202
-0.5372403358871286
-0.537629266487151
-0.5376374291191841
-0.5376913413405419
-0.5381501708179712
-0.5381845234272381
-0.538590042319681
-0.5386364611996604
-0.5393592789769173
-0.5409367105457932
-0.5409403935424052
-0.5411164843244478
-0.5412935234754431
-0.5417561807359258
-0.542851775781148
-0.5436509932624176
-0.5444838210112519
-0.5447170734405518
-0.5473276106640697
-0.5478759900084696
-0.5491000859910855
-0.5493730937855111
-0.5494770232588053
-0.5499160815444257
-0.5500843797950075
-0.5503247679832081
-0.5507223191671073
-0.5508049202151597
-0.5512240074523207
-0.5516867301582048
-0.5517619733931497
-0.5518120603635908
-0.5525193710969428
-0.5526676010340452
-0.5534436501562595
-0.555098769958131
-0.5551250880010999
-0.5553056844135946
-0.5559713254333474
-0.5561714861541986
-0.5566621402810726
-0.5569047057236146
-0.557236341966523
-0.5581952608190477
-0.5586609223059246
-0.5591933649033308
-0.5599500057952744
-0.560214274842292
-0.5602399460040033
-0.5609064640787741
-0.5614415511488915
-0.5618384353583679
-0.5622611124999821
-0.5624713804572821
-0.5637403550557792
-0.5642395311345657
-0.5659038924204651
-0.5661627678200603
-0.5672015614807606
-0.5683209999231622
-0.5684004879606489
-0.5687626153230667
-0.5688845024754604
-0.5693173680144051
-0.5696589670454463
-0.5704538978636264
-0.5707881731214002
-0.5710791333445481
-0.5722384112887084
-0.5724951869675091
-0.573917415687382
-0.5741384068969637
-0.5744481419519616
-0.574605555832386
-0.5747666993799309
-0.5750259214213916
-0.5759082112150887
-0.5770708278170786
-0.5775259809568525
-0.578983499482274
-0.580749835819006
-0.5819197215605527
-0.5821744320648057
-0.5823739738100104
-0.5826508074998855
-0.5830175563693046
-0.5830674224222699
-0.5843112144087043
-0.5843426723731682
-0.5846633235923946
-0.5849033339181915
-0.5876858234405518
-0.5877139802194304
-0.5880640388599464
-0.5882221718451807
-0.5883126765755671
-0.5887757601061215
-0.5896834194660187
-0.5902145376428962
-0.5906712263822556
-0.5908547230730099
-0.5917609810858266
-0.5921069252304733
-0.5925575842016509
-0.5927341370843351
-0.5933195867886146
-0.5935889965751104
-0.5942261240270454
-0.5944702352696497
-0.5946884327568114
-0.5949092177408082
-0.5962411399398532
-0.5989886159077287
-0.6004268319811672
-0.600816723683642
-0.600911265032159
-0.6017066463828087
-0.6019327619246074
-0.6023153243586421
-0.602579325743136
-0.6033409718424082
-0.603422092894713
-0.6044033286826951
-0.6044338524341584
-0.6049565863130348
-0.6069994491990656
-0.6075275930343196
-0.607682760222815
-0.6085907746106386
-0.6088219799101353
-0.6095614271859328
-0.6112032669285933
-0.6116700044700077
-0.6120765462517739
-0.6124744795961305
-0.61265560798347
-0.6126990767195821
-0.6129831791622564
-0.6136945720968975
-0.6162917005519072
-0.6180107519030571
-0.6182755385525525
-0.6183492321142694
-0.6191890934598632
-0.6198984930912653
-0.6199556733481586
-0.620782976763116
-0.6222602175548673
-0.6226729795336723
-0.6227090541273356
-0.6234866032997767
-0.6247653339989483
-0.6251773159537051
-0.6263813279543279
-0.6273996078671189
-0.6280528288334608
-0.6282325774431229
-0.6294274404644966
-0.6322903207370213
-0.6323704517313412
-0.6324678330274764
-0.6340037509799004
-0.6344242956755417
-0.6349114743726594
-0.6355187666291991
-0.6357523204293102
-0.6358180166118674
-0.6361608603703124
-0.6364850118698087
-0.6376158578398948
-0.6390131387290441
-0.6395292281173169
-0.6399667471414432
-0.6406081969616935
-0.6425765089690685
-0.6432505873963237
-0.6433505040726492
-0.6435510659191225
-0.6442288305196497
-0.6443938476964831
-0.6444334481842816
-0.645153920352459
-0.6459813161394171
-0.6468438758618302
-0.6499891551211476
-0.6499938189948874
-0.6501240336801857
-0.6515026030441126
-0.6516950771212577
-0.6519867951671282
-0.65221719420515
-0.6524118738515037
-0.6524384734886033
-0.6544286757707596
-0.6549424193799496
-0.655348743578153
-0.6557132061570883
-0.6581526087597013
-0.659586118378987
-0.6596551889290466
-0.6601391588079019
-0.6602112765956137
-0.660282661827902
-0.660810494562611
-0.662914794158294
-0.6634977925568819
-0.6635954027529806
-0.6640950278896425
-0.6657892710839709
-0.6665876950137317
-0.6668297288318475
-0.6672153651403884
-0.669081178585267
-0.6693228129248988
-0.6697956755757332
-0.6704980954527855
-0.6705208434723318
-0.6716194991022348
-0.6722052906639874
-0.6731297654990592
-0.6731720242649317
-0.6733055161312222
-0.6738928599017007
-0.6739962577819825
-0.6740830919588916
-0.6752448309780448
-0.6754322201013565
-0.67610432356596
-0.6763420339141574
-0.6772704375907779
-0.678437293222588
-0.6784570451293673
-0.6799148817857107
-0.679946418851614
-0.680122380455335
-0.6802304766024463
-0.6802419277115
-0.6803083340637386
-0.6819468013942241
-0.6820584453849329
-0.6829627761617303
-0.6834777367960972
-0.684601149657586
-0.6859878240153193
-0.6901833895593882
-0.6909281192347407
-0.6918925949838013
-0.6919128226145403
-0.6922402164782397
-0.6966149047017097
-0.6976317316293716
-0.6989772717468441
-0.6999787494540215
-0.7000962812453508
-0.70093563280534
-0.7015324361622334
-0.7019047439098358
-0.7023427050028529
-0.7027117844877971
-0.7028000868029065
-0.7029041262964407
-0.7036385294049978
-0.7042872154415818
-0.7079397891648114
-0.7087544073971609
-0.711160296201706
-0.713205343910626
-0.7142998526493708
-0.7154192463300811
-0.7155706215649843
-0.7160965422323594
-0.7174663251886765
-0.7177441924577579
-0.7188761185854673
-0.7188787963241339
-0.719255423018088
-0.7210809841752053
-0.7210894700450202
-0.7225773228798061
-0.7234770941237608
-0.7238411839740971
-0.7241360668092967
-0.7257064330236366
-0.7264232889616064
-0.7285887857045358
-0.7286505321040749
-0.730451811371105
-0.7304819822311401
-0.7306902247946709
-0.7315591815859079
-0.7326092335085074
-0.7327367573976517
-0.7339886246869961
-0.734800483371752
-0.7360526248812675
-0.7372195661818195
-0.7393523845821619
-0.7410934763999345
-0.7419608910568058
-0.7422377554078897
-0.7424842592639228
-0.7425933688646182
-0.745215773145901
-0.7454371215509517
-0.7459979999810458
-0.748692196394716
-0.7488038732359806
-0.749441123008728
-0.750137000810355
-0.7508544827412281
-0.7529586187253395
-0.7530612918614809
-0.757635248079896
-0.7598225515102968
-0.7605238452553749
-0.7610814683139324
-0.7628523347278436
-0.7651922654360532
-0.7666900817837033
-0.7672163759254746
-0.7672976972535253
-0.7673000860959291
-0.770213303466638
-0.7703876281157136
-0.7710606520995498
-0.7732083046139451
-0.7740343771874905
-0.7743285026401281
-0.7780148883660635
-0.778442439972423
-0.7813252255320549
-0.7822787282057106
-0.7826439559459686
-0.7843328407034278
-0.7846969470381737
-0.7864496451802552
-0.7866089344024658
-0.786767631303519
-0.7879878669977188
-0.7885637075773307
-0.7898767925798893
-0.7900568678742275
-0.7903631978357831
-0.7930539975253245
-0.793296138207162
-0.7945656875381246
-0.7948225331492722
-0.7963732274249196
-0.7965792418242648
-0.7968102179002017
-0.8002180947611729
-0.800702344160527
-0.8010533943306655
-0.8090944968163967
-0.8100499274830023
-0.8123587503527793
-0.8125443179160357
-0.8127209350466729
-0.8127811700105667
-0.8148394133895636
-0.8165309757127294
-0.8168860321332302
-0.8172374151763506
-0.8183491775499923
-0.8195143329600493
-0.8199214643488327
-0.8216590732336044
-0.8218406294472516
-0.8229054108262062
-0.8234827954854284
-0.8251065934697787
-0.8267561522225151
-0.829783096909523
-0.8298518174727049
-0.830410985648632
-0.8307222870644182
-0.8320623574157556
-0.8341146861914441
-0.8354069445631467
-0.8359263561666012
-0.8380789727223321
-0.8383007515221834
-0.8385481743348969
-0.8394031533971429
-0.840950021520257
-0.8417050078511238
-0.8424957610666752
-0.8432683045975864
-0.8448975095525384
-0.8450712861910384
-0.8476738631725311
-0.8490461481602064
-0.8499951449533304
-0.8500625230371952
-0.8508527183698283
-0.8525717116892337
-0.8543876041658223
-0.8558393120765686
-0.8565635202685371
-0.8580299713648856
-0.8584501503966748
-0.8584673590958118
-0.8604239970445633
-0.8643587749451399
-0.8646367040928453
-0.8649640428976944
-0.8687926733659374
-0.8692370586407682
-0.8700244709849357
-0.8702140972018242
-0.8704881174489856
-0.8720759689807892
-0.873109818994999
-0.8732255191910857
-0.8735067844390869
-0.8736707543333372
-0.8765562971433004
-0.8765775839177271
-0.8770061060786247
-0.8773952424526215
-0.8776341092665322
-0.8778536532606397
-0.8778565075132064
-0.8788866959512234
-0.8813559278845787
-0.8831063602119684
-0.8860763683915138
-0.8888244749978185
-0.8915854711085558
-0.8927669450834704
-0.8936657577753067
-0.8966258434811607
-0.8967312201857567
-0.8985094651579857
-0.8986376116517931
-0.9005657289177179
-0.9007985614240169
-0.9020766912560377
-0.9044690549373626
-0.9057222604751587
-0.9070833176374435
-0.910630377009511
-0.9135674898113523
-0.9139746651053429
-0.9165753945708275
-0.9177244901657104
-0.9196056261658668
-0.9197354391217232
-0.9213964189402759
-0.9219485033303499
-0.924598291516304
-0.924713359773159
-0.9253414779901504
-0.9254444761609193
-0.9273496568202972
-0.9323654992040247
-0.9324635703648839
-0.933061656949576
-0.9353132497829696
-0.937755473091134
-0.9406421082676388
-0.9431806821376085
-0.9438225229581197
-0.9467018749564886
-0.9506890289485455
-0.9514950128893057
-0.9550913468535457
-0.95567005352738
-0.9572069510817528
-0.9576185247860849
-0.9629105430406829
-0.970383420586586
-0.9715323150157928
-0.9726003880302111
-0.9737496972084045
-0.9750401279889047
-0.9781014074881872
-0.9783281832933426
-0.9800371676683426
-0.9807113922433928
-0.9824783504009247
-0.9839503282148924
-0.9842347642406821
-0.9878924737373987
-0.9881255143721189
-0.9890064187347889
-0.9897019974887371
-0.9936174233444035
-0.9952920754440129
-0.9955097980952511
-0.9966575251892209
-0.9966962387164434
-0.9990039709955454
-0.9994253108510748
-1.0013476669788361
-1.0018648020923138
-1.01176280900836
-1.0157207334414124
-1.0177056193351746
-1.0196256898343563
-1.0211362933332566
-1.0227940391749144
-1.024804875254631
-1.0250639654695988
-1.0262565687298775
-1.0282503304382165
-1.03114340826869
-1.0331314875345146
-1.0342657879726695
-1.0343001442961395
-1.0364384067555268
-1.0366709656082094
-1.0390687625855208
-1.0395332443527878
-1.0398565419018269
-1.0417071872701247
-1.0450531491078436
-1.046365112066269
-1.0472188759595156
-1.0499550616368651
-1.051890139002353
-1.052792003378272
-1.0547807905822992
-1.0558214443070548
-1.0591366793960333
-1.061527160395469
-1.0640862602740526
-1.0641857981681824
-1.0683305161073804
-1.0691949762403965
-1.0693771445192397
-1.0702293459326029
-1.0716164082288742
-1.0720996260643005
-1.0721128499135375
-1.073928676918149
-1.074357032775879
-1.080412209033966
-1.1005645381907623
-1.1011699698865414
-1.1022488581947982
-1.1069152355194092
-1.1089772234360378
-1.1106331492192112
-1.1108134831301868
-1.1122435331344604
-1.115799691528082
-1.1164023946039379
-1.1415696814656258
-1.1416742023720872
-1.1424687169492245
-1.1425973773002625
-1.1442486842473347
-1.144397254101932
-1.1450649028023083
-1.1489890009785693
-1.1499735936522484
-1.1529322154819965
-1.153453101714452
-1.1536521512704592
-1.1539250135266532
-1.1545425429940224
-1.1556250974535942
-1.1564543545246124
-1.1570107687264681
-1.1594924786394196
-1.159841721256574
-1.1627288162708282
-1.1669565802440047
-1.1678424939513206
-1.16928635040919
-1.1697545321658254
-1.1722184508340434
-1.1732047386467457
-1.175238376786001
-1.1784365251660347
-1.1799215575059254
-1.1819402921944857
-1.183797400444746
-1.1844959378242492
-1.186661298153922
-1.188201310268293
-1.1900615036487578
-1.190616766611735
-1.1933008003979921
-1.1939373041192691
-1.1945648938417435
-1.1983770029619336
-1.1984990823912085
-1.200067679087321
-1.2018718607723713
-1.2030831811949612
-1.206931342681249
-1.2114194529131055
-1.211649979154269
-1.217318586487737
-1.219602414406836
-1.2229971547300618
-1.2265944369137287
-1.228198729954394
-1.2297598586883396
-1.2300946433097124
-1.2305616959929466
-1.231558058410883
-1.2321187108755112
-1.2322713201865554
-1.2362778494134545
-1.2381399888545275
-1.239551046746783
-1.2402154207229614
-1.2404966861009599
-1.2430940265767276
-1.246324211359024
-1.2492501642554998
-1.2497868524450395
-1.2498039454221725
-1.2506842911243439
-1.2540664734939735
-1.259999128524214
-1.2616268252022564
-1.2630670055747033
-1.2642018778456583
-1.264648605324328
-1.2761092279106379
-1.2778024444356562
-1.281639065593481
-1.2846403713338077
-1.2859380881302058
-1.2878639698028564
-1.2924495041370392
-1.2950146260360877
-1.2950284232695897
-1.2952525973320008
-1.2993380290766556
-1.3001136804620426
-1.304462472597758
-1.3049718961119652
-1.308218326419592
-1.308680135011673
-1.309712216258049
-1.3113311184570193
-1.3126047819852829
-1.3146148398518562
-1.3146207436919213
-1.3195466686350603
-1.3215207898368437
-1.3312023530403774
-1.3331978730857372
-1.3349401497592528
-1.335464257746935
-1.3375679175369442
-1.344345521274954
-1.3450118396431208
-1.3458362724632025
-1.3473935425281525
-1.3496026402960222
-1.3525021595880389
-1.3574072594443958
-1.3594647996748488
-1.3641675561666489
-1.3700968232005835
-1.3718342596871986
-1.3738508182577789
-1.3827553689479828
-1.3856678903102875
-1.3869747631251812
-1.3881615176796913
-1.390154905617237
-1.4001332614570856
-1.4026052355766296
-1.4037161032669245
-1.4092326760292053
-1.4116396542522125
-1.4123907089233398
-1.4126473714907963
-1.4130604209947504
-1.4134948551654816
-1.4169294610619545
-1.4231364894658327
-1.4237733478657901
-1.4277901848157246
-1.4287335285658225
-1.439496057946235
-1.4399108819197863
-1.440904838964343
-1.4511963725090027
-1.4544335653384526
-1.4549232721328735
-1.4616323933005333
-1.4626996765534084
-1.4643958806991577
-1.4751252482334773
-1.478876809279124
-1.4844756349921227
-1.4894783161580563
-1.4908216521143913
-1.491201706385861
-1.493517279624939
-1.4985831454396248
-1.4995488325754802
-1.4998938950399558
-1.5002376834551494
-1.5049540804965156
-1.5063959390390664
-1.5068547487258912
-1.508045956492424
-1.5094990922758977
-1.510299618045489
-1.5193553765614827
-1.5203941706568003
-1.5203958563506603
-1.5238252480824788
-1.527924786011378
-1.5292355219523113
-1.5300620794296265
-1.5347454510629177
-1.5357505440711976
-1.5439354876677196
-1.5444066574176152
-1.5451360987499356
-1.5498943279186885
-1.553727796243038
-1.577759426087141
-1.5820030708952497
-1.5835825006167095
-1.5871841683983803
-1.5876617456475894
-1.5945073962211609
-1.5963677167892456
-1.5995626505464315
-1.6014739722013474
-1.602147564291954
-1.607475010988613
-1.6115382491610943
-1.6163002749284108
-1.6238998770713806
-1.630538345625003
-1.6423687717566888
-1.649517074227333
-1.654812777414918
-1.6586812362074852
-1.6607578359544277
-1.6633057792981465
-1.6639339996036142
-1.6658190687497456
-1.6674694120883942
-1.6694279909133911
-1.669955089353607
-1.6789633832716693
-1.6861425384879112
-1.689975667744875
-1.6984703143437703
-1.7010621391236782
-1.7074767152468364
-1.7196209994144738
-1.7251835350568097
-1.747804323832194
-1.7496172219980508
-1.7503631059080362
-1.7519402652978897
-1.7635634168982506
-1.767327715177089
-1.7873370051383972
-1.7907241781552632
-1.7983194986979167
-1.800500041494767
-1.802667458852132
-1.8109890840714797
-1.8121493747457862
-1.8330437168478966
-1.8475341251119972
-1.8633007139433175
-1.871678352355957
-1.8747790654500325
-1.8786184638738632
-1.8805653490126133
-1.9096523920694988
-1.921663189927737
-1.9454033970832825
-1.948214776813984
-1.9494396150112152
-1.9684754461050034
-1.9727959875017405
-1.9773867925008137
-1.9848397970199585
-1.9967131733894348
-2.0066805072128773
-2.0128996819257736
-2.026016592979431
-2.0506765991449356
-2.0688639283180237
-2.0716482400894165
-2.0890419284502664
-2.0903771929442883
-2.0981686109444126
-2.1121885627508163
-2.115884244441986
-2.115930664539337
-2.1261649131774902
-2.1361110657453537
-2.1452092230319977
-2.1743118166923523
-2.1751749316851297
-2.222189102321863
-2.223852909170091
-2.2241610288619995
-2.2291742265224457
-2.2740324617673955
-2.275620549917221
-2.2835988998413086
-2.307989239692688
-2.31291364133358
-2.3205899596214294
-2.321300730109215
-2.3259743452072144
-2.329196661710739
-2.3377591030051312
-2.342898190021515
-2.3594877123832703
-2.3670564107596874
-2.3748861588537693
-2.3770235776901245
-2.401527538895607
-2.4126169877126813
-2.4231920967431506
-2.423306822311133
-2.439405083656311
-2.47934462595731
-2.4935051798820496
-2.5521561205387115
-2.561921536922455
-2.5705469250679016
-2.577106237411499
-2.5884694159030914
-2.5969899892807007
-2.610697615891695
-2.6239808797836304
-2.6241616010665894
-2.631787419319153
-2.6379482746124268
-2.667914852499962
-2.687975764274597
-2.7041531776776537
-2.721537470817566
-2.729234268888831
-2.739506483078003
-2.7456690669059753
-2.7546451091766357
-2.7710072994232178
-2.783765882253647
-2.8095561377704144
-2.864688754081726
-2.869020164012909
-2.8774520456790924
-2.8821915090084076
-2.905631641546885
-2.9273126535117626
-2.9301202297210693
-2.941823362838477
-2.9543133825063705
-2.9661003202199936
-3.0331860426813364
-3.035726308822632
-3.0379799604415894
-3.0392144918441772
-3.047357216477394
-3.048616886138916
-3.0741944685578346
-3.117183801718056
-3.129643242806196
-3.13303080201149
-3.134460926055908
-3.140371561050415
-3.159441828727722
-3.1814145147800446
-3.223328707157634
-3.2943838834762573
-3.297332286834717
-3.311514139175415
-3.31714129447937
-3.3690223693847656
-3.38696097334226
-3.4024677723646164
-3.412364569803079
-3.429659128189087
-3.4662225246429443
-3.5385497212409973
-3.5819509824117026
-3.617380142211914
-3.619687962035338
-3.7195858160654702
-3.7227284908294678
-3.7298765312880278
-3.7365643978118896
-3.7371928691864014
-3.768448121845722
-3.8374948501586914
-3.951106071472168
-3.997660239537557
-4.0813954671223955
-4.224919319152832
-4.352509766817093
-4.42393434047699
-4.457903861999512
-4.777743816375732
-4.8278398513793945
-5.163861036300659
-5.4185099601745605
-5.574092864990234
-5.961668968200684
-7.0086822509765625
-7.460577964782715
-7.763795852661133
-7.880202293395996
-8.442124366760254
-8.784449577331543
-10.944585800170898
-11.549971580505371
