-8.20468121650227e-05
-0.0012290507597023342
-0.0030734742716975105
-0.00694667890919618
-0.014324304168769685
-0.014752967217646074
-0.025157824723282828
-0.026375658616113167
-0.031883275084434594
-0.03342480274538199
-0.03909575318281592
-0.0545198516034778
-0.06063406980553866
-0.06539073985081814
-0.06716725480509922
-0.07142892826686875
-0.07722035046022313
-0.08050339738211582
-0.08082730714718878
-0.0876398408319801
-0.08775315486516572
-0.08950061965710822
-0.09491516146176258
-0.09578735899592061
-0.0986201835145053
-0.09933259981966103
-0.10068312648218125
-0.10155784397605
-0.1050330328164182
-0.10571728538466232
-0.10953849223045609
-0.10980659415326244
-0.11032540022101249
-0.11515050313998643
-0.11803558094960533
-0.11915721828010106
-0.12207075977139341
-0.12246751267518777
-0.12307364161546275
-0.13068971212526195
-0.13091608432577004
-0.13168730926985114
-0.13299623226292304
-0.1335525298286178
-0.13796761232230892
-0.13873828144278377
-0.13934580292362853
-0.14071472193967338
-0.14202832893455966
-0.1442869396891524
-0.1463993134209886
-0.1488995118947488
-0.14900810706603806
-0.15028027245519296
-0.15268151176571224
-0.15450288635380385
-0.15466670727989862
-0.15773780305962268
-0.15788298473189571
-0.15899360702727522
-0.15970208029026017
-0.16318178282532522
-0.16459952499383235
-0.16509863745886832
-0.16539674932045859
-0.16586129393639654
-0.16616199685611177
-0.1661661781025295
-0.16842175262091327
-0.16888128755381332
-0.16960141045456112
-0.16985465716488762
-0.17032644094691055
-0.17037598963838313
-0.17094553199907145
-0.17122028392746338
-0.17268932952563984
-0.1727243637095788
-0.17309796635163366
-0.1748692908438908
-0.17624977598036368
-0.1766252286406301
-0.17668892444197248
-0.1768061067595795
-0.17773690812457232
-0.1791145680333963
-0.17920315220953462
-0.18197102122394426
-0.18298810508801341
-0.1839687624014914
-0.18451216869876857
-0.1858061117798684
-0.18657797444936364
-0.18661810112094676
-0.18693941560027522
-0.18752369355880916
-0.18838019076361417
-0.19081369804124507
-0.19369832081169722
-0.1939684694599464
-0.1946924784514863
-0.19531989594094057
-0.19668718567113785
-0.1978123950902711
-0.20073418765518908
-0.20167332115487824
-0.20373152695534763
-0.2055115381533849
-0.20558985542251346
-0.20559096133229104
-0.20679028314999587
-0.20893946720295986
-0.20901901105866424
-0.2091649207457067
-0.21030779187109516
-0.21183084156285759
-0.21255557116345755
-0.21269541140645742
-0.21294032479089123
-0.21359018063782725
-0.2146455408801368
-0.21649178649057887
-0.2177251903334536
-0.2195779834692265
-0.21985995375055556
-0.21990633363309245
-0.22146699573371456
-0.22373686504010948
-0.22604401897108062
-0.22689347860977307
-0.22898940398469372
-0.22915840329351445
-0.2294204542413354
-0.22990894036095452
-0.23023735134155837
-0.23026055569221804
-0.2307455025002386
-0.235686775050559
-0.23662235592600211
-0.23821133870008357
-0.2385476308455437
-0.23916792962195096
-0.24013059170826928
-0.2403100889811125
-0.24103055667524131
-0.24385842058957982
-0.2450664983992965
-0.24512575716410842
-0.24899910707975842
-0.2518332846531763
-0.2522558368589974
-0.25317173906314494
-0.25387738171830276
-0.2550539711230396
-0.25701917250525447
-0.2589780930323865
-0.25922086343876216
-0.2611012057788571
-0.26220514927233224
-0.2673747208775694
-0.26889367251847035
-0.2693109857676366
-0.2712671106647804
-0.2729040762390582
-0.27362878175317745
-0.2745532206289454
-0.2810632076812908
-0.28427104542206505
-0.2845004355904545
-0.28460317533381385
-0.2859328151155637
-0.28896790199214595
-0.2897478063373249
-0.2916515971992096
-0.29355322358896957
-0.29567262424749285
-0.2970687620151239
-0.29742920913190574
-0.2974865080710269
-0.29949561785824697
-0.30413597826253636
-0.3068823723901265
-0.3070086067309603
-0.3084643346550308
-0.31004687638293643
-0.3124112967372071
-0.3131189774946961
-0.3139031455183691
-0.3155395325654852
-0.315564402306336
-0.3173142635147087
-0.31739706201915396
-0.3176269663526057
-0.31906077799787624
-0.31987512796126794
-0.32259908422102773
-0.3229532163779368
-0.32487891816223663
-0.32651253470968794
-0.33445922297760766
-0.33645132730016486
-0.33655356226760585
-0.33899429452139884
-0.3404849372982426
-0.34140948549765604
-0.3445694833328743
-0.34665933654954034
-0.3484596282856766
-0.3489266142015254
-0.35033442822740424
-0.35075666918410775
-0.35083928674861226
-0.35103313522286045
-0.356222756890083
-0.35714368954639897
-0.3576376152397643
-0.36260114383344444
-0.3684443746234554
-0.36958939391470835
-0.37041800700390015
-0.3709134474322582
-0.37127007603616374
-0.3714045003288409
-0.3742399926227985
-0.3743348120032124
-0.37559414025073085
-0.37588250036868787
-0.37793161170989154
-0.3794306990093901
-0.3808906098944135
-0.3827096051802654
-0.38601452757474264
-0.3861870960681699
-0.38667251969154676
-0.38690261934004866
-0.3869512000146642
-0.3897669031750411
-0.39110666629189456
-0.3927591630067168
-0.393908623196564
-0.39871688855055254
-0.3993658534745066
-0.40044618995978
-0.40369047652930024
-0.40590584184965905
-0.4076769865738849
-0.40930555690518605
-0.4126881855124288
-0.41456205991552225
-0.4159064177456173
-0.41918305162679415
-0.4192445634916011
-0.41969117019288404
-0.4222350656652907
-0.42305592184410445
-0.4240252946037799
-0.4251338817251963
-0.4259858034347346
-0.427942804302903
-0.4279452317394316
-0.43132945551648544
-0.4323975668811824
-0.4351373039098263
-0.4417184740862581
-0.4420947623379902
-0.44312618242493046
-0.44340270975868
-0.44901160733111567
-0.45044280243251933
-0.4526861313700806
-0.4536616038531065
-0.4545483264606446
-0.45625035033819067
-0.4590668591230901
-0.45914018154144287
-0.45987546566739185
-0.46551683854443127
-0.4663334396817455
-0.46667743921716465
-0.4696201382342094
-0.471965060670502
-0.4721999282870115
-0.4738970917854759
-0.47644227393331157
-0.47807289124645536
-0.4796576614413084
-0.4801072393274808
-0.4851022709584261
-0.48559980920981616
-0.4866968461105393
-0.4894752981348979
-0.49068034382071346
-0.49304050706268754
-0.49378744876310066
-0.4982200951399065
-0.49908236553892493
-0.5034765737234719
-0.510743101996195
-0.5141880312003195
-0.5194526343373582
-0.5198024915039746
-0.5298375887338936
-0.5359475442000985
-0.5362753073277418
-0.5362875069783021
-0.5390718690921656
-0.5475601339712739
-0.5501232973748907
-0.5604255783061186
-0.5641339403444021
-0.56693730778144
-0.5727445023076143
-0.5754549099731321
-0.5777431034096351
-0.583365161643087
-0.5835661126067861
-0.5855061594254656
-0.5861104528109232
-0.5880070950416325
-0.5951148416123553
-0.5960241624852642
-0.5985228069725963
-0.599733743617045
-0.6048559984192252
-0.6065829304569986
-0.6176651326931619
-0.6208580793114379
-0.6265442233872894
-0.6292838199685017
-0.6377170532941818
-0.6390435512851885
-0.6409458890557289
-0.6412555879085429
-0.6416446611285209
-0.6481604963541031
-0.6487312137259222
-0.649830105365254
-0.6499127141125963
-0.6563736498355865
-0.6608226381035315
-0.6634877027245238
-0.6644706617031867
-0.6657713636892973
-0.6661072553368286
-0.6700790731228494
-0.6758313724357221
-0.6789205600434798
-0.6841692380670187
-0.6869313354430536
-0.7012615618441487
-0.7067936463273327
-0.7095739721329924
-0.7137549417559057
-0.7207515714681904
-0.7265150346793234
-0.7271267672379812
-0.728385481517762
-0.7303255027499986
-0.7340471727584372
-0.7360803143819794
-0.7410070044653756
-0.7485346742129574
-0.7520652147941291
-0.7532326051732525
-0.7589779254340101
-0.7691089906729758
-0.7710022353916429
-0.7910349283150951
-0.7928485578546921
-0.7938672475516796
-0.7993113074917346
-0.8138327929191291
-0.8176212847930856
-0.8186824135482311
-0.8260768203892641
-0.8297441611066461
-0.846768153947778
-0.8493353301193565
-0.8561655278608669
-0.8576096668839455
-0.8585020609342402
-0.8588064047507942
-0.8703669514507055
-0.8752448551822454
-0.8877276771236211
-0.8919557396937583
-0.8950635366141796
-0.8960818601214365
-0.9008540014495127
-0.9140606472889582
-0.9180220365524292
-0.9227620431532463
-0.9252215518000558
-0.9297696826979518
-0.9306491315364838
-0.9453904909314588
-0.9612622509011999
-0.9629108705557883
-0.9697163381137912
-0.9773318059742451
-0.9775923955342591
-0.9871179809172949
-0.9957915613194928
-1.0073405666043982
-1.0164529021829367
-1.0200529762854178
-1.0227915545304616
-1.0293207932263613
-1.0344025529921055
-1.052302033524029
-1.055929700533549
-1.056699130567722
-1.068953869631514
-1.0690428658854216
-1.0905970335006714
-1.0917459964569178
-1.097922146320343
-1.1026880485005677
-1.122785101334254
-1.1246168980193991
-1.1415192360363773
-1.1433709661165874
-1.1575139147096365
-1.1656954884529114
-1.1709696650505066
-1.180154671271642
-1.2286783001133397
-1.2299883637169842
-1.2343090573946636
-1.2492260592116509
-1.2588558027055115
-1.2898933324962853
-1.3219934168737382
-1.322991168126464
-1.3380278906940173
-1.340132687240839
-1.3479578353464603
-1.3533692461305349
-1.3698800094315808
-1.372262418270111
-1.4166040846030228
-1.4207885870710015
-1.440791580437993
-1.459609866142273
-1.4643756185141683
-1.4651620090007782
-1.5003999471664429
-1.5134978815258364
-1.5229673652599256
-1.6134371637987595
-1.6241333521508448
-1.6643831431865692
-1.6718534231185913
-1.739099144935608
-1.7480240067925479
-1.7513296641409397
-1.7807225994765759
-1.8025496611371636
-1.8035582304000854
-1.9635170111432672
-2.0588071439415216
-2.0844706567004323
-2.1140323877334595
-2.2750981161370873
-2.3943622306978796
-2.448912446076671
-2.4847326247642436
-2.490412073209882
-2.5444186497479677
-2.58107642584946
-2.597788691174614
-2.603518733754754
-2.77543842792511
-2.8191847204730003
-2.852055311203003
-2.8523398637771606
-2.907524347305298
-2.959133565304839
-4.153771192841911
-5.634000778198242
-5.661432266235352
-6.256349563598633
