-0.0031523454090347514
-0.004410900452057831
-0.007864433340728283
-0.01574687723768875
-0.02050587598932907
-0.025600413791835308
-0.0535649485536851
-0.08117012101380776
-0.12197163089045457
-0.1312260001723189
-0.1555080145836756
-0.15555541954915195
-0.16110946655842578
-0.17034010104835035
-0.1705325877659821
-0.18390183750307187
-0.19890138308983296
-0.19899705391920483
-0.21907403773293482
-0.21957100439661492
-0.23537412506592428
-0.24642705321769295
-0.2616905165486969
-0.2617715632738206
-0.2625839667234686
-0.26336682012007606
-0.2640211088388848
-0.264612813574541
-0.27165730924129355
-0.2729927235719515
-0.27390934750795937
-0.27519689178188855
-0.2776508341313414
-0.28124470556213055
-0.28155957932872494
-0.2829465832473943
-0.28511268413589835
-0.2915664924824211
-0.2923253632713601
-0.2923685355204286
-0.2931795255364185
-0.29343062968691813
-0.29640393239147356
-0.3002874559847285
-0.30343535748199263
-0.3055177762483557
-0.3097819268753353
-0.31411449949686915
-0.31427885346362017
-0.3152891064674686
-0.31618948456210394
-0.32067497056347993
-0.3211691423764153
-0.32203364578998406
-0.3243387020251248
-0.3299740819471245
-0.3342070777725894
-0.3349434834696876
-0.33708107768325135
-0.3375304921901261
-0.33885075185389724
-0.3394783783453302
-0.3395445002242923
-0.3429137561886039
-0.3453104501895723
-0.3458063859814921
-0.3459805136779323
-0.34674875848242664
-0.3497377469514807
-0.3531344237401047
-0.35324562696987416
-0.356560883936114
-0.3580648073007069
-0.36190483151876834
-0.3624171056269136
-0.3654719088014893
-0.3661886074143695
-0.36665614948387315
-0.3670632593751758
-0.3714399947491624
-0.37227775306820376
-0.3785092427346032
-0.3847741892095655
-0.38901583486718166
-0.3952717181931472
-0.3967579204056944
-0.3975730796111748
-0.3977645131308236
-0.39935250521779786
-0.4007055816153297
-0.40452126926902565
-0.40885545018245467
-0.4098124220967293
-0.4122547739476431
-0.4141560594593598
-0.4141771405134932
-0.4146993026257001
-0.4154384596506134
-0.4202643405114941
-0.4246121982374461
-0.4260120975927243
-0.426811126558117
-0.4283765295520425
-0.43235699468964917
-0.4329801340872008
-0.4343283137048794
-0.436307062744163
-0.4367667612241348
-0.43771384572351557
-0.4381006308598444
-0.4385159184312215
-0.4392117473339154
-0.4408509596018121
-0.442969267677755
-0.44309752418193965
-0.4437772005427784
-0.4474099089857191
-0.45117586471606047
-0.4528270959155634
-0.4534975568531081
-0.453680290794
-0.45621455357804036
-0.4571133339777589
-0.4575792793205307
-0.45765713172330014
-0.4610818999622447
-0.463164662476629
-0.46378406696021557
-0.46425778563456044
-0.4648016317922156
-0.46540455100184774
-0.4658401221655367
-0.4671138404422284
-0.4688282820396125
-0.4697296619900347
-0.47181282564997673
-0.47362788071040995
-0.4746598162455484
-0.47506729449378327
-0.4751440908885949
-0.47645000085241107
-0.476791704722148
-0.4808691721409559
-0.4809527564328164
-0.4821063386962602
-0.4851170633087999
-0.4887166646949481
-0.490095060763997
-0.49018926708274246
-0.4906581254763296
-0.49075046545314965
-0.49495377822895537
-0.49576507657766344
-0.4980462692677975
-0.4993112854152808
-0.5024269345449284
-0.5028251091462153
-0.502942813877863
-0.5033455250991715
-0.5043360458027261
-0.5075488593429327
-0.5101099018342211
-0.5107995716680307
-0.5129633366390515
-0.5136217764294189
-0.5177655418713888
-0.5192604237901313
-0.5204778791521676
-0.5211874375236221
-0.5220371512502121
-0.5220498154539039
-0.5242645523430838
-0.5265411480519105
-0.5267570793628693
-0.5324256359858232
-0.5324970776109694
-0.5326283084524964
-0.5330507851287942
-0.5332026405586576
-0.5347864665091038
-0.5372126129555649
-0.5380164385344621
-0.5381291400110058
-0.5399893001667806
-0.5402559198264498
-0.540908390235725
-0.540934911861162
-0.5445337548319783
-0.5502811094047502
-0.5515135068838534
-0.5542831524464418
-0.5552845243597403
-0.5606408395105973
-0.5637795529457637
-0.5658210220893747
-0.5666383633506484
-0.5666720388398971
-0.5676101327990182
-0.5688351478129334
-0.5689975538887666
-0.5700262910070117
-0.5712390464288868
-0.5729453200474381
-0.5738729630894441
-0.5744798628535742
-0.576374426134862
-0.5791327736260428
-0.5803326456807554
-0.5857815071867662
-0.5868406283358732
-0.5881734555587173
-0.588416262199947
-0.5928315388866596
-0.5949461062472048
-0.5966046394411629
-0.5978755705291405
-0.6019488329843928
-0.6087955523107667
-0.612531044811476
-0.612807939449946
-0.614746812711625
-0.620346006374651
-0.6260650077630998
-0.6268353094434133
-0.6311267683841935
-0.633881261274736
-0.6341827747528441
-0.6351046434526021
-0.6355183449377364
-0.6373084235296119
-0.6418084367367556
-0.644199358092414
-0.644645558993539
-0.6447732292322649
-0.6471338481132989
-0.6494185948071795
-0.6496469720316652
-0.6505319528740883
-0.6511237412159971
-0.6540726663758202
-0.6576965319691226
-0.6601590618491173
-0.6617086907150224
-0.6623010677052662
-0.6642535117765268
-0.6644733482971787
-0.6656430897336187
-0.667504745098995
-0.6755652817199007
-0.6784634652358363
-0.678851828393009
-0.6795545410528906
-0.6825260380282998
-0.6870860655659011
-0.6930379314289894
-0.6947897395326031
-0.6999079147150041
-0.7046108742477373
-0.705612862110138
-0.7058874638508618
-0.7096336432499811
-0.7136145933634706
-0.7150305204947168
-0.7158279723334999
-0.71643312999513
-0.7165398572979029
-0.720484982826747
-0.7242058440577239
-0.7326626803874206
-0.7357317052781582
-0.7379786785204487
-0.7405227444001606
-0.7423370123724453
-0.7465519193356158
-0.7506628587275785
-0.7532323599560187
-0.7542124345332426
-0.7552039338115719
-0.7555780149996281
-0.7557923648920324
-0.7583826654939912
-0.7588022513809847
-0.7615306787192822
-0.7664195919254174
-0.7673587765053121
-0.7685017897488756
-0.7690006084740162
-0.774852358129075
-0.7771544389958892
-0.7877739961776469
-0.795657912203751
-0.7986920984112658
-0.8033060021698475
-0.8047690615057945
-0.8110118222733339
-0.8166475063965967
-0.8174935716670007
-0.8185045870020986
-0.820465586570208
-0.8206749953355433
-0.8231580574481215
-0.8240380366332829
-0.8251037846526338
-0.826902458909899
-0.8306601829826832
-0.8366764465657374
-0.839567753742449
-0.8423996133108934
-0.8433662152124776
-0.8469550462406394
-0.8511854798533023
-0.8578419143644472
-0.8603480373775321
-0.8713809262133307
-0.8717266346211545
-0.8724143221974373
-0.8730821303195424
-0.8782514542607325
-0.8895619697868824
-0.8952121689915657
-0.9020190462470055
-0.9095085324719548
-0.9152521259151399
-0.919655823873149
-0.9197591133415699
-0.9255615205271169
-0.9332987344158548
-0.9360252731479705
-0.9361889125513179
-0.941122734120914
-0.9432784579694271
-0.94937347030888
-0.9526687615684101
-0.9535429194569588
-0.9582744699437171
-0.9585546905873343
-0.9628402186790481
-0.9632343185367063
-0.9695893116295338
-0.9753715670002359
-0.9754215085080692
-0.980339900997933
-0.9826374475877466
-0.9879924843886069
-0.9881729386746884
-0.988606349856127
-0.991416722536087
-0.9963615201413631
-0.9992049774737097
-1.0002439804375172
-1.003808029461652
-1.0135716767981648
-1.0201571794226765
-1.0247564582386985
-1.0277956814243225
-1.0358246080577374
-1.0364053025841713
-1.0413418735843152
-1.0446672305464744
-1.0466241999529302
-1.0550349398205678
-1.0660164629419644
-1.0670766675223906
-1.0680581281582515
-1.0688079437823035
-1.0696988322772085
-1.0701602324843407
-1.0703198512450658
-1.0705809288968642
-1.0771827958524227
-1.0780446433595248
-1.0812930704227515
-1.0817351449181192
-1.0905752206842105
-1.0976145690573114
-1.097983030974865
-1.099184095626697
-1.1030940241762437
-1.1128158594171207
-1.1282538941268285
-1.1327517852187157
-1.139677809458226
-1.1567315802510296
-1.1584516119744097
-1.1699008791086574
-1.1732212086208165
-1.1863055072390125
-1.1924583055078983
-1.1926500880217645
-1.2020174014382063
-1.2121639670804143
-1.2353583185800485
-1.2566908546723425
-1.2625256669957057
-1.264368712902069
-1.2644761204913568
-1.2712989795021712
-1.2745253406465054
-1.2752704645196598
-1.2771634090070922
-1.2811939121456817
-1.283845178718184
-1.2945196139626205
-1.301936081086751
-1.3070987232029438
-1.3140584942496691
-1.3153777768214543
-1.3212444302237902
-1.3344467226415873
-1.3476778927724808
-1.3508772031248857
-1.3570685436328251
-1.3741186931729317
-1.3924741439550417
-1.3966985086777381
-1.4250534736784175
-1.4274919040501117
-1.4457438420504332
-1.450466103319611
-1.4603848841972649
-1.4639424808323382
-1.4678106755018234
-1.4695885840337723
-1.4908770252019168
-1.500097061196963
-1.5031194580452782
-1.5082004661006587
-1.512787049015363
-1.5243202772523676
-1.5257155761743586
-1.5306655913591385
-1.554491613060236
-1.5676014237105846
-1.5709846690297127
-1.5879876076651271
-1.5911357055107753
-1.5956133604049683
-1.6015936210751534
-1.6140791345387697
-1.6310373877175153
-1.6550944323341052
-1.6648116195574403
-1.6654951352005203
-1.6888261661864816
-1.6993431796630223
-1.7001039888709784
-1.7083378061652184
-1.7550708963535726
-1.7691686793230474
-1.7733827996999025
-1.7751691242059071
-1.7765278194237908
-1.778732516337186
-1.801157044665888
-1.8027943192864768
-1.8166531724273227
-1.8502194902393967
-1.8543726454178493
-1.8962629586458206
-1.9060954625407855
-1.9304383893807728
-1.9775057121490438
-2.016790909692645
-2.0498616695404053
-2.065095899005731
-2.070770795767506
-2.0723181068897247
-2.0790527295321226
-2.086320349946618
-2.0935781002044678
-2.1211627129465342
-2.1547441231862954
-2.2006481035845353
-2.216385781764984
-2.35215225815773
-2.4189665814240775
-2.4370134316704934
-2.462043911218643
-2.466020703315735
-2.531196776777506
-2.546580493450165
-2.584888381883502
-2.6043698853512374
-2.674213632242754
-2.730747032165527
-2.747310698032379
-2.773020475404337
-2.7840135977603495
-2.9015230485238135
-2.9061474204063416
-2.9249170621236167
-2.9305633902549744
-2.956587314605713
-2.9599189162254333
-2.9828003800163665
-3.0541032552719116
-3.093936438905075
-3.114014795422554
-3.302617021370679
-3.318571618758142
-3.42783522605896
-3.532377004623413
-3.8651469834148884
-4.208904147148132
-4.224375128746033
-4.241725797415711
-4.246763847457866
-4.252235837901632
-4.290287760086358
-4.357298713817727
-4.5634249821305275
-4.5667811500219
-4.753772288560867
-4.96827644854784
-5.169575412757695
-6.728217959403992
-7.010992169380188
-7.159583806991577
-7.523946523666382
-7.970961809158325
-8.653795719146729
-8.979962825775146
