-0.012094221490769996
-0.029409137554466724
-0.06699257344007492
-0.0968638334707066
-0.10175973549485207
-0.10722203715704381
-0.12868320563757152
-0.1382539824116975
-0.14589793919003569
-0.15738201700150967
-0.16414042562246323
-0.18034018824497858
-0.18315836355698897
-0.195290750059278
-0.2093785019042116
-0.2151420373766786
-0.22166301295833868
-0.22810217803332003
-0.22969594122187117
-0.2371734151893179
-0.24459150128479284
-0.24726667865616037
-0.2546964712425203
-0.2564099415946354
-0.2634584432002157
-0.2682722806366655
-0.27599036745414196
-0.27755664240066835
-0.28097833805501676
-0.28591554606282443
-0.291988592594862
-0.2922921026820404
-0.2951948882480792
-0.297206105366338
-0.2987613190262681
-0.3027061838656664
-0.3028488814275728
-0.30604874558048323
-0.3103744452112421
-0.3175031739740786
-0.3200523735907224
-0.3322416004724801
-0.3330516005755106
-0.33402855270542203
-0.33702418208122253
-0.339187545968993
-0.3396702751517296
-0.34434255325218793
-0.3473542610767114
-0.34785131268048036
-0.35132167813883697
-0.36818067238709773
-0.3690334535203874
-0.37015643056448816
-0.3728891398829243
-0.38256587134350817
-0.3881569604078929
-0.38975070789191785
-0.39046986564062536
-0.39135615521990985
-0.3922978787191419
-0.40108330675866455
-0.40235933936201035
-0.4028690407673518
-0.4046517460974428
-0.4068991740382949
-0.4078797709268353
-0.40935423970222473
-0.41161575131829725
-0.41370375231943196
-0.4140630259406118
-0.41457583384313196
-0.42027784468518803
-0.4208750301422697
-0.4338853564907119
-0.4377551612474649
-0.43793855075879645
-0.4380655772984028
-0.44316059469877345
-0.4438824066892266
-0.4470390790763001
-0.45089411488515907
-0.45324500898520154
-0.45439133956097066
-0.4567546017601022
-0.4574632310023945
-0.4580651484438931
-0.4584798186086118
-0.4584882806040696
-0.46110468314939435
-0.46403655046597125
-0.4670833865349873
-0.46981848711147906
-0.4703703078441322
-0.4710697200977225
-0.47189465165138245
-0.4727114795927524
-0.47528818529099226
-0.47536252984069244
-0.47616188585137326
-0.47762952426758903
-0.4790238159060079
-0.48072612239921
-0.48129646098558704
-0.48147589382968264
-0.4819490320747718
-0.48206293421268737
-0.4825194776058197
-0.4832836702466011
-0.4834106592378313
-0.48577669808744556
-0.4876009417983534
-0.4880541987658944
-0.4882195661775768
-0.48931331087286317
-0.49017548747360706
-0.49091910291463137
-0.4921141161009603
-0.4929162673652172
-0.4938127830137091
-0.49527069459769074
-0.49722841242328286
-0.49944672455811606
-0.5001708082854748
-0.5007504819137206
-0.5016654895225656
-0.503002998608021
-0.5032056850096625
-0.5058786336864743
-0.5062365872552619
-0.507131069394139
-0.5129364878771917
-0.5140217599658751
-0.5145101062953472
-0.515894312356977
-0.5176042910396583
-0.5212183372035984
-0.5236184082330309
-0.5236787287382564
-0.5237232478601592
-0.5240544120648077
-0.5264499994310816
-0.5292783280213674
-0.5315582523817284
-0.5346483655406961
-0.5349033769161906
-0.5352925613056868
-0.5364901791090233
-0.5374498514251577
-0.5390978560400461
-0.5424593514061209
-0.5425665175652183
-0.5469566419134415
-0.5474701660641585
-0.5478927401775515
-0.548702797293663
-0.553539987405505
-0.5550123307970353
-0.5567825573380105
-0.5586160280306233
-0.5610966784355697
-0.5613987757824361
-0.5615401040267898
-0.5618223086579558
-0.5624517378601013
-0.5632812598254532
-0.565475556999445
-0.5661653204733739
-0.567803546804848
-0.5681364781688899
-0.5682353147585673
-0.569122419356265
-0.5700452654628962
-0.5709267140676578
-0.573269242215534
-0.5751929462992068
-0.5757519667095039
-0.577296020463109
-0.5774007353724705
-0.5778784791732
-0.5779767244312097
-0.5782299000202329
-0.5797596053084817
-0.5804770157206803
-0.5813045352697372
-0.5825272716679137
-0.5836174698244057
-0.5857410277822055
-0.5871483858042795
-0.5885286405682564
-0.5886332293371197
-0.5897200441919267
-0.5920478813350201
-0.5926807264564559
-0.5947096543027799
-0.5954738476779312
-0.5958735814451107
-0.5960627885575377
-0.5966425314545631
-0.6002212776888882
-0.6005450723847995
-0.6031727487764632
-0.6035029788812002
-0.6043510912647131
-0.60456377681694
-0.604885727965406
-0.6056598165271134
-0.6059464278320471
-0.6061823272641049
-0.6065363919246011
-0.6071876002195495
-0.6081379864683387
-0.608337399150644
-0.6091903879588683
-0.6092651984107996
-0.6095092954734961
-0.6109402272816169
-0.6111863373313099
-0.6113036898646637
-0.6115487263804036
-0.6124962071577708
-0.6128692924976349
-0.614968702243641
-0.6151662071545919
-0.6160348653793335
-0.6160444968979277
-0.6167903109898736
-0.616971677863538
-0.6170024429638943
-0.6170140376314521
-0.6172792935976759
-0.6175464172565626
-0.6175877853063867
-0.6186048130504787
-0.6189337096329837
-0.6189410873110839
-0.6193891040980816
-0.6197296273050177
-0.622349633183928
-0.6232097226505479
-0.6235001254674335
-0.6243577261355111
-0.6277949710687002
-0.6278261914379842
-0.6286355026208589
-0.629059637409857
-0.6294665440917016
-0.6308471746742725
-0.6312580611556768
-0.6329222917556763
-0.6341147655046024
-0.6342603176647875
-0.6348256934397796
-0.6348564485325758
-0.6354504142008308
-0.636695360498769
-0.6370106674730778
-0.6378234466537833
-0.6395182188597391
-0.640460860915482
-0.6427796754807267
-0.6445663971191993
-0.6462078052936704
-0.6463891844032332
-0.6468867932911962
-0.6471334385685623
-0.6476387874543434
-0.6481534940144879
-0.6483012974495068
-0.6489833764499053
-0.6490876516094432
-0.6496079001309616
-0.6507470990065485
-0.6515961032206784
-0.6517016452271491
-0.6529883007489843
-0.6530434591612513
-0.6538558108208236
-0.6539587430363974
-0.6543154234293916
-0.6549170393496752
-0.6560960653064103
-0.6563822850584984
-0.657294659409672
-0.6573191896812205
-0.6578774526355119
-0.6587572516829823
-0.6590012083706125
-0.6593857333064079
-0.6601601980324631
-0.6605452979146603
-0.6619755995707237
-0.6619930567976553
-0.6626819470431655
-0.6641766611834896
-0.6645822944075916
-0.665159297711216
-0.6660411506891251
-0.6669777118683123
-0.6674644591706776
-0.6679257619557712
-0.6688840040005744
-0.66921628320124
-0.6697259730467017
-0.6698973923921585
-0.6700582385953453
-0.6713087094119854
-0.6713922340725642
-0.6716031928857168
-0.6724899529013783
-0.6725977311531702
-0.672876625328273
-0.6730178498796054
-0.6740013524889946
-0.674004136266376
-0.6745053135922977
-0.675598464936493
-0.6756896880041394
-0.6761833669379778
-0.676635278413804
-0.6768946288873738
-0.6782784496317618
-0.6788492420455441
-0.6793004986402593
-0.6796914085745811
-0.6797939438169124
-0.6799603784456849
-0.6800767997629009
-0.6810075082550091
-0.6812800281008499
-0.6813439012623183
-0.6837644062936306
-0.6863335891393945
-0.6870443583798728
-0.6883091635536402
-0.6885798814085623
-0.688761059453504
-0.6887841232328356
-0.6905052026500925
-0.6917399179739212
-0.6918722171336412
-0.6921465639956296
-0.6924793771404731
-0.6940361655184201
-0.6949728838182747
-0.6955591948353685
-0.6963480550944546
-0.6966754686501291
-0.6982309182872996
-0.6988098334846158
-0.7018282038176835
-0.7018782872603171
-0.702072088420391
-0.7021904131397605
-0.7022728553041816
-0.704251549073628
-0.7049393355846405
-0.7050043481091658
-0.7051179725979548
-0.705611715093255
-0.7057163377309621
-0.7059340735099146
-0.7061480670901281
-0.7065560165792704
-0.707136933633592
-0.7083074450492859
-0.7090028098651341
-0.7123528301715851
-0.7123627513297833
-0.712507077420014
-0.7129136694905659
-0.7134231945499778
-0.7158891308121383
-0.7159807302523404
-0.7166929813101888
-0.7168594329933902
-0.7182275784601059
-0.7201187188426653
-0.7204042226076126
-0.7205438946839422
-0.7212333725765347
-0.7213801236939617
-0.7213810268375609
-0.723300151526928
-0.7233999619881312
-0.7241721824429987
-0.7242347930025842
-0.7244805999085656
-0.7246151565108448
-0.7257895368151367
-0.7270723849534988
-0.7274507944368653
-0.7279542143223807
-0.7280422398471273
-0.7287851253527151
-0.7290771495885565
-0.7294557579603861
-0.7295042177041372
-0.7297402913137224
-0.7300585788208991
-0.7302276517928274
-0.7302456106990576
-0.730265858854788
-0.7310018828400644
-0.7318052550156912
-0.7322501442264183
-0.7324273014673963
-0.7324414925856723
-0.7334650704858807
-0.7338338335458603
-0.7338996510952711
-0.7339714156561448
-0.7346053131132066
-0.736157475627907
-0.736569197506545
-0.7375138248316944
-0.7375698932683008
-0.7384561272338033
-0.7386131343664601
-0.7389495442168683
-0.7389775291085243
-0.7389848275593977
-0.7394211064610217
-0.7396724659816495
-0.7397685257864295
-0.7398517988622189
-0.7401091519665594
-0.7406848511192947
-0.741051378672839
-0.7413159292708669
-0.7417046308517456
-0.7419131296337582
-0.7419763322391696
-0.7434850889985682
-0.7437222110042617
-0.7437815324723488
-0.7440342745912858
-0.7441361129283905
-0.7442739318939857
-0.7444791569271021
-0.7445161651468459
-0.7455350325442851
-0.7459506403538398
-0.7463532550027594
-0.7476290166378021
-0.7476516084241667
-0.7485231175173794
-0.7490651236084886
-0.7504931225266773
-0.7509328895248473
-0.7519645104849977
-0.7520613433793187
-0.7522835043879846
-0.7531280309194699
-0.7531363641222318
-0.7540452321991324
-0.7541240056355795
-0.7542671032747926
-0.7544296127278358
-0.7548984156714545
-0.7551086039036616
-0.7554528722749738
-0.7559237459726218
-0.7559297781903297
-0.756134458070139
-0.7567012527724728
-0.7578088422047181
-0.7598123550415039
-0.7601435332455568
-0.7603596600656601
-0.7608857260092918
-0.76106973066926
-0.7614777438575402
-0.7618203645882508
-0.7640782302507432
-0.7650150777772069
-0.7672835523553658
-0.7675696129906555
-0.7677925691474229
-0.7679511850874405
-0.76807560513003
-0.7685173200443387
-0.7690438876193689
-0.7691543812028473
-0.7699589834315702
-0.7715837392606772
-0.7718096343742218
-0.772692830741343
-0.7728090801429062
-0.772839401229976
-0.773048282135278
-0.7735444680725373
-0.7757913808109151
-0.7764463529108778
-0.7773970023736183
-0.7775062318658457
-0.7783461680325369
-0.7784709475624064
-0.7792618294901331
-0.7800905568990857
-0.7805265795323066
-0.780625504301861
-0.7811333782350024
-0.7812610826721149
-0.781591803700264
-0.7821690291166306
-0.7827021504344884
-0.7828928141110658
-0.7829221432430131
-0.7841168961022049
-0.7841558307409286
-0.7844706157920882
-0.785091427504085
-0.7852134590761529
-0.7864589784294367
-0.7865627072418907
-0.7871011277384241
-0.7873939967481419
-0.7874403023678396
-0.7887800832511858
-0.7887993852297465
-0.7895287891849876
-0.7900779212955967
-0.7902741180732846
-0.7905250098641924
-0.7912903915469846
-0.7914776653051376
-0.7930841457499709
-0.7939441650164049
-0.7941442377244433
-0.7943855880293995
-0.7944123460997616
-0.7948335515601295
-0.7953843353316188
-0.7958613147622802
-0.7961231544613838
-0.7962584704344207
-0.7969307700792948
-0.7970403929551443
-0.7978419065475464
-0.7979506533592939
-0.7996338586322963
-0.8003241100814193
-0.8007469267118722
-0.8010550623552667
-0.8020794441302618
-0.8023672569543123
-0.8030337691307068
-0.8032570536015555
-0.8036801730899393
-0.8055968382861465
-0.8075070055281686
-0.8076385905874304
-0.80796907070492
-0.8084816047256547
-0.8085094037572466
-0.808584239333868
-0.8089354156283661
-0.8104676231076675
-0.8107824075767505
-0.8118334859609604
-0.8120163053739816
-0.8120486363768578
-0.8124218744536241
-0.8128095066640526
-0.8133310909227779
-0.8144678693264723
-0.8157821231482861
-0.8160578419948352
-0.8160869884822104
-0.8162742603803054
-0.8167405800583462
-0.8172608609828684
-0.8182145673781633
-0.818227007985115
-0.818952087575391
-0.8192279336976753
-0.8193895439035259
-0.8194552573608235
-0.8196944195273318
-0.8202579559379956
-0.8207876426895382
-0.8208539795014076
-0.8211743606384516
-0.8216791266449005
-0.8219303730138563
-0.8221541042772255
-0.8225200013685026
-0.82283766255714
-0.8240577158174911
-0.8240963246364117
-0.8241968786370025
-0.8242732129525393
-0.8243832230567932
-0.824609373362667
-0.8251670300960541
-0.8251798905432224
-0.8266843498218804
-0.8269989465696199
-0.8288338559505064
-0.8290242830294119
-0.8291690178581199
-0.8295389711856842
-0.829909895713042
-0.8299788843723945
-0.8302403252039637
-0.83120840241736
-0.8321228112456285
-0.8327270094074871
-0.8327961660921573
-0.8343047769740224
-0.8347746729850769
-0.8348018825054169
-0.8349716711090878
-0.8357824783173783
-0.8366215753485449
-0.8378977004987453
-0.8384745468247274
-0.838572310594221
-0.8390526654198766
-0.8390784131205531
-0.8392082742260148
-0.8392291374815007
-0.8411826393436058
-0.8417003465355779
-0.8417791668944119
-0.8418921725824475
-0.841960618738085
-0.8421221677369127
-0.842346163602997
-0.8423818369434836
-0.8438546260036269
-0.8442288703454324
-0.8443404833475748
-0.8444134286449602
-0.8447717976135513
-0.844908622384537
-0.8457541117123684
-0.8460454583655519
-0.8462737024220748
-0.846417635679245
-0.8477882146835327
-0.8479437127462006
-0.8486505349632353
-0.8491115582445572
-0.8497534314451246
-0.8498728393344208
-0.8514347977470607
-0.85182168148458
-0.8520534970947276
-0.853274921576182
-0.8541212152513253
-0.8550204819378754
-0.8563897253479809
-0.8578756904547239
-0.8579989480786026
-0.8587181176990271
-0.8607014194712974
-0.8613059384006192
-0.862394866016176
-0.8641540010770162
-0.8641587580321357
-0.8643201589584351
-0.8649733591009863
-0.8656292334198952
-0.8662098071799846
-0.866329624737975
-0.8666638833736735
-0.8681178773856826
-0.8684782656773677
-0.8702578449624525
-0.870263634249568
-0.8704419902392796
-0.870784068842315
-0.8712941207922995
-0.8714329320646357
-0.8721511899493635
-0.8737669067146877
-0.8749884495628066
-0.8751391704815129
-0.875141597725451
-0.8754817896655628
-0.8761331106403044
-0.8762253522872925
-0.8766400268209509
-0.8773894927331379
-0.877794391165177
-0.8778071671724319
-0.879003899358213
-0.8794012733010782
-0.8797254788361089
-0.8816193585516885
-0.8842959703499218
-0.8856245055794716
-0.8857761919498444
-0.8859861711393427
-0.88718697990823
-0.8881974859163165
-0.8900257107041118
-0.8902042047120631
-0.8916383672738448
-0.8920730402072271
-0.8922092417875925
-0.8928306379045049
-0.8928487583190352
-0.8941325976823767
-0.8948698805438148
-0.8951847649368574
-0.895862344931811
-0.8963923311178709
-0.8968652705370914
-0.8980549058818724
-0.8983263423574499
-0.8986741558655922
-0.8995282252629598
-0.8998916114811436
-0.8999021649360657
-0.9003353135388655
-0.9007246010005474
-0.900726300450818
-0.9009094073747596
-0.9010250755527522
-0.9012441695202142
-0.9018836319446564
-0.9023315359139815
-0.903399646282196
-0.9054661691188812
-0.9061553565164407
-0.9063665536232293
-0.9071349969932011
-0.9093707529827952
-0.9101349556367495
-0.9101977594384354
-0.9112151061676236
-0.9115444210668405
-0.9117441191424405
-0.911838319307814
-0.9119214663902918
-0.9127254815373037
-0.9134378760774982
-0.9140511651833853
-0.9152067631483078
-0.9170643475760395
-0.91749236646574
-0.9181650739163161
-0.9182482522280354
-0.9210660457611084
-0.9211152198258787
-0.9229324401821941
-0.9230532298485438
-0.9231369161047042
-0.9269771672319621
-0.9279136508703232
-0.9284457641964158
-0.9288558547518083
-0.9292359324463177
-0.9306737333536148
-0.9321561515331268
-0.9332047637241582
-0.9337049286380837
-0.9345573522150517
-0.9357013156404719
-0.9367684370372444
-0.9369636216045668
-0.939029335975647
-0.9397866851941217
-0.9405810798649327
-0.941023799777031
-0.9415421038866043
-0.9421601951122284
-0.9428826363524422
-0.9443111394842466
-0.9444458760942022
-0.9446004640776664
-0.9462286134560903
-0.9490509584531537
-0.9498452382162214
-0.9499349971767514
-0.9504016201374017
-0.9506111573427916
-0.9509707441082962
-0.9516598880290985
-0.9534048164884249
-0.9534768742509186
-0.9546808327237765
-0.9553152813265721
-0.955383688211441
-0.9555614493321627
-0.9563544442256292
-0.9574843056034297
-0.9593830427953175
-0.96041199862957
-0.9611289338863571
-0.9616204543142683
-0.9627648767616067
-0.9629436830679575
-0.9637378153080741
-0.9637610107194632
-0.9656760342315667
-0.9659191673175277
-0.965997002120795
-0.9668577361851931
-0.9671413059446162
-0.9672137565082974
-0.9672476202249527
-0.9680871125310659
-0.9690970554947853
-0.9695020630955696
-0.9697804881392845
-0.9698190512426663
-0.9700780009152368
-0.9708295047283173
-0.9711613923311233
-0.9716830570421455
-0.9748912006616592
-0.9751352083403617
-0.9752685924371084
-0.9753754522340993
-0.975799448788166
-0.976858234831265
-0.9775039898231626
-0.9775758385658264
-0.9775813948363066
-0.9788457921240479
-0.9803265181868078
-0.9804337698234511
-0.9810917120582113
-0.9810998341861044
-0.9813739119554856
-0.9825506657361984
-0.9828057305572396
-0.9856218581294848
-0.9858753096519245
-0.9875141481558481
-0.9900544806849212
-0.9902089518378488
-0.9902370969454447
-0.9908249273896217
-0.9923238591945847
-0.9938178490847349
-0.9950696767773479
-0.9954032733932965
-0.9987596545834094
-0.9992245748624555
-1.0011000945916748
-1.0030596107244492
-1.0072395929976035
-1.0076091155409812
-1.0076403270165126
-1.0080643880646676
-1.0082412153482436
-1.0091063068248332
-1.0104878056328743
-1.0118060285846393
-1.0121676879158865
-1.0122344031198216
-1.012522529810667
-1.0130152537280486
-1.0141364347655326
-1.0145193184027448
-1.0145813515409827
-1.0146363526582718
-1.014689182926304
-1.0149095993644248
-1.0153545743253614
-1.015946454986988
-1.0170816712613617
-1.0172415915876627
-1.0175177622120828
-1.017756399543335
-1.0179802022874356
-1.0205206871032715
-1.02209778171964
-1.0230573912461598
-1.0236652282377083
-1.0246428383785922
-1.0253990473691375
-1.02699534263229
-1.0270510806835123
-1.029249918460846
-1.0335122612304986
-1.0342008285224438
-1.0394258697827656
-1.0395690202713013
-1.0397696882486342
-1.0401745297546898
-1.0484034278430046
-1.0484164357185364
-1.0489044868283801
-1.0494024636689574
-1.0500145959002631
-1.0505365135946445
-1.0527064949274063
-1.0527930674919237
-1.0544024105516396
-1.056550856938702
-1.056558609008789
-1.0572781424076918
-1.058383951894939
-1.059067633142695
-1.0593481840166663
-1.0618694230603676
-1.062174125900492
-1.064064680909117
-1.0643971487879753
-1.0645399691743984
-1.0649043867985408
-1.0659616012126207
-1.0712172202765942
-1.0714407943189144
-1.0741647481918335
-1.0766093957936391
-1.0767680524513707
-1.0773493511369452
-1.0774164622028668
-1.079473715799395
-1.0795537009835243
-1.0801269121002406
-1.0828748047351837
-1.0847573829814792
-1.0864629907268357
-1.0875585231309135
-1.089212737143195
-1.0894882082939148
-1.089684072468016
-1.0923296643110614
-1.092790389340371
-1.093079714052793
-1.0933572053909302
-1.0956939516537305
-1.0970239383833749
-1.0986568745639589
-1.0994713927029807
-1.1020593643188477
-1.1030674410451735
-1.1035416076726203
-1.104890998142461
-1.105416476726532
-1.1074711978435516
-1.1092075580265373
-1.1139602671776498
-1.1151976687833667
-1.1159653693437577
-1.1160217821598053
-1.1164876379604851
-1.1178449392318726
-1.1179517183918506
-1.1216272562742233
-1.1226355771844585
-1.1228234976530076
-1.12369624665007
-1.123958853383859
-1.1247160055208951
-1.125067373116811
-1.125507259224024
-1.126984109144865
-1.1277851343154908
-1.128303133483444
-1.1287945966857176
-1.1288462403230368
-1.1296361769948686
-1.1296804435551167
-1.1298608876299112
-1.1301266998052597
-1.1339642162911332
-1.1352370101958513
-1.135324456418554
-1.136051860819342
-1.1371351923327893
-1.1374810338020325
-1.1378748218218486
-1.1384567130357026
-1.1389430760755204
-1.1391499246266903
-1.1411667428910732
-1.1472240447120774
-1.1492172876993816
-1.149347790866159
-1.1514759783943493
-1.1519862085580825
-1.152794722467661
-1.1528823040425777
-1.1534018253985
-1.158150427043438
-1.15827842690568
-1.1584857321383122
-1.160947062123991
-1.1609536409378052
-1.161408357322216
-1.1631490265329678
-1.164267647266388
-1.164349952340126
-1.1650095184644063
-1.1662859370931984
-1.1664059925824404
-1.1676285848006955
-1.1676864450176556
-1.1681706110636394
-1.168650855620702
-1.1737797260284424
-1.174708727747202
-1.1751703050358628
-1.1753117432817817
-1.177295158803463
-1.1787476214230992
-1.1788300797343254
-1.18027020432055
-1.18269973853603
-1.183882713317871
-1.1867885788281758
-1.1871335431933403
-1.1871555199225743
-1.1874115861020982
-1.1885540336370468
-1.1891263524691265
-1.1900719383515284
-1.1904752174806263
-1.1914080279530026
-1.1984123075380921
-1.199591064825654
-1.2007224480104115
-1.2016510516405106
-1.2036084752995522
-1.2068685293197632
-1.207061397532622
-1.2105029225349426
-1.211783528327942
-1.214201938653423
-1.2153891034940898
-1.2159375821550686
-1.2161411729951699
-1.2171491451561451
-1.2181673099597294
-1.2190953055008624
-1.2199212814681233
-1.220129926657925
-1.2211976075544952
-1.2223142784605443
-1.2234360953443684
-1.223778085783124
-1.223862160986755
-1.2246441468596458
-1.224960595369339
-1.2288742034385602
-1.2290364518761634
-1.229967723786831
-1.230305468197912
-1.2322849029209464
-1.2348737493157387
-1.234883910510689
-1.235056595923379
-1.2373069616345067
-1.238440752029419
-1.2400621275107067
-1.241682805120945
-1.2436508337656658
-1.244041334837675
-1.2458232635166495
-1.2480098128318786
-1.2522320336928325
-1.2530390806496143
-1.2537835734547116
-1.2555518299341202
-1.2563829123973846
-1.2569928467273712
-1.2570521049201488
-1.2588875815272331
-1.2597127169370652
-1.2612174078822136
-1.261845404903094
-1.2628945797681808
-1.2670813512522727
-1.2670926671940834
-1.2671254605054856
-1.2693382961442694
-1.2719316584989429
-1.2741322886795388
-1.2754720797141392
-1.279679536819458
-1.2797197178006172
-1.2803859561681747
-1.281270186106364
-1.2844344341817002
-1.2852698415517807
-1.2903351443819702
-1.291342861019075
-1.2923221957535134
-1.2932299617677927
-1.295153471827507
-1.297811360936612
-1.2989194293816884
-1.3013474764302373
-1.3074839512507122
-1.3147809108098347
-1.3155553000979125
-1.31568027784427
-1.3178698158129312
-1.3179856650681663
-1.3190730288624763
-1.3202250562608242
-1.321244752407074
-1.3227847814559937
-1.323393553495407
-1.3287083708148981
-1.335954839984576
-1.3361958712339401
-1.3416829705238342
-1.342600498185978
-1.3431237205707778
-1.3439496606588364
-1.34507339387866
-1.346702257792155
-1.347651168704033
-1.3477314561605453
-1.3477422719200451
-1.3488274455070495
-1.3494527994813066
-1.3539897942406243
-1.3575141159041475
-1.3580443169921637
-1.3595059986357227
-1.3597356379032135
-1.3643491715192795
-1.3657836355268955
-1.3658525091130287
-1.3659872710704803
-1.3680807054042816
-1.3686020970344543
-1.3700210727751254
-1.372683747438714
-1.373288169503212
-1.3736764779314399
-1.3739531924948096
-1.3762568145990373
-1.3774755038321018
-1.3778248859702475
-1.3792427778244019
-1.3809315238147974
-1.3822876811027527
-1.3845425955951214
-1.3848925843679656
-1.3879862409085035
-1.3880174209674199
-1.3925796389579772
-1.3956300765275955
-1.4020817965269088
-1.4049700975418091
-1.405971382345472
-1.4094392607609432
-1.413221538066864
-1.4135768222622573
-1.4154570100829005
-1.4200813223918278
-1.4208442231424019
-1.423745684325695
-1.4261217378079891
-1.4265312075614929
-1.4266192056238651
-1.4267668922742207
-1.4272462129592896
-1.4287171363830566
-1.4301186609081924
-1.4335253350436687
-1.4363641398958862
-1.4394522570073605
-1.4406045079231262
-1.4424212699135144
-1.4505346566438675
-1.4528884887695312
-1.4543079286813736
-1.457811713218689
-1.459651619195938
-1.4638197980821133
-1.4639468379318714
-1.4644271969795226
-1.4681248168150585
-1.4758685767650603
-1.4794985383749009
-1.484712302684784
-1.4863449819386005
-1.4894203986041248
-1.490092933177948
-1.490503304785913
-1.4989979267120361
-1.5033324195246678
-1.504456341266632
-1.5044580015043418
-1.5149190587302048
-1.5153087228536606
-1.5214713923633099
-1.522394494464
-1.5228568948805332
-1.5248330235481262
-1.5261435906092327
-1.5262885093688965
-1.5273904005686443
-1.5288756154477596
-1.5299006750186284
-1.5305500502387683
-1.5339650784929593
-1.535528403520584
-1.5360396380225818
-1.536847472190857
-1.5387862296774983
-1.5408610701560974
-1.5424651689827442
-1.542816485464573
-1.553653334192599
-1.5578605035940807
-1.5649607442319393
-1.5665660844367397
-1.5682802200317383
-1.569098663330078
-1.572731725131494
-1.5840706378221512
-1.5874166376888752
-1.5900678783655167
-1.5909833908081055
-1.5937866866588593
-1.594489723443985
-1.5966360587626696
-1.5973694324493408
-1.599403738975525
-1.5995459705591202
-1.6009179937342803
-1.6053927838802338
-1.6061913108690835
-1.6110720857977867
-1.6117134988307953
-1.6155017852783202
-1.631348959303328
-1.6410062226466835
-1.6422100067138672
-1.6425814032554626
-1.6441294610500337
-1.6507361650466919
-1.6524851073821385
-1.6563610037167866
-1.658158540725708
-1.6626062865058582
-1.672592218965292
-1.6728367507457733
-1.6758458018302917
-1.6878180503845215
-1.694407969713211
-1.699514389038086
-1.7004836797714233
-1.7046703497568767
-1.708594262599945
-1.7139336864153545
-1.7150071461995442
-1.7288535833358765
-1.7333779806892078
-1.7393418997526169
-1.7630070447921753
-1.7717396970838308
-1.7778409495949745
-1.7877472341060638
-1.7993550300598145
-1.8034485429525375
-1.8055967092514038
-1.8122236132621765
-1.815510722498099
-1.8260029951731365
-1.8285391082366307
-1.8611843883991241
-1.866372436285019
-1.8846216201782227
-1.8850743621587753
-1.8959950953722
-1.897550384203593
-1.900889441370964
-1.9014246221631765
-1.9082859754562378
-1.9164419571558635
-1.9175990223884583
-1.9383575916290283
-1.944213628768921
-1.9449982047080994
-1.9542807340621948
-1.9610431790351868
-1.9689031442006428
-1.9695409536361694
-1.9796515703201294
-1.9841535947052762
-1.988010548055172
-1.9910974502563477
-2.0082836002111435
-2.0274128913879395
-2.029623866081238
-2.03469979763031
-2.0491414541999498
-2.0785889625549316
-2.0798219641049704
-2.0838036139806113
-2.096610426902771
-2.1368465224901834
-2.142702102661133
-2.1429623067379
-2.144270896911621
-2.1662611961364746
-2.1663845777511597
-2.1778812408447266
-2.185690253973007
-2.211540679136912
-2.2327781021595
-2.249718379229307
-2.250964718759254
-2.2620521802455187
-2.265679717063904
-2.273421287536621
-2.2916760444641113
-2.3035731315612793
-2.32635498046875
-2.3299717692037425
-2.3361573219299316
-2.3468140761057534
-2.3522216565907
-2.360454823821783
-2.3813182301819324
-2.382700026035309
-2.383010149002075
-2.393680762499571
-2.416544210165739
-2.4168642312288284
-2.4188747704029083
-2.461598716676235
-2.4817064938445887
-2.486486367881298
-2.4879902601242065
-2.5629445910453796
-2.5952248175938926
-2.6355645656585693
-2.640847325325012
-2.6454010009765625
-2.6493648290634155
-2.6565284729003906
-2.6610010862350464
-2.6719300746917725
-2.724329888820648
-2.7284322157502174
-2.7376670837402344
-2.7448127269744873
-2.759756313636899
-2.8039875216782093
-2.8172621950507164
-2.851985454559326
-2.868556432425976
-2.9486016035079956
-2.966230869293213
-2.97314478084445
-2.9847869277000427
-2.989680051803589
-3.0170384645462036
-3.0742955207824707
-3.4824201930314302
-3.4830264654010534
-3.495957136154175
-3.7147834300994873
-3.7527921199798584
-3.8370416164398193
-3.845982313156128
-4.563125133514404
-4.991589546203613
-5.413558006286621
-6.051263809204102
-6.1396074295043945
-8.306195259094238
