-0.009656278239466095
-0.016560770804062486
-0.08450033236294985
-0.13772107948482568
-0.14342439829779324
-0.15937933853516975
-0.15951536358334123
-0.23206805135123432
-0.26066377938574686
-0.2625260495703763
-0.2695669616625223
-0.2727466411306523
-0.2791543422732502
-0.2865707344727442
-0.2872687171745513
-0.29326164489611983
-0.2963190989641589
-0.2985047777474392
-0.30185291915300433
-0.30501031887251884
-0.30771558694541457
-0.30845002659286064
-0.3086454442133853
-0.31053445590408624
-0.31804594295972494
-0.3285111277917167
-0.335132395680136
-0.3356787026714301
-0.33646812055182335
-0.3370873240637593
-0.34595277668914703
-0.34620221859465045
-0.3468284594294216
-0.34711944898529173
-0.34828853035599294
-0.3495162426622119
-0.3525973999621783
-0.3526190277308077
-0.35425495497111115
-0.3546978705562651
-0.35478761070407927
-0.36025060426175554
-0.36407461726134094
-0.365495442948486
-0.3655054709925025
-0.37110120831930543
-0.37267100236956674
-0.3762432724251994
-0.3776398994028568
-0.37815923607405766
-0.378857291253203
-0.38880158006213605
-0.3888658251419353
-0.39395265403436497
-0.3956207950832322
-0.40117080259078647
-0.40166398786823265
-0.40260112227810574
-0.4058928233862389
-0.4130718473829084
-0.4141743841788007
-0.41725018542880815
-0.41726323929033243
-0.42018702065494534
-0.4225543020723347
-0.424785254366511
-0.4255314961940582
-0.4323696719715372
-0.4343505083816126
-0.43749569712183856
-0.442342278547585
-0.4428288761332321
-0.4453006729783266
-0.44617475932318484
-0.4477659130769035
-0.4478583320742473
-0.44801219929941
-0.44813431017100813
-0.4484298216430034
-0.44999351723099074
-0.45157779387331437
-0.4520024569801
-0.4520342659918781
-0.4544927487020484
-0.45668077433947474
-0.4578252351946301
-0.45823994899789494
-0.45948888318768394
-0.4612941679544747
-0.4650351059208333
-0.46810900140553713
-0.4693325096870669
-0.46997014406952076
-0.4705336980971749
-0.4717376587796025
-0.4721652809013095
-0.47262322883761954
-0.4748428806465549
-0.47670029246624573
-0.4782643347978592
-0.4909849918298682
-0.4923541315116121
-0.493913227966654
-0.4964373178282303
-0.4988478999584913
-0.5013494840742827
-0.5115520166630935
-0.5148746471852064
-0.5150166489599671
-0.5152381908148527
-0.5156987775117159
-0.5170990199840162
-0.5186437762593135
-0.518672391305531
-0.5192741237580776
-0.5201338236220181
-0.520208876002774
-0.5237327291307827
-0.5307621065889101
-0.5308347545564175
-0.5314401962095872
-0.5325053113338072
-0.5327309673605972
-0.5336605523424134
-0.540720835654065
-0.5420485254377126
-0.5421279893780593
-0.5441060084849596
-0.5452774348668754
-0.54739793162578
-0.5481664586113766
-0.5485749500415599
-0.5509471846744418
-0.5535617053198317
-0.5565707979616351
-0.5577158905565739
-0.5603386395507388
-0.5623062710760028
-0.5662340387934819
-0.5683781211597047
-0.5684284204617143
-0.5755859575371935
-0.5756449680775404
-0.576100270796035
-0.5762303741380143
-0.5764514796435833
-0.5796354186410705
-0.5807808045647107
-0.5811446847355304
-0.5813991837203503
-0.5871872822504624
-0.5900395586155355
-0.5910020152805373
-0.5923195529862174
-0.5923560749273747
-0.5933634994107706
-0.6003788376227022
-0.6050124796456657
-0.6065157929099061
-0.6075690855006022
-0.6084741518293
-0.6092287848393122
-0.6103955018334091
-0.6117146581178531
-0.6124431480032703
-0.6132106797821406
-0.6138972419624528
-0.6159875738279273
-0.6174972526108226
-0.6209920330180062
-0.6211074633667102
-0.6229315292605732
-0.6246495975979737
-0.6284509781334136
-0.6285272058099508
-0.6287313892195622
-0.630079945748938
-0.630213380092755
-0.635276389727369
-0.635677930167211
-0.6393631559868271
-0.6427074206682543
-0.6432206247991417
-0.6454848960565869
-0.6464596450328827
-0.6522146104834974
-0.652350694546476
-0.6545302098190101
-0.6633036672137678
-0.6638737705070525
-0.6639713101089001
-0.6713711094732085
-0.6717793034123523
-0.6722277463995852
-0.6734773844613561
-0.6755357188188403
-0.6760255908646452
-0.6820245480963162
-0.682182134129107
-0.6826208895538002
-0.6833186807110906
-0.6855079588967783
-0.6860052321106196
-0.6869382202858105
-0.687530668762823
-0.6918836646946147
-0.6943926326801173
-0.6949086974685391
-0.6972433585324325
-0.6996653195470571
-0.7034712306534251
-0.7098304211561169
-0.7110912607749924
-0.7165529078338295
-0.7180527062931409
-0.7205584193579853
-0.7213460080325603
-0.734561393336792
-0.7397394961211831
-0.7398413539631292
-0.7409065632548716
-0.7510778149589896
-0.7522224479665359
-0.7524380257153618
-0.7530198283493519
-0.7549167836883238
-0.7594549295802911
-0.765819621598348
-0.7686057714745402
-0.7726153028862817
-0.7749836638880273
-0.7778900965737799
-0.7804807681241073
-0.7899389242132505
-0.7942860065959394
-0.7951614784542471
-0.8028939774570366
-0.8033265791188265
-0.8044755185449807
-0.8092566182216009
-0.8157642483711243
-0.8164615862071514
-0.842617928981781
-0.8475837722420693
-0.8612124829835791
-0.8679573884466663
-0.8697241179955503
-0.8737415139459901
-0.8779524906227986
-0.879167808407846
-0.8907454421278089
-0.9002546979297351
-0.9038435205917007
-0.906939395345814
-0.9144382582356533
-0.9156318542857965
-0.9199409711873159
-0.9269832703284919
-0.930200545117259
-0.9318129029124975
-0.9357207695332667
-0.9432162921642885
-0.9449868455218772
-0.9454927707297934
-0.9484120890498161
-0.9776268699206412
-0.9799280681181699
-0.9805699814377087
-1.0038306120142806
-1.0040483066501718
-1.013083504098985
-1.0197429656982422
-1.0416960281630356
-1.0693738855421544
-1.0881071155890822
-1.0911031788215042
-1.1358213424682617
-1.1744463223343093
-1.220034796744585
-1.2279244638048112
-1.228607746772468
-1.2347734535578638
-1.2474775314331055
-1.3329450944438577
-1.3654765635728836
-1.3818285860179458
-1.3897444605827332
-1.44977618008852
-1.4538146916311234
-1.5288641665441294
-1.5674217343330383
-1.7129876529797912
-1.725501835346222
-1.7497408983690548
-1.762407326255925
-1.9901992678642273
-2.003206673078239
-2.0244336128234863
-2.2856989093124866
-2.5340856201946735
-2.560387601610273
-2.562553074210882
-2.601908076554537
-2.6116599682718515
-2.7453737964387983
-3.813574217259884
-4.048092762629191
-4.328474601109822
-4.3756899038950605
-4.62528932094574
-4.888547897338867
-4.949602127075195
-6.003796100616455
