-0.00039915222441777587
-0.05532889440655708
-0.13822061009705067
-0.1482908636389766
-0.15001041696120865
-0.15910859234697586
-0.16623043082654476
-0.16913646319881082
-0.17065142336858635
-0.18311559746507555
-0.19938388299196957
-0.2018982730805874
-0.21567036758642644
-0.21794980764389038
-0.2531403829634655
-0.2545250040323784
-0.2574464515117662
-0.2722243151469489
-0.28740789368748665
-0.2943349597820391
-0.33309285598807037
-0.3356502222207685
-0.34213558979536174
-0.37162432945333423
-0.3778143174131401
-0.37839218410954345
-0.402001627055662
-0.40901509672403336
-0.40976822801998686
-0.41830290422139016
-0.4194292957294642
-0.429809799744463
-0.43537777476012707
-0.43626795860190115
-0.4373635924421251
-0.43972712118152735
-0.4497106472762035
-0.4504346593046648
-0.453518004788618
-0.45555179375223814
-0.45662112906575203
-0.4569644312137825
-0.458215552681597
-0.45949015178692726
-0.4613562673330307
-0.4666461596886317
-0.4666774472221732
-0.46954107549099716
-0.47379797298344783
-0.4767672000452876
-0.4793231040239334
-0.48244605275491875
-0.48285087273688987
-0.483657069504261
-0.4865406531930603
-0.48712915451531963
-0.4876385308802128
-0.4945273148693256
-0.4956856628879905
-0.496003969758749
-0.4974635645178068
-0.4990224801003933
-0.5020404905080795
-0.5062201358377934
-0.5100861631799489
-0.5105998516082764
-0.5144549682736397
-0.5147700406275817
-0.5171690529855874
-0.5193976192801658
-0.5198119332393011
-0.5208023689090624
-0.523167097941041
-0.5239792720660463
-0.5251502534748786
-0.5275215208616715
-0.5279948132764548
-0.5287814771290869
-0.5313166454434395
-0.5314387987891678
-0.5322993423789739
-0.5366579897340021
-0.5372667537137333
-0.5388313566334546
-0.5396996811711384
-0.5401498904102482
-0.5422556043680137
-0.5423763196915388
-0.5443944210807482
-0.5457821480813436
-0.5470650745555758
-0.5481319965794682
-0.5527134462142291
-0.5536943984528383
-0.5538997399502584
-0.5540335768427213
-0.5542286857962608
-0.5578973396847914
-0.5625609159857655
-0.5647417198670155
-0.5667964405714884
-0.5686577800079249
-0.570917314325925
-0.571191229313576
-0.571349935606122
-0.5724583773149384
-0.5738409768790007
-0.5749206155260567
-0.5751538505553201
-0.5762297753244638
-0.5771431564070099
-0.578849958954379
-0.5797977383351989
-0.5798610139186167
-0.5812532622207073
-0.5834666793234646
-0.5842973327291474
-0.5867216739182671
-0.5875910734757781
-0.588029049407487
-0.5907087876403239
-0.5918565547734034
-0.594844110077247
-0.5952579802833498
-0.5953777625691146
-0.5977994529530406
-0.5983022792264819
-0.5983230019129613
-0.5984762664884329
-0.5990665773881899
-0.5999099330510944
-0.6004054775694385
-0.6028299044387845
-0.6029312343647083
-0.603508464669676
-0.605372674362734
-0.6057329165438811
-0.6071755124721676
-0.6074145385159682
-0.6077113195529414
-0.6081945130673165
-0.6094661956820346
-0.610805245488882
-0.6135691640200094
-0.6137159009716319
-0.6144371253641501
-0.6167261521368346
-0.6178244007084382
-0.6179776956676506
-0.6180283597980937
-0.6181732746772468
-0.6195167805999517
-0.6203208273276687
-0.6205306394165544
-0.6207120692348613
-0.6230046123978704
-0.6231962338671211
-0.6233846060931683
-0.6265463149175048
-0.6268310844898224
-0.6287874221277687
-0.6303309543679158
-0.6308035054632152
-0.6316128700143762
-0.6364596917461313
-0.6382250639929111
-0.6388137323097908
-0.6390461266578541
-0.63963805635467
-0.6396987484423099
-0.6401779384662708
-0.6407335357740521
-0.6424651891782773
-0.6432416518806121
-0.6435024458914995
-0.6453394284876792
-0.6456476079126462
-0.6482883464777842
-0.652313499401013
-0.6537976727595378
-0.6541122059047666
-0.6544072408705688
-0.6551252462621051
-0.6554690306170414
-0.6555694897378999
-0.6563371296972036
-0.6567629623473644
-0.6572502739727497
-0.6600347210575516
-0.6611220890887125
-0.6615536706935278
-0.6627829844946973
-0.6631293608807027
-0.6650504284124408
-0.6679659181409079
-0.6689318475877041
-0.6694158601201252
-0.6716646046412212
-0.67404578518694
-0.6742547950125299
-0.6756655023743708
-0.6757167329945203
-0.676112025960174
-0.67614089853123
-0.6763688967105488
-0.6764406317303767
-0.67680843765898
-0.6776880542787885
-0.6781642337553325
-0.6788960814675582
-0.6808832009042817
-0.6813943823120402
-0.6825316349445769
-0.6829725169911015
-0.6834722432554722
-0.6838187363565617
-0.6838466413970309
-0.6839675410934116
-0.6840147163612097
-0.6848439212602292
-0.6873709927353239
-0.6885404373802568
-0.6895401989895618
-0.6905008482972335
-0.690943556549471
-0.6909556993923616
-0.6913052909076214
-0.6925541906881941
-0.6928056199724476
-0.6936217458918691
-0.6956848964036908
-0.6974042323029911
-0.6983667929932751
-0.6988335829228163
-0.6999630406498909
-0.7003703746898585
-0.7005909563391469
-0.7012479729019105
-0.702616254709983
-0.7031490158988163
-0.7048853170126677
-0.7064541652798653
-0.70819984914528
-0.7093746140599251
-0.7106608690020428
-0.711466774965326
-0.7129952706662672
-0.7204504543248428
-0.7212739169247016
-0.7245019550642205
-0.725423091194696
-0.7263636160434999
-0.727147687744582
-0.7298351458961406
-0.7306782126677438
-0.7326898996980162
-0.7328188852181483
-0.7351091578831463
-0.7356868619586557
-0.739661144791171
-0.7418946923105978
-0.7433907967469168
-0.7448577286093496
-0.7478719896947345
-0.7483184068842093
-0.7489584757539888
-0.7524022149480061
-0.7535035742575928
-0.7546130627393722
-0.7547664388748672
-0.755134852003539
-0.759063691004283
-0.7592719660722651
-0.7618038766086102
-0.7619030135571977
-0.7629247284589837
-0.7644344529835507
-0.7644954828752412
-0.7669071014970541
-0.7671590736138872
-0.768311956173016
-0.7689136175279145
-0.7692854594594488
-0.7705061607062816
-0.7744321470778232
-0.77973473072052
-0.7866869160206988
-0.7876685635652393
-0.7910330668091774
-0.7954110479727711
-0.7972610294818878
-0.7980256905197166
-0.7995493412017822
-0.7996259078383445
-0.801038648024486
-0.8011505209869938
-0.8013704409037018
-0.8032251467142487
-0.8046887594585618
-0.8054759358951392
-0.8058410958518607
-0.8071023718118795
-0.8094369209821808
-0.8119517745111476
-0.8150400051169775
-0.8164389976183883
-0.8165109623223543
-0.8169812688886721
-0.8182232631176399
-0.820384107530117
-0.8205219784285873
-0.8212184192182121
-0.8224659256637097
-0.8226608639473424
-0.8234570845961571
-0.8240815712796414
-0.8256200323849043
-0.8295045192870829
-0.830133448044459
-0.8325204176362604
-0.8328238285612315
-0.8362330353178741
-0.8363749831914902
-0.8365510334778163
-0.8382802142644626
-0.8389512631110847
-0.8421782851219177
-0.8437766282295343
-0.845880442710768
-0.8470769421663136
-0.8482622411102057
-0.8488763751471803
-0.8517581029417569
-0.8520504281332251
-0.852338844537735
-0.852583394343128
-0.8526100690730594
-0.8534414400072659
-0.8536459701135755
-0.855962781328708
-0.8606107621400042
-0.8609966381586024
-0.8611702242569185
-0.8613331733146359
-0.8672637429554015
-0.8703496168891434
-0.8721983330324292
-0.8726790279033594
-0.874598987141831
-0.8756422767182812
-0.8773931642892421
-0.8789681114929928
-0.8796057619878815
-0.8851838735863566
-0.8858922951711485
-0.8867592210881412
-0.8883567920092901
-0.8912875818399092
-0.8947917009289894
-0.8962837805350622
-0.898318737000227
-0.8995314463973045
-0.9006055559730157
-0.9023497288322283
-0.9025884811126161
-0.9041398838162422
-0.9061580767993291
-0.9074320283252746
-0.907962887564541
-0.9091411430557249
-0.9096323419362307
-0.9133867403390468
-0.9150460506271985
-0.9175439594416983
-0.9192170745486187
-0.9203083192308744
-0.9208873960483793
-0.922336284967605
-0.9224136701086536
-0.9225909583927954
-0.9251179380549325
-0.9282615614356473
-0.9315360752865672
-0.9339881418272853
-0.9352048816169068
-0.9367886657516161
-0.9374947002157569
-0.9381697450007778
-0.9387217171490192
-0.938867419026792
-0.9417313737997373
-0.9419753563900789
-0.9419864040587527
-0.9428291751886112
-0.9455197850242257
-0.9465471497683211
-0.94669191332327
-0.948324284904326
-0.9493387134243676
-0.9494581367665281
-0.9500880142667383
-0.9504088691382094
-0.9517575736325752
-0.9526796990950757
-0.9533809896092862
-0.9603000453983744
-0.9617560962215066
-0.9631776444111892
-0.96399625091876
-0.9646251473750453
-0.9647000034650167
-0.9666499965694837
-0.9678434104173773
-0.9710450483382576
-0.9750082091916175
-0.9774554296662765
-0.9775908572599292
-0.9792611300945282
-0.9813237238478096
-0.9852746476729711
-0.9904083418659866
-0.9914822557924968
-0.9927726552067768
-0.9945029849097106
-0.9955937638878822
-0.9970998885110021
-0.9975672403088538
-0.9983989952930382
-1.0004730865359306
-1.0022462645545602
-1.0048244509056934
-1.0052933192087545
-1.0068224020734695
-1.0127110984509013
-1.017917660297826
-1.0179855254763324
-1.0180367261171341
-1.0189072287587806
-1.0281965888051672
-1.028694607783109
-1.0306984219893518
-1.0327166062262323
-1.0327180812933616
-1.0336002023476694
-1.0353362860623747
-1.0360412943280406
-1.0371191402276356
-1.0396066692968209
-1.0396924648334138
-1.0435779213439673
-1.0453341321517655
-1.0500816138727325
-1.051232765365421
-1.0515820980072021
-1.0532326903552789
-1.060222704312764
-1.061794580395404
-1.0620147498945396
-1.0685672197691423
-1.073057496076217
-1.0752800016198307
-1.078887970881624
-1.0812699033761721
-1.0864092655912307
-1.0911794593412196
-1.0946722234132014
-1.0951189270616106
-1.1000495154876262
-1.1050340433915455
-1.1053255308619958
-1.1205921584947243
-1.121139084562466
-1.121241297996312
-1.121968522047003
-1.1225781813263893
-1.1227767318487167
-1.1237509187388544
-1.1253660319273877
-1.1265448708953854
-1.1329229312638442
-1.133453216093282
-1.1349176157265901
-1.1370608513243496
-1.1386728314537322
-1.1406823623874516
-1.1423737083872159
-1.147738739848137
-1.1479635483313662
-1.1497800311044557
-1.149877915219501
-1.1532875448465347
-1.1537705154235784
-1.1548056062310934
-1.1562654451311876
-1.1612518134061247
-1.1665735291982335
-1.1745209475047886
-1.1811195313930511
-1.1821208229288458
-1.1913416966650403
-1.1938244989141822
-1.194201946557223
-1.1965563514580329
-1.1988202730814617
-1.2005735204244654
-1.2016717450959342
-1.2079234034754336
-1.2113342893620331
-1.214897407380208
-1.2160833161324263
-1.218918231126736
-1.2240247332624026
-1.2283866388090245
-1.2316515174457892
-1.2388725318014622
-1.2395117435604335
-1.2405703643647332
-1.2415731723724295
-1.2436971132244383
-1.2502610452162723
-1.2512876322492956
-1.252551998283525
-1.258642783621326
-1.2588512369891924
-1.26138037443161
-1.2618885162916162
-1.2620997189854581
-1.2657564861349075
-1.2744026817381382
-1.2750551782548427
-1.275895486275355
-1.2780077413966258
-1.2835616047183673
-1.2847918793559074
-1.2903069683115973
-1.2944780536166614
-1.2953500295158078
-1.2969122380018234
-1.2982297709211708
-1.299260029196739
-1.3098476332213198
-1.311419169108073
-1.3155538627567391
-1.3177647253808875
-1.3210618799939067
-1.3239806842591082
-1.3249658569693565
-1.335354485246171
-1.3597425784294803
-1.3620082307606936
-1.3673146307468413
-1.3686270542442798
-1.3826824327309926
-1.383295418295477
-1.3885454833507538
-1.3952802359466052
-1.3995739814958401
-1.4066125508397818
-1.4221987831923697
-1.423260709270835
-1.4270607175771146
-1.4278549300033774
-1.4432791834347882
-1.453404592660566
-1.459066311762269
-1.4634265005588531
-1.4656246769660357
-1.4734311732881906
-1.487454686635101
-1.5098629599008497
-1.5486335147482653
-1.5538441544132573
-1.5541232174243003
-1.5600024148821832
-1.5664697885513306
-1.5668168425300708
-1.5975967105478048
-1.6016329319349356
-1.6042978465557098
-1.6085433069383726
-1.6162349130318034
-1.6362339034676552
-1.6511264145374298
-1.6883943378925323
-1.7031027993985586
-1.718757229546706
-1.7276450097560883
-1.7310063196346164
-1.7368449590867385
-1.7404091762644904
-1.7410101890563965
-1.7488174721598626
-1.752126157283783
-1.7726165242493153
-1.7738840487798169
-1.774395649631818
-1.7767308950424194
-1.7805219107152273
-1.7805883092805743
-1.7959066405892372
-1.8121310770511627
-1.8127288222312927
-1.8174459300935268
-1.8190477818250657
-1.8863726677761103
-1.8977919220924377
-1.90588568909637
-1.915148138999939
-1.9401353411376476
-1.9419998526573181
-1.9610501438379289
-1.968523861297096
-1.9898996353149414
-1.9952719053253531
-2.007338116876781
-2.01014044880867
-2.011757552623749
-2.013822916895151
-2.01965993642807
-2.038212676061708
-2.045262996852398
-2.046245785197243
-2.061420440673828
-2.0634811762720346
-2.084148794412613
-2.0991640090942383
-2.1124623984098436
-2.125365123152733
-2.17732173204422
-2.197355419397354
-2.203534265359243
-2.2272054463624955
-2.2339439392089844
-2.236648353934288
-2.24349008500576
-2.263076812028885
-2.2785127758979797
-2.28021103143692
-2.3316001277416945
-2.346710133831948
-2.3899047798477113
-2.4051837964604297
-2.426006187995275
-2.427033375017345
-2.4409304287750273
-2.4439619767169156
-2.4565251792470613
-2.4803757444024086
-2.4834769195877016
-2.4848247865835824
-2.489423158764839
-2.5595467189947763
-2.802054524421692
-2.8672224543988705
-2.8808450841655335
-2.881787530845031
-2.9246201179921627
-2.9717781466897577
-2.9787269376218317
-3.066741794347763
-3.0960977971553802
-3.1602014303207397
-3.172275008400902
-3.210755705833435
-3.2254613637924194
-3.25243191793561
-3.273229718208313
-3.28874538342158
-3.395837922890981
-3.820770800113678
-3.8702519834041595
-4.453152656555176
-4.631187856197357
-5.82402499516805
-5.960954507191976
-6.170838038126628
-6.265915870666504
-6.657960414886475
-6.686414003372192
-7.171525955200195
-7.171994686126709
-7.732690811157227
-7.972674369812012
-8.54580020904541
-8.967357635498047
-9.663275718688965
-10.187064170837402
