-0.001239556324435398
-0.004450417123734951
-0.010448264268537363
-0.014765710725138584
-0.018468802532879636
-0.026024796068668365
-0.02730010263621807
-0.09648998151533306
-0.1348637139890343
-0.15996499712179815
-0.17181138166051824
-0.17653087340295315
-0.17918502941029146
-0.18380782578606158
-0.19342949500423856
-0.19631949439644814
-0.21107499190839007
-0.2321821441873908
-0.266912837784912
-0.26750631302890654
-0.2683259387397104
-0.2714741835134191
-0.2731262845918536
-0.2742050070858871
-0.2796790022403002
-0.27992740250906184
-0.2842714053404052
-0.29492101485979777
-0.2974980484344727
-0.3012600793808815
-0.30266688470025355
-0.30343887345710147
-0.3041124173044712
-0.3071819136013801
-0.30755259983480854
-0.3088560683419928
-0.3110026138100592
-0.31364695788535757
-0.3153650170536891
-0.31867958247312345
-0.32017168736395735
-0.3236777570709819
-0.32936589575983816
-0.33431243762165
-0.3398228782794571
-0.3401200443659036
-0.3409293497313262
-0.34131175061506486
-0.34240387457302185
-0.3427353366278112
-0.3433011898632685
-0.3468757154949708
-0.3495306081233139
-0.3502896189844857
-0.3549961778335273
-0.35551943618985304
-0.3587625419604592
-0.3589690215482863
-0.36028952896595
-0.361993189540226
-0.3629345445180661
-0.3636954699107134
-0.36891503765114714
-0.37263427912839686
-0.3740952403284609
-0.37642660816911505
-0.3785233859250891
-0.3806483546330128
-0.3862043017114047
-0.38669144686900836
-0.38788409878785995
-0.3880628844878326
-0.3904577633365989
-0.391188635439475
-0.3954754435108043
-0.4007790945470333
-0.40425538015551865
-0.40593660935483056
-0.4077300489750794
-0.41010810469742864
-0.411563385593971
-0.414069524433996
-0.4160934818646638
-0.4172437094151974
-0.41870468384513515
-0.4188934791920474
-0.42074553010752425
-0.42152366566006094
-0.423119350685738
-0.4242513227800373
-0.425094667263329
-0.42541883801459335
-0.42554037904909786
-0.4313962478399449
-0.43403824867298524
-0.43619786360504803
-0.4376255855119477
-0.4376403200493025
-0.43768448154959416
-0.43801710499974433
-0.4400131279253401
-0.44052501856931486
-0.4450474074110389
-0.4458439528114266
-0.4459013792576774
-0.44688792078522965
-0.45018013239023275
-0.45174107132479546
-0.4540025475656876
-0.4546875752712367
-0.45760071826710674
-0.4581985711120069
-0.45909315317112487
-0.46172469505108893
-0.46206683655165964
-0.463787928120492
-0.4640609942200725
-0.4644001380850871
-0.4647405271534808
-0.4652160643082526
-0.4668398385911132
-0.46942893585655837
-0.4706466601761349
-0.4706627117458993
-0.47197333601271285
-0.47439054430287797
-0.47453366263976526
-0.4755947896515459
-0.4764941360594498
-0.47775818267837167
-0.4789000264601782
-0.480265236908703
-0.48215210866959146
-0.4825047097568001
-0.4831789333173739
-0.48369480498755973
-0.48457912788726387
-0.4853489549830556
-0.48547726924189194
-0.48667847411707044
-0.48692074807808366
-0.4874453030918774
-0.4882181897540393
-0.4918004575819295
-0.4927069992736506
-0.49275617640887504
-0.49437907884130255
-0.49489501118659973
-0.49517678655683994
-0.4958261019870406
-0.4966189862694591
-0.4972785525722429
-0.4982199480326103
-0.49828717289492486
-0.49968296522803773
-0.5004078843514435
-0.5014712581178173
-0.5023908973998914
-0.5041223046454516
-0.5046948125319821
-0.5050405166839482
-0.505617680537398
-0.5056532176211477
-0.5063956123776734
-0.5065384750720113
-0.5066366630140692
-0.5075037848087959
-0.5097142211639688
-0.512129591498524
-0.5127472227239716
-0.5145440669730306
-0.514731237742429
-0.5150271701647646
-0.51596198764164
-0.5168058870670696
-0.5175022649992671
-0.5175348104655443
-0.5177495207171887
-0.5201225569148341
-0.5202034002439561
-0.5208205030081444
-0.5221818367559039
-0.5223435324891894
-0.5223459494817588
-0.5249182659370656
-0.5260097256327486
-0.526946670259349
-0.5298067823951853
-0.5301398216251982
-0.5313041526107833
-0.532089444472351
-0.5375464311800897
-0.5376734361052513
-0.5395040787746742
-0.5407267313421471
-0.5433124229829345
-0.5440412884578109
-0.5451883135951663
-0.547671103803441
-0.548604054926222
-0.5490070645464584
-0.5493834298104048
-0.549390035495162
-0.5505320347017713
-0.5525264572352171
-0.5527109635683397
-0.553626711369725
-0.5566812607770165
-0.5567598509100767
-0.5570358913391829
-0.5581444662762806
-0.5588509073277237
-0.5608218075034933
-0.5611267277272418
-0.5621742111730522
-0.5631491225988915
-0.5631720216479152
-0.5643051263614325
-0.5655706975376233
-0.5658233664464205
-0.5689613613998518
-0.5710286964507153
-0.5710696551017463
-0.5719727896153927
-0.5731070288456976
-0.5742172808240866
-0.5782217658124864
-0.5816453092847951
-0.5821529403328896
-0.5832036526075431
-0.5839781616659214
-0.5853916220366955
-0.5883965166285634
-0.5895886055447839
-0.5897246364329476
-0.5919399990567139
-0.5930586537449725
-0.5948570999316871
-0.5953037369597171
-0.5954817181029486
-0.5968161406053696
-0.5975391053943895
-0.5980621210944194
-0.598181615107751
-0.5993693538734483
-0.5999645635685218
-0.6005621351083391
-0.6006990937582616
-0.6012593178638781
-0.6029252432286739
-0.6076187930690745
-0.6115409537839392
-0.6116358964742782
-0.6125730750500225
-0.6132469935608762
-0.6135734968508283
-0.6161948847584426
-0.616205592240606
-0.617119217912356
-0.617359041786668
-0.620217889547348
-0.6214781412854791
-0.6221386009295072
-0.6227369817352155
-0.6244139012235862
-0.6247048125903044
-0.6267349169855672
-0.6271679471828975
-0.6272049587116473
-0.6293617561459541
-0.6293889796361327
-0.6307001274212131
-0.6325393586109082
-0.633017403206655
-0.6350669413805008
-0.6357876872643828
-0.6370500883087515
-0.637253136994938
-0.6394843225716613
-0.643769722017977
-0.6481386272547146
-0.6482436518805722
-0.6488009508360516
-0.6495464055591987
-0.6499597049384777
-0.651659564464353
-0.6522253651071677
-0.653285020031035
-0.6555912386393175
-0.6583444321384797
-0.6597375059500337
-0.6600631126202643
-0.6612678406915317
-0.6618213686708581
-0.664421907014912
-0.6667417466900695
-0.6703389399529746
-0.6746643314836547
-0.6753911296448981
-0.6779297350772789
-0.6792277528697418
-0.6792931379750371
-0.6799554941503124
-0.6814471286322389
-0.6837114031825747
-0.6838271275162697
-0.6846082590313421
-0.6885455490389306
-0.6888342222405804
-0.6894605365038539
-0.6896744532776731
-0.6898861656663939
-0.6908724894747138
-0.6910702579030343
-0.6969088620195786
-0.7012738240882754
-0.7081438538152725
-0.7093168505363994
-0.716262880153954
-0.7170506032028546
-0.7185761485514897
-0.7192907612770796
-0.7202329504070804
-0.7240236976649612
-0.7273506658384576
-0.7294285651296377
-0.7335800440050662
-0.7416121149435639
-0.7418491438031196
-0.7460316916306814
-0.7485970510169864
-0.7557787622441537
-0.76171901950147
-0.7649059405084699
-0.7703524731720487
-0.7715818637183735
-0.7737663509324193
-0.7831796967324668
-0.7875840057929356
-0.7902595984439055
-0.7994294711097609
-0.801085110125132
-0.8076030327938497
-0.8108113601803779
-0.817603436857462
-0.8230262617580593
-0.8238601752867302
-0.8282468524218226
-0.8326375311298762
-0.8351011576130987
-0.8391960703302175
-0.8460535413663214
-0.8492806150170509
-0.8497458845376968
-0.8523691048903856
-0.8610604262988394
-0.8674247123766691
-0.8728559582959861
-0.8813959434628487
-0.8831648874495711
-0.887583343933026
-0.8929987364681438
-0.8997779877058097
-0.902571590631851
-0.9121513376012444
-0.9192409551081558
-0.9255299095530063
-0.9274264646228403
-0.9569696297403425
-0.9620036339232078
-0.9866175742819905
-0.9878359091817401
-0.9978491778485477
-1.0040550496196374
-1.0096103615360335
-1.0135943081695586
-1.025584514066577
-1.0290714893490076
-1.0303408801555634
-1.0494077942857984
-1.0561281621456147
-1.0665490850806236
-1.0812539756298065
-1.081789181412508
-1.0838143602013588
-1.0969245299696921
-1.105125002656132
-1.1080903708934784
-1.1110387224859248
-1.122808972063164
-1.1315667753418286
-1.136631976859644
-1.138098917156458
-1.1423304932191969
-1.150087694823742
-1.1568614646792412
-1.157200187444687
-1.1591701284982263
-1.1605252143926919
-1.169630904495716
-1.1710384445032105
-1.1768778966118891
-1.1793799608945847
-1.2010946394875646
-1.2019035887594025
-1.2106632568873466
-1.2313087454531342
-1.2330572824575938
-1.247739017009735
-1.2540968731045723
-1.2547028729692102
-1.2657800220884383
-1.2712829999315243
-1.3487104699015617
-1.3691388231818564
-1.4066084986552596
-1.4231628496199846
-1.4396801539696753
-1.4546354800462722
-1.455138163268566
-1.45783531665802
-1.4746294889599085
-1.4808808378875256
-1.4825602122582495
-1.4916360640898347
-1.5205525998026133
-1.5304440180771053
-1.5435068772058003
-1.5859147310256958
-1.5885596573352814
-1.5916080872217815
-1.6033001796652873
-1.6115239663049579
-1.640182539820671
-1.6460756957530975
-1.6480525298975408
-1.6608057121435802
-1.6612725681625307
-1.69792436559995
-1.7017089154881735
-1.710187554359436
-1.7388212606310844
-1.7610916318371892
-1.7681732773780823
-1.8174169063568115
-1.8432654204467933
-1.8768608967463176
-1.8833037215129782
-1.887465198834737
-1.8913801461458206
-1.9102947196612756
-1.9210635786876082
-1.9785781617974862
-2.00804274280866
-2.0621359944343567
-2.0759134657370546
-2.0779065638780594
-2.1478624041968337
-2.1649762683858476
-2.1747075729072094
-2.210034132003784
-2.2102690637111664
-2.239004691131413
-2.304500616310785
-2.3492650819049836
-2.349777899682522
-2.501605361700058
-2.515885416418314
-2.5439116805791855
-2.582408825556437
-2.618552565574646
-2.6226083040237427
-2.6392582654953003
-2.6437965035438538
-2.6543052196502686
-2.7290709670633078
-2.732242077589035
-2.758727042004466
-2.8189884424209595
-2.829320192337036
-3.050798498094082
-3.130351291038096
-3.159014344215393
-3.2710936864217124
-3.3338506435975432
-3.391119956970215
-3.4373594450298697
-3.5054101943969727
-3.5185122787952423
-3.520541191101074
-3.813769981265068
-4.506780028343201
-4.702059745788574
-4.772182643413544
-8.472867965698242
-8.567058563232422
-9.178269386291504
-10.087041854858398
