-0.023295944633900945
-0.11413855996797792
-0.1446927109034732
-0.21089505419755974
-0.21442804445041475
-0.2305122590785365
-0.23061615822057824
-0.23068802353736828
-0.23825039496205136
-0.24877153645427136
-0.25361426721510727
-0.2541837932767016
-0.2577781140718928
-0.25902266912466815
-0.2627673855865231
-0.2638246992556608
-0.26535834370201883
-0.2683753233602854
-0.2706772585798994
-0.272582495915605
-0.28033413668176765
-0.2813232405937098
-0.28350138738743325
-0.2852163931924036
-0.28781861592860397
-0.29071843326004027
-0.2932455778107916
-0.29343208618843164
-0.2955642433267852
-0.29684243391917725
-0.2973049306212353
-0.302935350324885
-0.3032080338661813
-0.305380953915422
-0.3118590870326443
-0.312634365786275
-0.3136740215136342
-0.3140496495528363
-0.3143836938224922
-0.320568101574631
-0.3228835516089522
-0.3239283852178687
-0.3246453331827339
-0.3294734986816209
-0.3379632169040633
-0.33852061364737335
-0.33924866424975636
-0.3405462119234244
-0.34102631615370715
-0.3483793462008862
-0.35161254454462526
-0.3548857816060263
-0.3576424845614383
-0.35848361399765355
-0.3595654465102598
-0.36044482192930444
-0.3611302698314426
-0.3626418793050777
-0.36317798017335007
-0.36392875644094147
-0.36523017897505067
-0.36616622255973197
-0.3672936167907513
-0.367798556573689
-0.3699778275574772
-0.3753468692302704
-0.3766190600052774
-0.37698168688779043
-0.3790213665398551
-0.38429387847297575
-0.38444432924980526
-0.3856641709496387
-0.3876993798772067
-0.39530810135721156
-0.4031729772993419
-0.40547017627104653
-0.40946787804568885
-0.41387163113613495
-0.4167277001567224
-0.41795074214072275
-0.41870531969338615
-0.4214831498179895
-0.42941925305422046
-0.43499074908031615
-0.4606949354985353
-0.4626176854847775
-0.4661784590319836
-0.47563933729207536
-0.47601055602232617
-0.47752162007068716
-0.47775507736514555
-0.47804871943247107
-0.4872582871466875
-0.4904046970492345
-0.5099445405649021
-0.5296092528567117
-0.5308087212356946
-0.5399907847919773
-0.5470290971736956
-0.5604304886156959
-0.5617715399712324
-0.5630848145578057
-0.5652041166467825
-0.5660551968758227
-0.5692979712197981
-0.5757818617051023
-0.5799767513422661
-0.5802828034714118
-0.5916431685909629
-0.5951162077589498
-0.6005168697496023
-0.6048496067523956
-0.6207458481388001
-0.6332140199840068
-0.6367092662233821
-0.6648056964972057
-0.6653266548295506
-0.6761195154783005
-0.7271378082223237
-0.728557437442214
-0.7296568274497985
-0.7428695311148962
-0.7549605151871219
-0.7561395689845085
-0.8349323714307199
-0.8538756517809816
-0.8629843251158794
-0.8832999082967743
-0.9181679047178477
-0.9397816628528138
-0.9910518178716302
-1.0034537635122736
-1.0665199858136476
-1.153169385594083
-1.2763461023569107
-1.3342295587062836
-1.3700909068187077
-1.4108703004021663
-1.4425475597381592
-1.474618501320947
-1.5551142431795597
-1.5934590051571529
-1.6644054679200053
-1.833890083245933
-1.9609609544277191
-3.0263987630605698
-3.8326061815023422
-6.09991717338562
