-0.003847341053187847
-0.022742433473467827
-0.07967606683572133
-0.09020939022302628
-0.13434268906712532
-0.18934519914910197
-0.1945147754934927
-0.21265494376420974
-0.2134398246804873
-0.21867559810302087
-0.22714478336274624
-0.26549230438346666
-0.2729547883849591
-0.32139302192566294
-0.32914947264362127
-0.3539687723852694
-0.3730040007038042
-0.37453486845479345
-0.3781281184637919
-0.3822306494952904
-0.3921446139730896
-0.39814386584196026
-0.3992049574153498
-0.4005017278250307
-0.4010143221045534
-0.417218735622656
-0.4175332859158516
-0.4366525363212157
-0.4388569775702698
-0.4398973287083209
-0.4418745187244245
-0.44505078803879716
-0.4516503680788446
-0.45181384346344405
-0.46045283629942346
-0.46202034773305056
-0.4650425207873923
-0.4668764332404862
-0.4687764116562903
-0.4692570101004094
-0.4700661634095013
-0.4738166311548816
-0.4802899303446923
-0.4823044215639432
-0.48390769703440706
-0.487682478222996
-0.4878606468749543
-0.48885791034748155
-0.4896157822675175
-0.49453340222438175
-0.49560138331726195
-0.5003362322226167
-0.5022531968541444
-0.5046248659491539
-0.5051561732672982
-0.5091781828552484
-0.5110214855987578
-0.5129147138820068
-0.5135362881316853
-0.5144778109026543
-0.5153603821182279
-0.51619853079319
-0.5167297445561793
-0.519587424013298
-0.5234740236869584
-0.5237254821790884
-0.5242431823992066
-0.525245922627164
-0.5254006436880445
-0.5292741432630768
-0.5294654146311115
-0.5305808000266552
-0.5306033997767372
-0.5307579974474008
-0.5327596814837307
-0.5352712992296021
-0.5356715443385138
-0.5368161933242689
-0.5402967876123449
-0.5409574250520761
-0.5415770145812228
-0.5423711006210565
-0.5448718455912828
-0.5451455861330032
-0.54540135797245
-0.54568235501647
-0.5491083094306911
-0.5506666846839445
-0.5518662922549993
-0.5528503395675216
-0.5544672948308289
-0.5551436861981832
-0.5555594423881303
-0.5563153688795864
-0.5582827482463645
-0.5607984533485053
-0.5616394025273621
-0.5638859623577446
-0.567905120117454
-0.5690277139971537
-0.5723698523045945
-0.5727328520216461
-0.5730105862021446
-0.5746476739983667
-0.5755137991954353
-0.5805316646583378
-0.5809406677440815
-0.581005681521674
-0.5833692642511724
-0.5840865969657898
-0.5850809505209327
-0.587162351491861
-0.5873055527918041
-0.5912855709544741
-0.5917276802605816
-0.5977631624167165
-0.5995229379994903
-0.6004403900192119
-0.6009048081396031
-0.6030966397840529
-0.6036746720856172
-0.6054354627733118
-0.6073248043517196
-0.6075781249613404
-0.6078230853225092
-0.6101329589728266
-0.6116213826722482
-0.6133274951425847
-0.6144887155617956
-0.6168866866927212
-0.6182941451529587
-0.618823648042356
-0.6194887239951641
-0.6196864009226292
-0.622813171955689
-0.6252599359593458
-0.6260334469252006
-0.6293696843071799
-0.6310108316700078
-0.6323103390618185
-0.6329111745581031
-0.6357463488648136
-0.6360335478093475
-0.636593802832067
-0.6383069167206485
-0.6393122967407786
-0.6408596452473341
-0.6420838586696845
-0.6431191687782606
-0.6445421730833394
-0.6498450570506975
-0.6509959647162098
-0.6518976271013344
-0.6522737703117645
-0.6549152118378039
-0.6551567295548291
-0.6561670773662627
-0.6565568660568845
-0.6574136232541475
-0.6594258508476531
-0.6594989227340556
-0.6610513330540724
-0.6659087962121703
-0.6664650310163919
-0.6666023570722149
-0.669573711574958
-0.6702248165290803
-0.6720759796188213
-0.6773136098636314
-0.6774514918215573
-0.6811567544937134
-0.6823444652625106
-0.6849608938359512
-0.6863381216923395
-0.6883129622862422
-0.6903329615227201
-0.6912784079710642
-0.6916466821276117
-0.6972650430398062
-0.6978138850794898
-0.6987447088778329
-0.6999232198308724
-0.7005296360701323
-0.70120085850358
-0.7014620788312251
-0.7026985790153655
-0.7066460260086589
-0.7081086450877289
-0.7081244521541521
-0.7090498556382954
-0.7105583014587561
-0.7125207144534216
-0.7139311731094494
-0.7140544715027014
-0.7181137183991572
-0.7188180486361185
-0.7200660482980311
-0.7216323449586829
-0.7216816792885462
-0.7231626093248451
-0.7235255936781565
-0.7243167453445494
-0.727694031704838
-0.72773159686476
-0.7288551886565984
-0.7339314054697752
-0.7369378224353899
-0.740153277650409
-0.7434271530558666
-0.7434436909388751
-0.7447908304493467
-0.74574490947028
-0.7461657611032327
-0.7466348807017008
-0.7496724481295262
-0.7506164890219225
-0.7514199714430354
-0.7514317543911082
-0.7523047983084004
-0.7540838912129402
-0.7560250615434987
-0.7563902755267918
-0.7582661764075359
-0.761937765404582
-0.763534230645746
-0.766551531618461
-0.77198549384983
-0.7722741928882897
-0.7728817891329527
-0.7732151210463295
-0.7772895259161791
-0.7787657905816255
-0.7815367714734748
-0.7839176660058406
-0.7841993410838768
-0.7856038175523281
-0.7860070802271366
-0.7871280963429146
-0.7882347002935907
-0.7888036352087511
-0.7938792317484816
-0.7958208373953205
-0.7978274133056402
-0.8002189589486293
-0.8013329426757991
-0.8035692806943724
-0.8038173526729224
-0.8058734729420394
-0.8087785750627517
-0.8092110296711326
-0.8115822568535804
-0.8117855886618296
-0.8122262682300061
-0.8143326088320464
-0.8144251969642937
-0.8160367080542658
-0.8169358044862747
-0.817245909490157
-0.8176872981712222
-0.8218789164481374
-0.8231129613187578
-0.825168925581238
-0.8278722678311169
-0.8295381858479232
-0.830446333065629
-0.8385511085391044
-0.8396795985421964
-0.8408964537084103
-0.8409796578111127
-0.8410270416902171
-0.8444352664228063
-0.8481093066729954
-0.8485553468474083
-0.8504179656971246
-0.8505547875538468
-0.8519967789980001
-0.8523840396781452
-0.8536872447584756
-0.856371936465924
-0.8569754213094711
-0.8574491441249847
-0.8600678221684777
-0.8611724457836577
-0.8638493080756494
-0.8669446531217545
-0.8669457582032515
-0.8670314859066691
-0.8671168309869245
-0.8697798127308488
-0.8703841885435395
-0.870489985940771
-0.872572279535234
-0.8737321170823028
-0.8751240550656803
-0.8787687910454614
-0.8806906325262389
-0.8816904940176755
-0.8819457488134503
-0.8822617917321622
-0.8824668540425288
-0.8830517840882143
-0.883349581222449
-0.883779400633648
-0.8842859782453161
-0.8842991295839764
-0.8882461767449664
-0.8891732728574425
-0.891467518376885
-0.892428632080555
-0.8930856382681264
-0.8932370610709768
-0.8935340638272464
-0.8941945653408766
-0.8945982915659746
-0.8970114796732863
-0.8982861339231022
-0.898996849440866
-0.8992282018686334
-0.9024814164731652
-0.903274675947614
-0.9033048514276742
-0.9034124478283856
-0.9075216064229608
-0.9080846647598914
-0.9089603546474662
-0.9114882174879313
-0.9120683014967653
-0.9131979168923863
-0.916191085241735
-0.9168394032037921
-0.917564888112247
-0.9232799406680796
-0.9240043572416263
-0.9243620612791607
-0.9249692506200518
-0.9249801273856845
-0.9287275878790145
-0.9287908376194537
-0.9300606221891939
-0.9323685738361545
-0.9325216356664896
-0.9332037540928771
-0.9355400457978249
-0.9356002886262205
-0.9358669386969672
-0.9362270160216011
-0.936776441625423
-0.9368344289832748
-0.9376688420824293
-0.9382752447854728
-0.9392051845788956
-0.9395816230163392
-0.9402705997228622
-0.9413225161177772
-0.9430681911532398
-0.9463710101055247
-0.950731101911515
-0.9507354842717177
-0.9519093716775792
-0.9544270051022371
-0.9551024362444878
-0.9552637448214227
-0.9557895482052118
-0.958696026665469
-0.9603209492883512
-0.961943298112601
-0.9641935481224209
-0.9667179555632174
-0.9671568227931857
-0.9702975787222385
-0.9778463682159781
-0.978318575902709
-0.980059217609879
-0.9805300273001194
-0.9814470351208001
-0.98404993978329
-0.9846359103918075
-0.987810644424624
-0.9894865661238631
-0.9917466703336686
-0.9918906634880437
-0.9926015287637711
-0.9932710379362106
-0.9970721787394723
-0.9987714391201734
-0.9997117233773073
-1.0005576759576797
-1.0025435141287744
-1.0037627041805535
-1.0058920723386109
-1.0080214313098363
-1.0116466600447893
-1.0124329992637893
-1.0149442726937454
-1.0168485283851623
-1.0182102605700494
-1.0207620757735438
-1.0212122878059744
-1.024382024471249
-1.0257524008047767
-1.032638229044096
-1.0329780222641096
-1.037556151393801
-1.0423370942473411
-1.0446191979572177
-1.0461302176117897
-1.0464745087416045
-1.0470536549886067
-1.0491226226091386
-1.0497214450035244
-1.0544113399727004
-1.0552787433067958
-1.0559459878131747
-1.0589790016412735
-1.061589578233127
-1.0634469620085187
-1.0635007346669834
-1.0636710836843122
-1.0636975347167916
-1.0652862042188644
-1.0677850068190309
-1.0682344950660732
-1.077536627650261
-1.077855758368969
-1.0814552586525679
-1.0826697771204636
-1.0830369219183922
-1.0839052622963208
-1.085817844540413
-1.0859684912221772
-1.086852887911456
-1.0874177704875667
-1.0883346579761968
-1.0897199733049743
-1.0925054972816723
-1.0934527119621635
-1.0948188511732344
-1.0948590948537458
-1.0982935635450606
-1.1001006811857224
-1.1018988918970405
-1.1051864153487259
-1.121057204902172
-1.1250760820694268
-1.1277066126465798
-1.1289452262222768
-1.1313293337821961
-1.1402740741032176
-1.1404168521985412
-1.149503916501999
-1.1498199662193656
-1.155016966164112
-1.155510407415152
-1.1574425840226468
-1.1645038969739592
-1.1684278114892852
-1.1709075301187113
-1.171595166126887
-1.1770428816477458
-1.1785920508130705
-1.1797104608267546
-1.179975859068301
-1.1850538402795792
-1.1953909628403683
-1.196884925166766
-1.2028115051133292
-1.2048724539502775
-1.2216464482247829
-1.221869279940923
-1.2234736735117622
-1.2259060756436415
-1.2319824919104576
-1.2352124102180824
-1.2380987306435902
-1.2416842636885121
-1.2463694885373116
-1.2555341785773635
-1.2616267427802086
-1.2628288581534954
-1.2644574344158173
-1.2690200135111809
-1.271959826350212
-1.2722148959791022
-1.2804886798063915
-1.29446294112131
-1.296308159828186
-1.3251186311244965
-1.3299967104685493
-1.3556838468648493
-1.366358369588852
-1.3672951144981198
-1.3705906757192376
-1.378049078087012
-1.3812483648459117
-1.4013848900794983
-1.4203622937202454
-1.426397985033691
-1.4282732456922531
-1.4382701516151428
-1.441050373017788
-1.4477931748454769
-1.4680663816630841
-1.4721854649484158
-1.4738085468610127
-1.4811651806036632
-1.5226498246192932
-1.5247701719403266
-1.5340575675169628
-1.5663710832595825
-1.5779794951279957
-1.6038322784006596
-1.6040924626092117
-1.6056404309347272
-1.6095453798770905
-1.6151487226597965
-1.619288730621338
-1.6247978210449219
-1.6262974619865418
-1.6301541840657592
-1.642863432566325
-1.6530733704566956
-1.6713810009881853
-1.6838692454621196
-1.685356855392456
-1.7016246020793915
-1.7136252768104896
-1.7159903248151143
-1.7184852389618754
-1.7464391589164734
-1.7684861063957213
-1.7777678191661834
-1.7898046771685283
-1.8057880997657776
-1.8110195100307465
-1.8138252675533295
-1.8228408098220825
-1.9366017344097297
-1.9411526501178742
-1.943848307539156
-1.9446589350700378
-1.9558810989061992
-1.9630956053733826
-1.9644933541615803
-1.9697256684303284
-1.976181149482727
-2.0259538888931274
-2.030604839324951
-2.0465384125709534
-2.052708864212036
-2.0761368945240974
-2.1111175417900085
-2.1484281420707703
-2.1756593187650046
-2.194338768720627
-2.2033968567848206
-2.2359259128570557
-2.2637293338775635
-2.2672650814056396
-2.290512263774872
-2.3579309582710266
-2.5028667226433754
-2.679096221923828
-2.984171509742737
-2.9912949800491333
-3.006932258605957
-3.053872600197792
-3.1779613494873047
-3.200353667140007
-3.203029779717326
-3.27710497379303
-3.3004900217056274
-3.4261962454766035
-3.5377665758132935
-3.7588882446289062
-3.9285696744918823
-3.9772186279296875
-4.220240592956543
-6.095832824707031
-7.986579895019531
