-6.615896563744172e-05
-0.044453542213886976
-0.08927206057705916
-0.10356980426392208
-0.11827799212187529
-0.14843368712657443
-0.1489839218556881
-0.16554395761340857
-0.16701097693294287
-0.18140400795891765
-0.19230091506947897
-0.1929475641809404
-0.2198590990046796
-0.2409808295487892
-0.24391479045152664
-0.2526664510369301
-0.26096701105780085
-0.26555251782701816
-0.2751977122235985
-0.278732229443267
-0.2800803519785404
-0.28119119408074766
-0.2896090605451415
-0.2901916944594834
-0.3291891647968441
-0.33089515397700275
-0.33625391870737076
-0.3412384868832305
-0.34429062869094196
-0.35762050597259076
-0.36278357721021165
-0.36362753708817763
-0.3646860942899366
-0.36476818930047256
-0.36577208340168
-0.37101705824690207
-0.37844865024089813
-0.38122417863147956
-0.3942547041515354
-0.4012849916703999
-0.40732242725789547
-0.4134580456884578
-0.41600591721944513
-0.4164799075418462
-0.4229050248475687
-0.42712506868338096
-0.4299685298290569
-0.43022009803422
-0.43673308795550836
-0.4397738161373127
-0.4422901469748467
-0.4434865419561902
-0.4451363688815036
-0.44596718717366457
-0.44725698387537705
-0.44894460763171085
-0.45175173364841614
-0.45694837880520417
-0.4594180588416445
-0.4610439424170181
-0.4658198544784682
-0.46944311901461333
-0.47182542144435047
-0.4750295012919184
-0.47846840273788466
-0.4788456193304488
-0.4802725733413051
-0.4806585232209828
-0.4868648867244833
-0.4873820983339101
-0.48747123324489317
-0.4882234990363713
-0.492633632387727
-0.49270120486617086
-0.4950620963354595
-0.49858631449751556
-0.4995260730642697
-0.5011866480732957
-0.5038040140810024
-0.5048086316965055
-0.5053449453165134
-0.5056239156867377
-0.5063868100599697
-0.5081346588267479
-0.5097970541144605
-0.5187949361969475
-0.5201085607496189
-0.5213971178974524
-0.5238525795769723
-0.5274227783083916
-0.5299626993822001
-0.530586119424293
-0.5323000326399259
-0.5334762090885002
-0.5335894102017846
-0.5338141526095569
-0.5345783485099673
-0.5347449924382899
-0.5350394087435916
-0.5359276022762061
-0.5362698817852005
-0.5370773635804653
-0.5375837894389406
-0.5377678445220226
-0.5378395242483488
-0.5382942892222976
-0.5389698217823025
-0.542995521263947
-0.5444958671694622
-0.5456623416393995
-0.545728486351436
-0.545952063983835
-0.5482892305008136
-0.5497878963127732
-0.5498617208540963
-0.550338337168796
-0.5505839123701056
-0.5532103174233011
-0.5532484542578459
-0.5533505438419525
-0.5537979325551229
-0.5561369038186967
-0.5562448711134493
-0.5573796233576205
-0.5574513995753867
-0.5600699851661921
-0.5611214892938733
-0.5611800050828606
-0.5618293743638787
-0.561947354208678
-0.5635020091722254
-0.5676403071265668
-0.5685916032331685
-0.5687062341451868
-0.5688614887330914
-0.5693930602545152
-0.5694884824167404
-0.5707904273873636
-0.5722724284216419
-0.5725964478842798
-0.5737666149507277
-0.5746773469594851
-0.5752897536648172
-0.5759656707523391
-0.5784608282459279
-0.5785834618533651
-0.5786011323022345
-0.5798734843987843
-0.5810880794539277
-0.5825499111476043
-0.5832705589543495
-0.5839679857890587
-0.5853183025494217
-0.5856413541798197
-0.5859126613608429
-0.5861088198143989
-0.5878236188291339
-0.5878784116768656
-0.5886449843895173
-0.590275495313108
-0.5923936050385237
-0.5931014007437625
-0.5938071644542595
-0.5938198754738551
-0.5959179943699079
-0.5965747011027166
-0.5975846532732249
-0.5976428649388253
-0.5977736453060061
-0.5982375210248089
-0.5984235689531658
-0.5989662293388391
-0.60072855099008
-0.6020489550622491
-0.6026302241491442
-0.6030725794262253
-0.60334479494486
-0.6038299830630421
-0.6046026977826842
-0.6048431866928341
-0.6049990527487049
-0.6053855099113813
-0.6066442154503117
-0.6069908343769354
-0.6076409219269358
-0.6077285230159759
-0.6083731501877572
-0.6095038037747145
-0.6097068340823171
-0.6100534890623143
-0.6101410927044021
-0.6101609117260003
-0.6101833499968052
-0.6118651377037168
-0.6119552862302433
-0.6120543764305434
-0.6134921287496885
-0.6141568640014157
-0.615119147207588
-0.6163173828972504
-0.6166843674644562
-0.6171166071986339
-0.6185683689213225
-0.6193503749756408
-0.6200949887279421
-0.6208515858034724
-0.6216912993954288
-0.6225005584565224
-0.6237980189422766
-0.624853603754309
-0.6249493010756042
-0.625747617877399
-0.6260199079726589
-0.6264961308139997
-0.6267537681496833
-0.6267860248684883
-0.6273186216130853
-0.6286307982583013
-0.6303435231966432
-0.6304492637217562
-0.6306384213385172
-0.6309770723746624
-0.6319726976324562
-0.631977718246344
-0.6321630571037531
-0.6336010829639717
-0.6366356936904292
-0.6368137162385715
-0.638109723783297
-0.6389366816708518
-0.6390910476246583
-0.6395060240202362
-0.6400538228182995
-0.6406346013389642
-0.6411699956564311
-0.6415930090879556
-0.6434527769684791
-0.6438482078840024
-0.6456315769173671
-0.6465513138682581
-0.647446663170639
-0.6474672860469368
-0.6478919698856771
-0.6498369921998043
-0.6501338728370943
-0.6502130532559628
-0.6503870887016612
-0.650396613169869
-0.6521769578466774
-0.6528978734572775
-0.6540891594340792
-0.6541623994219533
-0.6560318120755255
-0.6564069494731181
-0.6574959572842798
-0.6576767049596778
-0.6593422083468694
-0.6595400887696693
-0.6618519785389414
-0.6618749944233665
-0.6620436819139286
-0.662671095990975
-0.6634173442531998
-0.6647749350209219
-0.6649532402308458
-0.666845477744937
-0.667105485064288
-0.6672059768655648
-0.6677639141950446
-0.6678264717920683
-0.6678804127732292
-0.667911769071387
-0.6682277239791196
-0.6683949443912651
-0.6689431984443217
-0.6693875708927711
-0.6700242692604661
-0.6704743470957814
-0.6713434134920439
-0.6715349790117924
-0.6720249655842782
-0.6721692380628416
-0.6730188077781349
-0.6733842711622017
-0.6755479295702221
-0.67634571941259
-0.6764748659250992
-0.6770101882796734
-0.6780801862943917
-0.6790753170847893
-0.6794772048079822
-0.6824843135662377
-0.6845028446987271
-0.6851258332841098
-0.6864611009458224
-0.6889495479499601
-0.6893587801023386
-0.6898144632060494
-0.6914183702837262
-0.6916612011464167
-0.6932100056670606
-0.6936813830165193
-0.6939612708409273
-0.6945017296820879
-0.6962118095252663
-0.6962230894714594
-0.6964206429797092
-0.69649771352609
-0.6965451678224781
-0.6990647280148955
-0.7001700733962934
-0.7007011719048023
-0.7021001589950174
-0.7025022045058904
-0.7067689590410076
-0.7071173234532276
-0.7082095499499701
-0.7101254981862439
-0.7104657161413342
-0.7105269520543516
-0.7110941535793245
-0.711252426292026
-0.7112652667109733
-0.7132967476572958
-0.7133254569406355
-0.7133448551103356
-0.7136376382317394
-0.7145479347922706
-0.7149834126965808
-0.715358034034984
-0.7165153343409586
-0.7180976289609033
-0.7181861987660846
-0.7193169395128886
-0.7198969195402848
-0.720001221162723
-0.7213981279896365
-0.7223734426609251
-0.7224993056540067
-0.7231935556279495
-0.7238364822333097
-0.7250920289661735
-0.725118817793878
-0.7256080330504725
-0.7276340103708208
-0.7293528255075217
-0.729538012086391
-0.7295721201226115
-0.7303885109722614
-0.7313534091081237
-0.7316177288070321
-0.7323435777332634
-0.7364904927348511
-0.7365377235691994
-0.7366002722876146
-0.7375920935753837
-0.7376182743348181
-0.7399984087678604
-0.7423943435424007
-0.7431902376314005
-0.7440926672813172
-0.7447512858663685
-0.7458594256636893
-0.7463273661676795
-0.7474261081273047
-0.748381980881095
-0.7499105743481778
-0.7499270070534294
-0.7500751900952309
-0.7531526992563158
-0.7553176244513856
-0.755806940064455
-0.7562390930019319
-0.7568230432142238
-0.757503084306206
-0.7584251032210887
-0.7593889159150422
-0.7595503819708634
-0.7604029706562869
-0.7611079748444354
-0.7612535034616789
-0.7621598094701767
-0.7621692894317675
-0.7622550017666072
-0.7634636852890253
-0.763683256751392
-0.7638761544483714
-0.7648597170805765
-0.7669048018753528
-0.7676258616903353
-0.7684334800578654
-0.7685534452903084
-0.7720113114143411
-0.7731816471248749
-0.7733982419442498
-0.7737044766545296
-0.7740130010992289
-0.7743416174547747
-0.7753686319883855
-0.7775012611721953
-0.7796636465419498
-0.7798189373337664
-0.7800015628978144
-0.7804149335521894
-0.781700103755363
-0.7817955444101244
-0.7835055000090506
-0.7837046965025365
-0.7841370372334495
-0.7872095062397421
-0.787875008257106
-0.7878876822069287
-0.790181161857964
-0.7904927641419428
-0.7905877398637434
-0.79269880643551
-0.7927782172570005
-0.792811948490103
-0.7937123901728127
-0.7965995774255135
-0.7973431522586907
-0.7984211915390915
-0.800022081957887
-0.8015325682806886
-0.8017939429717242
-0.8029621402529301
-0.8035566519311639
-0.8047593033018833
-0.8048550002276897
-0.8058262903941795
-0.8060731006447565
-0.8072426863946021
-0.8075910456116415
-0.8080685772777846
-0.8083579010417452
-0.8086230254037738
-0.8090540744969985
-0.8095832467079163
-0.8096148451201289
-0.8098465325310826
-0.8104638413161688
-0.8105315306384
-0.8107232722250046
-0.8134798570536077
-0.8154931291937828
-0.8169482637789439
-0.8187471468467266
-0.8194627856137231
-0.8215601253655872
-0.8217154230806045
-0.8241197050083429
-0.8243942780491824
-0.8259323046659119
-0.8273685629828833
-0.8274172493921859
-0.8288463401608169
-0.830440468256711
-0.8305756297428161
-0.8306107735108696
-0.8324883901514113
-0.8341000027333697
-0.8341584202523032
-0.8346157015766948
-0.8354067335991809
-0.8378769156057387
-0.8384375350239376
-0.8389121267478913
-0.8395519506884739
-0.8400837761146249
-0.8413469534134492
-0.8417635112583901
-0.8436074718566877
-0.8441776192485122
-0.8447953971723715
-0.8457186931744218
-0.8459623226663098
-0.846482206042856
-0.8469317347189644
-0.8474217824055974
-0.847550846915692
-0.8481167596764863
-0.8492770731552608
-0.8493938178289682
-0.8499311854441961
-0.8503232057421253
-0.8516536492155865
-0.8528350374738997
-0.8536331133717405
-0.8549803682706423
-0.8564727517077699
-0.857367202435853
-0.8574871363583952
-0.8607341879202673
-0.861090502992738
-0.8626694534905255
-0.8635686108443353
-0.863614100497216
-0.8645654912494743
-0.8650704422252602
-0.8655619989149272
-0.8657518238178454
-0.8664541483856738
-0.8665933865704574
-0.867794469743967
-0.8682420230858648
-0.8688488947227597
-0.8703359755953508
-0.8709960845299065
-0.8712122627249401
-0.8727847772068345
-0.8742424633625584
-0.8744814747013152
-0.8746524907700304
-0.8750654517207295
-0.8752296222373843
-0.8759492131415755
-0.8789277914394107
-0.879418069915846
-0.8801440161187202
-0.881109579349868
-0.8816406418336555
-0.8821453750133514
-0.883749714489871
-0.8866326012231077
-0.8867344704404887
-0.8880288012442179
-0.8887762222439051
-0.8890111815650016
-0.8894487257514682
-0.8896265409753791
-0.8904792433451973
-0.8904950633489838
-0.8907170640304685
-0.8913796951528639
-0.8915964019251987
-0.8942242558579891
-0.8945973543967638
-0.8952881992503535
-0.8977137431502342
-0.8979700961046748
-0.8986890082014725
-0.8996474482451698
-0.9002723244040851
-0.9011963264129008
-0.9016761471219878
-0.9021429251103351
-0.9025400924562875
-0.9029804463886345
-0.9030501471133903
-0.9060533073331628
-0.907208266761154
-0.9073438274324872
-0.9078037459403276
-0.9089011744394017
-0.9115730761680638
-0.9117045707534999
-0.9122544436759199
-0.9128689175704494
-0.9141763796408972
-0.9148481952608563
-0.9152305031394852
-0.9153806616086513
-0.9158524554481523
-0.916217048962911
-0.917933100524533
-0.918184757590867
-0.9204393650094668
-0.9205156982255479
-0.922773231885263
-0.9229283928871155
-0.9234400722663849
-0.924412136276563
-0.9246641748662418
-0.9261938824451396
-0.9266163278371096
-0.9316588532334814
-0.9317925705618109
-0.9331624358892441
-0.9353652419522405
-0.937145110045094
-0.9372902948380215
-0.9376368711000396
-0.9382807746529579
-0.9388789087533951
-0.9391454655144896
-0.9400375232410928
-0.9406319306128554
-0.9420989271719009
-0.9425003777258099
-0.9441227142742719
-0.944137864642673
-0.9471352845430374
-0.9482935247011482
-0.9551341677350658
-0.9551531792618334
-0.9555288589825588
-0.9556860556804168
-0.9574659611098468
-0.9593367164488882
-0.960289292037487
-0.96111927429835
-0.9614458022057079
-0.9615358198837688
-0.9623746275901794
-0.9626308371545746
-0.963356385123916
-0.9698435292035962
-0.9698605287252576
-0.9705039494826148
-0.9719131179153919
-0.9731255805119872
-0.973879482538905
-0.9750545439659618
-0.9761312775579947
-0.9767461617787679
-0.979415870582064
-0.9796626009047031
-0.9830791691783816
-0.9870215213990637
-0.9872774446516165
-0.9879938829122693
-0.9902287870645523
-0.9910893349110016
-0.9917772325134138
-0.9932065228931606
-0.9947223375008131
-0.9963827698957175
-0.997562736472381
-0.999491348862648
-1.0001534149050713
-1.0058847564339106
-1.0063235890120268
-1.0074583632189646
-1.0084261427400634
-1.0092782207481963
-1.0140391886234283
-1.0191499766272802
-1.0195660804165527
-1.022636421390676
-1.023055098252371
-1.0250901624560356
-1.026009057777992
-1.0262891641662766
-1.0295426547527313
-1.0327411438338459
-1.0338621233822778
-1.0422493191435933
-1.0451327500864864
-1.0455647979729943
-1.0464755942424138
-1.0474370222655125
-1.0490894258022307
-1.0494806445979823
-1.0518517739880984
-1.053012614371255
-1.0586399091407657
-1.0588016726542264
-1.0589988477165915
-1.0615484230220318
-1.0631257389904931
-1.0660654771505507
-1.0666953220963478
-1.0688954543632765
-1.0703206025063992
-1.0723320208489895
-1.0731592793017626
-1.0743628443451598
-1.075047741085291
-1.078264824138023
-1.0813163409475237
-1.0847631096839905
-1.0907522490015253
-1.0964993596076966
-1.101008023833856
-1.1031415157020092
-1.1047808158909902
-1.1077000792138278
-1.1130203772336245
-1.1153860328098137
-1.1169383090455085
-1.1170243976105536
-1.119846083689481
-1.1241209115542006
-1.1248462814837694
-1.1257076126057655
-1.1264961029269867
-1.128835811279714
-1.1290795008341472
-1.1292132216185564
-1.1294929235242308
-1.130800646962598
-1.1410485040396452
-1.1418752651661634
-1.1424145560179437
-1.1427532585221343
-1.1451674178242683
-1.1480654776096344
-1.1506227934927058
-1.153291927172783
-1.1548576776403934
-1.1551550263538957
-1.161935563748037
-1.1704726436485846
-1.1711429146151724
-1.174710859855016
-1.1754297037259676
-1.1758717795213063
-1.179656136489939
-1.1820555826028187
-1.1839895666809752
-1.187794978630596
-1.1886736508607678
-1.192831586425503
-1.1929047429668052
-1.1957365577109158
-1.197903403401142
-1.2021334966023762
-1.2038256048787541
-1.206797070801258
-1.2135997414588928
-1.2140132610220462
-1.2193409875035286
-1.2220771787688136
-1.2236972898244858
-1.2259172980673612
-1.2280939240008593
-1.2282170740363654
-1.2291808743029833
-1.2407871435085933
-1.243922472000122
-1.251148022711277
-1.2571766003966331
-1.2584803955008586
-1.2604740295403947
-1.2613328677446891
-1.2632681846618652
-1.2650177052710205
-1.2750682793557644
-1.2820155421892803
-1.2824847797552745
-1.2945098229392897
-1.296792686606447
-1.310062061374386
-1.3115781691989727
-1.3165564533943932
-1.3213147446513176
-1.326923429965973
-1.3296737981339295
-1.329692930167353
-1.329982690513134
-1.3328183367848396
-1.3341737886269887
-1.3350051846504025
-1.340984930594762
-1.3439740538597107
-1.346832370917712
-1.3530570957809687
-1.3586696088314056
-1.3625468620254348
-1.3661398390928905
-1.3727727731068928
-1.3762573525309563
-1.3849324161807697
-1.389494851231575
-1.3930657859891653
-1.395140752196312
-1.3956223726272583
-1.401555871590972
-1.424241627752781
-1.4270084854215384
-1.4304720759391785
-1.4383540153503418
-1.4390073530375957
-1.4431728646159172
-1.444068193435669
-1.4496416598558426
-1.471791386604309
-1.472020159708336
-1.478838508327802
-1.4797048966089885
-1.4898576699197292
-1.4899284303188325
-1.5084788296371698
-1.5093534688154857
-1.5172370076179504
-1.52068911658393
-1.5217488994821906
-1.5250987969338894
-1.527081181993708
-1.5305777849363429
-1.5332298233843176
-1.5384870603059728
-1.5640378715470433
-1.5764337629079819
-1.6002928419038653
-1.60142586628596
-1.6162270605564117
-1.6402208308378856
-1.6403603956103325
-1.641433446109295
-1.6638812363147735
-1.688208936713636
-1.694917008280754
-1.700568813830614
-1.7085609833399455
-1.7172105461359024
-1.7233761217859056
-1.779780571659406
-1.8067853599786758
-1.8140813801437616
-1.822662541642785
-1.8469718483587105
-1.859121209383011
-1.8698440721879404
-1.8914530165493488
-1.9065715571244557
-1.9127861261367798
-1.9204754903912544
-1.9589818517367046
-1.9654003232717514
-2.035051385561625
-2.081267754236857
-2.139509233806166
-2.181612871121615
-2.2245874395594
-2.255124951712787
-2.2642420418560505
-2.271140843629837
-2.2934880927205086
-2.3416079534217715
-2.3437587916851044
-2.3502835631370544
-2.3602038100361824
-2.413918547332287
-2.447495512664318
-2.4858737035344043
-2.522382006049156
-2.589821606874466
-2.619255445431918
-2.62362002953887
-2.6763508021831512
-2.67658744007349
-2.791794161001841
-2.8263536773010856
-2.8370902836322784
-2.860822731629014
-2.8985871295444667
-3.017313383053988
-3.0596415996551514
-3.1226457357406616
-3.1678316593170166
-3.199453592300415
-3.203033022582531
-3.301959604024887
-3.31754969060421
-3.669855833053589
-4.093013882637024
-5.316372394561768
-8.294232368469238
-9.909667015075684
-11.183758735656738
-11.493904113769531
-11.55639362335205
-12.402778625488281
-12.791505813598633
