-0.008256311535660643
-0.009328346306574531
-0.009457116495468654
-0.010990315106027992
-0.011369676003232599
-0.02654398145969026
-0.030184126584936168
-0.030200372682884336
-0.03713911762461066
-0.037840421333385166
-0.04314805706962943
-0.04388444465439534
-0.05174435322987847
-0.0530998615302249
-0.05527321302361088
-0.05931980088353157
-0.060707984269746315
-0.06394176027970389
-0.0664817275297537
-0.0760963518259814
-0.08096017288044095
-0.08560201514592336
-0.0881571175663599
-0.09524240281565913
-0.09726894547606611
-0.10209349810611457
-0.10407309532165528
-0.10648687939586428
-0.10995394317433238
-0.11184495953576905
-0.11463015992194414
-0.11918558523757383
-0.12072142565157265
-0.12494447800729956
-0.12598440742918424
-0.12932377299293876
-0.1321766588371247
-0.13672810022503004
-0.13854875689867185
-0.13863148798959124
-0.13969576467449465
-0.14691270869006984
-0.14824160064260164
-0.1497677439603851
-0.15151655409317755
-0.15336176202981733
-0.15629280179418856
-0.15725871235190425
-0.15841516958284452
-0.16406095905739887
-0.166077030397271
-0.16885839624717783
-0.17152851338808736
-0.17199308561976068
-0.1728194517393907
-0.17416408071730985
-0.17839340028980846
-0.17896254323422908
-0.18106427824952537
-0.18220698074583197
-0.1827718114480376
-0.18303527265961747
-0.1863192483666353
-0.18926198287226725
-0.19507038536830806
-0.1951457623747826
-0.19783315307410834
-0.19890830520707822
-0.19953388172043246
-0.19995123287662864
-0.20102510260596104
-0.201074575423263
-0.20209164392144885
-0.20225823412017366
-0.209770021046279
-0.21188767257678723
-0.2125716679923547
-0.2142843065411053
-0.21492368248956545
-0.21531225360703157
-0.21551100522327912
-0.2157006800058298
-0.2174326283566188
-0.21750781710725278
-0.21751669337972998
-0.21943069885795316
-0.22068896443427852
-0.22194244704733138
-0.22455140575766563
-0.22742002157299016
-0.2278158650888751
-0.22903051087814674
-0.2313144662249316
-0.2336975817228709
-0.23387414712124155
-0.2343347495706338
-0.2349244710057974
-0.23630269408853824
-0.2387644296977669
-0.24266596833173104
-0.24659150336251165
-0.24681304944937843
-0.24832645837741438
-0.24864815676383759
-0.25105384690202
-0.25147242099046707
-0.2525487268343568
-0.25256871811143355
-0.25620719091702165
-0.2565551855505499
-0.2570373363689416
-0.25766037094096345
-0.2582920248362074
-0.25833533248598023
-0.25895911359475576
-0.26133068519074615
-0.26207745207163197
-0.2624675942432886
-0.26612847876324514
-0.2667492970271269
-0.26687494230393966
-0.2679267050077518
-0.26821006925951224
-0.27022723413072525
-0.2710613796807593
-0.27116552933252286
-0.27201987874885913
-0.2725085780024529
-0.2732863871642621
-0.2735669570043683
-0.27372207561935424
-0.2739311914308928
-0.2752425303362543
-0.27554589179053435
-0.27692772596215254
-0.27695016243628096
-0.2772028168870343
-0.27770405006594956
-0.27820718727473703
-0.279404972854536
-0.28002101115774936
-0.28052821164377606
-0.2806545804720372
-0.28118547243583536
-0.28320869538393983
-0.28435137560639606
-0.2844079859043834
-0.28512438483552877
-0.28610659807454797
-0.28664815628252216
-0.2869111203690409
-0.2900983263195182
-0.29071830009197586
-0.290724505786784
-0.290987438418799
-0.29202118082996875
-0.2942080923761144
-0.29461297887933646
-0.29497333365078604
-0.2953353345445875
-0.2956884001614526
-0.2958102367527317
-0.29647671643416335
-0.2974324255279498
-0.2975024507792953
-0.29813716164790094
-0.2999386501264612
-0.30263764107453256
-0.30291333414627136
-0.30355310026511906
-0.30369150793800753
-0.3057466246711556
-0.30599888599681435
-0.30615613968075195
-0.30624882554548094
-0.3085036911536008
-0.3085651006389526
-0.3089085657459994
-0.3114540677698743
-0.31201916297820087
-0.3130859177496556
-0.3189513689219232
-0.31941720599570544
-0.32060335712906507
-0.32748320456594227
-0.3278263670444075
-0.32883961149907137
-0.3291064732344239
-0.32973720194746015
-0.3302706663216668
-0.33051243983209133
-0.33186495250702136
-0.3328703719501694
-0.3335475956222841
-0.33378449948577327
-0.3358636926235964
-0.3373304514971096
-0.33840537135395043
-0.3389690488499279
-0.3407886415021494
-0.3407946373853419
-0.3435247556439468
-0.3450922452047962
-0.3463789842919343
-0.3483304217457771
-0.34952311069979
-0.3502941151511752
-0.3505028788931668
-0.35081276430615355
-0.35151667159516364
-0.355965538480733
-0.356953132742395
-0.35703486371785403
-0.3578375765258291
-0.3580589869943651
-0.35821739060338587
-0.35984713563811965
-0.36096592364483515
-0.36107587575388606
-0.36162445885646677
-0.3618946655187756
-0.36265134897985263
-0.3627481178336893
-0.3638747755438089
-0.3645567899008959
-0.3647286667939625
-0.36523168218056007
-0.36595722273647735
-0.36699309536359376
-0.3685444282367826
-0.3687291053647641
-0.37097770196269264
-0.3710773564045667
-0.3713945844469385
-0.37183990308549253
-0.3721724674729845
-0.372269910449783
-0.37253688636701554
-0.373156463556156
-0.37399055848800344
-0.3766323442978319
-0.37951431088149545
-0.3797853343188763
-0.3801945080362762
-0.38066420119721445
-0.38083376449067147
-0.3816185793049434
-0.38370596223265035
-0.38521309693848405
-0.38580910339951513
-0.3865877906937385
-0.38826094567775726
-0.3904652867469635
-0.3907571351970546
-0.39183803873796325
-0.3920715356129222
-0.39324473035521806
-0.39403799424568814
-0.3947220628615469
-0.3957427429137169
-0.39746067877858876
-0.39849805102191266
-0.4009864700629431
-0.40136259119026363
-0.4016085242794361
-0.4023329167814356
-0.40250216911081227
-0.40382836148880114
-0.40398967508226635
-0.4065483902813867
-0.4082716376934614
-0.40886006876826286
-0.4088898530642923
-0.41243374223510426
-0.4137468081566372
-0.4138579251510756
-0.4144650013306091
-0.4154425872298556
-0.415639988030307
-0.4164004893848739
-0.4182292154058814
-0.4184673932089936
-0.4188904518377967
-0.41921735569485463
-0.42101214127615094
-0.4247847583125501
-0.42493721422377145
-0.4256192718050443
-0.4258687481439362
-0.42778021306730807
-0.4280523707391694
-0.4281807387402902
-0.42938101024677355
-0.42946467126279864
-0.43015058958877084
-0.4317638479017963
-0.43217395240854883
-0.4325594212859869
-0.43271392160095273
-0.4330611540270703
-0.43363034748472273
-0.43447268361018765
-0.43462080330997804
-0.43516868495946537
-0.4362661522172857
-0.4363834398931691
-0.4370497077688924
-0.4378058972535655
-0.4378081120084971
-0.43823351329192517
-0.43902401627080206
-0.4390626427798102
-0.4393488976306149
-0.44006667917387354
-0.44140393178289133
-0.4419370242500339
-0.4421850700552265
-0.4424968552985875
-0.4425351038109511
-0.44294987712055445
-0.4441969713403119
-0.4451370622846298
-0.4453275129199028
-0.44584563677199185
-0.4458902461176169
-0.44742649007174706
-0.44776731624733657
-0.4501734053716063
-0.45214103143371176
-0.4528680073781288
-0.454073444288224
-0.4557500893327718
-0.45705907605588436
-0.45997154054930434
-0.4602174356881402
-0.462747520449656
-0.4633382665592113
-0.4644202020539928
-0.4647772705163031
-0.4665990670764586
-0.4675711691961624
-0.46762479505163024
-0.46861685970798134
-0.4690987913400022
-0.4728085329490049
-0.47335695498622954
-0.47350006240776565
-0.4743849516274746
-0.47457571496488526
-0.47611641325056553
-0.47734484182936804
-0.4792780578136444
-0.482394814491272
-0.4835448200518096
-0.48488004015525804
-0.4855599290070434
-0.4860625706160835
-0.486202125151811
-0.48686777212424204
-0.48703164841175417
-0.48802986196376597
-0.48925173016531126
-0.4895010882988572
-0.489545258670114
-0.4905291012953967
-0.4916175764519721
-0.4931955065371262
-0.494466728841265
-0.497440344059012
-0.4974786141247023
-0.4988590497290716
-0.501971306395717
-0.5042198151350021
-0.5043389647267759
-0.5049249436706305
-0.5052269095155809
-0.5063757185591384
-0.5071137632642474
-0.5081230438728299
-0.5090140995188531
-0.5094019214933118
-0.5100040053560709
-0.5104433186869655
-0.5105944859484831
-0.5108882212080061
-0.5109425331983302
-0.511060689442924
-0.5122961968715701
-0.5138227564748377
-0.5140554369427264
-0.5155071469489485
-0.5160711513987432
-0.5199048904081186
-0.5203337339917198
-0.5211423979037337
-0.5214468475579841
-0.5220379047095776
-0.5221321730807956
-0.5225187176838517
-0.5229954565981064
-0.5250246450304985
-0.528972568269819
-0.5312765658729606
-0.5331044636467206
-0.5384843655462775
-0.5389046695781872
-0.5414652581093833
-0.5425346064277821
-0.5430123663196961
-0.5435156656312756
-0.5457814414985478
-0.5473725052110644
-0.5488939799501428
-0.549461180344224
-0.5496452028330948
-0.5504820384467166
-0.550681965376134
-0.5517605478609247
-0.5540754941874184
-0.556179491869573
-0.5591833209618926
-0.5598454954306362
-0.5605755939614028
-0.5609251192201756
-0.5610884924729665
-0.5612348582362756
-0.5629974592323249
-0.5696793273091316
-0.5697812142316252
-0.5710162132951048
-0.571564044803381
-0.5717486396169988
-0.572137612849474
-0.5721670773604678
-0.5734657496213913
-0.5735321878455579
-0.574416350456886
-0.5800544117955724
-0.5801682330978414
-0.5810015615541488
-0.5818904105884334
-0.581958479613864
-0.5837241435157401
-0.5845276163890958
-0.5851969085633755
-0.5852027472574264
-0.5878277537471149
-0.5888700618275574
-0.5894604588781173
-0.5903637578400472
-0.5904208212159574
-0.5909798815846443
-0.591897032087824
-0.5935173681271928
-0.5964872056825293
-0.5993471774272621
-0.6013268176466227
-0.6027216083769288
-0.603326273476705
-0.603795648436062
-0.6041721983679703
-0.604720874534299
-0.6054545760686908
-0.6098421283531934
-0.6099924649128557
-0.6114272353523929
-0.6123656757575061
-0.6130191559592882
-0.6164300564144339
-0.6174922476522624
-0.6191991519299336
-0.6200566589416537
-0.6215512864790591
-0.6218396337644663
-0.6273652147501707
-0.6296017845992797
-0.6313156639225781
-0.6314230263233185
-0.6333127077668905
-0.6334588729660027
-0.6336890906192517
-0.6341878500534222
-0.6402026849682443
-0.6437851526774466
-0.6500274738209555
-0.6545195188373327
-0.6548070136457682
-0.6551816135955354
-0.6598316314290665
-0.6605808374782404
-0.6619664520091776
-0.6678622383624315
-0.6684901254135184
-0.6696555148810148
-0.6731576405436499
-0.6757512979209424
-0.6777730578711877
-0.6802097525913269
-0.6821308842239281
-0.6826494892593473
-0.6829347415429462
-0.6840282651537564
-0.6852023401370388
-0.6899044923484325
-0.6939732531706492
-0.6941115956772895
-0.6948061759273211
-0.6955572368169669
-0.6983278810977935
-0.7052598828449845
-0.7081652313160399
-0.7104538458266428
-0.7110288201698235
-0.7122486513108015
-0.7141079399734735
-0.714570598793216
-0.715903269747893
-0.7162113611702807
-0.7182150268927217
-0.7185821176639625
-0.7187775775091723
-0.7194347652742484
-0.7224722140069518
-0.7284969028551131
-0.7297716783650685
-0.7302444263228348
-0.7324517543165712
-0.7353069179558328
-0.7355250082910061
-0.7380023429286666
-0.7400016954634339
-0.7442947193048894
-0.746736504137516
-0.7475549202645198
-0.7562037338735536
-0.7575998343527317
-0.7592959424480796
-0.7593607275048271
-0.7648819290916435
-0.7670609819411766
-0.7695137574803084
-0.7739056361218294
-0.7741749774265502
-0.7757824936881661
-0.7782544861547649
-0.7790887039154768
-0.7836416449087361
-0.7839032974249373
-0.7890310864895582
-0.7954731388849073
-0.7982873879373074
-0.798914552014321
-0.7989275867119432
-0.8017394838194983
-0.8032686784863472
-0.803743134997785
-0.8057795770998512
-0.8060229974022756
-0.8083762545138597
-0.8108848641027829
-0.8119127303361893
-0.8172381483018398
-0.8196411392651498
-0.8221888955682516
-0.8282021693885326
-0.8318687118589878
-0.8348409931641072
-0.8357690874952823
-0.8388272009789943
-0.8393340539070777
-0.8421884775161743
-0.8439212553203106
-0.850368450085322
-0.8510663317516446
-0.8514475387055427
-0.851549742204952
-0.8544341846369207
-0.8551036931574345
-0.8573320657014847
-0.8584452122449875
-0.859070580266416
-0.8604810480028391
-0.8605773076415062
-0.8729075933806598
-0.8803467058848279
-0.881788769736886
-0.8869734005769715
-0.8906918377227461
-0.8912331631775791
-0.8916981106158346
-0.8934778571128845
-0.8973286487162113
-0.897371569648385
-0.9045663138385862
-0.9055652488023043
-0.9065568065270782
-0.9079549729824066
-0.9082145392894745
-0.9087105352276316
-0.9130565828575831
-0.9143820106983185
-0.9188817758113146
-0.9226549592567608
-0.9266016334295273
-0.9297047785716132
-0.9317706756022138
-0.9332029148004949
-0.9335162515752018
-0.934906854480505
-0.9356762891620747
-0.9374603205942549
-0.9388309419155121
-0.9396550382177035
-0.9443914890289307
-0.9446128927287646
-0.9531891887076199
-0.958023052662611
-0.9657832333274806
-0.9731836567322413
-0.9749075067171361
-0.9758966062217951
-0.9862312634165088
-0.9876330494880676
-0.9920659072929994
-0.9949137573348708
-0.9985042810440063
-1.009789764881134
-1.01256164573133
-1.018285356994186
-1.0214041095847886
-1.0408338010311127
-1.0461586117744446
-1.06400133172671
-1.06685937444369
-1.0672833069693297
-1.0673815022746567
-1.0732634887099266
-1.0744641582423355
-1.075223647678892
-1.07618953025667
-1.0785460788902128
-1.0926991403102875
-1.0931320618838072
-1.1042019268497825
-1.1106074452400208
-1.1153865431745846
-1.1179813742637634
-1.1211614071701963
-1.121276488294825
-1.1312616915286828
-1.142155528999865
-1.1828961223363876
-1.1876427323246996
-1.2058023065328598
-1.2092886120080948
-1.2113718843708436
-1.21628075663466
-1.2246844097971916
-1.2248583572606246
-1.2394399791955948
-1.2422096505761147
-1.243804194033146
-1.2536009723941486
-1.2572099374956451
-1.2572466188576072
-1.2578113935887814
-1.2649031639099122
-1.2659179814315091
-1.2697716106971104
-1.2800124535957973
-1.2854102092484634
-1.2891156847278278
-1.292568306128184
-1.2936851794365793
-1.2957744672894478
-1.2970271479571238
-1.3098429559419553
-1.3534303057628374
-1.3609136939048767
-1.3707880973815918
-1.3820615420117974
-1.4092840552330017
-1.4122138507664204
-1.4197781203656632
-1.4317205995321274
-1.4371013969182969
-1.4405563237766426
-1.4480357443292935
-1.4617838660875957
-1.4643952250480652
-1.48338121175766
-1.5030828565359116
-1.533070683479309
-1.5498319299270709
-1.5665421510736148
-1.572975978255272
-1.6073889054823667
-1.6141130402684212
-1.6293412049611409
-1.6786219278971355
-1.6790244579315186
-1.6813025982895244
-1.6815504954429343
-1.7255122689530253
-1.7290867380797863
-1.7398006319999695
-1.760659098625183
-1.7679912250799437
-1.8514169976115227
-1.8701785951852798
-1.8751278966665268
-1.88148599366347
-1.901767707740267
-1.904811680316925
-1.9245419800281525
-1.9609900717623532
-1.9655613899230957
-1.9717126190662384
-1.9839149912198384
-2.000922600428263
-2.0621239244937897
-2.1019382774829865
-2.114830772159621
-2.1495906114578247
-2.2366119623184204
-2.2547558073420078
-2.2771098415056863
-2.301710896193981
-2.3717378775278726
-2.385987251996994
-2.4095802903175354
-2.4720433118442693
-2.6398395597934723
-2.754130121320486
-2.906043571885675
-3.042022193665616
-3.0507705728523433
-3.1738864770159125
-3.3172819474712014
-3.4079349040985107
-3.4836987257003784
-3.5253671407699585
-3.55240535736084
-3.553503267139604
-3.6717495918273926
-3.9262017607688904
-3.946139798499644
-4.008572096943681
-4.617108792066574
-4.939847946166992
-4.95114529132843
-4.975613365881145
-6.99082088470459
-7.102696418762207
