-6.591666679393408e-05
-0.008646517724839344
-0.009509307519654916
-0.026392097196852166
-0.0805342308076149
-0.08452302972398229
-0.15262535400688648
-0.1606774068732193
-0.18221423333579878
-0.18453165250180348
-0.19676720168499742
-0.202193614289475
-0.21644980583250475
-0.21713294828441576
-0.24465374613117258
-0.2557070058728641
-0.28542261255618084
-0.2868262127224423
-0.2917858917696156
-0.2989569961777389
-0.29906630766927267
-0.30496826587571896
-0.30705371334079246
-0.30951476100017317
-0.3113617460605585
-0.31201726190167767
-0.3135640052278177
-0.3140442480387378
-0.3197425989071942
-0.3217056972995017
-0.32353620811629624
-0.3271082593004877
-0.3291097544842278
-0.33154268219691907
-0.33558053415718264
-0.3357291562196849
-0.3374696485698223
-0.340636393419544
-0.3428188090050009
-0.34357703599989364
-0.34532192997533
-0.34576289127497667
-0.3459986354987109
-0.3469534999525282
-0.3493228094271596
-0.35103890861186454
-0.35317956150174723
-0.35525608870278425
-0.35794215161392157
-0.3591059334934875
-0.3604111075401306
-0.3634779453568626
-0.36451717566267366
-0.3654036092349478
-0.3691966122197755
-0.3726862142082407
-0.37640371587579413
-0.38296015962259844
-0.3832133926715379
-0.3840153586310667
-0.3853689130275078
-0.38542848378419875
-0.3867774587124586
-0.3887508528141552
-0.3902701467002491
-0.39144140656571835
-0.3918267267581541
-0.3927681368095364
-0.39320042195962895
-0.3932715302197241
-0.3949802539887944
-0.3949931584296185
-0.3964801774060246
-0.3965193934476702
-0.396593598112383
-0.39813020236083657
-0.398990246676037
-0.39934946136781946
-0.3999049985473643
-0.40012163799256084
-0.40102456209050225
-0.40117751371984084
-0.40216684329096186
-0.40393616221370865
-0.4047691997024231
-0.40481757708214994
-0.408657764729378
-0.4107914278782638
-0.4122764375230569
-0.4148677865625359
-0.4157817877690272
-0.41589355433825403
-0.4176289965247701
-0.4181042401892733
-0.4195626977132633
-0.4204061851792392
-0.4217192792005975
-0.42296565898452954
-0.42348730777623134
-0.42393706033717055
-0.42728275492037127
-0.4276812271345989
-0.42833327470151217
-0.42985060036359074
-0.43000599508406595
-0.4326066377502866
-0.4352678540003994
-0.4352841525268741
-0.43575377337557103
-0.4360467137027483
-0.437164754352998
-0.4424712742727838
-0.4425176244274351
-0.4430969132371171
-0.44529744508893143
-0.4455473421703038
-0.44728727148803954
-0.448912145026884
-0.45182757306478877
-0.45330627491542447
-0.4540529580829714
-0.4552861911821285
-0.4576908530072643
-0.4580209218876679
-0.46145945536097444
-0.46261145751174937
-0.4658145773244779
-0.4675589849251661
-0.467843501344429
-0.4682177499116449
-0.4696187972955298
-0.47134216591439326
-0.47402818660171203
-0.474941081040015
-0.4755844646248306
-0.47780925382698036
-0.4791041548184391
-0.4800780501794249
-0.4819999615573027
-0.48430266339892114
-0.489398107890578
-0.4927072888618568
-0.492731157778984
-0.49572626989157426
-0.49682432492706347
-0.49781915891383377
-0.4978474298815172
-0.4981524021481164
-0.5026386714407636
-0.5061872795215875
-0.5097137954318895
-0.5132990331298465
-0.5136305077929137
-0.5137696160474495
-0.5141994884470478
-0.5204683071739661
-0.5278594087188443
-0.5298257797425805
-0.5323056876923974
-0.5329167404828089
-0.5339502291194199
-0.5349083313910038
-0.5362568708757559
-0.5363328627310693
-0.5392202492803335
-0.5403789238383373
-0.5418932611901255
-0.543936488609279
-0.5448608212645922
-0.5464102707390505
-0.5491581207236529
-0.5498628860434771
-0.5554574350739131
-0.5585117514092417
-0.5586082791299228
-0.5590291983573681
-0.5612007299761217
-0.5614232818860273
-0.5623760255984962
-0.567945380905447
-0.5687901361496188
-0.5691083518264349
-0.5719605676422361
-0.5731036075416746
-0.5806442924840667
-0.5811989053148864
-0.581599538613643
-0.5865337860537693
-0.5916157622301398
-0.5943997849011794
-0.5998537928098813
-0.6024144880473614
-0.6031038294701526
-0.6057837235050177
-0.6069421570080976
-0.6069823173797886
-0.6100662388489582
-0.617414040886797
-0.62126036407426
-0.6226430497540605
-0.6250772284341414
-0.6269116266281344
-0.6300901701518645
-0.6338074157870973
-0.635911779275375
-0.6375800233311436
-0.6383705630890161
-0.6431450855452567
-0.643686439610974
-0.6468635872515733
-0.6502498045796529
-0.6526688217418268
-0.6563644995091765
-0.657176327459248
-0.6765621662904907
-0.6799081128067753
-0.6829043307167012
-0.6861794124512622
-0.6880621774704195
-0.6944557389516477
-0.6997721101880805
-0.7020089755921314
-0.7039905513083795
-0.7107692861640577
-0.7122184398273627
-0.7164754101540893
-0.7262425365304808
-0.7349002640027266
-0.7362871529691498
-0.7389964684934966
-0.7402997605393467
-0.7407931795668057
-0.7423542391807132
-0.7461577085222315
-0.7555347244519452
-0.7558863777667284
-0.7599912751013309
-0.7670308010706322
-0.7727584402659381
-0.7745011614470059
-0.7774458777457767
-0.7779048250822598
-0.7780173025093973
-0.7826233165392296
-0.7883878009447471
-0.7884182519574097
-0.7895577376178456
-0.7903185781011416
-0.7950542816282677
-0.8015288923234039
-0.8040982085799442
-0.8061379843391479
-0.8196377883820484
-0.8216454066059181
-0.8275837487835815
-0.83104050574669
-0.8326270346583442
-0.8354919056097666
-0.8545663200209674
-0.8557476713976452
-0.8666556123644114
-0.8765352740883827
-0.8842911298076311
-0.8897966090589762
-0.9008443994181496
-0.9189562732935883
-0.9212572456453927
-0.92171675277253
-0.9222808418521059
-0.9266030879031556
-0.9398125266045932
-0.9682236512502035
-1.0094514234612386
-1.0135518282139855
-1.0196017420043062
-1.0287760471304257
-1.0450217053294182
-1.0477330014109612
-1.0546317777091947
-1.0722020476459875
-1.0788216844211622
-1.0969581193585327
-1.103825584625156
-1.1164220348000526
-1.1260313590367634
-1.137784719467163
-1.144937189295888
-1.1696697920560837
-1.1825470129648845
-1.1891721301712095
-1.2206262809534867
-1.2262967973947525
-1.2933629658073187
-1.2946085905035336
-1.3024476915597916
-1.3094486892223358
-1.3338112489630778
-1.3800355195999146
-1.425765074789524
-1.5245617628097534
-1.5980138966475579
-1.6129899322986603
-1.7234215140342712
-1.7688536029309034
-1.8171452612101955
-1.9584779938062031
-1.9842059016227722
-1.9958478366800894
-2.051413034942622
-2.081836123171911
-2.097759246826172
-2.3471869230270386
-2.371979236602783
-2.8783973455429077
-3.1648591607809067
-3.310982257127762
-3.6973878143914285
-3.789532832975965
-3.8558189542030354
-9.846076965332031
-14.787405014038086
