-6.11510042745067e-05
-0.04260182927828282
-0.05731260956963524
-0.07678680024109781
-0.11523210474600394
-0.12128278693333934
-0.13013132180494721
-0.14241594076156616
-0.15151697673393624
-0.1629751634686009
-0.1776473585708084
-0.19754925991098085
-0.21104743973913942
-0.21722831393999514
-0.2250729761120359
-0.22754568250016555
-0.2313862930233073
-0.24191076788132626
-0.24495173994301725
-0.24667200920007684
-0.24951532168663107
-0.25214741273445945
-0.2529398749116808
-0.25952026329410727
-0.2606504356022924
-0.2641103877996405
-0.26421753977192564
-0.27068621706631446
-0.27277442314662037
-0.2747082417447339
-0.2786220970871606
-0.28195529310323764
-0.284556078418207
-0.2856903991454861
-0.2865658146038186
-0.2902256091225094
-0.29076578535212955
-0.2918168251215118
-0.2927164377268547
-0.2935542618430918
-0.2942778851752842
-0.2953099881997332
-0.30095585086382926
-0.30172700758924725
-0.3031958523040105
-0.3037759806730459
-0.30645112728919177
-0.30829480887186944
-0.3128519833087921
-0.3130905883735977
-0.31314131398976314
-0.31500953256036157
-0.31508517621356685
-0.3151398151307009
-0.32062607215484606
-0.32646839500715336
-0.32867257391834365
-0.3293841054717846
-0.33013500313973054
-0.3374896911904216
-0.33820607024244964
-0.3396917237830796
-0.34014899071328164
-0.3436422819163104
-0.34478203256507045
-0.34481525274864194
-0.3457917630439624
-0.3483882905743015
-0.34849202301047627
-0.35134697219804034
-0.352012215660352
-0.35601064613937133
-0.3563612837045054
-0.3619224238321873
-0.364675594885987
-0.36917212180560455
-0.3710907803655977
-0.3719269354046446
-0.37527365128808016
-0.375863378518261
-0.3802572586263219
-0.38084438363747564
-0.38779472226815415
-0.3885259533300996
-0.3914814425923396
-0.393257626031603
-0.3945630789302023
-0.39882279774698465
-0.4028873246803414
-0.40646585760987364
-0.4087154333308143
-0.41066511093522423
-0.4116595758807509
-0.4122797741341249
-0.418367483802805
-0.42124541352677625
-0.42142001806641927
-0.43483488560499
-0.43560224678367376
-0.4379223349193732
-0.4411599064608001
-0.45201763891640845
-0.4563593457798561
-0.45703773271573783
-0.4631191440016015
-0.4647849791925991
-0.47984712505534005
-0.4891346346703358
-0.48957886314747157
-0.4975826481875794
-0.49759336891497696
-0.4982761345532304
-0.5035472112540447
-0.5037926272370896
-0.5055877700564452
-0.5078893783691456
-0.5167700419357667
-0.5177290302300308
-0.519207241434924
-0.5261326073552481
-0.5308226739245583
-0.5325670754536986
-0.5410872621752787
-0.5421175212200069
-0.5492441665000197
-0.5515793741797097
-0.5596256592861292
-0.5630908424500376
-0.5673193989441643
-0.573126587999367
-0.5745940413667995
-0.5838036884088069
-0.5845696478965692
-0.5868319936998887
-0.5901616910539035
-0.5954135682804917
-0.5990174664507827
-0.6043265272512599
-0.6044572047954716
-0.6071467892140087
-0.607735361928159
-0.6104440513429128
-0.6118474190730012
-0.6120146258850582
-0.6134248587938297
-0.6277943623754254
-0.6305440414377829
-0.6458192701595961
-0.6549372971057892
-0.6561521272077597
-0.6565229514613747
-0.6628630402087765
-0.6750534250334438
-0.6753907570237061
-0.6774016399556005
-0.6778804474786739
-0.6780667188383328
-0.6813294330611825
-0.6833405052441068
-0.6847547254745021
-0.6874900202706663
-0.6916051792601744
-0.6943247281645503
-0.7024296653495791
-0.7037122984038433
-0.7048586410346616
-0.7059360207899267
-0.706119705864694
-0.7123627279906941
-0.7139315931773227
-0.7185923644186308
-0.7195843387097638
-0.7218838015571236
-0.7238598230095314
-0.7262182708946057
-0.7278426337321174
-0.7358663436025381
-0.7397043599106837
-0.7398133058907531
-0.7425581613555551
-0.7619625855503338
-0.7634941647475999
-0.7664603819212061
-0.7681377076951321
-0.7711357962527674
-0.7748681197321048
-0.7749953545553581
-0.7791693298263959
-0.7795556715157416
-0.7801302984631288
-0.7904202938079834
-0.7922855160802349
-0.793559114236684
-0.7998365317544085
-0.8132289559653145
-0.818398515235458
-0.8235071455003761
-0.8247982515022159
-0.867498536594212
-0.8690087925642729
-0.8792190545519689
-0.8861055195331573
-0.9013659307577958
-0.9070564956698165
-0.9258217380956921
-0.9334081537817838
-0.9448496699333191
-0.9491766877860451
-0.9543120227754116
-0.9849373120814562
-1.0085960224670998
-1.0139278642056222
-1.106404284920427
-1.1068679569289088
-1.1828332394361496
-1.1871263206005096
-1.2185341460364205
-1.2223264185126026
-1.2273169325308118
-1.2424517929553986
-1.244807368516922
-1.2483731359243393
-1.2836869969964027
-1.3041740152984858
-1.3147947564721107
-1.3249733987031505
-1.346120758354664
-1.357218763911078
-1.4350636042654514
-1.4431159272789955
-1.5464271652454045
-1.6098759822634747
-1.621533442067933
-1.6876610690587768
-1.7038283720612526
-1.774112481623888
-1.906480148434639
-1.9161772543416191
-1.9903188198804855
-1.995151501054958
-2.101107243590832
-2.14161125322183
-2.228603704716079
-2.2677069941096306
-2.272972638408343
-2.365039825439453
-2.568079710006714
-2.6710366010665894
-2.6948325634002686
-2.8856881856918335
-2.926819682121277
-2.9389264583587646
-3.177038109385952
-3.211909703883672
-3.2324341872590594
-3.2351800742326304
-3.275626540184021
-3.298671721170346
-3.4066853523254395
-3.4692355933366343
-3.615023374557495
-4.6253504973525805
-4.803944348212099
-4.82305433737929
-4.96136999130249
-5.366341323737288
-5.5712296046403935
-5.678022980093374
-7.840943098068237
-7.930161714553833
