-8.423373431772536e-05
-0.008079330858890899
-0.009385168611212672
-0.02048014541612646
-0.031064533962811745
-0.03289021987826925
-0.035530741833399306
-0.03789844147395342
-0.039914193551521746
-0.04599529535092491
-0.04653199874947484
-0.06420349062219347
-0.07208856188242603
-0.07465164760669217
-0.07774627205799334
-0.08198206822380527
-0.08224287186510279
-0.08231179910944775
-0.09413356149646764
-0.09610783775836325
-0.10370970828189385
-0.10442521274348514
-0.11131579012350439
-0.11481374747490847
-0.11644859670195729
-0.11982055864840126
-0.1209263577825664
-0.12219917490545092
-0.12282543120444227
-0.13039947345482159
-0.13056165628806107
-0.1315191535197742
-0.13431928960490042
-0.13569701295757994
-0.1359961979943963
-0.13619820027861249
-0.1372591274381547
-0.14658942822081206
-0.1487126030537819
-0.14955051394074864
-0.15096609959344834
-0.15107400429122664
-0.1519708239302463
-0.15227119251185034
-0.15350970016242185
-0.15594745486587389
-0.15834954180775404
-0.1591308398420415
-0.1600424145739057
-0.16075395862614966
-0.16201558500809674
-0.16215284855491063
-0.16352782131981441
-0.1646816054607234
-0.16698585597746976
-0.16761523504191259
-0.1684312955170905
-0.16927305457355146
-0.1698599829565334
-0.17077952627732884
-0.17882420297974022
-0.17891506524243322
-0.17959130732354417
-0.18451648182310657
-0.18678921860191622
-0.18785483543433656
-0.18800227182336032
-0.1903321387435426
-0.1904453445460131
-0.19227589347865431
-0.19632648742053255
-0.20210177803346596
-0.2039228313203369
-0.20447913817770313
-0.20696036438407847
-0.21057472882512568
-0.21349593803170136
-0.2137917164847372
-0.2150167479353023
-0.217184493338209
-0.21881613539751146
-0.221651533298312
-0.22316495563136413
-0.22492377512239994
-0.2321981867906288
-0.23225744515184488
-0.23402789453243145
-0.23417286201712267
-0.2343731062786761
-0.23995949677009776
-0.2441243692995228
-0.24453423482676348
-0.24566910526898159
-0.24647112598848672
-0.24864125619254385
-0.24944583059307965
-0.2547322435202659
-0.25512117333710194
-0.25680627974302944
-0.2679952149677168
-0.27151455340354
-0.27956588737045723
-0.28387428319547325
-0.28540101532635165
-0.2871204358831164
-0.2879434962233063
-0.2964180939209958
-0.298754136095522
-0.3000575725163799
-0.3009078130461813
-0.3140009231033868
-0.31730626551351243
-0.3177437955600908
-0.32434949672897345
-0.3294159213081002
-0.3309143371485074
-0.3366399550815748
-0.3375842002622614
-0.3420341198681854
-0.342615554308577
-0.345239112211857
-0.34769945960724724
-0.3512373892721371
-0.3535550817873122
-0.35520818148506805
-0.35583758057535825
-0.3612256720454233
-0.3692529945295643
-0.3754908410846838
-0.37737259559798986
-0.3781227225146722
-0.37921645177993923
-0.38363940255190493
-0.3836831444205018
-0.3895771230648582
-0.39123426007831263
-0.3913304689747747
-0.39185597832547503
-0.40001903978242936
-0.40394399542775417
-0.40409699075722266
-0.40842270077804904
-0.4121070564911601
-0.41215313269963694
-0.41240605017519555
-0.41460198713466523
-0.4155873036846363
-0.41621945389649934
-0.4175461009494029
-0.4230997774616948
-0.42590778083023095
-0.432243414184389
-0.44273060851264745
-0.4428829688054975
-0.44607910045669996
-0.4472319577204568
-0.4550399301049765
-0.4593792670380531
-0.4599332443380263
-0.46071742304290336
-0.4642321332357824
-0.4643158112769015
-0.46753154695034027
-0.46844375804357696
-0.4721535675538083
-0.47949395090755487
-0.48460927355336025
-0.48991222942519624
-0.49059829300838625
-0.4931956479558721
-0.4966837303280564
-0.49741733964118695
-0.4987854459439404
-0.5072052312704424
-0.5123416458372958
-0.5125650862723382
-0.5138200253248215
-0.515506343540827
-0.5179813911207021
-0.5205867041149759
-0.5233871933693687
-0.5243196767769405
-0.5295355398880525
-0.5505447838571854
-0.5526409489102662
-0.5558320992422523
-0.5619830052368343
-0.5624793848255649
-0.5637034852730317
-0.5712985844351351
-0.5735579445414866
-0.5884171153360512
-0.5897860432224762
-0.590542469439762
-0.5923637597443303
-0.6008669069968164
-0.608800336587592
-0.6114656178833684
-0.6126459111255826
-0.6181665802796488
-0.6199023324064911
-0.6199472029434724
-0.6245379342697561
-0.6308972264581826
-0.6369395701767644
-0.6408494487404823
-0.6412574196656351
-0.6463843524456024
-0.6524346510064788
-0.6576770191831101
-0.6611092883977108
-0.6621945737861097
-0.667628756375052
-0.674586103670299
-0.6817010442415873
-0.6919099741382524
-0.6922300394799095
-0.6955034166690893
-0.696212568890769
-0.7027301743094411
-0.7080058001010912
-0.7139798960949216
-0.7149303622233371
-0.7162035938526969
-0.7228757527307608
-0.7333135992405004
-0.7358875922962196
-0.7362436126762381
-0.7502533341248636
-0.7561321961028236
-0.7705702633364127
-0.793084467301469
-0.810859813769639
-0.8179155625596953
-0.8313675445782186
-0.8369593371947607
-0.845249195008364
-0.8458565369946882
-0.8496687408187427
-0.8537559749558568
-0.870002957417455
-0.8922139728674665
-0.9913846520357765
-0.9915041195999947
-0.9978595728365084
-1.0043120505676295
-1.0132404850795864
-1.0360776655375958
-1.0396737940609455
-1.0449328223864238
-1.0550041436217725
-1.056922914343886
-1.0823824588791466
-1.082591527607292
-1.0941022404294927
-1.094679017861684
-1.0959923956543207
-1.0970934751100383
-1.120481252670288
-1.1211181456844013
-1.123242156172637
-1.1255775813013316
-1.1414028499275446
-1.1584809601888992
-1.1834203565764863
-1.1900962223298848
-1.2119563790038228
-1.2120116919279098
-1.2301116289842564
-1.2483384081472952
-1.2585581494495273
-1.2856776490807533
-1.2913351903359096
-1.2968531671212986
-1.30451837311266
-1.3307769121602178
-1.3355018240981735
-1.3525665014982224
-1.3824226309661753
-1.3954969495534897
-1.4066951076189678
-1.4128109514713287
-1.4196892079734578
-1.432730274895827
-1.4692887865336768
-1.4968059066450223
-1.5194656178355217
-1.5327030620537698
-1.5333787649869919
-1.5515727995419486
-1.551812026227708
-1.6221189697583516
-1.6376745704328641
-1.6539313796674833
-1.908400737996817
-1.9761925513012102
-2.2884889294509776
-2.473081176460255
-2.474807474550289
-2.540232063932308
-2.6792718966307802
-2.76570725440979
-2.804817855358124
-2.982367753982544
-3.9860970973968506
-4.010066032409668
-4.472049713134766
-4.755952835083008
-5.603984355679131
