-0.007947017656988464
-0.00860507802766127
-0.012578078953083605
-0.03076802653959021
-0.0430052139563486
-0.043275716132484376
-0.04333207740419311
-0.04972408898174763
-0.06010274821892381
-0.07929034419357776
-0.08147560339421034
-0.0896278679251231
-0.08964241486391984
-0.1017082016915083
-0.11250293999910355
-0.11329710074434322
-0.11549783492228016
-0.12622354371706024
-0.13112020660191775
-0.1457904859998962
-0.1528837672279527
-0.15958540653809905
-0.16570912071038038
-0.16902436649090508
-0.16916125058196485
-0.1755823821974142
-0.18129211012274027
-0.19018742010424225
-0.19748687617746846
-0.20493058339759176
-0.2132114885491319
-0.2313152757124044
-0.23643578922039726
-0.236739546735771
-0.24028068780899048
-0.24373973160982132
-0.24491910501383246
-0.24614945550759634
-0.24965003533621452
-0.2505597373674391
-0.2508015229832381
-0.2534185980660238
-0.26419283864088355
-0.2696801482899381
-0.27032996928675046
-0.2721273375500459
-0.2769853078515392
-0.2779206693618714
-0.27846952591789886
-0.27987953604606447
-0.28133376672243077
-0.29033126925496616
-0.2990574481826535
-0.300559356022859
-0.3021311902095853
-0.30262572779975017
-0.30396733287288324
-0.30725710951567936
-0.307417548581725
-0.3104382562949987
-0.31156732987292346
-0.3136404245710259
-0.3185279386483931
-0.32426314650074345
-0.3311885201255791
-0.33356678431543213
-0.33463033916443774
-0.3406163290589272
-0.34165550189532545
-0.34186048263331437
-0.3420724368887022
-0.3422934462684983
-0.3427107528143097
-0.34528774629579856
-0.3454669341444969
-0.3472581308451481
-0.34847878790086334
-0.35010279527826543
-0.3515840567914503
-0.35374795733805514
-0.3554216958582401
-0.35615501072607003
-0.35642462042737105
-0.3578711397247389
-0.36076184607932543
-0.36079100610804743
-0.36226929719931733
-0.3643142019701533
-0.36469386518001556
-0.36676273350409855
-0.36929832150283465
-0.3702901236085836
-0.374761069334636
-0.37558059310281855
-0.37585568406393577
-0.3781384771435497
-0.3783777355984785
-0.37849789111512816
-0.3786736068977916
-0.3844507025392626
-0.38547850175139803
-0.3865679516457021
-0.3866575231723901
-0.3874487108783796
-0.3881156890678944
-0.3883346524089575
-0.38947498835477745
-0.389646557404194
-0.39047012911876666
-0.39226448115160956
-0.3925379537977278
-0.39258011291049116
-0.39292441276160794
-0.39376398868625984
-0.3950699542125221
-0.3982691593365693
-0.40007640579623466
-0.4016586169600487
-0.40206725490965517
-0.4039853935595602
-0.40407013316105705
-0.40567142557847546
-0.40638658519943105
-0.40682889404623973
-0.4073289845386171
-0.4090619529699325
-0.40962126946033095
-0.4123049294703378
-0.4124626408680342
-0.41389737058671017
-0.41734311435720883
-0.41948962015365915
-0.4204751557321288
-0.4211592455219943
-0.42141520444835934
-0.4223159635264892
-0.42344739714753815
-0.42403182794805616
-0.4248827141192224
-0.4252314101182856
-0.4278941689175554
-0.4282483532359557
-0.4291189216368366
-0.42961406587346573
-0.43000945570529436
-0.4305008293336464
-0.43112219127199397
-0.43285322654576575
-0.43488380357739514
-0.4369079059300323
-0.4369248253197464
-0.4384814115862052
-0.4397207518594097
-0.44071660871850327
-0.44090636049016513
-0.4418104879790917
-0.4437366972366969
-0.4440751875905941
-0.4445234488063891
-0.4455833572420405
-0.4456152900407017
-0.44740168858940405
-0.4492160811175078
-0.45205600667016016
-0.45297562810061637
-0.4545159476343542
-0.4553570663090795
-0.4569607714191079
-0.45796209550462663
-0.4587978563892345
-0.45913306771194584
-0.4595949561771704
-0.4601776169613004
-0.4602100768215245
-0.46022198160062544
-0.4610932632131153
-0.4611289863940328
-0.4615927324455697
-0.46222943514585496
-0.46388524023786887
-0.46424295024813284
-0.4653359796153381
-0.4656920899459775
-0.4702293228858087
-0.47036191512597725
-0.4730106380302459
-0.4769626721739769
-0.477255671430612
-0.4773242250084877
-0.4775126216263743
-0.47794572708450933
-0.4798517143499339
-0.4808531729837081
-0.48116210512816904
-0.4813363203314414
-0.482195479992827
-0.4823378919957122
-0.4827755694743246
-0.48371918860357255
-0.4842158414889127
-0.4855993729018207
-0.4867435654820535
-0.48782914497294566
-0.49030827996635445
-0.4922996410076104
-0.4930603428768336
-0.49593040456625204
-0.4960343367823113
-0.4967153265606612
-0.49843457132318203
-0.49938581900538076
-0.5029637302395713
-0.5042273226026737
-0.5042544825817459
-0.5049405932271233
-0.505723697790548
-0.5066641739880046
-0.5071384537877748
-0.5087427601813488
-0.5088420182873961
-0.5099694424813151
-0.5114765940123194
-0.5124411241849884
-0.5131179466326203
-0.5141304015107835
-0.516331221330412
-0.5169254815555178
-0.5182581881061197
-0.5190955301791075
-0.5191144522280714
-0.5195069197036121
-0.5209439430489309
-0.5219580845252281
-0.5227314341399405
-0.5235802290650705
-0.5236885389830503
-0.5255228918977082
-0.5259422286497497
-0.5266609331127257
-0.5266791613705989
-0.5270239897217834
-0.5291572238085791
-0.5302198008472153
-0.5307963140051015
-0.5313044430832073
-0.53195750041724
-0.5324553265018039
-0.5329510933952406
-0.533064321747848
-0.5332704389293212
-0.534892356209457
-0.5349353765603155
-0.5361732588653922
-0.5370977203966665
-0.5390054902064174
-0.5390778605619239
-0.5404969900846481
-0.5427664523478597
-0.5431714728474617
-0.5439010834943474
-0.5456976423514649
-0.546526204193151
-0.5472818749646345
-0.547685943543911
-0.549117062240839
-0.550230195010954
-0.5529939016327262
-0.5541725613875315
-0.555212418182886
-0.5554942685412243
-0.5577795664846364
-0.5581307665270288
-0.5585145531983401
-0.5598424009978771
-0.560881566896569
-0.5610981515556988
-0.5612315564416349
-0.5614308896973463
-0.5639356995104916
-0.5641913370539745
-0.5642204789134363
-0.5644183238036931
-0.5651522695340894
-0.5651770767678196
-0.5653369461186231
-0.5668349340299351
-0.5685971179482294
-0.5689267415655195
-0.5701926476554945
-0.5726754901290405
-0.5729715742687577
-0.5731623443207354
-0.5741176437489534
-0.5748579317919393
-0.5775978460442275
-0.5785134802999892
-0.5795524587520049
-0.5804290879226756
-0.580889664268625
-0.5823762661829177
-0.582769863307476
-0.584155166366448
-0.5850169167756879
-0.5853204284169838
-0.5853711415547878
-0.5861390748104895
-0.5873621628852561
-0.5893401497509331
-0.5901061573198864
-0.5906145257176831
-0.5910126632248497
-0.591239162045531
-0.5922993736910738
-0.5925205664308224
-0.5928091184210239
-0.5931817943055648
-0.5936899992326895
-0.5951223218715034
-0.5964841285839871
-0.5966200405835278
-0.5972829941394073
-0.598248127386461
-0.5982549176052478
-0.602223280015298
-0.6033682498618224
-0.6036460251755216
-0.6039534323499538
-0.6041438281495175
-0.6057505049917381
-0.6086981440608421
-0.6088763900165519
-0.6093990825715342
-0.609413612847493
-0.6101497260055372
-0.6102768124401337
-0.6111805480904877
-0.6113379705154026
-0.6121433809399605
-0.6146034892362574
-0.615212648227397
-0.6158487085681372
-0.6181844531868895
-0.6184170495122392
-0.6223094778639885
-0.6227639943361283
-0.6230757723928296
-0.6236331354011782
-0.6250585456911818
-0.6271912813741227
-0.6279468158962421
-0.6320269673264453
-0.6320978461784156
-0.6332316370680928
-0.6337871663272381
-0.6339556326080734
-0.634027503314428
-0.6352791417132266
-0.6366106397541833
-0.6387385855875133
-0.6390327149511952
-0.6394781289175929
-0.6406466978369281
-0.6406791935750334
-0.6411501091040138
-0.6427528123854245
-0.6441706400364637
-0.6462535046273261
-0.6468483238067064
-0.6472749001579359
-0.6481117783114314
-0.6495113693788306
-0.6499518377573362
-0.6506226689768179
-0.6507405561907424
-0.6523857806285378
-0.6526660921257904
-0.6528955478400652
-0.6537703819922172
-0.654627167805711
-0.6577468384057283
-0.6586154898628592
-0.6595822068100626
-0.6600687354803085
-0.6612965712846289
-0.6623327573179267
-0.6646745241479948
-0.6651031657432517
-0.6653369889993753
-0.6680348641471937
-0.6694351236413544
-0.669489772990346
-0.6734383203089237
-0.6744211175478995
-0.6749341517117702
-0.6750641693102403
-0.6753246308653615
-0.6755476651713253
-0.6757728368975222
-0.6768264694837853
-0.6780972683971579
-0.6782631089445204
-0.6792922268369693
-0.6794335173908621
-0.6801496930420399
-0.6817329398666819
-0.683089068159461
-0.6831762441951368
-0.683287613093853
-0.6845019596538665
-0.684920038106308
-0.6855302459249893
-0.6868402480031364
-0.6868529095663689
-0.6871557000041422
-0.687604552781219
-0.6880964095083376
-0.6907503464259207
-0.6920298511628061
-0.6955096814781427
-0.6958271338590748
-0.6982572293840349
-0.6983586021104
-0.6985966162368035
-0.6995776366028521
-0.6998343467712402
-0.6998938764704185
-0.7012662053108215
-0.7030603962950408
-0.7035752268508076
-0.7038539387250983
-0.7046600702672094
-0.7052533461579255
-0.7055413757298084
-0.7056996977677434
-0.7063262233776706
-0.7072642599698156
-0.707409295369871
-0.7074263801332563
-0.7078073203563691
-0.7078459808370099
-0.7080739757253064
-0.7087379776251813
-0.7098421013086207
-0.7103442153871179
-0.7107106127776206
-0.714192767899173
-0.7147172664602598
-0.7149780465018315
-0.716304274911181
-0.7163840316029059
-0.7176680825650692
-0.7176751167409949
-0.7183138426393271
-0.7185562489001314
-0.7196064367890358
-0.7204319221200421
-0.7216804070631042
-0.7227791758875052
-0.7239414304494858
-0.7249910945771262
-0.7258983616318021
-0.7287182367872447
-0.7296330606830972
-0.7304604648612439
-0.7307270670309662
-0.7310307088308037
-0.7313997335731983
-0.7341140732169151
-0.7349533511636158
-0.7350905215840943
-0.7356709606014192
-0.7364653030992485
-0.7369253824775418
-0.7369384118588641
-0.7382613069843501
-0.7383824762267371
-0.7402200231910683
-0.7404697493184358
-0.7408750193426386
-0.7409803677830495
-0.7410118518397212
-0.7410352690065338
-0.7421802720928099
-0.744571143495185
-0.7450541809796252
-0.7454447708983025
-0.7455382293888501
-0.7456549776252359
-0.7463319186354056
-0.7465279781608842
-0.7466592321754433
-0.7467194103768894
-0.7471025716513395
-0.7474436245559316
-0.7475436458364129
-0.748199187554333
-0.7489524924312718
-0.7516659996006638
-0.7521508568432183
-0.7540628345851863
-0.7543953633867204
-0.7547539598308504
-0.7547671552230086
-0.7551001384854317
-0.7584280313125679
-0.7585088809331259
-0.7586333024050873
-0.7589888010639697
-0.7590664575497309
-0.7622522589750588
-0.7639218413387425
-0.7643368542194366
-0.7656456616241485
-0.7661943419328358
-0.7669485190085003
-0.7691327404851714
-0.7701471776432299
-0.7713406275919018
-0.7727538941864622
-0.7731362632257515
-0.773321072189984
-0.7739309137687087
-0.7757755926991844
-0.7763689038542907
-0.7789103544782847
-0.7806290704756975
-0.7820203051087447
-0.7870139802495638
-0.7874201601371169
-0.7881821897527617
-0.7894715341473264
-0.7910692734377724
-0.7931148282514187
-0.7952400301583111
-0.7965613752603531
-0.8022847771644592
-0.8028737772256136
-0.8029932856559754
-0.8030205940206846
-0.8051373163859049
-0.8052629195153713
-0.8059833277016878
-0.8067718744277954
-0.8080906263951745
-0.8083443939685822
-0.811059921150445
-0.8134427352342755
-0.8134821504354477
-0.8157448458392277
-0.8164149832446128
-0.8208261212954918
-0.8216923764751604
-0.8244872003793716
-0.8249758337042294
-0.8250626731250021
-0.8261542792897671
-0.8263604866806418
-0.8268083472337041
-0.8280470928642899
-0.828962790966034
-0.8297707614089761
-0.8299205009437477
-0.8315894254716113
-0.8325578570365906
-0.8347692388213344
-0.8351252097636461
-0.8369430915433137
-0.8369798946194351
-0.8370420368155465
-0.839692693669349
-0.8406794611364603
-0.8412054888904095
-0.8414715886116028
-0.8421308744129621
-0.8421971142292023
-0.8439969377941452
-0.8441236217816671
-0.8484054367989302
-0.8496303247908751
-0.8509364291821839
-0.8510889245473663
-0.8515418377549698
-0.8526324615813792
-0.8543689881584474
-0.856805082410574
-0.857945735193789
-0.8592219725251198
-0.8595112911658361
-0.859843288625901
-0.8598769892007112
-0.8654046177864074
-0.8665404319763184
-0.8672897089272738
-0.8688615558610764
-0.8695910573005676
-0.8706031770264937
-0.8712979435920716
-0.8716660439968109
-0.8717402289395169
-0.8725216827006079
-0.8726783944894123
-0.8731752043323857
-0.8733447368722409
-0.8764231140605923
-0.8769113620122274
-0.8774032696549382
-0.877509637363255
-0.8776544216754181
-0.8794997707009315
-0.8830479383468628
-0.8839846760034561
-0.8840803131461143
-0.8866947228088975
-0.8874024685485185
-0.8892510481333981
-0.8920342493802309
-0.9016668950872762
-0.9053931027107561
-0.9091947683676457
-0.9095768121381601
-0.9098532028496266
-0.9100971389561892
-0.9134403655305505
-0.9138953782618046
-0.9156552227213979
-0.9169714071654848
-0.917270908339156
-0.917382596592818
-0.9183294074609876
-0.9193794389721006
-0.9206121837778483
-0.9218077665621726
-0.9225019427637259
-0.9266625847667456
-0.9292463387052218
-0.9294534253754786
-0.9312766863033175
-0.9333410050187793
-0.9335877481886806
-0.9349023898442587
-0.935145892202172
-0.9373340646603278
-0.939800571779617
-0.9408891078616891
-0.941218588501215
-0.946053092678388
-0.946333545888774
-0.9528105398640037
-0.9534620940685272
-0.9546883614966646
-0.9584582846611738
-0.9608650668669725
-0.9630182604945731
-0.9640508611790009
-0.9656654875725508
-0.9662662800401449
-0.9682944418260983
-0.9703780282030089
-0.9708953918889165
-0.972230575978756
-0.9728028923273087
-0.9741157225022713
-0.9761831827927381
-0.9784723557531834
-0.9787244096398353
-0.9788330653017121
-0.9791815380255381
-0.9797322159366948
-0.9809184484183788
-0.9810095593333245
-0.9925485919011408
-0.9951493144035339
-0.996033143873016
-0.9963666394988877
-0.9976653568446636
-0.9986786172861079
-1.0003960052660357
-1.0004991696415735
-1.000539492815733
-1.0038627795875072
-1.0073986575007439
-1.0096434112638235
-1.0098947379738092
-1.0100228950381278
-1.0170751930272672
-1.017471472422282
-1.0189066712802741
-1.0217813476920128
-1.0223089357217152
-1.0247809965221677
-1.0393173568882048
-1.0394201907969545
-1.040404411110406
-1.0452253228674333
-1.0457944087684155
-1.0515502512454986
-1.0517319730327774
-1.0552449867129325
-1.0569738826404016
-1.0570071041584015
-1.0582529198087287
-1.058302222797647
-1.0598304212559015
-1.061755119264126
-1.061899384483695
-1.062849113318537
-1.0647223524283618
-1.0651786625385284
-1.0677580496412702
-1.0715512223541737
-1.0770405624061823
-1.0811430286325048
-1.081452637910843
-1.0821289271116257
-1.0826670093578286
-1.086360540241003
-1.0865606538330514
-1.0936332435812801
-1.1025575995445251
-1.1037978696015973
-1.1042680896818637
-1.1131154596805573
-1.1192373797297477
-1.1227968744933605
-1.122799925506115
-1.1274554460930328
-1.1296818498716068
-1.1300390766312678
-1.131406009197235
-1.1318273345629375
-1.133357549707095
-1.14081309735775
-1.1470896317950974
-1.1509439583169296
-1.1520734508521855
-1.1548033552244306
-1.1551786363124847
-1.1555070678393047
-1.1697532018242782
-1.1749641492962837
-1.1822827061017354
-1.1871885159052908
-1.1888295181561261
-1.2070841193199158
-1.213353842496872
-1.2248557994375004
-1.2272261939942837
-1.2334570037201047
-1.234023880213499
-1.2364744953811169
-1.2377015948295593
-1.2431656625121832
-1.2455330582646031
-1.2491842779951792
-1.2606284922609727
-1.2732836206754048
-1.2771389484405518
-1.2789623110496904
-1.2801586985588074
-1.2937220931053162
-1.2950532529503107
-1.2987528170148532
-1.3076680861413479
-1.316024627070874
-1.316025714079539
-1.3173640326131135
-1.318889545975253
-1.330352310091257
-1.3330254405736923
-1.3385999266058206
-1.351512284638981
-1.3601499994595845
-1.3682091236114502
-1.3777203639037907
-1.380883514881134
-1.3834335673600435
-1.3835064992308617
-1.3931025074174006
-1.39714964479208
-1.4109755847603083
-1.4117079973220825
-1.4197499454021454
-1.4198951721191406
-1.4218673308690388
-1.4343429133296013
-1.4351961738429964
-1.445792406797409
-1.44678196310997
-1.4477410670369864
-1.451276566949673
-1.4529318511486053
-1.4544805893674493
-1.4586385463674862
-1.4603373389691114
-1.4745590090751648
-1.4867467731237411
-1.4869875758886337
-1.4882869571447372
-1.4973044246435165
-1.5085339099168777
-1.515660583972931
-1.5210697912843898
-1.5215137808118016
-1.534496545791626
-1.5347666591405869
-1.5487038865685463
-1.5825859705607097
-1.592208370566368
-1.599366195499897
-1.6086821742355824
-1.610687866806984
-1.6145031650861104
-1.6162253618240356
-1.6198271862231195
-1.620976909995079
-1.62231388092041
-1.6385946869850159
-1.651558099547401
-1.6756418570876122
-1.7017438826076159
-1.7269110260531306
-1.7271592716375987
-1.7302219457924366
-1.7341379002512742
-1.7430347874760628
-1.7474613040685654
-1.7577501526520791
-1.7675149076385424
-1.8513826727867126
-1.8525729114189744
-1.862232193350792
-1.8623266816139221
-1.8642071085050702
-1.8820113241672516
-1.9034232050180435
-1.9217218061288197
-1.9564328168829281
-1.9603001908253646
-1.9697238001972437
-1.970589280128479
-1.970720499753952
-1.9947351589798927
-2.0567049382564924
-2.092402160167694
-2.115461766719818
-2.1566132977604866
-2.1573496023290013
-2.2320331409573555
-2.2473516248865053
-2.333815574645996
-2.3369088107720017
-2.3951073437929153
-2.461527627427131
-2.464865064568585
-2.4658092856407166
-2.5495735704898834
-2.567069485783577
-2.6126047670841217
-2.628769625676796
-2.6317635104060173
-2.674617037177086
-2.7639324478805065
-2.807385878637433
-2.8602252453565598
-2.9515046905726194
-3.0714033047358194
-3.211197336514791
-3.413097858428955
-3.69649039756041
-3.7418694496154785
-3.784675121307373
-4.696759378450224
-5.490617990493774
-5.638030529022217
-5.731523036956787
-6.550137996673584
-6.566685914993286
-7.671976566314697
