-6.794698856538162e-05
-0.00048436602355650393
-0.012527453214195208
-0.016619412291362323
-0.018868842758820392
-0.02933881725766696
-0.03525255163791977
-0.05576827216427702
-0.060485851811245085
-0.060629127182920683
-0.06369505601992298
-0.074832137901337
-0.08275408572444576
-0.0840784297324717
-0.08670834780423249
-0.10627527755786954
-0.11127030832949414
-0.11206088412291138
-0.11560672817707503
-0.1219222015000317
-0.12428307525220185
-0.12474190838145205
-0.14035833889886923
-0.144729489654959
-0.15331628599960823
-0.1539494156800174
-0.16093000210821629
-0.16912036371892705
-0.1720273852157074
-0.17318875703494996
-0.17354362018847952
-0.18609078872315069
-0.18923027668683426
-0.18928680712512383
-0.1893247330884833
-0.19109976124066938
-0.19601284790197834
-0.1975432741440129
-0.19873403010731433
-0.2009770544245839
-0.2051068498027835
-0.20698521686625135
-0.20933338663905307
-0.2145296407564144
-0.2145331384090241
-0.21467860693650842
-0.21623007982270792
-0.2180072136519097
-0.22224117937718119
-0.22392881824295235
-0.2277280423097956
-0.22784559527956663
-0.23020200555804027
-0.23374102901046476
-0.2358610942631328
-0.2384044816348105
-0.25145741177057984
-0.2537808173146895
-0.2561229199137805
-0.263982402752137
-0.2653006013835378
-0.2660082133160821
-0.2683571852161549
-0.2696496834633919
-0.2703060663770884
-0.2741745561361313
-0.2776707108709418
-0.2777995859387943
-0.2781240282880996
-0.2781459030462109
-0.2796520901460686
-0.28008983625786643
-0.28070632793511563
-0.28094861525124276
-0.2839002784980142
-0.2840829867214779
-0.2849590392955997
-0.2889495327361143
-0.2918772734358299
-0.2925222375671518
-0.293077084935598
-0.2937105121936838
-0.29402010712454707
-0.29440969902983244
-0.2945466896326252
-0.29581133091301937
-0.2971577246983846
-0.29780397936701775
-0.2982050946807963
-0.2985153636429459
-0.2987218175337396
-0.2992981633126419
-0.3004101675395141
-0.3011316587362667
-0.3033220185688614
-0.30426867228829063
-0.3050069016286212
-0.3065890716417117
-0.3066187867989356
-0.310368705379705
-0.3112569016286212
-0.31185975205153227
-0.3121139979195875
-0.3128583667810574
-0.3131018890991721
-0.31492495125712594
-0.31567437562625855
-0.3161717547877093
-0.3171451725385038
-0.31769999363736334
-0.3181135413802362
-0.31900504653489997
-0.32098553629548376
-0.3213434059001397
-0.3219948565820019
-0.3229229487135399
-0.3232941362475679
-0.3233766305324695
-0.32812442362849953
-0.3283132716243826
-0.32890729541291613
-0.330665722489357
-0.33068125075733407
-0.3316320405946926
-0.33195830143631433
-0.33634376509371533
-0.33760960442752375
-0.33797646112216173
-0.33839657946246005
-0.3435224765404807
-0.3439742280930977
-0.3443086388369916
-0.34493541910069325
-0.3511167897498429
-0.3514641239723387
-0.3553466238792882
-0.3560794670991818
-0.3562070528358163
-0.3583688409999013
-0.3623241629231618
-0.3626610340295209
-0.36367428456212564
-0.36500141076612574
-0.3685931248681819
-0.37024354847906377
-0.3705393315855569
-0.37244891409645786
-0.37566873224965425
-0.37611887337213074
-0.3764520664395604
-0.376468178089756
-0.3766966753820371
-0.3773209425627202
-0.37734830745790127
-0.37956190263149536
-0.3809296621487959
-0.382703788568809
-0.3827706132479258
-0.384808616584678
-0.38583347976535154
-0.38654912542551756
-0.3920051630702801
-0.3921159454654434
-0.3928138964735858
-0.39364391050185077
-0.3994973629355955
-0.39979283787761233
-0.39995296483320997
-0.4044852059625555
-0.4065008957566533
-0.40778294698765605
-0.4080978332320228
-0.4084120341961655
-0.4106797423446551
-0.4117137436956
-0.41214001066206646
-0.4123027574525615
-0.4132288977969438
-0.41503441988000606
-0.41543608854408376
-0.4172027922678454
-0.4179287162931779
-0.4183055161605201
-0.4188891128627195
-0.4192727941699559
-0.42160054079722614
-0.4216421267462595
-0.42254229411870864
-0.42267690888830717
-0.4243551781744027
-0.4245780717836162
-0.42759958405132675
-0.42871423678443343
-0.4289508748042863
-0.4299337151808556
-0.43262192113325
-0.43273936612531544
-0.432861933744789
-0.4333454636847212
-0.4347766743885586
-0.43515908202659304
-0.43579964545642724
-0.4378479779067372
-0.43868464487604797
-0.440842491411604
-0.44108579892599664
-0.4411252161888634
-0.44134476844919845
-0.44172641017939895
-0.44404514607352513
-0.44419198386349307
-0.44514660196312306
-0.4498783639043832
-0.4513486442156136
-0.4530799562552212
-0.45313060664597693
-0.45791615013149567
-0.45807344610759143
-0.4605414611287415
-0.46717812968806055
-0.46719079651059736
-0.46727249889883377
-0.4685677490003097
-0.47104588940928804
-0.47110210359096527
-0.4719870061853726
-0.4721616916722269
-0.4726359079520787
-0.47269297183083836
-0.4751366710406728
-0.4757072416134179
-0.47591951491065426
-0.47620126798938145
-0.4767532686860899
-0.4809288516361879
-0.4812419389684995
-0.48216354602385536
-0.48229445999022574
-0.48518737197654055
-0.4860921359853819
-0.49007191535274613
-0.49336245828973396
-0.49384710218946565
-0.49409817504367887
-0.4965536875857247
-0.4967078565746811
-0.4973364258251174
-0.5010737300451312
-0.5011444767199768
-0.5019075640193478
-0.504789942003427
-0.5056918626279285
-0.5083469587164776
-0.5084448742934249
-0.5086286795659463
-0.5112149026927
-0.5113018718896326
-0.5140457639296073
-0.5152890250552445
-0.5158282568396922
-0.5163619194520704
-0.5174200480549189
-0.5177397281966276
-0.5179574238864006
-0.52217716602172
-0.5235481113486458
-0.5240909541025758
-0.5242161278923353
-0.5264718083256282
-0.5265747082220125
-0.527069457839002
-0.5274535477365134
-0.5289265195772584
-0.5295010396221187
-0.5303343826147966
-0.5326033309268366
-0.5341792128747329
-0.5351689221683955
-0.5368288147105237
-0.5393177249983031
-0.5399063918323789
-0.5409256278152397
-0.5422448900774017
-0.5434368067944888
-0.544760297686379
-0.5472329999756766
-0.547473829385126
-0.5480295050598215
-0.5500674660830885
-0.5504112987109693
-0.5526018397298047
-0.5539762162297848
-0.5549953773152083
-0.5552643652590632
-0.5594260971389531
-0.559589699758882
-0.560133319037656
-0.5612871975187902
-0.5629548442724627
-0.5639433672253225
-0.5643813052835563
-0.5644310987903737
-0.566774093080312
-0.5720239066754907
-0.5731843311186822
-0.5769878924125805
-0.5771820945694344
-0.5772549033397809
-0.5814076063223184
-0.5846804372500628
-0.5853715191284815
-0.5853816077578813
-0.5864761743966179
-0.5873823756483034
-0.5906680754061588
-0.5911221089255478
-0.5930650977679761
-0.5938408786023501
-0.5986370483702298
-0.5990662481635809
-0.6011642445992038
-0.604057708454396
-0.6109722671099007
-0.6114627165435296
-0.6218323819339275
-0.6221561013614215
-0.6229044983370436
-0.6243224349673255
-0.6249390093208704
-0.6262001675657101
-0.6279769163578749
-0.6288207768569313
-0.6301742086985281
-0.6324509519763524
-0.6334662813897012
-0.6368083182023838
-0.6459628763841465
-0.650422175929028
-0.6505869257057384
-0.6532803703594245
-0.6584725601132959
-0.6592762596788816
-0.6627554566293838
-0.6641206323062457
-0.6686634242534637
-0.670353632903425
-0.6733419408814775
-0.6743016213918703
-0.6751577754087824
-0.6802375987172127
-0.6834850729913645
-0.6836921684443951
-0.6852815130308348
-0.6867428816272877
-0.6876822883884112
-0.6882045330373027
-0.6935887860859111
-0.6969161994929891
-0.6987739723408595
-0.6989724503752465
-0.6993824607093951
-0.6995035358039396
-0.7024313108251792
-0.7054974212466428
-0.7061171166133136
-0.7090605506673455
-0.7103740553376899
-0.7132492706179618
-0.7153124012208233
-0.7157004913242417
-0.7162606909017389
-0.7170311355545312
-0.7222921152084988
-0.722654471842543
-0.72400225299186
-0.7328056304265503
-0.7333583672345412
-0.7376561019212075
-0.7418771452503279
-0.7513393049230217
-0.7519654482603073
-0.7529762163758278
-0.7544572911428986
-0.7732664309442043
-0.7763584000756965
-0.7795039576376439
-0.780690816003092
-0.7817800047050696
-0.7833541929721832
-0.7840770986253379
-0.7869183921518145
-0.7873449457110837
-0.7875415661886412
-0.7888546768453024
-0.7902546966332011
-0.7968663643114269
-0.8031138653121681
-0.8031685568760926
-0.803919423557818
-0.8046842699041008
-0.8055428825318813
-0.8056995181366802
-0.8090136587852612
-0.8091472536325455
-0.8101921162257592
-0.8122851738880854
-0.8148041348904371
-0.8244729885889683
-0.825713703862857
-0.8271293111145497
-0.84097774001566
-0.8503507524728775
-0.853558979468653
-0.8615187162620714
-0.8658210377267096
-0.8682501377905802
-0.8685972512001172
-0.8776549984777375
-0.8803876481542829
-0.89891384045283
-0.908254780434072
-0.9101598511139551
-0.9272651970386505
-0.9301897681274568
-0.9469623112430176
-0.9482303480966948
-0.9565879110762451
-0.966363325715065
-0.9676359162200242
-0.9681408479809761
-0.9689628034830093
-0.9720859892258886
-0.9785046211909503
-0.982312506577
-1.0133976687987645
-1.0179917446803302
-1.0213722889257042
-1.0224412592127918
-1.0266998745501041
-1.0362776052206755
-1.0404692705966834
-1.051699436828494
-1.0547682449687272
-1.0636851422023028
-1.0741142978270848
-1.0791128479304462
-1.079438105225563
-1.082950052805245
-1.0864762075289036
-1.1144761173258302
-1.12398565816693
-1.1458243230978649
-1.1776356448729832
-1.1782333453496296
-1.1877775382963591
-1.198864145592476
-1.1993937027655193
-1.219898058916442
-1.224605996045284
-1.2435532593372045
-1.2613084986805916
-1.2666190564632416
-1.271331397195657
-1.279215109348297
-1.2842635388175647
-1.2886668115854263
-1.321383338732024
-1.3245657488296274
-1.343003123998642
-1.3508201041724532
-1.3568461015820503
-1.3618760605653126
-1.3796409405767918
-1.4002328426286113
-1.4514994850906078
-1.501407839357853
-1.5104322403785773
-1.5118597464897903
-1.5183679605834186
-1.550554184941575
-1.5768714187045891
-1.5923843272030354
-1.601208249727885
-1.6049247980117798
-1.6154645681381226
-1.6211223900318146
-1.6317191353591625
-1.6495668097632006
-1.6540715023875237
-1.6548632383346558
-1.6583431363105774
-1.7181510627269745
-1.724251702427864
-1.7330278605222702
-1.738784263531367
-1.751623421907425
-1.7910362272523344
-1.7953751150052994
-1.8230929176012676
-1.8477533383702394
-1.8527875752188265
-1.8589714765548706
-1.9730476140975952
-1.9774222820997238
-1.9824707508087158
-1.9914352297782898
-2.0343832969665527
-2.0584977144996324
-2.1738324110629037
-2.1989520292845555
-2.231543914206668
-2.232227172149578
-2.236142873764038
-2.2780002511817656
-2.3515302687883377
-2.4005955904722214
-2.714707374572754
-2.941805839538574
-3.1073490899095
-3.1541805267333984
-3.2202565670013428
-3.459829807281494
-4.160267353057861
-4.293588161468506
-5.407207012176514
-12.155003547668457
-12.896434783935547
-12.950745582580566
