-0.001378658169414848
-0.025725462823174894
-0.1860794549136699
-0.18630971982247502
-0.19324087555820976
-0.2364751629600347
-0.25905063206612666
-0.27314899635966866
-0.28745855446444085
-0.28918347655814036
-0.28941699304009993
-0.29216608092310314
-0.3117683335773108
-0.3181510510637761
-0.32018599080176846
-0.32329631047873086
-0.32388573700620327
-0.3277604154157286
-0.3281665390434985
-0.32964795436662697
-0.3298997095501942
-0.3311441806081348
-0.3349105863366276
-0.33716437181217107
-0.3439031744159625
-0.3442182985544115
-0.3479919934567685
-0.3500116032037812
-0.35269632797840483
-0.3543814198928885
-0.3545503352528006
-0.354617814264202
-0.3554376668154659
-0.3556965589232277
-0.35901783527919584
-0.3592856590000926
-0.36404371612752584
-0.36839901131720076
-0.3689077217083347
-0.3727467818581499
-0.37284047387414226
-0.37358796960001606
-0.3753002315982788
-0.3765121674497585
-0.38008703619852896
-0.38356354784191354
-0.3840115312123089
-0.3870214792593341
-0.3873577586318788
-0.39131363339653874
-0.39166385736565906
-0.39183028389379615
-0.397701317052491
-0.3985200265008395
-0.39863080471210804
-0.4029759823461063
-0.40455609495131345
-0.4056046160701953
-0.41006673566072194
-0.41338823623300414
-0.41380527045112103
-0.41387972333814105
-0.41557365917105926
-0.4200059211205371
-0.42236112975200135
-0.4240957503553263
-0.42463940235271974
-0.4258400557575644
-0.4264654952388479
-0.42678774998337476
-0.4286690438400708
-0.42980446640285663
-0.4308071102907137
-0.4379915701491492
-0.44047225859581624
-0.4420146508730665
-0.44554843830000784
-0.4491330575538086
-0.44993233249156867
-0.4548138638820092
-0.45968409054103176
-0.4605280875774851
-0.4630917699774727
-0.4637831034164037
-0.4657677513792545
-0.46767797152861024
-0.4706029992060697
-0.47093940720515093
-0.47435933888739196
-0.47689601957972627
-0.4794734882048942
-0.47959132214548716
-0.4814993167916934
-0.48246714282600134
-0.4825382497427719
-0.48280630193507285
-0.483728735067416
-0.48695256385746266
-0.48845136903946695
-0.4936899748965516
-0.4983251356004205
-0.4993979266534249
-0.49949389366832164
-0.49991083177737894
-0.5021536197224729
-0.5023836313387923
-0.5024381165355656
-0.5131899615936324
-0.5133272596140159
-0.51395148409886
-0.5163079367036213
-0.517088933823778
-0.5173120817673503
-0.524256557924673
-0.5250695056747645
-0.527886291566704
-0.5289320996578317
-0.5305343705755338
-0.5310636976173555
-0.5312435837503082
-0.5350980532158904
-0.5356510657417987
-0.5370080411334389
-0.5424706846570189
-0.5440462327279858
-0.544470659536455
-0.5484356708358973
-0.5527378323798379
-0.5527532338088349
-0.5533486077975895
-0.5568433201478911
-0.5581944439094514
-0.5582132770675877
-0.5597334555815905
-0.5597950725641567
-0.5607307047014021
-0.5617599127244352
-0.5630227483064422
-0.5720978052195278
-0.5742206678794742
-0.5743587110191584
-0.5764260232623201
-0.5769947070253288
-0.5770746160764247
-0.5779842845766229
-0.5829489028874377
-0.5832053010041515
-0.5833836141007851
-0.5886188549762168
-0.5891137507625479
-0.5910551667046093
-0.5944672367157702
-0.5961607776407618
-0.5968665716990708
-0.5989778737306264
-0.6061660918814595
-0.6071605085686315
-0.6110658932270275
-0.612831439118357
-0.6211198641574898
-0.6211662733306488
-0.6214180508162827
-0.6227336124413543
-0.6234155651800393
-0.6276802829551426
-0.6277483634185046
-0.6337958491846317
-0.6370925637194886
-0.6396202421229746
-0.6415778931437267
-0.6461774854455143
-0.6487565164037127
-0.6490304438500769
-0.6573593315856886
-0.6632265541702509
-0.6635207298249952
-0.672489583492279
-0.6784949169261381
-0.6818575270473957
-0.689947448512116
-0.6924367784704373
-0.6940916227285925
-0.6946758982487067
-0.6953388208667526
-0.6954535098280757
-0.702909136397971
-0.7050892170518637
-0.7132235470926389
-0.7176655507129099
-0.7207961244275793
-0.7296884623647202
-0.7352712996304035
-0.7657204914527634
-0.7724557073554024
-0.7783128762617707
-0.7871387028652761
-0.7884863532251782
-0.7924179239889781
-0.7945101615041494
-0.7950881615979597
-0.7972306110563555
-0.8012086579369174
-0.8175516127957962
-0.8292829628383819
-0.829845586946855
-0.851286014355719
-0.8591144084348343
-0.887688538338989
-0.9140017226648828
-0.9163138867089791
-0.924447953235358
-0.9247620225251012
-0.9333054216371642
-0.9736290276050568
-0.97365615930903
-0.9820247041227829
-1.0068408520892262
-1.0168646106030792
-1.032106543259163
-1.036598142728811
-1.0392038420774043
-1.074650046468014
-1.0846154391765594
-1.085752078933486
-1.090903157734179
-1.097206578856068
-1.097460001640554
-1.1011331610789057
-1.106248936349792
-1.1125878989696503
-1.1339970041299239
-1.1449377238750458
-1.151604760234477
-1.1532116186405932
-1.155638745171018
-1.1630602195858954
-1.1679859290209909
-1.2181083845789544
-1.2403687051963062
-1.2640843546018004
-1.2734294533729553
-1.2970345923677087
-1.3858538176864386
-1.3941231849457836
-1.4007351644337178
-1.4016465941444038
-1.4605740364640951
-1.5291543835774064
-1.5318972766399384
-1.547415614768397
-1.5891425013542175
-1.60922628082335
-1.6345571944490076
-1.657079041004181
-1.6766329258680344
-1.6959686080614726
-1.7304919163386028
-1.818609440078338
-1.8416120186448097
-1.9069535285234451
-1.927753798624811
-1.932083928026259
-1.9634808308328502
-1.9931892163003795
-2.0113003441365436
-2.0258248249689736
-2.043348221379953
-2.109933626605198
-2.111833155155182
-2.1303422451019287
-2.1355114170971015
-2.1459995365391173
-2.197340408960978
-2.201214700937271
-2.3502720997979245
-2.36502393335104
-2.392256259918213
-2.410420000553131
-2.417226401157677
-2.4863646030426025
-2.5619228134552636
-2.584169328212738
-2.595427946653217
-2.891378571589788
-3.1109448671340942
-3.1432271003723145
-3.222998201226195
-3.561272382736206
-3.8573591336607933
-3.9657934077549726
-4.142577648162842
-4.2007612904999405
-4.3395771980285645
-4.58368556946516
-4.769436676229816
-5.278491497039795
-5.341822862625122
-6.788028240203857
-9.36020803451538
