-0.0012735479504044633
-0.006979673635214567
-0.015315131018204349
-0.021790182642871515
-0.022350033890688792
-0.022862846577481832
-0.038552691470613354
-0.04620334895735141
-0.062398905283771455
-0.08225836139172316
-0.09235743957106024
-0.09716318547725677
-0.10906679239997175
-0.13761377334594727
-0.14998843551923832
-0.15239649147926165
-0.15449832621961831
-0.15503304730737
-0.18212150368102206
-0.1864361182844732
-0.18887934949495555
-0.19245740082114934
-0.19294015574268997
-0.19723289810730527
-0.19756853141653766
-0.1989405972417444
-0.20223417939268984
-0.20568119909910906
-0.2105443436812493
-0.21481113772380114
-0.21676283068372867
-0.22430062666535378
-0.2249094039018798
-0.2269144443111145
-0.23171471714966982
-0.2445408757776022
-0.2462200296748265
-0.24672671297594206
-0.2473333560177707
-0.25508022989226065
-0.2591789026347246
-0.2602379252138134
-0.26521485930425115
-0.2661176523193717
-0.27383163814771583
-0.2756862315748419
-0.2767613098025322
-0.2767672725385637
-0.27986105277886963
-0.2840911146424907
-0.288753753416261
-0.29460417919714627
-0.29488647796420586
-0.2986659223890205
-0.3038274544677207
-0.30445084175846115
-0.3067057551150875
-0.3205104352802866
-0.3209563073053557
-0.3236840260680765
-0.3259602455565563
-0.33049867479130624
-0.3317890094934098
-0.3318698842485901
-0.33441104997570315
-0.3384361755684949
-0.3391438497788773
-0.340053871118774
-0.34113497032175755
-0.3446523342669631
-0.34643054626778597
-0.34687608642928786
-0.34869846388963716
-0.34898752605012207
-0.34917803116237606
-0.35044628056412974
-0.35079138168366625
-0.35107970828338975
-0.3516967544731285
-0.35193937050540364
-0.35373624990461394
-0.35423612155656364
-0.35478874927503057
-0.361155671486631
-0.36239178230365116
-0.3624814479664
-0.36457628204254433
-0.3667588208554662
-0.3702337265214218
-0.37509918103728523
-0.37667650637449696
-0.3850176226761606
-0.38716866917966397
-0.38717285671737045
-0.38745098015642726
-0.3903412606853705
-0.3928860145149104
-0.39411317078130587
-0.39984483623720735
-0.403696769238195
-0.4047565952176228
-0.4064884169686896
-0.40953516169368714
-0.4100661920393967
-0.41046589370816944
-0.41128335893154144
-0.4167101252824068
-0.4212345822015777
-0.42339529654418584
-0.4244398003909737
-0.4248523206721681
-0.42542159550706854
-0.42664048857986925
-0.4303059115074575
-0.4304235632100079
-0.43048447845852933
-0.4312820680402183
-0.4316546587273479
-0.4321871504295044
-0.43756074253469707
-0.44039284921018407
-0.4438360461383127
-0.4451979776987663
-0.4455419098958373
-0.4463152650098961
-0.44949024192173964
-0.44966685087420044
-0.4521967632552752
-0.45288814915693365
-0.45572767302264067
-0.45760830270592123
-0.45805845310678706
-0.45873559918254614
-0.4592029346774022
-0.4611416805225114
-0.4618436486593315
-0.46324079490215
-0.4632512360694818
-0.46354352069465676
-0.4650473195749025
-0.4666055731517686
-0.4691072416550014
-0.47066320937413436
-0.47373982527515973
-0.47413634420372547
-0.474300467040545
-0.4767341243568808
-0.4777762374433223
-0.4791737796428303
-0.4799312836387091
-0.48019674697166514
-0.48213450900382465
-0.48254544474184513
-0.48567654606368804
-0.48945701701773536
-0.49119206737830406
-0.4935882827768283
-0.4939402581824522
-0.4962273307144642
-0.49899411655496806
-0.5002522582136508
-0.5024299508356004
-0.5051297394602443
-0.506166659381605
-0.5067517091985791
-0.5086386567912996
-0.5088558480143547
-0.5128840257879347
-0.5143574676068965
-0.5162187616030375
-0.5166237926862848
-0.5169975183024589
-0.5172094066316882
-0.5194255083915778
-0.5203223930135815
-0.5224444178747945
-0.5328465579550539
-0.5371621494110592
-0.5378150170048078
-0.5387984199624043
-0.5406362917128718
-0.5429551647976041
-0.544931188536187
-0.5454873899725499
-0.5458714172244072
-0.5471080736472056
-0.5480545816513208
-0.5505051228537923
-0.5506087070796639
-0.5516831286561986
-0.5520272424539805
-0.5536942130420357
-0.5563453189614747
-0.556821472166727
-0.5576610772307807
-0.5603684667051615
-0.5604704348370433
-0.5617344580564855
-0.5627782394178211
-0.5636649507881278
-0.5640398462394091
-0.5647754373028875
-0.5662407440133392
-0.5666336037748907
-0.5685829941066913
-0.5723886979644054
-0.572533536888659
-0.5745524552767165
-0.5769604644330684
-0.578948054718785
-0.5810414279500643
-0.5829796059323209
-0.5840721440887406
-0.5841748049017041
-0.5853424513285669
-0.5856540794338798
-0.5921096446885107
-0.5947141105102168
-0.5966944846607346
-0.5977585025054092
-0.599493241735867
-0.6058094944746699
-0.6096297114854679
-0.6103772636852227
-0.6119631082401611
-0.6158965206705034
-0.6204359496943652
-0.6226049660239369
-0.6242808153387159
-0.6263147922905369
-0.6269802639260889
-0.6280005412741697
-0.6318751065474417
-0.6360759626711823
-0.6447557691038431
-0.6485014156787656
-0.654035104230085
-0.6550964719822837
-0.6625509677454829
-0.6628676346026623
-0.6630156621336937
-0.6648106759207116
-0.665287919675133
-0.6686582624291381
-0.6765095254037684
-0.6767515912652016
-0.6778329108838079
-0.678163917735219
-0.6782545965979807
-0.6822567751165479
-0.6858379825018346
-0.6879323222415729
-0.6894641664577648
-0.6939810336916707
-0.6970195257038411
-0.7020186622227941
-0.7181725449860096
-0.7195191830396652
-0.7225490367735884
-0.7274557022261433
-0.7297387109138072
-0.7317421258693295
-0.7335116573376581
-0.7342104402681192
-0.7351577047790799
-0.738064624320197
-0.741366238385025
-0.7441654249094427
-0.7484256427602044
-0.7511285983159074
-0.7523741801269352
-0.7576564357482961
-0.765667662024498
-0.7668363940902054
-0.7668552690884098
-0.7737584121525287
-0.7747734656690487
-0.7751225339514869
-0.7794650954061321
-0.7806988842785358
-0.7855683071029489
-0.7901059314608574
-0.7915901960139828
-0.7955789318308234
-0.7974602527916431
-0.8022731615230441
-0.8082134948344901
-0.8087894899072126
-0.8191412289937338
-0.8249768018722534
-0.836895955959335
-0.8399105803036946
-0.84734216654518
-0.8529089908115566
-0.8582503611687571
-0.8632587977917865
-0.8632884468825068
-0.8642871823103633
-0.865669799502939
-0.8875853916009268
-0.8882447604089976
-0.8939966833568178
-0.8995111137628555
-0.9095539229456335
-0.9211033874501785
-0.9218267794432384
-0.9233177183195949
-0.9314975708723068
-0.9362846256117336
-0.9506859879572099
-0.9535142306238413
-0.9756748570750157
-0.9911452736705542
-1.0012962815152215
-1.023096545599401
-1.0269434010842815
-1.0274038016796112
-1.0278822532189744
-1.0366833078966011
-1.0369607675354928
-1.0385062595208485
-1.0466634047528107
-1.0571848452091217
-1.0759093954518903
-1.1214721103509266
-1.1386668905615807
-1.140418569246928
-1.1615140282083303
-1.1684270296245813
-1.2008146250833913
-1.2264903476461768
-1.2566699720919132
-1.2631300177890807
-1.2866564589785412
-1.3103215729352087
-1.3261929750442505
-1.3404475776478648
-1.3436148917923372
-1.3525564537849277
-1.3665592845063657
-1.3699368834495544
-1.3701529527703922
-1.3760090321302414
-1.3820258197374642
-1.3892850640695542
-1.4104081690311432
-1.4138102422778804
-1.4391012489795685
-1.4520112574100494
-1.4769330467097461
-1.4919142864237074
-1.6153455190942623
-1.6185096502304077
-1.6220656335353851
-1.633192978799343
-1.7107490599155426
-1.7189498054794967
-1.7361274184659123
-1.7883285836627085
-1.8020843707636232
-1.858338816997275
-1.8812566502310801
-1.9344059079885483
-1.964124083518982
-1.9644444237152736
-1.991627002755801
-2.019246260325114
-2.0254579558968544
-2.0538156827290854
-2.0643347268314756
-2.069688083603978
-2.0702625222523543
-2.0946293274561563
-2.153505951166153
-2.1654623785289004
-2.353714065781484
-2.3685498237609863
-2.3880368736572564
-2.427156098652631
-2.688495010137558
-2.8933520913124084
-3.0233293850906193
-3.5133252143859863
-3.919146957807243
-4.120675772428513
-4.200600624084473
-4.20832670526579
-4.560822248458862
-4.721408367156982
-4.982028007507324
-5.086756467819214
-5.30602240562439
-5.306476533395198
-5.8058711289895655
-6.3217995166778564
-10.806406021118164
-10.8099946975708
