-0.10375749940673511
-0.1826349520124495
-0.20073540695011616
-0.2641237862408161
-0.3670869204462785
-0.4149187889883511
-0.4383850245067151
-0.4575960041786727
-0.4591217293436157
-0.4598540017413425
-0.46297186362401893
-0.46344759866042295
-0.4791018865214735
-0.4843912845017712
-0.489956919123774
-0.49501154542344417
-0.5002742886495789
-0.5088561420882891
-0.5096120029026808
-0.5157027559894232
-0.5172881570906611
-0.5227211713790894
-0.5270591140460138
-0.5324638654315744
-0.5404367644296144
-0.5474447525758968
-0.5500573992131053
-0.5501480038284272
-0.5603774792371041
-0.5739394322249259
-0.581183147324482
-0.5828454871227222
-0.583362033365726
-0.5842740393677054
-0.5892751008830279
-0.5903928442674913
-0.5910684183261103
-0.5929984891100321
-0.5940988051412492
-0.5987452109869386
-0.6022760593315026
-0.6023006759634498
-0.6037778550012263
-0.6088187972615872
-0.6088210353310305
-0.613863617181778
-0.6188322958478238
-0.624032907284605
-0.6259293959005195
-0.6266223040135325
-0.6314585203838831
-0.6316500686586369
-0.6339810110803228
-0.6348727975301489
-0.6392026162562615
-0.6425992626308081
-0.6461239638526985
-0.6504349200122912
-0.6506485116333351
-0.650662122950822
-0.6553869543903325
-0.6565195049991851
-0.6565384615276509
-0.6566988751910685
-0.6577739262631274
-0.6595420805471284
-0.6612926866321632
-0.6621528811127696
-0.6677695885950925
-0.6679438883139108
-0.6710017679162168
-0.6718840293924586
-0.6765337542941173
-0.6765804174516233
-0.6842916244576271
-0.6877359293345459
-0.6899184787956377
-0.690810908798206
-0.6924626096806605
-0.6957929182150538
-0.697733033570009
-0.6978338021887215
-0.704287312009304
-0.7066249214921199
-0.7067955147700242
-0.7218141742477504
-0.7247731409519144
-0.7254342845252333
-0.7398897708819938
-0.7465768363326788
-0.7784248664975166
-0.7849455541157416
-0.7865168736316264
-0.7904366781003773
-0.7951202998068766
-0.8100729510806559
-0.8241183951603099
-0.8286617427667287
-0.8587180331349373
-0.8654997418104488
-0.9317584931850433
-0.94123065918684
-0.978341281414032
-1.0804477207362653
-1.097495649009943
-1.26737210303545
-1.3475405896703403
-1.4071819692850114
-1.502514123916626
-1.5270227640867233
-1.552967647711436
-1.639695298159495
-1.6776862839857738
-1.719961017370224
-1.7644279897212982
-1.9752985561887424
-1.9871672298759222
-2.163013942539692
-3.078364282846451
-3.2624418642371893
-4.628880858421326
