-0.2759190603159368
-0.3412601689982694
-0.3458680073817959
-0.36920339609586617
-0.37094906791389803
-0.39539759372148964
-0.40056403411290376
-0.40635215565714095
-0.41855185032077963
-0.42302285073319146
-0.4328154913061683
-0.43417562195893633
-0.44890264532496704
-0.4522471996718265
-0.45620192599017173
-0.457743558074898
-0.46035854062065484
-0.4614772221725855
-0.4620499952114187
-0.4648337382800841
-0.46996178512927145
-0.4743729563518267
-0.4744819018782841
-0.4759773732539543
-0.4772511360201019
-0.49225545221952416
-0.4928282047010725
-0.5041671448293178
-0.5067888506140056
-0.5069738624770252
-0.5079582280442608
-0.509601685963571
-0.5163314240658656
-0.51719381265415
-0.5189317774677061
-0.5204109250837725
-0.5232008546078578
-0.5239879792416469
-0.5261025259785942
-0.5274565342648808
-0.5274855097134908
-0.5307213041512295
-0.53289419443657
-0.5338777882946791
-0.533945942554917
-0.5366071088588796
-0.5376236016575907
-0.5385934799036477
-0.5393078600016972
-0.5411890690315473
-0.5427376769058516
-0.5444542079070664
-0.5516865535274796
-0.5539574220965733
-0.5540615181613248
-0.556520054668432
-0.5572018265430372
-0.5578357881488045
-0.5581625669830196
-0.5627421451370336
-0.5641332474970113
-0.5665862176658424
-0.5671303002101402
-0.5673521674650076
-0.5678092823727638
-0.5692625428136024
-0.5693106925925046
-0.5718737570319458
-0.5744237389444606
-0.5745314390364068
-0.5799188360782436
-0.5823497735991088
-0.5878087607658623
-0.5917778063507285
-0.595155029882265
-0.6070008340846891
-0.6074324519267975
-0.6085426206554985
-0.6095233016336957
-0.612840370311032
-0.6136783181080738
-0.6352117379545235
-0.6405197865034487
-0.6455670987077824
-0.6591839311482285
-0.6594904749136832
-0.6758336193743162
-0.6787824185656584
-0.679254800081253
-0.6844926030666102
-0.6884219845136007
-0.6924956868515437
-0.6939888691176748
-0.7150342228764203
-0.7371663015782057
-0.7383476926479489
-0.7806589851776758
-0.7884799355621604
-0.8073234853562264
-0.8159488760866225
-0.824628114596837
-0.8397455642781486
-0.8487052861933729
-0.8509484751775744
-0.8562146992231386
-0.8710373107977729
-0.9036565497517586
-0.9408862307027448
-0.941163179292661
-0.9425920794407526
-0.9515422979990641
-0.9600208958028815
-0.9630126346495341
-0.9658067270012741
-0.9680193637667055
-0.9727942744890848
-1.0067193508148193
-1.0080460532262805
-1.1238879853238661
-1.1307572239990502
-1.1815818697214127
-1.1987524057428043
-1.2141086161136627
-1.2242296785116196
-1.333522582299338
-1.3425533548021729
-1.3702265344715368
-1.428123652935028
-1.5536710619926453
-1.7202947437763214
-1.8312416672706604
-2.0175034403800964
-2.077069401741028
-2.13159242272377
-2.1330635994672775
-2.1734920740127563
-2.183109998703003
-2.2540193796157837
-3.684352397918701
-6.131063938140869
