-0.0037764438893646
-0.01737569074612111
-0.11036522306191425
-0.13149775406345726
-0.21480106389416115
-0.22532494366168976
-0.2312337060769399
-0.2320462022422968
-0.24921534210443497
-0.2681374251842499
-0.3196590421721339
-0.345428130030632
-0.347672191564925
-0.37491224945988505
-0.3867282052524388
-0.3889296727720648
-0.3894022461725399
-0.3909614566713572
-0.3911046715719359
-0.40472908429801463
-0.42033902183175087
-0.4203714156479691
-0.4370242233077685
-0.4371878777941068
-0.44260236174450257
-0.4428439078037627
-0.44287693459126687
-0.452210265211761
-0.4546270087361336
-0.45919667433481665
-0.46863417079051334
-0.4781763883573668
-0.48226199951022863
-0.4832955110145526
-0.4866890851472918
-0.4896463334560394
-0.49182572464148205
-0.4980129674077034
-0.5019858185615804
-0.5044124930165708
-0.5064661764539778
-0.5079227468231693
-0.5093467695017656
-0.513656171493858
-0.5233723114444209
-0.523935162772735
-0.5251261179335416
-0.5270937719615176
-0.528113236092031
-0.5288955607296278
-0.52901954324916
-0.5309442810714244
-0.5386500358581543
-0.5392376797273755
-0.5430259971568981
-0.5487216858859433
-0.5505165453586314
-0.5515492241829634
-0.5603116491809488
-0.5621832813485526
-0.5627216012624559
-0.5664440435745443
-0.569484375329921
-0.5711388243362308
-0.5715776262804866
-0.5750271264463663
-0.5807294291444123
-0.5814109953741232
-0.5838187483022921
-0.5889255667698308
-0.5894933771342039
-0.5906739197671413
-0.5915455034530949
-0.5920741171058681
-0.5922582494560629
-0.5974915780659232
-0.599583864066517
-0.6042144799372181
-0.6055189508013428
-0.6071121737360954
-0.6127073379222046
-0.6155538248519102
-0.6206638830610447
-0.6249341966584325
-0.6253553791175364
-0.6269487308131324
-0.6305219985637481
-0.6307253754801221
-0.6310126306954771
-0.6367693711072206
-0.6380904264678109
-0.6408235242124647
-0.6434135983332193
-0.6436861993744969
-0.6476783239179187
-0.6525112375617027
-0.6541422056670854
-0.6551078547324453
-0.6560867605730891
-0.6582350386306643
-0.6612337903223104
-0.6631015035090968
-0.6635434950391451
-0.6650894542923197
-0.6724821139110385
-0.6741526335025035
-0.6762473355564806
-0.6764042856171727
-0.6773406540354093
-0.6800850701518357
-0.6807822098271572
-0.681895118256112
-0.6837331587448716
-0.6841691836714745
-0.6845729995693546
-0.6855211655298868
-0.6865156958810985
-0.6866832265319923
-0.6884827776812017
-0.6922169760335237
-0.7000957218309244
-0.700274781220489
-0.7004706882289611
-0.7049210043624043
-0.7056765720248223
-0.7060097436485228
-0.7068441446042724
-0.7069678043739663
-0.7070314906886779
-0.7113411751670355
-0.7123260339722037
-0.7147504069842399
-0.7151267500594258
-0.7157094368781145
-0.7175772287882864
-0.7190250244922936
-0.720115102827549
-0.7225094342604279
-0.7235223175957799
-0.728920524319013
-0.7301134690642357
-0.7330858325585723
-0.7342865621404988
-0.7398918962106109
-0.740314413793385
-0.7415478846856526
-0.7415762543678284
-0.7431608214974403
-0.7441728475193182
-0.7460016468539834
-0.7499369760709149
-0.7503060091819082
-0.7524632602774849
-0.7534581329673529
-0.7548875278896756
-0.7554018951396183
-0.7575667940196581
-0.7589457757501025
-0.7590830085799098
-0.762815084574478
-0.7693671414162964
-0.7707008040096197
-0.7708605363965034
-0.7737612353637815
-0.7790782209485769
-0.7848415274134563
-0.7853056536987424
-0.7884201432267824
-0.7901560049504042
-0.7903609762712313
-0.79610209941157
-0.7965496538205934
-0.799971689366632
-0.8014594840544854
-0.801560196938226
-0.8043665245803108
-0.8075314054472579
-0.8076218930849185
-0.8081696928707386
-0.8098515198164774
-0.8120675707235933
-0.8128058314323425
-0.813084447135528
-0.8138929460434762
-0.815208178188782
-0.8183418700134317
-0.8239000828289835
-0.8242959259076906
-0.8324133343994617
-0.8326728947327605
-0.8332886550947023
-0.8356827768341949
-0.8449121677420206
-0.8464256294633551
-0.8470276668667793
-0.8487508907914162
-0.8508246019482613
-0.8518851175904274
-0.8535318754147738
-0.8543991548144575
-0.8557326559509549
-0.8561743864644226
-0.8565572310762946
-0.8592344376568993
-0.8607475481306514
-0.8612027927592862
-0.862744816650355
-0.8633886430784059
-0.8635516499634832
-0.865476189979485
-0.8675448704097006
-0.8678662528894787
-0.8705332353711128
-0.8705625933491521
-0.8758439684286714
-0.8761455311756723
-0.876196995842992
-0.8796710968017578
-0.8800252750515938
-0.8841656522825361
-0.8897775845957527
-0.8900647648893077
-0.8912341661751271
-0.8930823827545974
-0.8932052068412304
-0.8933062402531504
-0.894304386980366
-0.895291842520237
-0.8953551109880209
-0.900195844413247
-0.9080208973959089
-0.9119357911071607
-0.9129894131971202
-0.9137102095410228
-0.9142614170268644
-0.9170384826138616
-0.9182487493613735
-0.9202678569792104
-0.9240845781233575
-0.9254658186788826
-0.9263499716491703
-0.9273792632988521
-0.9283647798001766
-0.9293775950967084
-0.9297750933328643
-0.930311669546063
-0.9324420721802328
-0.9329005810949538
-0.9395766615867615
-0.939885967544147
-0.9401218496287209
-0.9435666762292385
-0.9441521912813187
-0.9445134699344635
-0.9446800203950261
-0.9459577420711867
-0.9495511591434479
-0.959077720840772
-0.9596797525106618
-0.9718249379657209
-0.9723914116621017
-0.9737245651582876
-0.9741809293627739
-0.9748858039577802
-0.9758194825715489
-0.9798291623592377
-0.9887426570057869
-0.9888459687354043
-0.989597517398319
-0.9924352438920323
-0.9975808925098844
-0.998248124296448
-0.9985353481490165
-1.004594219693293
-1.0091915619996144
-1.017088017797505
-1.0172929663676769
-1.020868721471743
-1.0214859199399748
-1.0234760058739245
-1.0370779733057134
-1.047560332546709
-1.0569475963711739
-1.0579442456364632
-1.0600438860378094
-1.0635726948579152
-1.0674378603386383
-1.0691615864634514
-1.0731514433605804
-1.0801041701010294
-1.0811832459148718
-1.0852777138352394
-1.0859796429052948
-1.0872566988491599
-1.0878472458571196
-1.0911414548754692
-1.0934783475739616
-1.0948799628143508
-1.0983419194817543
-1.0988020394113847
-1.1025980830192565
-1.1069909160335858
-1.1075542196631432
-1.1087459593878262
-1.1120258023341496
-1.1141145502527554
-1.1167128473365058
-1.1185512774557407
-1.1242336556315422
-1.1315176237374545
-1.137057676911354
-1.1394517986103891
-1.15239959359169
-1.155246098836263
-1.1696671461686492
-1.1697798563310733
-1.1955891640179537
-1.2025877577917916
-1.2029480404841404
-1.2043621939207827
-1.2082878912000783
-1.2091380881858338
-1.2118133008480072
-1.2214917242527008
-1.22181469698747
-1.2258267750342686
-1.2260655054124072
-1.23447189728419
-1.237643651664257
-1.2394785483678181
-1.2443342921747402
-1.2586706767656974
-1.2594366928869931
-1.261996078519867
-1.2640231943768252
-1.2684134766459465
-1.2710135278425045
-1.2773220407414354
-1.2826005145907402
-1.3077038600264739
-1.309280514717102
-1.3128114575378518
-1.3200547519539083
-1.3219610840082168
-1.3358667170008023
-1.3424525872493784
-1.3648190315191944
-1.3990921018024285
-1.4041622827450435
-1.4112588496735463
-1.413362746459565
-1.4390367890397708
-1.4446282734473546
-1.449665816500783
-1.4531015902757645
-1.4556173880894978
-1.4575985511764884
-1.474102699863059
-1.4846648052334785
-1.4892925545573235
-1.4911283776164055
-1.4935288116908991
-1.51412179817756
-1.5356430843472482
-1.5365511438188453
-1.5523099228739738
-1.5733192339539528
-1.5863780044019222
-1.5939183235168457
-1.5969275077804923
-1.618692770600319
-1.620933324098587
-1.624926958978176
-1.630404818058014
-1.6368680596351624
-1.6376582284768422
-1.6696445941925049
-1.6893392987549305
-1.6927616948572297
-1.6996303380777438
-1.7086683511734009
-1.7256168127059937
-1.727711061636607
-1.7486167550086975
-1.7557082176208496
-1.7642146110534669
-1.7745774127542973
-1.7851550877094269
-1.8201677698642016
-1.8312192919353645
-1.840235024690628
-1.8722416013479233
-1.9288666066713631
-1.970778298176204
-1.974347785115242
-1.9750056145712733
-1.9764475281505536
-1.9802344143390656
-2.1223186552524567
-2.1922220289707184
-2.276567954570055
-2.322841838002205
-2.415772557258606
-2.4552202224731445
-2.5729497969150543
-2.6675692796707153
-2.742736284931501
-2.7677349457517266
-2.9348270893096924
-2.9630506287018457
-3.023711437243037
-3.087625259417109
-3.4669930934906006
-3.4677655696868896
-4.042653381824493
-4.164263069629669
-4.45342693477869
-4.587118864059448
-4.668148756027222
-4.732758522033691
-6.71830940246582
-7.727378845214844
-7.80623197555542
-8.113643646240234
-8.550943374633789
