-0.0034303173888474703
-0.012569478305522352
-0.039473984379810645
-0.047144467709586024
-0.05527849115120868
-0.07949633461733659
-0.09432328068942297
-0.11202412156853825
-0.13661964086350054
-0.13891336247324942
-0.14129530273930868
-0.1445779758588677
-0.16400311238664603
-0.1692043331762155
-0.18508935541224977
-0.18680453362564245
-0.19498393891262822
-0.22516778829264117
-0.22707624818819264
-0.2284862401762179
-0.22944925640088817
-0.2364020889508538
-0.23712590867136088
-0.23851756933145224
-0.25284345503896477
-0.2542119564216894
-0.25640090368688107
-0.2612383710220456
-0.2655172994273016
-0.26622964234815705
-0.26955373372038594
-0.269857008010149
-0.2719594578245758
-0.27383782054212963
-0.27594270976260304
-0.2777367066591978
-0.28510235510354204
-0.2919661632428567
-0.2924580592662096
-0.2926596689244939
-0.2962491118482181
-0.29739202975502443
-0.2976679722445884
-0.3073071427643299
-0.3073325124569237
-0.3084382665809244
-0.30916780476036365
-0.31337995994836093
-0.31415597119161653
-0.3155110972046924
-0.31577099855057894
-0.31643361523747443
-0.3210203582495726
-0.3218259299173951
-0.32388052970377934
-0.3245185537962243
-0.3245466570887301
-0.3249135852924415
-0.33337392468982013
-0.33913432268044824
-0.34015009076231056
-0.3417529724538326
-0.3432629190385342
-0.34332271493886685
-0.34361122408881783
-0.34543966888450084
-0.3456201897315623
-0.3460665099264588
-0.3470520372502506
-0.3504415637071361
-0.3535776680801064
-0.3581918495951686
-0.3584824084769934
-0.3586937327917408
-0.35870433068420327
-0.35897458542604
-0.3605170397139672
-0.36097966867964715
-0.36134998386048456
-0.3635531747713685
-0.3652023382484913
-0.3654574473122401
-0.3656781111964777
-0.36795346038707066
-0.36928047628385857
-0.37109697175522643
-0.3721456370161225
-0.3722922982285834
-0.3731640850601252
-0.3737237975001335
-0.3742940495056765
-0.37565516017377376
-0.37583388574421406
-0.37635875921696427
-0.3771845212864593
-0.37815671808110846
-0.37893076753243804
-0.37927930354635464
-0.3796863810066134
-0.3809605768881738
-0.38185991207137704
-0.3822899923322658
-0.38314870659996814
-0.38379848609717254
-0.3846040466893707
-0.3870961702583979
-0.3879303048763956
-0.38949800635288867
-0.3938947539362643
-0.3949381971731782
-0.3962083641559325
-0.3968085969487826
-0.39702405584976075
-0.3982654303312302
-0.39907338889315724
-0.3993896613828838
-0.4082350888522342
-0.40984842826612294
-0.4104380855957667
-0.41132964016869666
-0.41185090265103746
-0.4126389090864298
-0.4131631790255399
-0.4154709144961089
-0.41630017585121093
-0.4181597031652927
-0.4185381014831364
-0.4186920081510356
-0.41915930062532425
-0.4193358722550329
-0.419803512800071
-0.42432573603259194
-0.4246229723969009
-0.425106518343091
-0.4270974095197744
-0.42824085317503585
-0.4326950355898589
-0.4328258296267854
-0.433629057581557
-0.43380153359813167
-0.43456310716768104
-0.4350181795587694
-0.43640204499799595
-0.437471854655693
-0.4390976189502648
-0.44020599080249667
-0.4421201779472607
-0.4421387619887745
-0.44224193669727135
-0.44272851309324324
-0.4428178142843535
-0.4442058366723359
-0.44434331521430676
-0.44639509422187174
-0.44644277202896776
-0.4469310746395162
-0.4471051061991602
-0.4476892690214774
-0.4499491905793548
-0.4500597449950874
-0.45011692084372046
-0.4503767085261643
-0.4509050485212356
-0.4537957452961968
-0.45436719385907054
-0.4544206079808646
-0.45478615208872053
-0.4551591419580358
-0.45589941437356174
-0.45728065312973093
-0.4583235460643967
-0.4590162676759064
-0.45914376759901643
-0.45979249489028007
-0.4609535159025755
-0.46165152896276634
-0.4618818201041514
-0.46210093337504077
-0.46245154927795135
-0.4626151171105448
-0.4628451687249253
-0.4675158731639385
-0.4682994219116293
-0.4688138065394014
-0.46895606019016767
-0.470475966995582
-0.47066937511165935
-0.4718099671133262
-0.4718537167645991
-0.471863574671766
-0.4721486902631381
-0.4724081483669579
-0.47338761200080626
-0.4751101340322445
-0.47575048565340694
-0.477832631873233
-0.4780055667506531
-0.4796789440858577
-0.47993164639919994
-0.48042639134473575
-0.48065820492532413
-0.48132393825799225
-0.48159889238221304
-0.4827671248931438
-0.4854467508383095
-0.48772259457753253
-0.48802935862913727
-0.48923857344521415
-0.4917793907225132
-0.49263306106017396
-0.49439422097057106
-0.49478772074605026
-0.4979139854076493
-0.49953359439969064
-0.5000021006911993
-0.5000984355459271
-0.5001347471028567
-0.5002326881610012
-0.5011366107190649
-0.5016307410421885
-0.5024011642284071
-0.5024942137300968
-0.5028360612249296
-0.5048424657434225
-0.5054018699697086
-0.5057068224065006
-0.5062817519805818
-0.5069116675382247
-0.5082990495221955
-0.5098307976233107
-0.5120073520229198
-0.5132669775436322
-0.5137501777353464
-0.5144937601155386
-0.5150967968627811
-0.5199767479565568
-0.520194629766047
-0.5223868300340005
-0.5226011846846502
-0.5291092255810166
-0.5295528822085437
-0.5296506260783644
-0.5327587005643485
-0.5337077214434329
-0.5340773517731577
-0.5347647674381732
-0.537702443416823
-0.5424368026530525
-0.5446650305452446
-0.5491907326504588
-0.5518539274829285
-0.5523594153087793
-0.5527398408739828
-0.5542513077250786
-0.5546780580247287
-0.555898729711771
-0.5573603758489803
-0.5574940775986761
-0.5580610688678765
-0.5584820887805628
-0.5601957665445904
-0.5628650092652866
-0.5645101030285542
-0.5647592090070248
-0.5669115914238824
-0.567204220737848
-0.5676924845203757
-0.5686591723933816
-0.5719696478142092
-0.5750858329236508
-0.5807921262457967
-0.5813208912295522
-0.5826508926942812
-0.5838107510450451
-0.5861846975982189
-0.5874515615403653
-0.5877422026048104
-0.5885405236234268
-0.5896832029490421
-0.5902171050094895
-0.5910438067221548
-0.5954822176912179
-0.59671706433541
-0.5972111257059234
-0.5998515856917948
-0.6002226948738099
-0.6028696120317493
-0.6053897004264096
-0.6080677995665206
-0.6083923437836347
-0.6085673035122454
-0.6103072090772912
-0.6112039163708687
-0.6119926408088455
-0.6140885171480477
-0.6159179790411144
-0.616480958275497
-0.6213749046204612
-0.6246629820670933
-0.6253231620149953
-0.6279896735878927
-0.630021894024685
-0.6315733027877286
-0.6332671131406512
-0.6334945053094998
-0.6387203927090588
-0.641849719795573
-0.6429228842258453
-0.6439225113717839
-0.6445642916674842
-0.6451997219451836
-0.6454157238969436
-0.6461816956289113
-0.6476531314663589
-0.651111862808466
-0.6522781596119914
-0.6529157572658733
-0.6531911436468363
-0.6531959647651423
-0.6568873524665833
-0.659418917261064
-0.6606511607662671
-0.660905373096466
-0.6623572641318398
-0.6642134211142547
-0.6661223807287487
-0.6667307005263865
-0.6685899657507738
-0.6706870095804334
-0.6707090069116517
-0.6732675212745866
-0.6752066954504699
-0.6754012502729893
-0.6768177702195115
-0.6824759418765703
-0.6830690356769732
-0.6884650839104628
-0.6888806819915771
-0.6890632401686162
-0.6904738657176495
-0.6909410742809996
-0.6923149131238461
-0.6923336801895251
-0.6925880834460258
-0.6945716244517826
-0.6948755497911147
-0.6969261278398335
-0.6993995270070931
-0.7016070330670724
-0.7024084685552225
-0.7028338551521301
-0.702878471863057
-0.7034070373047143
-0.7039876307050387
-0.7040179281126863
-0.7068898630224996
-0.7114505724515766
-0.7136256090986232
-0.7141375179635361
-0.7160561576019973
-0.7169461416546256
-0.718108918517828
-0.7189639043062925
-0.7233893541722662
-0.723524778848514
-0.7239346268586815
-0.7255810882364001
-0.7256357222795486
-0.7265682538971305
-0.7280893959105015
-0.7332191285677254
-0.736058414564468
-0.7419990080408752
-0.7452671761275269
-0.7501220814592671
-0.7547036230564117
-0.7569178835256025
-0.7630272715219429
-0.7730944280823072
-0.7755255844444037
-0.7761048600077629
-0.7779329965511957
-0.7810381334275007
-0.7820783208257386
-0.7870643860660493
-0.7881980799138546
-0.7926702969374934
-0.7930434196900933
-0.7969470503740013
-0.8000081195496023
-0.8002400994300842
-0.8030683694407343
-0.8064722967489312
-0.8066517132334411
-0.8076054979115724
-0.8140397310225126
-0.8152950406074524
-0.8169896521430928
-0.820447901263833
-0.8250271083994044
-0.8362503029406071
-0.8447161316871643
-0.8448605930898339
-0.8500577339104244
-0.8517410637810826
-0.8569192930532153
-0.8594881097475687
-0.8600869290530682
-0.8691163297975436
-0.8698508342107137
-0.8844362619332969
-0.8894084282743279
-0.8897041080519557
-0.8902517663470159
-0.8934020070785967
-0.9003428686410189
-0.910830104102691
-0.912272097542882
-0.9129707869142294
-0.9156824592500925
-0.9220199584960938
-0.9281004572819386
-0.9293081890791655
-0.9358696329096953
-0.9418191510356135
-0.9421334283426404
-0.9507209329555432
-0.951659294962883
-0.9559555648484093
-0.9565113778743479
-0.9652623931566874
-0.966292005032301
-0.9789933400849501
-0.9804855287075043
-0.9820201633498072
-0.982847571506032
-0.9926719042911524
-0.993293508887291
-0.9951918516308069
-0.9962304887206604
-0.9964034793898463
-0.9989103144034743
-1.0022131514602475
-1.003608186330114
-1.0059991280237834
-1.0236195457400754
-1.0264699459075928
-1.0330439661047421
-1.0341309420764446
-1.035419694014958
-1.0372986868023872
-1.0375965751591139
-1.0389249816536903
-1.0418207958573475
-1.0591535816589992
-1.0596399375547965
-1.0608559139072895
-1.0738771772012115
-1.0746104660599183
-1.0753688400921722
-1.0770515399053693
-1.077827145345509
-1.0797039394577344
-1.0851881980197504
-1.1153675441940625
-1.1300494079478085
-1.1438902219136555
-1.1470673009753227
-1.1476793355153252
-1.1517088555265218
-1.1927953287959099
-1.2006844182809193
-1.2078982144594193
-1.2083286687731742
-1.2105063398679097
-1.2131449170410633
-1.2515747845172882
-1.2556318128481507
-1.2581481072120368
-1.2626225489366334
-1.2734584044665098
-1.2769359067082404
-1.2923186735250056
-1.3057850499947865
-1.3081995658576488
-1.314637176071604
-1.331394612789154
-1.3356525301933289
-1.3556034190114588
-1.3629650622606277
-1.3691010565630026
-1.3826860004337505
-1.4022436337545514
-1.4057733416557312
-1.4391514358576387
-1.4667408131062984
-1.4951934576965868
-1.5408199094235897
-1.564268697053194
-1.571067153243348
-1.60489297285676
-1.61678896099329
-1.6182461380958557
-1.6485639032519732
-1.6590139620626967
-1.7132054025299415
-1.725245475769043
-1.7320975123438984
-1.7328277230262756
-1.7421923018991947
-1.7578729012360175
-1.7941681696102023
-1.8492212574929
-1.8597421996916335
-1.950116515159607
-1.9702869355678558
-1.9849604293704033
-2.0070300698280334
-2.0246874146784344
-2.0546151399612427
-2.0615900605916977
-2.0699414014816284
-2.0866982471197844
-2.2556111216545105
-2.2733430663744607
-2.299274981021881
-2.3181365728378296
-2.357405503590902
-2.4901669323444366
-2.6332823634147644
-2.8584915398523663
-3.2124584689736366
-3.2785402350127697
-3.503763564513065
-3.546839648450259
-3.839438021183014
-3.9198843240737915
-3.940571427345276
-4.191212350095157
-4.539757966995239
-6.215529441833496
-8.884730339050293
-11.058284759521484
-11.805689811706543
