-0.00013504735807146062
-0.0006331917199228579
-0.0010272524751826495
-0.0015452025198101182
-0.002258787319685022
-0.0029575990338344127
-0.0031584807636266176
-0.0034432079545594105
-0.0039050662411076096
-0.005577991192694753
-0.008354130380894276
-0.009380921411207055
-0.011336957143309215
-0.011349599013290875
-0.0175924237963045
-0.018293415090536454
-0.02505203796317801
-0.025799506075730148
-0.030413375803618692
-0.03779204136814466
-0.051618201949168
-0.05405287534397628
-0.054566952576957796
-0.05779509813546611
-0.07847817507763466
-0.07878004192411936
-0.07942393104248266
-0.08283720609324519
-0.08389196899952367
-0.09301704232639167
-0.10068017284356756
-0.10208044220598822
-0.10808937146794051
-0.1090552520872734
-0.112753110510918
-0.1151584650415316
-0.12257024644350167
-0.12258705842509698
-0.12546459578588837
-0.13839605925204523
-0.14478952058137415
-0.14557382223608784
-0.14623231003406545
-0.14806043985299766
-0.1487922398664523
-0.15384343066528214
-0.15605268380184295
-0.15753232610424878
-0.16333886975951373
-0.16611450430562918
-0.16633522181372326
-0.16792988762026653
-0.16820384853053838
-0.17497751692200028
-0.17585686090242234
-0.1771708032382386
-0.1791939580703911
-0.17954343719845514
-0.1800888889313986
-0.18131914098436633
-0.18172356038121507
-0.1830425696869497
-0.18622253221619758
-0.18635613188103484
-0.18715374916791916
-0.19435106746719352
-0.19511023129825844
-0.1956176832318306
-0.1961125921467707
-0.19677123067976937
-0.19826146603251496
-0.2006530473008752
-0.20231144735589623
-0.20458786936795073
-0.2075901541102212
-0.20929347757401046
-0.2130140856752405
-0.215094241609404
-0.21641623211326078
-0.2169354115342555
-0.2238896075964476
-0.22981251122999108
-0.23101307079195976
-0.23295524104469223
-0.23843318602484942
-0.23917225909826811
-0.24049546889727935
-0.2413316058926804
-0.24875621287426636
-0.24883001606685867
-0.25147473972497714
-0.2515593617168229
-0.2529542837291956
-0.2533416278924051
-0.2577696651715087
-0.25851463666185737
-0.25874475043799194
-0.26020141983670847
-0.26125260133994743
-0.2616681611016247
-0.26353521150049347
-0.26745117765694887
-0.2680409341165796
-0.26825015554204584
-0.2692803892007305
-0.27358561709320384
-0.2759786710743356
-0.2765959368820964
-0.27752272746628087
-0.2777649557181121
-0.2783370888209902
-0.2793295320882732
-0.2813831508759904
-0.28188347190760915
-0.2829066383461395
-0.28338201801998364
-0.2882850994889547
-0.28987903777202256
-0.29264841973781586
-0.2932309141064512
-0.2959132029985388
-0.2962672174035106
-0.2962977813978796
-0.2969173072506237
-0.30264583374628273
-0.3037280768621713
-0.306135987034213
-0.3075649040169083
-0.30862829247234913
-0.3104199259978486
-0.3119303482190634
-0.31205891849822365
-0.31270034708515076
-0.3133051191523139
-0.3134952388179954
-0.3139288175456307
-0.3141948512158073
-0.31539728304323944
-0.3163056355236525
-0.3163466142006935
-0.3166671899791254
-0.31786373570167387
-0.3181091175083566
-0.31977245429879986
-0.3198331972758751
-0.3235711504239589
-0.3244692296750145
-0.32460613305465813
-0.32556475235118604
-0.3270060957610523
-0.327231424418278
-0.32914165139663965
-0.3323717552702874
-0.3331573888193816
-0.33399536954740533
-0.3344556252090519
-0.33501375747813916
-0.3365369967184961
-0.33840148433082506
-0.3408506745363411
-0.34148425405631616
-0.3424123080450954
-0.3428151115575539
-0.3435036118666176
-0.34360377972027184
-0.3436488413950428
-0.34402238140215297
-0.34733194053680766
-0.34752227357562837
-0.34768109412707415
-0.3482080750296258
-0.34884087523581303
-0.3507112858926121
-0.35171759202494285
-0.352439482619593
-0.35445498481486637
-0.3547657200251706
-0.35604100177465625
-0.35607803523453185
-0.3570504691122455
-0.35791844957006663
-0.35886537577994204
-0.35940689322410435
-0.3605595419074234
-0.3612039927393198
-0.36136339547883833
-0.3644090445304755
-0.36444629901234293
-0.3644921172110896
-0.36505231479200767
-0.36513630234439914
-0.36738353456732714
-0.36792597271726535
-0.3685911921893421
-0.371564528089948
-0.371640312174956
-0.3720198156544939
-0.37394486923585646
-0.37452744257461745
-0.37685546607608555
-0.37845517909154297
-0.3786878380633425
-0.38233432773715603
-0.38309114730509464
-0.38521133611642916
-0.38571399412340607
-0.3862418916209468
-0.38872373360209167
-0.38961353698089496
-0.3907009744725656
-0.39085685564012757
-0.3908950731535394
-0.3910300116428213
-0.39180980472499666
-0.39285929916608753
-0.3929042783734076
-0.39560730871744454
-0.39621190559013153
-0.3968998440767401
-0.39701612311182544
-0.39842171991108444
-0.39882842578845157
-0.4010114026928022
-0.40106939684747805
-0.40192580382002535
-0.4027454079623567
-0.4031107409391552
-0.40329956461547617
-0.40402789383766835
-0.4054436546808574
-0.4073314678578754
-0.40879323350317365
-0.4088150240572759
-0.4110673322866205
-0.4113879518234171
-0.41194814482393366
-0.4119487166977146
-0.41216938724275676
-0.412481880434522
-0.4128300528415518
-0.41297513163752025
-0.4137107867344249
-0.4157074145041406
-0.4171200373422597
-0.417169784149155
-0.41729728670866784
-0.41742261103354394
-0.4185437507291611
-0.4191305683869359
-0.4191637036974498
-0.4195533143778448
-0.4200525157798438
-0.42348917122399143
-0.4252556932751759
-0.4263254834302188
-0.42634706205010137
-0.4269545281156966
-0.42782114229663015
-0.42799118389269675
-0.42905067574270106
-0.4292276294781914
-0.43046458217804684
-0.43074739724177863
-0.4309071084547516
-0.4310164615540998
-0.4323226459473517
-0.4326446304829525
-0.43303896573585615
-0.43353625883438934
-0.4336122550716287
-0.43544401433784513
-0.43635304580756284
-0.43657383490353824
-0.4367634189902674
-0.43717174693963234
-0.43772416196274067
-0.4385599013551525
-0.43858533856691795
-0.4395072686877231
-0.4399800504394219
-0.44041252229908423
-0.4416018489282578
-0.44244816572427226
-0.44304852719020954
-0.4432572677556891
-0.4433732838151627
-0.44374926274144855
-0.4438530601328239
-0.4442953130404931
-0.44542666773001355
-0.4455806351939423
-0.44638574809177956
-0.44679558086209
-0.44720958207645234
-0.4473818144004326
-0.44852404390076117
-0.4492277168899818
-0.44978735347588855
-0.45057842272799464
-0.4505846117068965
-0.4515053565250532
-0.4520733033595358
-0.4524644744233228
-0.45389942558540497
-0.45456172636477277
-0.4556334611866623
-0.4560625341255218
-0.4570374517688134
-0.4570909309592632
-0.45770376485355274
-0.45776407038792966
-0.457790105685126
-0.45842277258925607
-0.4595853287260979
-0.46010856110160603
-0.46057747691936257
-0.4616289815140507
-0.46200253156227217
-0.4624698313790369
-0.46316497491703745
-0.46411509198951534
-0.46443327533779666
-0.4655089520658294
-0.4670297483826289
-0.46705032512545586
-0.4676664910760407
-0.4680557168651376
-0.46848590913807703
-0.4691075971017459
-0.4694826280055319
-0.46973590530069487
-0.47009921321296133
-0.47023096589437047
-0.47050294221844524
-0.4709261786774732
-0.47164969159166503
-0.47240481715042343
-0.4727427473466378
-0.472811756023605
-0.47283773543313146
-0.47295176268865663
-0.47308057503444917
-0.4731363946941403
-0.473423766961989
-0.4748985772486776
-0.4751551177469082
-0.4759576612518036
-0.47678145822137596
-0.47683649872487877
-0.4773542675616697
-0.4783995165420897
-0.4795350621732521
-0.4806447351911629
-0.4807673470870668
-0.48245616518518847
-0.4825157173886666
-0.48287174888953033
-0.4832346619514283
-0.4834351068857359
-0.4846226626774296
-0.48513566158362664
-0.48552281768934336
-0.48556872862391176
-0.4861954868538305
-0.4862237792646435
-0.4868454533188924
-0.4870847318321466
-0.4877716516170444
-0.48841518510117665
-0.4895089964975341
-0.4914185327477753
-0.4918968113446941
-0.4924766548598806
-0.4946492781746201
-0.49540687730768695
-0.4975621964782476
-0.49763780365982613
-0.498884196561994
-0.49958411418483595
-0.5000889139842911
-0.500285045409232
-0.5007265585743881
-0.5020723822914684
-0.5029455979347404
-0.505240297158889
-0.5054395710909981
-0.5059017158800998
-0.5059995732544849
-0.507399564528468
-0.5074647048248961
-0.5087096588686109
-0.508805550634861
-0.5097338350278733
-0.5107393519526037
-0.5112561832629581
-0.5117484418830524
-0.5118448120832909
-0.512016576089809
-0.5132122318605575
-0.5137328671149185
-0.514961709106422
-0.5153699318926473
-0.5157557735976297
-0.5161002527082539
-0.5175848527966688
-0.5184295662523558
-0.5188233853989206
-0.5189540735084718
-0.5194137504117357
-0.519605848379797
-0.5197531178127974
-0.521293960037292
-0.5219403718527045
-0.5229959524702281
-0.5235070446704211
-0.5243933312594891
-0.5257576126168715
-0.526391177753491
-0.5265525529539445
-0.5280155998243572
-0.5281937399995513
-0.5282132543313006
-0.528587649747351
-0.5304677599749994
-0.5312033365305979
-0.53130037358708
-0.5316629405278945
-0.531746195345793
-0.5319194884737953
-0.5322503539630108
-0.5324391748799826
-0.5331365221301728
-0.5333370234078529
-0.5343312366486417
-0.5345116067411644
-0.5345966499340388
-0.5354536929866299
-0.5380212860673055
-0.5383479444775731
-0.5390632646649465
-0.5394097773730755
-0.5394399709827363
-0.5398513979744166
-0.539925809865963
-0.5406486718329688
-0.5423774243940392
-0.5424404858611525
-0.5436942431413627
-0.5445980654809058
-0.545235316734761
-0.546844302871785
-0.5470546347399553
-0.5470862970816799
-0.5491025304712821
-0.5496300371572337
-0.5510476679424755
-0.5510771249731382
-0.5515565944369882
-0.5517275729915128
-0.5530748962075449
-0.5535445667803287
-0.5548926349802059
-0.5558454385516484
-0.5579607541905716
-0.5599738475284539
-0.5600753560138401
-0.5605091766535354
-0.5605711548441832
-0.5607286775112152
-0.5609396642248612
-0.5615069608669728
-0.5615591970865352
-0.5621736815046461
-0.5622110041246439
-0.5626920798353644
-0.5628971076415231
-0.5632654263671222
-0.5633961252499375
-0.5668353369191108
-0.567503201358098
-0.5682452725595795
-0.5689703111496308
-0.569375236878841
-0.5695272034873986
-0.5699390659865458
-0.5706576423508523
-0.5709296454276357
-0.5714072474834624
-0.5719385161161578
-0.5725179542298267
-0.5732265308033675
-0.573899201117456
-0.575658614625354
-0.578436751733534
-0.578747977004241
-0.5794291019637967
-0.5795389164239169
-0.5806525872678321
-0.5810687305189882
-0.5817375427286606
-0.5817824606007586
-0.5837966629191619
-0.5849885416548484
-0.5852205945702735
-0.5884098846997533
-0.589642325649038
-0.5903313129056187
-0.5904541348728041
-0.5905654687970431
-0.5907377521507442
-0.5908874880988151
-0.5910830104257911
-0.5930301870685071
-0.5933075800295109
-0.5937263510354301
-0.5943024819716811
-0.5943856963422149
-0.5964679330211546
-0.5991469071143203
-0.5992510897107423
-0.5992989889225634
-0.5998310702991148
-0.601348238476356
-0.6021881551954292
-0.6040062426603215
-0.6053223038713137
-0.6053838833529306
-0.6067144857643143
-0.6095178768834254
-0.6118869561541942
-0.6121466193614781
-0.6180360244470648
-0.6186383809448065
-0.6187654199862951
-0.6209517598152161
-0.6224736349734789
-0.6229011628995923
-0.6229941973284036
-0.6244727606042944
-0.6267062442170249
-0.6281895129424002
-0.6287253576738294
-0.6296201891820601
-0.6304716384038329
-0.630832828201944
-0.632672498060856
-0.632742096644292
-0.6329167776608041
-0.6346224335866282
-0.6369791612029075
-0.6379672094402243
-0.6380455235790577
-0.6386592520533928
-0.6408193596483519
-0.6437231419064725
-0.6438889874702
-0.644233635161072
-0.6454678419977427
-0.6456179198409829
-0.6471331849170383
-0.6472994755590157
-0.648638115166932
-0.6489735532552003
-0.6492410625796765
-0.649267706214232
-0.6525108403875493
-0.6525784647848922
-0.6542902950596352
-0.6558063468611282
-0.6561425319582255
-0.6638878104276955
-0.6647506805020384
-0.6663960590958595
-0.6669708400976171
-0.667545582504863
-0.668404169791182
-0.6687413464242127
-0.6700404067523777
-0.6707115443074144
-0.672461388728282
-0.6746771125472151
-0.6749755616765469
-0.6765586383640766
-0.6768864030949772
-0.678747938899202
-0.6807783988312751
-0.6819553887471557
-0.6837378119151774
-0.6850638221367262
-0.6870860319118947
-0.6871896378385524
-0.6899001412093639
-0.6935400772573692
-0.6957113717993101
-0.6960412017981678
-0.697040532110259
-0.6974854096770287
-0.6979207841989895
-0.7022722284129688
-0.7023394285772357
-0.7026212004499351
-0.7033362136086604
-0.7064853373346577
-0.7072135715150378
-0.7099083373238196
-0.7105698715895414
-0.7109632345714739
-0.7120347287505865
-0.7128937968751415
-0.7157758158656569
-0.7170675615780056
-0.72063321596657
-0.7229990649502724
-0.7234753556549549
-0.7262197540174904
-0.7268526301340898
-0.727761893682847
-0.7285378336592758
-0.7293916582420934
-0.731036632694304
-0.7366670576323356
-0.7419759993843703
-0.7449952793981538
-0.7481017698936133
-0.7485446043752341
-0.7488272206133438
-0.7501716310158372
-0.7508323236058155
-0.7509250475850422
-0.7534965415187698
-0.7547256245743483
-0.7547469445770341
-0.7566994188629905
-0.7585497053029636
-0.7615128591656685
-0.7640202327631413
-0.7689325109822676
-0.7689476913086158
-0.7703584879636765
-0.77071737870574
-0.7732674596606687
-0.7755486321014663
-0.7757268977972368
-0.7786615692554429
-0.7788382737032536
-0.7801335503657659
-0.7806943479299662
-0.7822662433609366
-0.7869897503631365
-0.7871085051447153
-0.7893730115999157
-0.7901667280426258
-0.7916584522851432
-0.7943541018210454
-0.7984487960735956
-0.8002624064683914
-0.8004093810450286
-0.8022975758649409
-0.8051015910601563
-0.8056494278575883
-0.8132808990896592
-0.8137022302253172
-0.8168623963939202
-0.8169151663780212
-0.822223003488034
-0.8242445742556205
-0.8319467037450522
-0.8336186095606536
-0.8396954754633563
-0.8412391697987914
-0.8412802567084631
-0.8484980116287867
-0.8504981199900309
-0.8507414916530252
-0.8547801087659537
-0.85593987244647
-0.8579430883764871
-0.8582776117449006
-0.858624592423439
-0.8605381114786723
-0.862349632209316
-0.8626686485173801
-0.8660754196345806
-0.8665175195783377
-0.8693115553404722
-0.8729747819403807
-0.8745597985907807
-0.8777957260608673
-0.8797827155018846
-0.8811372249852866
-0.881228175596334
-0.8882310874178074
-0.8981341496109962
-0.9017624103774627
-0.9054589099861914
-0.9075878895819187
-0.9087777269746766
-0.9152055384796162
-0.9167242888361216
-0.9181423365371302
-0.9237096259991328
-0.9248272432014346
-0.9331757441163063
-0.9344300940210815
-0.9365218216216059
-0.9450896208484968
-0.9475769901182503
-0.9481177505637918
-0.9512002468109131
-0.9573942994078001
-0.9628207683563232
-0.9628342594951391
-0.9629288949072361
-0.9645097224820347
-0.9743918455593908
-0.9783969632233493
-0.9798819981631823
-0.9823891591222491
-0.9833331140282098
-0.9850809414638206
-0.9857860234475083
-0.9862367910227476
-0.9864259893074632
-0.9901452834407488
-0.9980498880147934
-1.0011166334152222
-1.0046562269007053
-1.0066136866807938
-1.0081689209861604
-1.01005878185554
-1.0152820628136396
-1.0189135446368407
-1.0293115032836795
-1.0301500514615327
-1.0359257186452548
-1.0486820738296956
-1.0504808997764485
-1.0539719750086078
-1.0568863957499464
-1.0589638495196898
-1.0715700248256326
-1.0747461716334026
-1.0749182928848313
-1.0754952128976583
-1.0836684061214328
-1.0855731964111328
-1.0895082876086235
-1.0951962032850133
-1.0975473463535308
-1.0979469104980428
-1.113487136363983
-1.11615483276546
-1.1162357064701307
-1.1175013010700543
-1.1202123668885178
-1.1239568997407332
-1.126389497803757
-1.1265232793753968
-1.1354872558731586
-1.1403943789555342
-1.1476743918026062
-1.1479959448450245
-1.1506245720869628
-1.150919656502083
-1.1525619286374422
-1.155837561376393
-1.1609332817868563
-1.1637057065963745
-1.1672469256445765
-1.170878470752238
-1.1729833657542865
-1.1789580315138057
-1.1837599825424452
-1.1856419518589973
-1.1892920983955264
-1.1893617361783981
-1.1899353714356298
-1.2058748081326485
-1.2061791707947123
-1.2135539087466896
-1.2192869037389755
-1.2232996108941734
-1.2242910992354155
-1.226609392091632
-1.2339121460914613
-1.2425255954265595
-1.2439574841409922
-1.244913822412491
-1.2473897486925125
-1.2475913648260757
-1.2477019979938633
-1.267081301077269
-1.2701136469841003
-1.273235428147018
-1.275565379485488
-1.2765422264734905
-1.2799392255644004
-1.283590777482459
-1.2839659658881526
-1.2839745121697586
-1.289678900073947
-1.2920039147138596
-1.2933128708197426
-1.294039811764378
-1.2942194044589996
-1.3018246325304972
-1.3082597723929212
-1.3207032680511475
-1.3266382808797061
-1.3387986281886697
-1.349812388420105
-1.3570665241219104
-1.3588857958384324
-1.3631354430690408
-1.363677866756916
-1.370722727762768
-1.3749503657309106
-1.3763132244348526
-1.3797068651765585
-1.381808299360273
-1.3845310023643833
-1.385277974108855
-1.3872103518806398
-1.3929878634711106
-1.3933485746383667
-1.3947447401393827
-1.394861916700999
-1.3958076254930347
-1.4006183571182191
-1.4043115227186718
-1.408719312865287
-1.4123743772506714
-1.4135979413986206
-1.4354714556053902
-1.443748741983048
-1.4484292175620794
-1.452417254447937
-1.4547098875045776
-1.4611813984811306
-1.4680708249409993
-1.4713978320360184
-1.475235410965979
-1.4876461142906918
-1.4886551648378372
-1.4942529346822995
-1.4956034186616307
-1.505120759208997
-1.505123931914568
-1.5056371204555035
-1.5190885164774954
-1.5248753055930138
-1.5311101366169169
-1.5365355405956507
-1.5648787077516317
-1.5655528903007507
-1.600554645061493
-1.6019664967316203
-1.6057279589222162
-1.6270772814750671
-1.6288335522015889
-1.6442066577728838
-1.656946193636395
-1.6627429723739624
-1.6739338034996762
-1.6767607924994081
-1.6879090070724487
-1.6881779382626216
-1.6894128322601318
-1.6953260190784931
-1.6997799277305603
-1.710089628584683
-1.7166272848844528
-1.7246975537855178
-1.7310653531070177
-1.738722546662757
-1.7519259005784988
-1.7578796744346619
-1.7624547965824604
-1.7626956899960835
-1.766298532485962
-1.7802153825759888
-1.7846643179655075
-1.7867586115996044
-1.7881527432909934
-1.79017573595047
-1.7950562216821708
-1.8114468931216834
-1.8148020505905151
-1.829519271850586
-1.8900514305569232
-1.8991492401110008
-1.909030020236969
-1.9163572606048547
-1.9350575804710388
-1.9353710315936041
-1.948033994238358
-1.9552018642425537
-1.9755486249923706
-1.9774075150489807
-1.9854409098625183
-2.0004236698150635
-2.0049547883681953
-2.0169439017772675
-2.018412709236145
-2.0305551290512085
-2.033831517250898
-2.036008032504469
-2.044589877128601
-2.0476907870470313
-2.0511841118095617
-2.076262869513812
-2.076505210250616
-2.1156425445994955
-2.1672964096069336
-2.1680189573988855
-2.193428337574005
-2.218114595161751
-2.220023914408671
-2.228569209575653
-2.2320127161801793
-2.2335048027453013
-2.3015689626336098
-2.3368785083293915
-2.338218623375724
-2.382321834564209
-2.406587600708008
-2.45866892641061
-2.489647722482914
-2.536890718154609
-2.65822696685791
-2.6797694475390017
-2.6952833444811404
-2.8449443578720093
-2.954254356523355
-3.0557178258895874
-3.0994774103164673
-3.104537708684802
-3.1934772762469947
-3.38397576137019
-3.426848861175434
-3.6743927001953125
-3.7200275659561157
-3.92258358001709
-4.753672704100609
-4.9818354845047
-5.295244574546814
-5.398830533027649
-5.5680932528630365
-12.304431915283203
-13.265728950500488
