-0.03459961088568283
-0.04775853838364128
-0.05222098739302185
-0.072193183958815
-0.11829184670932591
-0.15154025285820744
-0.15187473533296725
-0.15618156212258327
-0.1607702748862923
-0.18512170957789445
-0.18864543679713583
-0.18982883121316263
-0.1919609539844613
-0.19551603569250023
-0.2006302277247111
-0.20691827403581037
-0.20738195754820482
-0.22866916160897485
-0.24390464938769582
-0.25065739094861783
-0.25675096368649974
-0.2624683492089389
-0.2640767727543789
-0.2650741623700014
-0.2690811179715886
-0.2793032782847149
-0.2825348916729646
-0.29342794738477096
-0.299425979868829
-0.30436220025876537
-0.31676541439568
-0.31759587970575215
-0.32406152375624514
-0.3244941682933131
-0.3269298500272271
-0.33030834663513814
-0.33107212866242564
-0.335150783033896
-0.3368611181213055
-0.33740230973307916
-0.3385256560504786
-0.33941782760019934
-0.34433000488206744
-0.3453408148197923
-0.34816913306713104
-0.3520493494949981
-0.3545068672916386
-0.35727129148498143
-0.3586142262044762
-0.37282395353540776
-0.3776631816622934
-0.38692690149348763
-0.3892094373732107
-0.39032585102540907
-0.3909138363475601
-0.3948200192244258
-0.39556619773265994
-0.39592949818890905
-0.3973016485833796
-0.3973874710063683
-0.40069985180161893
-0.4071297059685094
-0.4075504727883196
-0.409561912715435
-0.4108392564835063
-0.4126936800201197
-0.41655088761651243
-0.41766837681955493
-0.4183383782926415
-0.4183822667974233
-0.41845328381168656
-0.420066785835661
-0.4206075723865069
-0.42185589249675104
-0.424889607242552
-0.42601814971040486
-0.4269309497157034
-0.4347646024427377
-0.44478680042084306
-0.44693434486786526
-0.4469774686007632
-0.4497491790298227
-0.45064576064968215
-0.45560582884936596
-0.45667973538770135
-0.45930665444466284
-0.4602306073412321
-0.4636800881264554
-0.4678033891017549
-0.4745128649969543
-0.4751694674798336
-0.4769502904906403
-0.4779912834088059
-0.47887992931646295
-0.48082079490316876
-0.48242851807541837
-0.4846599448037523
-0.4860058394794275
-0.48618321001479425
-0.48751453855397814
-0.4927115167956799
-0.49626617335812434
-0.4971821652073968
-0.49772723646762235
-0.4978655178306831
-0.4980701203458011
-0.5025993513741663
-0.5027478359245126
-0.5118640575178519
-0.5144493468105793
-0.5156183582385657
-0.5174186235655927
-0.519189720187569
-0.5198310673921906
-0.5214216925424376
-0.5222080661166858
-0.5238919788622297
-0.5240435811636937
-0.5257266480612623
-0.5323349809924063
-0.5327600531745702
-0.5339614240801893
-0.5346896087950361
-0.53690450726647
-0.5388044042292198
-0.5390707051216547
-0.5413564563813534
-0.5418759838544897
-0.5445938051811287
-0.5447238635138741
-0.5506830421379871
-0.5515997467820333
-0.5542598411702784
-0.557507229950841
-0.5586057206965052
-0.5590320323179994
-0.559116806345628
-0.5591325156080226
-0.562626184662804
-0.5647751985234208
-0.5743173873052001
-0.5769328015163774
-0.5788536503290137
-0.5789004527032375
-0.5790038975319476
-0.5821641348919365
-0.5832965063810762
-0.5837560035400272
-0.5873306321445853
-0.5916889215919322
-0.5974181442870758
-0.6001716765521061
-0.6009809665514955
-0.6043953877867482
-0.6076888546231203
-0.6173727996582683
-0.6189341089921072
-0.6244489124044776
-0.631347616261337
-0.635003275498093
-0.6368988021775814
-0.6385341348359361
-0.648726760642603
-0.6535671121188594
-0.6568884081905708
-0.6576561836991459
-0.6598812241766913
-0.6650896125138388
-0.6670286891749129
-0.6740301753290825
-0.6814724602524317
-0.6827438535727434
-0.6880281087230995
-0.6922969585097495
-0.6984321987256408
-0.6998224290437065
-0.7000264186047033
-0.7006272338164438
-0.7079645188727148
-0.715351407173633
-0.7192038427794772
-0.7194066499618607
-0.7194877461456186
-0.7200581029543313
-0.7218831484284843
-0.7222864961251616
-0.7232081978072529
-0.7275871200220606
-0.731157137991128
-0.7329787615841875
-0.7392277520916918
-0.7425039178439571
-0.7426207846874604
-0.7516826745895042
-0.7549015201628209
-0.7596246145665646
-0.7636782041036685
-0.766573163428499
-0.7676271870732307
-0.7708569804672152
-0.7727088805905078
-0.7843507222520808
-0.7857923187315464
-0.797381808446953
-0.7995264731944189
-0.8022610271588201
-0.8125879182206357
-0.8159053427662002
-0.8187908750602647
-0.8215986516675912
-0.8234559446573257
-0.8306932747364044
-0.8317367940520247
-0.8368124488042668
-0.8492871620692313
-0.8825780800543725
-0.8846306465566158
-0.8890064089093357
-0.9052319824695587
-0.9265406022313982
-0.9410005435347557
-0.949334005638957
-0.9510583005224665
-0.9658935996703804
-0.9676042646169662
-0.9815014004707336
-1.0036125009258587
-1.0429478943347932
-1.0686251990497113
-1.088906693737954
-1.1372075378894806
-1.1590644957032055
-1.2072096168994904
-1.2341365898028016
-1.2895228738586109
-1.341316858927409
-1.4216539449989796
-1.4597794305882417
-1.4879978944857915
-1.5461149513721466
-1.5787047743797302
-1.7046826034784317
-1.7128484398126602
-1.7157830347617467
-1.7607804536819458
-1.774134874343872
-1.808424070244655
-1.817420191844576
-1.9087544456124306
-1.9872208038965862
-2.012061004837354
-2.0919938534498215
-2.1154814125426733
-2.257573902606964
-2.298342004418373
-2.3180632144212723
-2.5482443252112716
-2.6611946502234787
-3.8552972078323364
-3.9523144960403442
-4.182341575622559
-4.208256840705872
-4.575666427612305
-5.8344950675964355
-6.190207004547119
