-3.409264108237645e-05
-0.0043283901759423316
-0.007903209809834758
-0.008010811188796652
-0.009827480898820795
-0.011793755374128523
-0.03006378250817458
-0.03018896405895551
-0.03636746795382351
-0.04077515844255686
-0.04767611613497138
-0.04876583504180113
-0.04905596984705577
-0.056691868710913695
-0.0594239930764565
-0.06713533587753773
-0.071095251321302
-0.07128068525344133
-0.07803192752180621
-0.07806202908977866
-0.07934146851766855
-0.08327590057186691
-0.08336478173732757
-0.08551510502948076
-0.09127504844218493
-0.0981460613927791
-0.1015237319013977
-0.13409993473708579
-0.13595819138481602
-0.15886868063971632
-0.16239259179928922
-0.16711271449882284
-0.1765304598537279
-0.18372742645442486
-0.18780506175133507
-0.19146597137053809
-0.19536925099312916
-0.19610783172356605
-0.1971811637049541
-0.19981791467406487
-0.2007700765194992
-0.20745343364033034
-0.21072954086250523
-0.21908042171980924
-0.22056213828424612
-0.2242213010787964
-0.22810478127727643
-0.22996647054770575
-0.23014498072349782
-0.2319442794600036
-0.23212718005691255
-0.23221443583204984
-0.23306468584924006
-0.23324022940075587
-0.23568231736620268
-0.24527760329753315
-0.24732622020201234
-0.2525544981556026
-0.25366361729296233
-0.25568955601525173
-0.2557836795342816
-0.2562226564215962
-0.260665594222246
-0.2634873089194419
-0.26519811860907794
-0.26530073084450123
-0.2677352588078585
-0.26864220019423457
-0.2687164718377971
-0.2707080592044804
-0.27260766358775634
-0.27432068712135205
-0.2744870886318885
-0.27563057997613216
-0.27570370674324557
-0.2782038487996033
-0.27838147189777374
-0.2799101387563496
-0.2830198134506645
-0.28411309514194727
-0.2845815252092672
-0.28472913881196293
-0.28545668899253845
-0.28554681475673405
-0.2876889730493228
-0.29055333882570267
-0.2907752989263567
-0.2914740602897837
-0.29408198115709183
-0.2959161371754817
-0.2968168888279858
-0.2969266089455535
-0.2969656215577743
-0.29801057626173133
-0.2982282446681097
-0.2991827413774445
-0.3041492451557133
-0.30774718072643736
-0.3113850767367694
-0.3121821729453384
-0.31352715992034064
-0.3154346676140449
-0.315778252700581
-0.3176020996143052
-0.31774850306674823
-0.31847746336508725
-0.3189902773136141
-0.3203233000531327
-0.3206344653746263
-0.32173410691575555
-0.32204600451788995
-0.32399609144067654
-0.3241087237157798
-0.3244948894483969
-0.3246658592484891
-0.32515478297136724
-0.32688250795108614
-0.32814894166222075
-0.329430975089781
-0.3301962924151667
-0.3327962754960586
-0.33401140212340075
-0.33860318660736083
-0.3397869730659295
-0.3403786786366254
-0.34455034672188317
-0.3485396802038681
-0.34883419011484046
-0.35026389312164
-0.3507382446331475
-0.3509482737562394
-0.35097120265911347
-0.3514747540635249
-0.3517877503494674
-0.3551530580198232
-0.3560221555089811
-0.35902146164543985
-0.35909270582458575
-0.36023373901844025
-0.36133419883538553
-0.36165328676967573
-0.3617740655319302
-0.3626247964178522
-0.36681493050709835
-0.3668453052305267
-0.36748307533950236
-0.3676405697267455
-0.36991672716103496
-0.3702357396723528
-0.37200831219810687
-0.37208776008737915
-0.37231866735965014
-0.3732755174122968
-0.37441188498199224
-0.374515857689807
-0.3749853454057963
-0.37762229282978094
-0.3804617282061372
-0.3825453410623595
-0.38255380771051234
-0.3826933905147598
-0.38359985954593867
-0.38463673238875346
-0.385592973305999
-0.3859394840207339
-0.38600432470307816
-0.3904092442616174
-0.39090475529307395
-0.39275314930209787
-0.3930023328168318
-0.39335753682947444
-0.3939917447423795
-0.3948880446010402
-0.3949481145892706
-0.39508876499166945
-0.396900238818489
-0.3973218398633225
-0.4001897990281577
-0.4039227540997672
-0.4048914612017648
-0.4066460249379816
-0.40829564362502424
-0.4110070093302056
-0.4118234942933278
-0.41558273475278507
-0.4159716754389188
-0.4167951892928353
-0.41791398975619815
-0.41834095761753687
-0.4194953902820998
-0.4206737708965583
-0.42347793772387377
-0.42350314818904733
-0.4247802063602851
-0.42514188946404374
-0.4254630302958604
-0.4256002832253216
-0.42647835292986463
-0.4274672331022365
-0.4285879630129784
-0.42898588592920295
-0.4311926755431159
-0.4316989930278699
-0.43215477746586356
-0.43268461353800375
-0.43307689151593615
-0.43379998356249416
-0.43450640538656826
-0.43493253950561794
-0.4356149135144531
-0.43594178222610935
-0.43795911462179254
-0.4399262481601909
-0.4413203184092332
-0.44191121363214086
-0.44275853007566185
-0.44283540100981816
-0.44301145422246513
-0.4436983647071126
-0.4446427466140853
-0.446702357257891
-0.4476203752681613
-0.4478053520974754
-0.4478590392640659
-0.44791685255618446
-0.4497078348067589
-0.45009174710007344
-0.45029762612804397
-0.45150504780134987
-0.4525913153520378
-0.45484917368528177
-0.4554160415594067
-0.45792171539505944
-0.4593604802589003
-0.4607080837112418
-0.4614209622599219
-0.4681901494739577
-0.47037492200979614
-0.47096048479434105
-0.4715363271801941
-0.4718073824718886
-0.4724429138441337
-0.4733077505780966
-0.47476970341625324
-0.4756837243764312
-0.48183233075542375
-0.4819587538181622
-0.48284730192972347
-0.4833483008100302
-0.4837752261773858
-0.48472856232809136
-0.48480929290367797
-0.48551137059588323
-0.48775700317411164
-0.4881538624467794
-0.49096720312506176
-0.4914543439270866
-0.49172193982771467
-0.49236523602157833
-0.49265767227625473
-0.49335402552300367
-0.4957120058827838
-0.495731128951285
-0.49649697984568775
-0.49835661116685515
-0.4987942911684513
-0.4993250767911377
-0.5003129058265282
-0.5008191027984139
-0.5022254317336774
-0.5028116406703537
-0.503257409503511
-0.5034670988097787
-0.5045546451881819
-0.5053421759253575
-0.5054020088191464
-0.5079934350324038
-0.5099920318461955
-0.5101210296154022
-0.5128105195096092
-0.5134660209632249
-0.5147582518596513
-0.5151347601268854
-0.5161423402245191
-0.5167973310324467
-0.5172771279255411
-0.5198750048875809
-0.5210238459662327
-0.521040622631907
-0.5216769654274945
-0.522175530586133
-0.5259089579623832
-0.5264883369673043
-0.5274804859531287
-0.5284046499989927
-0.528708682528564
-0.5302455274155363
-0.5304044278454967
-0.5320617135585053
-0.5333406484958687
-0.535149423715969
-0.5351733266226282
-0.5354745450534892
-0.5366395135701169
-0.5395321555202827
-0.5430676897522062
-0.5437788452805502
-0.5445600064340397
-0.5454378704654862
-0.5466629102875231
-0.546713403040485
-0.5483200677351435
-0.5519147679733578
-0.5539309134085973
-0.5554028090312689
-0.5592418692540377
-0.5624407598960615
-0.5625994941219687
-0.564959916452608
-0.5689837264944799
-0.5689965083729476
-0.5712499508881137
-0.5714135132730007
-0.5721797297398249
-0.5778423601164832
-0.5796011402150422
-0.5831448378972709
-0.5846102448049351
-0.5885863155126572
-0.5895438356833025
-0.5934098674794465
-0.5939721241011284
-0.5949299592757598
-0.5982249143966732
-0.6023139859982101
-0.6057995853754315
-0.6120776426645794
-0.6195651930975146
-0.6215176695526073
-0.6235741209238768
-0.6242128068828151
-0.6253985748626292
-0.6258407084774009
-0.6262232899665833
-0.6298330824938603
-0.6308222994208336
-0.6330577241218028
-0.6334152962499502
-0.6339415025764278
-0.6364536314670529
-0.642354539440324
-0.6425358628233274
-0.6431745984850245
-0.6446794826382151
-0.6447756238824999
-0.6482349317986518
-0.6485957963945718
-0.6502219420055755
-0.6512249314359256
-0.652329896731923
-0.6545534658944234
-0.6551843395323625
-0.6568716379806574
-0.6570488725046744
-0.6591627662774744
-0.6645089290104806
-0.667890339421865
-0.6704268301171916
-0.6721947031328455
-0.6725510478019714
-0.6778580507263541
-0.6812217086553574
-0.682608079857467
-0.683872421338622
-0.6863678598047045
-0.6915089419732491
-0.6917625265195966
-0.6925961397403929
-0.6981447550460871
-0.7062939930086335
-0.7079024005991718
-0.7091883397099283
-0.7169976917793974
-0.7220178647112334
-0.7304770010554681
-0.7331982235538651
-0.7346983747556806
-0.7356834284961223
-0.7382956741617818
-0.7389013416000775
-0.7403948640317789
-0.7433541321328708
-0.7451061407725016
-0.7506287680007517
-0.7519872437364289
-0.7526769697666168
-0.7548965147230774
-0.758346049018049
-0.7620742486382369
-0.7629864905029535
-0.7711302141658962
-0.7736409744022239
-0.7779788451565158
-0.7808852758690981
-0.7813857004046441
-0.7841876713791862
-0.7860193205997348
-0.7887327150286486
-0.7899433592600482
-0.7915571535704657
-0.7956350222229958
-0.8074779966846108
-0.8083492520575722
-0.8086541098115655
-0.8087430903643609
-0.8119409053275982
-0.8155733896419406
-0.8176476239958512
-0.8179211399207512
-0.8216146504079612
-0.8263918430440955
-0.8265866926786575
-0.8371416595764458
-0.8394327824159215
-0.8411674981471151
-0.8417711474176031
-0.8445766610566352
-0.8487780840368941
-0.8517396342275398
-0.8552638404071331
-0.8601135744713246
-0.865645345300436
-0.8663903578883037
-0.8746643433890616
-0.8845563232898712
-0.8904200093820691
-0.8920275360345841
-0.8948154598474503
-0.9002828761935234
-0.901337681338191
-0.905277457088232
-0.9057078310953719
-0.9127624314278364
-0.9159720242023468
-0.9190192716196179
-0.9217848860193044
-0.924036658089608
-0.9255851823836565
-0.9297098464642962
-0.938584814965725
-0.9497923000405232
-0.956776948645711
-0.957712921500206
-0.9620229478459805
-0.9655328682856634
-0.9674811988564519
-0.9797834306955338
-0.990551152662374
-0.9925382505171001
-0.9928777813911438
-1.0167590465571266
-1.0234557028161362
-1.0382514894008636
-1.0387461803213227
-1.0449684435734525
-1.071947717515286
-1.0939052402973175
-1.0970431452151388
-1.1131544596864842
-1.114611470256932
-1.1181738485907513
-1.1262505315341482
-1.1336723174899817
-1.134491122997133
-1.160926964133978
-1.160932853317354
-1.1715752451813646
-1.1742959852563217
-1.1782946788395445
-1.1941242795437574
-1.200720176100731
-1.2009565130186577
-1.2061113193631172
-1.2062094970606267
-1.2159741683863103
-1.216315517534635
-1.2229586477624252
-1.2264461442828178
-1.2305612674293418
-1.234701848286204
-1.2383534597271744
-1.2476558102061972
-1.251721829175949
-1.2919769251408677
-1.3105811366500955
-1.3201440697303042
-1.3393863060045987
-1.354858051519841
-1.362502747774124
-1.364691624534089
-1.3751408223373194
-1.380239935669427
-1.3840493974275887
-1.433514315634966
-1.439127361557136
-1.4478075349082549
-1.4540598237266142
-1.4629650246351957
-1.4676784928888083
-1.4734908103942872
-1.4743532240390778
-1.483097029849887
-1.4939590620342642
-1.5672469676355831
-1.5730211734771729
-1.5841916659846902
-1.596604215214029
-1.5994018438505009
-1.6221394836902618
-1.643479198993494
-1.6452032178640366
-1.6639956583094317
-1.6713070005178452
-1.6738562979284324
-1.6881892271339893
-1.7124691139906645
-1.7256927620619535
-1.729126900434494
-1.7324211944651324
-1.733850296664362
-1.7460938702279236
-1.779971049594072
-1.7826763010428597
-1.789620280265808
-1.7972189486026764
-1.8078848066410274
-1.8078887900192058
-1.8356745056807995
-1.8421083986759186
-1.8693791907280684
-1.901503648608923
-1.9083174740274746
-1.9225139899645
-2.0310908360406756
-2.037045849703645
-2.105337272398174
-2.1659830469416192
-2.175231844186783
-2.183936357498169
-2.283311188220978
-2.3278125814201
-2.3944100183434784
-2.429888439091883
-2.4473921787769846
-2.489549604554971
-2.573883862234652
-2.6042065649526194
-2.633204009733163
-2.6648566722869873
-2.713789939880371
-2.7238377642352134
-2.7607385255396366
-2.855450042290613
-2.887516498565674
-2.894582008011639
-2.909997895359993
-2.938262417912483
-2.975275032222271
-3.027954339981079
-3.093410698696971
-3.1090576350688934
-3.1595949679613113
-3.2395033836364746
-3.267390903143678
-3.309126159088919
-3.3738092638377566
-3.416967272758484
-3.4562100172042847
-3.498536047525704
-3.5933525562286377
-3.628116995387245
-3.648715019226074
-3.681408447213471
-3.909254312515259
-3.9612960815429688
-3.974859893321991
-4.0106070504001154
-4.123044538716688
-4.381682068109512
-4.477786660194397
-4.701030492782593
-5.160092115402222
-5.535764694213867
-5.835391044616699
-6.667041301727295
-7.1808671951293945
-9.46435832977295
