-0.0003978414461016655
-0.014057885855436325
-0.038828501943271476
-0.05605645571631612
-0.06806130358017981
-0.08734226413071156
-0.1028342502152763
-0.12802257074508816
-0.16001776955090463
-0.16128750535272046
-0.18167626857757568
-0.19301457761321217
-0.20371113405562938
-0.20870555378496647
-0.21705518243834376
-0.22422272517961042
-0.23416749921125302
-0.23448650428347012
-0.2388545170891973
-0.24377519973855044
-0.2579999107909998
-0.2585589186589156
-0.2638855194672942
-0.26411299963027657
-0.2776640821664062
-0.27895874635679874
-0.2791123575686167
-0.2811545629054308
-0.29271333445285563
-0.2969619107825565
-0.302686449761192
-0.30969867462824496
-0.3147110028002089
-0.32293952667029
-0.3260339740663767
-0.3262482623104006
-0.3277003656839952
-0.32955344940169845
-0.33322321871916455
-0.33383316989056766
-0.33911648527718513
-0.34048749540306744
-0.34309133789065527
-0.3432808514114072
-0.3434870320682724
-0.34392263868357986
-0.34662769036367536
-0.34976715012453496
-0.3508926530679067
-0.35568779314467064
-0.36200077577959744
-0.36827005809534186
-0.36879076781209125
-0.3772085380401222
-0.3803234351798892
-0.38060824014134526
-0.38271651188853184
-0.3843707247627511
-0.3857088876732367
-0.39013098418273817
-0.3903494694085176
-0.3906981503759097
-0.39263513113128284
-0.3945099502483832
-0.3966748082111108
-0.398921680341354
-0.3992244867840782
-0.4029056517984313
-0.403970998711884
-0.4065927310215417
-0.40891487256987247
-0.41180646629072726
-0.41473575218373704
-0.4165230302284632
-0.41706938087008893
-0.41795502762229614
-0.41902709784647285
-0.42014495743433145
-0.4224742880287522
-0.42348473615323506
-0.42402334374067624
-0.4251002748281247
-0.42716791161469053
-0.42812973400577903
-0.42860381607897013
-0.4288134663829396
-0.4288321478990838
-0.42889712197292185
-0.43129460898624666
-0.43487157558168593
-0.4413550881598404
-0.4432649734341491
-0.44582041958832025
-0.4467648126183576
-0.44770195777507527
-0.4479106017709758
-0.4520736577724165
-0.4526852862109081
-0.4572696241424031
-0.4592210166156292
-0.46015495410829316
-0.4609188522818727
-0.4619350147476098
-0.4639348006333291
-0.4642892874378179
-0.4644435133169428
-0.4647119578294223
-0.46901538394968156
-0.47016186831238244
-0.4702675158623606
-0.4707893488521222
-0.4714152506858227
-0.47238130148859153
-0.4725088893236326
-0.4727909686625935
-0.47290147590012144
-0.4742719673288419
-0.47432521788739124
-0.4762927891521637
-0.47788774175569415
-0.48241809435419164
-0.4832766407635063
-0.4832877804596058
-0.483299592398994
-0.48529593894879025
-0.4894896127282209
-0.4905660890844956
-0.4906680416315794
-0.4921558099449612
-0.49402522836348906
-0.4948717133541192
-0.4957989408701126
-0.4971359945417274
-0.49725882646938163
-0.49976479914039373
-0.5003805590926537
-0.500599401780424
-0.5018570653379096
-0.5027023940960395
-0.5049407960963436
-0.5083392763303386
-0.5100637153955176
-0.5110796116758138
-0.5121218880522065
-0.5175224747183961
-0.5176283838925884
-0.5178024020346533
-0.5178202773131488
-0.5181433925172314
-0.5189037109150073
-0.5200295458547771
-0.5211038184352219
-0.5223504733294249
-0.5236645988188684
-0.5253397994150873
-0.5258739930111915
-0.5260352818205809
-0.5260954779971924
-0.5273524596754474
-0.5299284797711152
-0.5301701463758945
-0.5306198101534392
-0.5316410555530767
-0.5324555002069522
-0.5330828818758684
-0.5336537808438556
-0.5338608924513599
-0.5339225978505883
-0.5344907670902709
-0.5350811308202207
-0.535490760114044
-0.5364181423404565
-0.5380878350974637
-0.5394887684711388
-0.540252702931563
-0.541021432261914
-0.5414973308594199
-0.541538019105792
-0.5436789739876986
-0.5437333628984301
-0.5439489506451147
-0.5441084869380575
-0.5441909798731407
-0.5455641920811364
-0.5458077050744123
-0.5459769601157556
-0.5461594391252018
-0.5463531288051885
-0.5472276060259901
-0.5476737950156121
-0.5484590737614724
-0.548923922445331
-0.5533116161823273
-0.554543464439727
-0.5556257230556843
-0.5569135453552008
-0.5583947386289947
-0.5602528177361299
-0.5603955373517238
-0.5613642531097867
-0.5621779885841534
-0.563121393776563
-0.563332240724574
-0.5643606575324358
-0.5656196953495964
-0.5659165921356362
-0.5660453966338537
-0.5666875994897315
-0.5670971887431935
-0.5675358230417425
-0.5686882613226771
-0.5687113078828487
-0.5697648255671892
-0.5702358280858871
-0.5708852116949856
-0.5720776884816587
-0.5741008500086277
-0.5750429411418736
-0.5750812669323447
-0.5752925012051128
-0.576149441767484
-0.5764805761476358
-0.5766024440059254
-0.5772313606878925
-0.5776129246556333
-0.5778906583117742
-0.5785144214925821
-0.5794158345088363
-0.5799051735415229
-0.580679925473305
-0.5842931390340839
-0.5849134330720906
-0.5853472914244048
-0.5860182431393436
-0.5860329265869223
-0.5860798446166073
-0.5873648675624281
-0.5928194315897094
-0.5997864050376747
-0.6002224042080343
-0.6006154868130883
-0.6025973710299392
-0.6053172097696612
-0.6072361516417004
-0.6083970014005899
-0.6099848902085796
-0.61019222936593
-0.6103592975912306
-0.611333751982205
-0.6130566170322709
-0.6148051476726929
-0.6148493135347962
-0.6149801005376503
-0.6157439171557167
-0.6180009422740552
-0.6180115434495784
-0.6189653131645173
-0.6195682836667705
-0.6200754713887969
-0.6201865680515766
-0.6211667609401047
-0.6216231994330883
-0.6229916150623467
-0.6245228682179004
-0.6251906869350933
-0.6254466250991553
-0.6265943978320468
-0.6281431342164675
-0.6289882493604507
-0.6303609616821632
-0.6311006141670722
-0.6313171106210741
-0.6317457898985595
-0.6336058803273389
-0.6370369248091947
-0.6379008928520812
-0.6383851741224313
-0.6391237133648247
-0.6396278913452917
-0.6400959514081478
-0.6411060829414055
-0.6412517345909562
-0.6422152699669823
-0.644553461461328
-0.6449582470425147
-0.6475268819322991
-0.6493979629129172
-0.6508868537954792
-0.6516026436972121
-0.6518999865914409
-0.6525580072629964
-0.6531502678990364
-0.6544286862222685
-0.6544730216264725
-0.657302910177598
-0.6597891899757087
-0.6616757452487946
-0.6623058600351215
-0.6627228980664355
-0.6635817617643625
-0.6644241906701154
-0.664806106047763
-0.6653270812705159
-0.6663869867722193
-0.6688097200045983
-0.6698262163285668
-0.6700663777689139
-0.6714454781264066
-0.6717660450459724
-0.6718718062154949
-0.6726393550166676
-0.674177552262942
-0.6758976708515547
-0.676857794686738
-0.677716295234859
-0.6799114337190986
-0.6818961560726166
-0.6824067231267691
-0.6876722307875752
-0.6880923114717007
-0.6898175906389952
-0.6941987963540381
-0.6948099963366985
-0.694854152854532
-0.6959135032666381
-0.6969800437234679
-0.6975493290683517
-0.7008085357956588
-0.7037029378116131
-0.707727880589664
-0.7084566603414715
-0.7092974704379836
-0.7099791481075499
-0.7106633208874931
-0.7122667539598686
-0.7152802051943061
-0.717303468391765
-0.7181936218319152
-0.7198614201275632
-0.7199442887213081
-0.7206081153029421
-0.7207772969933492
-0.7245843580790928
-0.7247465443585746
-0.7249026745557785
-0.7265332207083702
-0.7281286560880419
-0.7289583872900178
-0.7293890420114622
-0.7350145218719263
-0.7362471898502138
-0.7374442592263222
-0.7380065683973953
-0.7441783299048742
-0.7452842927305028
-0.7461472390485662
-0.7478784916747827
-0.7489272700428652
-0.74966488777427
-0.7504811596591026
-0.7526865809688161
-0.7546664626958406
-0.7568975498899817
-0.7579646143118074
-0.7585647466282049
-0.7590673115725318
-0.7598744262009859
-0.7601244205402004
-0.7610462021548301
-0.7619097621180118
-0.7631353247910738
-0.7647350542247295
-0.7660012940565745
-0.7683187431059195
-0.7694480986334383
-0.7715493325144053
-0.7720451682806015
-0.7723382087941736
-0.7727517151312592
-0.7735966104082763
-0.7744301888160408
-0.7745827295771051
-0.7768674302969458
-0.7782021388411522
-0.7790941098045248
-0.7793314337730408
-0.7798776304232888
-0.7829415597952902
-0.7831727610900998
-0.7833480950444937
-0.7848553642630577
-0.792847891151905
-0.7930774296013018
-0.7951225034064717
-0.7951851826161146
-0.8017104329275233
-0.8018066340009682
-0.8032411780150142
-0.804608900565654
-0.805255539735834
-0.8054539222231445
-0.8056653064808675
-0.8057540147565305
-0.8064230854070047
-0.8073105784133077
-0.8091413331304855
-0.8115214108385973
-0.8117953104924204
-0.8128303573466837
-0.8139306030546626
-0.8139392645098269
-0.8163265368842986
-0.8187755348367823
-0.819891856808681
-0.8206937983632088
-0.8209606367150476
-0.8209847298761209
-0.8216274187434465
-0.8256276505999267
-0.8279482048625747
-0.8293235306559569
-0.8313658907281933
-0.8328304709866643
-0.8364939370811564
-0.8377470910549164
-0.8414984836349807
-0.8418841231614351
-0.8438876549771521
-0.8448778600431979
-0.8468652024865151
-0.8472714982926846
-0.8479987544318041
-0.8536558557425025
-0.8539645650377679
-0.8549017940182239
-0.8551462523936758
-0.8556633392969767
-0.86050016331423
-0.8608998775482177
-0.868002075329423
-0.868080552155152
-0.8714487932622432
-0.8726945519447327
-0.8737103685736656
-0.8737170776197066
-0.8748631467515224
-0.8759414211017429
-0.8759998700891932
-0.8764102570712566
-0.8840856282011677
-0.8885086032096297
-0.8889397730818018
-0.8902430410186449
-0.8915866620838642
-0.8921881128225806
-0.8945448616868816
-0.8949479775037616
-0.8959105515386909
-0.8992713888651719
-0.9015426324680448
-0.9041694079373533
-0.9053892626892776
-0.9077030701695809
-0.908010819616417
-0.9097273253968784
-0.9107294256488482
-0.9141371047589928
-0.9150097846157021
-0.9164482303892783
-0.9199351072311401
-0.922969328923493
-0.9240052041908106
-0.9273887028296789
-0.928163031116128
-0.9348277151584625
-0.9390754027408548
-0.9465952076845698
-0.9538037714434419
-0.9558142279274762
-0.9558767982990048
-0.956963821705854
-0.9598116622202926
-0.9613188728690147
-0.9614247933030129
-0.961619206238538
-0.9620644686122736
-0.9621674211230129
-0.9631184291922383
-0.9679812490940094
-0.9732943862676621
-0.9754435970551438
-0.9757179394364357
-0.9768631258048117
-0.97904161842806
-0.9810679810387748
-0.9840602623298764
-0.9888137895613909
-0.9906052301327387
-0.995143653307524
-0.9971202609449321
-0.9993050737040383
-1.0041199491048853
-1.011762589798309
-1.0123565308749676
-1.015966508537531
-1.0206541228372688
-1.0226551443338394
-1.0228802002966404
-1.026150524849072
-1.0286900526145473
-1.03841928144296
-1.0384728514722414
-1.040240880050179
-1.0412005223333836
-1.045131062467893
-1.0483256448060274
-1.0513240480795503
-1.0521284490823746
-1.0529807630394186
-1.0531232740197862
-1.0542513995120923
-1.0581983992209036
-1.07843255429444
-1.0835178351650636
-1.0849174070172012
-1.08602523393929
-1.086886522493192
-1.0869253563384216
-1.0879285305738449
-1.091330281325749
-1.1003374174470082
-1.107197921190943
-1.1109031060089667
-1.111270704439708
-1.119298314054807
-1.1202293012333526
-1.124748965104421
-1.1336038907368977
-1.1379193142056465
-1.1393759215716273
-1.1464371029287577
-1.1508777253329754
-1.1514278740311663
-1.151454699691385
-1.1584851706866175
-1.1598552664120991
-1.1612716095987707
-1.1634228584964603
-1.1784058523674805
-1.1816423280785482
-1.1865027658641338
-1.1888229435102806
-1.196398657048121
-1.1982285196427256
-1.2002952868739765
-1.2056663477172453
-1.2118090819567442
-1.2133972843488057
-1.2158102989196777
-1.233130071312189
-1.2448125467635691
-1.24760140478611
-1.2512805958588917
-1.2557418033480645
-1.2593636494129896
-1.2794000455176047
-1.2960211656987668
-1.3023639875451256
-1.310565782400469
-1.3278355412184966
-1.3321828194891623
-1.3331390153616667
-1.3384314179420471
-1.356885705764095
-1.3712341033720545
-1.3996531680847208
-1.420802392810583
-1.4277485810220014
-1.4296750258654356
-1.4353229701519012
-1.4363705335805814
-1.441308030858636
-1.4441032046452165
-1.4513542652130127
-1.4588309466838836
-1.4660839661955833
-1.4698517719904582
-1.4778090541561444
-1.4833836824836908
-1.4923762381076813
-1.4929740546892087
-1.5089746803045272
-1.5262486696243287
-1.5340888798236847
-1.5605615687090904
-1.5627350161472957
-1.5670828819274902
-1.5700944028794765
-1.6213884018361568
-1.6722904939888394
-1.6810330301523209
-1.7074780967086554
-1.734698474407196
-1.763549029827118
-1.7953751469030976
-1.7962847091257572
-1.813385753444848
-1.8175085633993149
-1.837363813072443
-1.8786305983861287
-1.8929169575373332
-1.9062964292243123
-1.914372257888317
-1.9299400314339437
-1.9444064528215677
-1.9508515894412994
-1.9751753211021423
-1.9925567507743835
-2.006335465470329
-2.0362197992702327
-2.0540009140968323
-2.0782898664474487
-2.0868729843447604
-2.1310946345329285
-2.1410446539521217
-2.176665782928467
-2.185723902487856
-2.272827955894172
-2.3505613803863525
-2.3917210444342345
-2.398405075073242
-2.4402166455984116
-2.4857135862112045
-2.5337690075393766
-2.565522070741281
-2.606171131134033
-2.6130751464515924
-2.6506293987234435
-2.6834472864866257
-2.7126396894454956
-2.71563783288002
-2.7635462284088135
-2.783933103084564
-2.8292348384857178
-2.9631899325177073
-3.0468454360961914
-3.1349791288375854
-3.1499178409576416
-3.176417112350464
-3.2313662392649953
-3.236792802810669
-3.2472877390682697
-3.302276690800985
-3.317533254623413
-3.3265830278396606
-3.331009050287927
-3.450898024253547
-3.4702608585357666
-3.488027572631836
-3.5866678953170776
-3.704320549964905
-3.9099161624908447
-3.944067597389221
-5.127875804901123
-5.190994739532471
-5.783109188079834
-6.536337375640869
-9.98717975616455
-10.949872016906738
-12.262962341308594
