-0.00020201962320243183
-0.01538915644929754
-0.018789783304479595
-0.03895339307685693
-0.04182310629374797
-0.047103313205025185
-0.049880981644881625
-0.05043154726809007
-0.05743815230865342
-0.062201193760665775
-0.06382941765089829
-0.06996483926195651
-0.07742475415565357
-0.08003099262714386
-0.09843679504154222
-0.10018309003983934
-0.10441191092832014
-0.11385711488385653
-0.13377915695657805
-0.16788424419199827
-0.1751300673931837
-0.17685040115598635
-0.18311061410904586
-0.18605545116588473
-0.22951745274579427
-0.23236199679668063
-0.23261551806345437
-0.23765874229771575
-0.24273216135321718
-0.2444803295655788
-0.24594888375015955
-0.2562898903462888
-0.26119361900685667
-0.2620427496206503
-0.26416586288105465
-0.2651005673506006
-0.26684194391127675
-0.26717004326275984
-0.27034466589490574
-0.2710359496439452
-0.2796708678874893
-0.28375400062779793
-0.2848294618888758
-0.2869204235144025
-0.2881182962846651
-0.290072894360896
-0.2917078814731212
-0.29509927278354553
-0.30073469910712447
-0.3022096397529822
-0.30272639197435564
-0.3054577849828862
-0.3060792720540917
-0.30997653218219057
-0.31326246923417783
-0.3133281596130928
-0.31480100916659237
-0.3149499796059964
-0.31653539979768164
-0.3168383132529142
-0.3171331327639336
-0.31835045234385007
-0.3215492497838568
-0.3232685599448814
-0.32354572461900943
-0.3238856528649408
-0.32440317122228934
-0.32790541775739257
-0.3300783323174983
-0.3317178979887103
-0.3321835189771794
-0.33222567760579597
-0.3337618212345725
-0.3344735320388281
-0.3350340004362806
-0.33555771595188966
-0.33657153499195325
-0.338812712217633
-0.33888180255889894
-0.33965506435171733
-0.33966648376875896
-0.34082184272951316
-0.3414162238727191
-0.34141787068356927
-0.34149613852234023
-0.3432012393765717
-0.3457907375735785
-0.34588037948924466
-0.3475433364510536
-0.3477783106987019
-0.3479458391547269
-0.3491226363343799
-0.3499764983793476
-0.35259025372488395
-0.35320929274894297
-0.356025490603012
-0.35903227677529986
-0.36030923601344966
-0.36083731384236933
-0.36209179125984925
-0.36214008399595815
-0.3636068417923525
-0.36399067387295264
-0.36675953376688997
-0.36727284804926186
-0.37088715182229254
-0.37093918459140696
-0.37169609560078243
-0.3721579047200708
-0.3740596921027948
-0.375992825999856
-0.3764678349979363
-0.3771587454422843
-0.3772672305250858
-0.37890275309055393
-0.3801721367815137
-0.3809529259681767
-0.38259391380415764
-0.3833318242083166
-0.38641662026930135
-0.387709134805209
-0.38839242149697384
-0.3889542663264365
-0.3895736064553527
-0.3899754116836658
-0.3917740393676684
-0.3922450977827014
-0.39239256090058916
-0.39289163388117837
-0.3931485979507367
-0.3945805687861353
-0.39582306024366126
-0.396273130856315
-0.39651259498870267
-0.3976801836626172
-0.3991972021239765
-0.4003641782327236
-0.40099653150391534
-0.40165083731199047
-0.40197079232893884
-0.40293660449449614
-0.40378007988329045
-0.4037981813235092
-0.4038193676234713
-0.40776812302439275
-0.4079563940466926
-0.4081453190723551
-0.40936903264347085
-0.4093902856940531
-0.41037879076967937
-0.41069157662926814
-0.4125586738809943
-0.4127644829510245
-0.4141831310233101
-0.4166107177734375
-0.41780944580178975
-0.41798253394390483
-0.4204931639134884
-0.421066743254778
-0.42108628427310824
-0.4211702669562385
-0.4221693233703263
-0.42223778637036535
-0.4235118299982048
-0.4245884982869029
-0.4266140798958797
-0.4275965663895477
-0.4290166223944709
-0.4296152423572342
-0.42990256951048245
-0.430630923807621
-0.4320948496693745
-0.4321765812550439
-0.4323505315257705
-0.4355629730832464
-0.43563772923274274
-0.43620735714619513
-0.4390267104129581
-0.43980076313669414
-0.44026579515756176
-0.4406794291013891
-0.4414288851691879
-0.4427062707522055
-0.44271079102763905
-0.4443774212442804
-0.4449732303619385
-0.44730101275110984
-0.4476809838124609
-0.448049686477235
-0.4492641045113227
-0.44967076833440195
-0.4506761472903008
-0.4512091773620341
-0.45125297511549434
-0.45138544971632655
-0.4532086081104353
-0.45549150099395774
-0.4558931713296109
-0.45672484846727457
-0.4577803118445445
-0.4582281682640314
-0.4583842181050891
-0.4583952105604112
-0.4613546764067905
-0.4650108294328675
-0.46550872520886816
-0.46664180389468257
-0.4675755509683354
-0.47199626816048595
-0.4722208119448169
-0.47237249558640865
-0.4732927757139578
-0.4736674532992765
-0.47422539129517344
-0.47714370489120483
-0.47912854276997524
-0.47973815386972596
-0.4804035058607244
-0.48052618044462647
-0.4820080622448586
-0.4828863007570969
-0.48363048024475574
-0.48417540863156316
-0.48462781802767757
-0.48469817563379586
-0.4854431497104302
-0.48609018996609166
-0.48630033743878204
-0.4864299851409669
-0.4867952868646373
-0.4896079592941863
-0.4903257039259188
-0.490540009994422
-0.4911736262595066
-0.49159275766567134
-0.49278036539628656
-0.49355390980474567
-0.4942055280436762
-0.49493530792322343
-0.496257950965729
-0.49702642572447076
-0.49716116326661514
-0.49800871219486
-0.49843848979767813
-0.4993285129239666
-0.5002298610340403
-0.5008261972106993
-0.5023364390945062
-0.5028242125187603
-0.502988277527038
-0.5035591286723502
-0.5056051448253649
-0.5078076621444779
-0.5093256452431282
-0.5106761027525767
-0.5116396990973348
-0.5134566296823323
-0.5143487855999006
-0.5147288148289704
-0.5147353584645316
-0.5153053539480273
-0.5160341868177056
-0.5172209419833962
-0.5176800000246431
-0.5178500012485668
-0.5191892444272526
-0.5199776717594692
-0.5201975196153702
-0.5204825218068436
-0.5207535284053948
-0.5215080101042986
-0.5215857614731738
-0.5217513985262485
-0.5226691331392265
-0.5240891383212849
-0.5246656354671965
-0.5247255164043357
-0.5253197610378265
-0.5254942647195093
-0.5257860348441076
-0.5275032773676614
-0.5283344633644447
-0.5292033721156518
-0.5294737234711647
-0.5298525004298427
-0.5301909839501604
-0.5316118482019647
-0.5322375860996544
-0.5328305740840733
-0.5336742827227378
-0.5348273353401137
-0.5353773731507577
-0.5354501261025083
-0.5360946079419591
-0.5366243797805055
-0.5367125880671665
-0.5367891160887666
-0.5380515067603255
-0.5384970621263164
-0.5389137679840132
-0.5404001883114689
-0.5413894093718328
-0.5414072859728347
-0.5415206776730851
-0.5423398608604982
-0.543203187898925
-0.5437515966059111
-0.5449404406070244
-0.5454730797326193
-0.5474914203848158
-0.5484503814116649
-0.5487166808890833
-0.5489571701502427
-0.5490939677493818
-0.5504321974001641
-0.5506476417765953
-0.5507477993259272
-0.5516350159208135
-0.5518507711123675
-0.5537746939780845
-0.5551279340521822
-0.5554218704010054
-0.5564221429506915
-0.55647735431904
-0.5566229770658537
-0.5567837602769335
-0.5580225801282462
-0.5586915367553047
-0.5593446791172028
-0.5597307961301996
-0.56073319104255
-0.5615161172146047
-0.567289836956421
-0.5686668826050923
-0.5693284106448779
-0.5721794056834304
-0.5730064436793327
-0.5748511422231483
-0.5758432819275185
-0.5773382544602182
-0.5774850116999914
-0.5777287516246616
-0.5780830350558972
-0.5785791741436697
-0.5798884120013099
-0.5799280585229604
-0.5806691107221317
-0.580733077050354
-0.5816663699555745
-0.5821493467697615
-0.5830759820179472
-0.5848833099007607
-0.585377613218346
-0.5854295616488571
-0.5857735190513267
-0.586479730444757
-0.587244946626015
-0.5876421486027539
-0.5881755075374713
-0.5891944425723826
-0.5894611516381852
-0.5899986009168856
-0.5915972090093419
-0.5917783084141016
-0.5932864962378517
-0.5937993043029565
-0.5938260797411203
-0.594464726226579
-0.5954289067578316
-0.5957910772400131
-0.5960576961515471
-0.5971089553454658
-0.5977679125615396
-0.5987713862993473
-0.5992863237588608
-0.6004890148644335
-0.6008688932439933
-0.6043072430683034
-0.6088354346825611
-0.6103191787506148
-0.6119383857527282
-0.6128546172486884
-0.6130537804798613
-0.6132757049635984
-0.6150454686320851
-0.6152331433651852
-0.6166121183571249
-0.6170270850627937
-0.618811340972934
-0.6237369279310769
-0.6243150205057049
-0.6266723241176351
-0.6291597156592789
-0.6296996091093335
-0.629999716207385
-0.6321918001372574
-0.6322781913913786
-0.6328002748390039
-0.6367944549987052
-0.6380458399653435
-0.6381782722504189
-0.639068214887532
-0.6394922584288452
-0.6395924453261412
-0.6419747944667258
-0.6435247440157192
-0.647834217796723
-0.6496848242011191
-0.6524156455094559
-0.6525812584906816
-0.6534063520708254
-0.6542895125964424
-0.6546676367605951
-0.6569694513088072
-0.6583862702051798
-0.6597020767096963
-0.6603530560161224
-0.6644293628574814
-0.6647825973714893
-0.6649737575401863
-0.6680352379168782
-0.6693091727338975
-0.6695968828121295
-0.6698780126894803
-0.6716401281300932
-0.67258564553534
-0.6737129820654733
-0.6745305966585875
-0.6778840516495014
-0.6793476488271355
-0.6794684957712889
-0.6802799946938952
-0.6805192794029912
-0.6834304078626079
-0.6892607168327751
-0.6910949849213163
-0.6927523192005336
-0.6929578922336077
-0.6951913983405879
-0.6954247569719882
-0.6955240880165042
-0.6973738305573534
-0.698596961342264
-0.702187417075038
-0.7037840709090233
-0.7046167713706382
-0.7080651367349284
-0.7080796450318303
-0.7096538620069623
-0.7148157463525422
-0.7153972219675779
-0.7158225712676843
-0.716345965209257
-0.7190327209148867
-0.719516598989933
-0.7208034423076444
-0.720984908095943
-0.7223344192411949
-0.7316601174865355
-0.7329501744987081
-0.7353584589251909
-0.740140546489954
-0.7441750111368796
-0.7445381240298351
-0.745171298218338
-0.7458981920499355
-0.7491745725274086
-0.7498723796852573
-0.7500583969457593
-0.7519563531968743
-0.7521480914670974
-0.7525526145473123
-0.7529337250097241
-0.7542112600029214
-0.7542232058994058
-0.7588169882268024
-0.7604240920625721
-0.7616621721535921
-0.7644681107607312
-0.7654051578138024
-0.7674241906920543
-0.7683541735427247
-0.7683729765825547
-0.7697838419893136
-0.7789021129710818
-0.7791992127895355
-0.7793559461248252
-0.7800435419252608
-0.78086918592453
-0.781916341977194
-0.7828975453066789
-0.7840564045722463
-0.786778308171779
-0.7949463209509174
-0.7964895554468967
-0.7966208203191248
-0.8026411425062179
-0.8043112477559285
-0.8053733460605145
-0.8098960793189084
-0.8133326848968864
-0.8135411226475198
-0.813750374076335
-0.8143283739133645
-0.8143676817417145
-0.8157048207685875
-0.816755284463235
-0.8233217196539044
-0.8238840911105475
-0.8288017149015187
-0.8291053036227822
-0.8324343502521515
-0.8358235135674477
-0.8377759205177426
-0.8387012560851872
-0.843540727335494
-0.846668719365021
-0.8484858767129481
-0.8497110849129967
-0.8497381277407499
-0.8498448743743615
-0.8500865302048624
-0.8525715600670083
-0.8549151336428622
-0.8564494553254918
-0.8595579346641898
-0.8607013694709167
-0.8622421028558165
-0.8683950759004802
-0.8707360442661282
-0.8777609784156084
-0.880413945324512
-0.8841258937083694
-0.8844276909949258
-0.8895854204893112
-0.8905161275417413
-0.8918187148869038
-0.8945815082018574
-0.8954948643452857
-0.9029238786774191
-0.9038462331518531
-0.9061572579767472
-0.9064532212796621
-0.9074375190211867
-0.9113158129621297
-0.9118479139481982
-0.9126575204233328
-0.9131246320903301
-0.9147322326316498
-0.9156168034921089
-0.9157629596974554
-0.9162696974352003
-0.9189323824296783
-0.9203063895304998
-0.9265067817405906
-0.9266810764869055
-0.9318119114323054
-0.9362539635074427
-0.9369006482884288
-0.937439445680606
-0.9426638368517161
-0.952343097797388
-0.9549264496890828
-0.9649849434855631
-0.9678346996633991
-0.9714670777320862
-0.972843186557293
-0.9755739867162245
-0.9759678715781774
-0.9766109734773636
-0.9780189032470743
-0.9783511955291033
-0.9824302921188064
-0.9864445767365396
-0.9929188406094909
-0.9949466481804847
-0.9959191743619158
-0.9966581836342812
-0.9969889865642472
-0.9983866719994694
-1.0003963867202401
-1.0014243023470044
-1.0043745264410973
-1.0047286403908704
-1.0062538093382802
-1.0062979288399219
-1.0122444676235318
-1.012979429308325
-1.0155708655714988
-1.0161385495521245
-1.0173436242039315
-1.0187096979469061
-1.0224684476852417
-1.025206719757989
-1.026783129405683
-1.027534074650248
-1.0299439777930577
-1.0324041219428182
-1.033392700686818
-1.0349942843119304
-1.0372933943290263
-1.0380567080962162
-1.0382280834019184
-1.0406759977340698
-1.0433195016812533
-1.0453009441494943
-1.047448992729187
-1.048408456146717
-1.050677498181661
-1.0555749190971255
-1.061154706927482
-1.0631483005854534
-1.0708862934960053
-1.0721087405302872
-1.0734122898429632
-1.0785645344627224
-1.0852389271770204
-1.088219614350237
-1.0967620350420475
-1.1079156076108727
-1.1083037788371763
-1.11238903883269
-1.1129365335582406
-1.1150644063683492
-1.115423697202156
-1.1174120505650837
-1.1180743272933695
-1.119530216933659
-1.119794162362814
-1.122947878204286
-1.123448919504881
-1.1242499196662266
-1.1253211656585336
-1.132142260670662
-1.135726333130151
-1.141494112710158
-1.1456283744579803
-1.1506642252206802
-1.150773448869586
-1.1520539109062935
-1.1550153137892873
-1.1586878060673673
-1.1628746792674065
-1.1641715483739972
-1.1643060438334942
-1.1704237037338316
-1.1711390715136076
-1.172475300471498
-1.175801336520817
-1.1922642472927691
-1.1949599072337151
-1.199682705104351
-1.2024826807901263
-1.2038181647658348
-1.2140097771771252
-1.2240549623966217
-1.239975941949524
-1.2474746002350003
-1.2479531401768327
-1.2571102225532134
-1.265135726518929
-1.2810630721505731
-1.2823131084442139
-1.2852345743948328
-1.312713884934783
-1.3215264910832047
-1.3251734436489642
-1.3355502042298515
-1.3358174860477448
-1.3515418702736497
-1.3742802143096924
-1.3890851497646963
-1.403865685686469
-1.4048833361205955
-1.4091183631680906
-1.4157281987369061
-1.4201082829385996
-1.4309939397498965
-1.436332964151643
-1.4364593426386516
-1.4383952128537203
-1.4419274914835114
-1.441979710420128
-1.4510554932057858
-1.4551705420017242
-1.4570749767124653
-1.4653206653892994
-1.4661365523934364
-1.4776440262794495
-1.4792753166208665
-1.4811134561896324
-1.5274151214107405
-1.5347009673714638
-1.5396458966036637
-1.5422200887308766
-1.5548254052797954
-1.5560597330331802
-1.55923322464029
-1.5599186262115836
-1.5792582432428997
-1.5802283273078501
-1.5808500107377768
-1.584548644721508
-1.5855363309383392
-1.594928222708404
-1.615029682954108
-1.6258530439808965
-1.626428062292689
-1.635753075281779
-1.6653953393300374
-1.6694156164303422
-1.6694235395407304
-1.6831228620907495
-1.688949704170227
-1.702559620141983
-1.7252923548221588
-1.73788583278656
-1.7525136172771454
-1.7654580175876617
-1.8417896926403046
-1.8462017700076103
-1.8694744631648064
-1.8756692154177774
-1.8831063210964203
-1.8847016990184784
-1.8997655883431435
-1.9047621885935466
-1.9247317478293553
-1.942867781035602
-1.9676324526468914
-1.9781045117415488
-1.9920391142368317
-2.0089942812919617
-2.012161649763584
-2.015365242958069
-2.0327635556459427
-2.0717103003989905
-2.0725725684314966
-2.084711790084839
-2.0862218538920083
-2.096480131149292
-2.0964808939024806
-2.1234649618466697
-2.1389492452144623
-2.1762553453445435
-2.180084390565753
-2.251732862685458
-2.2678778383574354
-2.2736918926239014
-2.2788991133371987
-2.2852677504221597
-2.2926215529441833
-2.3040867960794458
-2.3705287873744965
-2.397689985766192
-2.4049593806266785
-2.4187742546200752
-2.4513148367404938
-2.4531843662261963
-2.478672742843628
-2.522377610206604
-2.6545901633508038
-2.715150833129883
-2.735554814338684
-2.7412752906481423
-3.0116292238235474
-3.0140291452407837
-3.0715848803520203
-3.2018419206142426
-3.216766595840454
-3.3872752524912357
-3.4282381143420935
-3.5550166964530945
-3.601460263133049
-3.6997997590606246
-4.048935294151306
-4.2381980419158936
-4.3196341977503225
-4.423633098602295
-4.57413387298584
-4.87745475769043
-4.9592413902282715
-5.313753366470337
-5.629758358001709
-5.721471309661865
-6.362773418426514
-7.407529354095459
