-0.017100363038480282
-0.021733184868764965
-0.09084126339682068
-0.09144465345148742
-0.0972147062420845
-0.12174524130144466
-0.14214340018640673
-0.15289105726489133
-0.1745723164640367
-0.19118289638208807
-0.1950066227109346
-0.19945211167214438
-0.21541862888261676
-0.22098825311210626
-0.23572049289941788
-0.24419664847664535
-0.24954273476679292
-0.2505601145676337
-0.25227459458013374
-0.25230358886365895
-0.25263928187390167
-0.2695384718826972
-0.27329271542839706
-0.2738948848564178
-0.28330235951580107
-0.28929455678111743
-0.2949447948485613
-0.30171377840451896
-0.30350856436416507
-0.30561104938387873
-0.3113189498746159
-0.31449833203103106
-0.3157246201048236
-0.3166169913278686
-0.31678681762423366
-0.3221811876929779
-0.3223602719954215
-0.32290682460491854
-0.32929044860470136
-0.33006568750715815
-0.33163871224327335
-0.33242090157582427
-0.33447657484584153
-0.3371657821291592
-0.33976431060424755
-0.3404024933115579
-0.3406286919230802
-0.34161147638224065
-0.3435353476347195
-0.34661201591137797
-0.3469090488506481
-0.3476272791405158
-0.349340483546257
-0.34943188367677586
-0.3499538807005592
-0.3514673495462731
-0.35168924229515985
-0.3520529778616037
-0.3528618131848899
-0.3540195957133879
-0.3551298253854232
-0.355400072527118
-0.3563877059654756
-0.35721713623880297
-0.3581707223118948
-0.3599257741589099
-0.36106397046453576
-0.36293404368916526
-0.3690659798216075
-0.3697935049546816
-0.3741528936079703
-0.37498446844983846
-0.37601605701175606
-0.37837050773669034
-0.37988739076899947
-0.3831307683605701
-0.38538832232976955
-0.3874947342888585
-0.3876109485558118
-0.3901415902170508
-0.3935955914319493
-0.3940871019731276
-0.39442758722725557
-0.3951659432301919
-0.4024474090199672
-0.40338027477264404
-0.4053074215189554
-0.4058656901664411
-0.4077668740517563
-0.4079997493943665
-0.4097677067653017
-0.41343924530781806
-0.4144070523791015
-0.4146771514413693
-0.4155618370188257
-0.4166794742147128
-0.4179148003458977
-0.42071337513077783
-0.4208031678572297
-0.42167666589375585
-0.4222286250054215
-0.4242592885469397
-0.4249702424962639
-0.4258594237940593
-0.42593524227332735
-0.426202203124246
-0.4266053200047463
-0.4275310627417639
-0.43071780843768337
-0.4314867275404847
-0.43256907085888086
-0.43373008113768363
-0.43512563733384013
-0.43553994306259686
-0.4365123931813287
-0.4381926390193257
-0.43922006827779114
-0.44014725434826685
-0.44033880307168666
-0.4446769300266169
-0.4468863921938464
-0.447254939408352
-0.44892273736851557
-0.4501812817528844
-0.45299538958248114
-0.4544626200503054
-0.4551326077586661
-0.45799437978874064
-0.4591054167332394
-0.46143624895355767
-0.4647480465161304
-0.46503341052448377
-0.4664519751375857
-0.4667949935597683
-0.4668010832063611
-0.4700299548537165
-0.4703421198297292
-0.4707996820216067
-0.4734460841282271
-0.4758974353699159
-0.4759505075169727
-0.4774836973908047
-0.47853396158025135
-0.47869857649008435
-0.4789515869795448
-0.4794214165303856
-0.48087648302316666
-0.481496851099655
-0.4816924907327947
-0.48217502087728853
-0.4831994122941978
-0.4850077127222903
-0.4861329878414316
-0.48854240064974874
-0.48955748892216144
-0.48981006699614227
-0.49008884294889865
-0.4902125615859404
-0.49183705961331725
-0.49485042962866527
-0.49573694992189604
-0.4963181861487101
-0.49665232966654005
-0.49744214946847587
-0.49812921589990666
-0.4987978719873354
-0.5055271723478134
-0.5057334154844284
-0.5071465318401654
-0.5076274694823523
-0.5082644129482409
-0.5082894013806557
-0.5099122923591708
-0.5104389415355399
-0.5111948949052021
-0.5130174721901616
-0.5145689205027237
-0.515216728093219
-0.5163069200976419
-0.5164296443108469
-0.5169654116500169
-0.5188637676959237
-0.519337673558362
-0.5220114087918774
-0.5229145995441026
-0.5242157583124936
-0.5246651174705524
-0.5277575961779803
-0.5277763775342869
-0.530372543968363
-0.5321368541361962
-0.5324872441589832
-0.5327519858255982
-0.5338153712536123
-0.5341432157649912
-0.5365258953534067
-0.5390339903533459
-0.5401261230454111
-0.5403321405872703
-0.5405160884838551
-0.5414358871581498
-0.5414857394838085
-0.542296067699499
-0.5432835910469294
-0.5433329790830612
-0.5465330847873702
-0.546805681893602
-0.5468111371854321
-0.549369254544313
-0.5494885870066355
-0.55220187662635
-0.5523028158349916
-0.552616354663769
-0.5527390761402785
-0.5535610991064459
-0.5573260003729956
-0.5576984101935523
-0.5581545589681939
-0.5592506398843398
-0.560686287569115
-0.5606958560878411
-0.5633155227929819
-0.5683537706925283
-0.5687590569257737
-0.5695998057102164
-0.5707919149225256
-0.5735211750024518
-0.5741190234199166
-0.5770424105226993
-0.5773397404909701
-0.5777082744054496
-0.5816039343957197
-0.5830964853987097
-0.584101048113718
-0.5863676189498619
-0.5866388483074843
-0.5872791497968137
-0.5892310622143668
-0.5924234392819926
-0.5928491426515393
-0.5987805974647543
-0.6012187701460789
-0.6021285885741235
-0.6026411018334329
-0.6036212145949581
-0.6050977408885956
-0.6071388226002454
-0.6074621723382734
-0.6110234436579048
-0.6114084205590189
-0.6119240520056337
-0.6140735217370092
-0.6181294162492122
-0.6193523190857377
-0.6196875828318298
-0.6201974293217063
-0.620814657558433
-0.6212215579913131
-0.6218856292543933
-0.6220171898603439
-0.6256780714538763
-0.6261829438929757
-0.6262260088697076
-0.630259657278657
-0.6305847354233265
-0.6313311991183773
-0.6317182397805692
-0.6326329649115602
-0.6345156721770764
-0.6361365335889988
-0.6366228759288788
-0.6388123586181212
-0.6399104595184326
-0.6412778949015774
-0.6421364836394787
-0.644329836628458
-0.6452910703503423
-0.6466020646815499
-0.648316697217524
-0.6486232897473706
-0.6489742329455718
-0.6490023894337356
-0.6499775856439859
-0.6537980894189483
-0.6553921470986097
-0.6572867856205752
-0.6627872629193007
-0.6633425879757852
-0.6656281194753118
-0.6674272638512775
-0.6676970377360704
-0.6696626742680868
-0.6788030604366213
-0.6882413274475506
-0.6886992843097283
-0.6907228166226863
-0.6935695441296468
-0.6947129559703171
-0.6978979054838419
-0.6993210392871073
-0.7007651714245893
-0.7011926114559174
-0.7013856762088835
-0.7016138201867891
-0.7040519218426198
-0.7043726108968258
-0.7071578965211908
-0.7101789429783821
-0.7194275129586458
-0.72209218502976
-0.7230547593374338
-0.7234746797475964
-0.7286065964232875
-0.7286799450657175
-0.7320827420335263
-0.7342712299665436
-0.7407300253396768
-0.7411433754488825
-0.7416084371507168
-0.7471985436975956
-0.7514772658635464
-0.7522243089973927
-0.7540767363138586
-0.7541825490770862
-0.7550294765581688
-0.7712829545140266
-0.772721916437149
-0.7780887931585312
-0.7823158133542165
-0.782701720794042
-0.7853049386425742
-0.7866774946451187
-0.7910919492257692
-0.799891809374094
-0.8006375133991241
-0.8085708096623421
-0.8092369131211724
-0.8214125972008333
-0.8226233491053184
-0.8234649486839771
-0.8297282349915511
-0.8333991008500258
-0.8392731670290232
-0.8469417680171318
-0.85195934606923
-0.8563518268721444
-0.8620557226240635
-0.8640276491641998
-0.8709582522511482
-0.8751714497804641
-0.8769181296229362
-0.8774502718200287
-0.8813877652088801
-0.882198578969053
-0.8912480399012566
-0.896657070145011
-0.8968983590602875
-0.8973991826176644
-0.8977025337517262
-0.9014325109975678
-0.9047114120589362
-0.9176199937032329
-0.9178650820006927
-0.9184399283613958
-0.9232141839133369
-0.9235205166041851
-0.9255162917929548
-0.9321421641174571
-0.937496313204368
-0.9379689218476415
-0.9469653208340917
-0.9473420788223544
-0.9476687423884869
-0.9487076116104921
-0.9637223962636199
-0.9668264776468277
-0.9695185933262109
-0.9854089990258217
-0.9888063937425613
-0.9977957101073116
-0.9984673807131392
-1.0120364241302013
-1.0160934552550316
-1.0161863092216663
-1.022644117474556
-1.0329491049051285
-1.0372213360355493
-1.0374333687126636
-1.0394657418131827
-1.040530902892351
-1.0442614952723186
-1.0547092825174331
-1.0595203498378396
-1.0629168206027575
-1.0646935477852821
-1.0660674254010831
-1.0671159579817737
-1.0740984479586284
-1.085470899939537
-1.0862142816185951
-1.1001807488501072
-1.103938665241003
-1.1053034762541454
-1.1179798189550638
-1.119340160349384
-1.1207315824925899
-1.1238803109154105
-1.1239147707819939
-1.131209097802639
-1.1369530465453863
-1.139179800803374
-1.1399415082165174
-1.1509762875669236
-1.160953726619482
-1.1841972937940486
-1.189543944916093
-1.2165347337722778
-1.225363142322749
-1.2275335590044658
-1.227539371078213
-1.2412001393469316
-1.248608635691926
-1.2550428956747055
-1.2575708530843257
-1.2590754674747586
-1.2629434168338776
-1.2632296681404114
-1.2673012120649219
-1.2718383886382298
-1.2772070647914007
-1.3091796776279807
-1.323474183678627
-1.3236650665556746
-1.3372665125255783
-1.3564260012062732
-1.3682907898910344
-1.392962634563446
-1.3932838402688503
-1.3970234394073486
-1.4036548286676407
-1.4082505305608113
-1.4097199887037277
-1.4159998371833353
-1.4247301518917084
-1.4468576187888782
-1.455938732996583
-1.4619888865521975
-1.4644053081671398
-1.466549386580785
-1.4889058669408162
-1.521097868680954
-1.5450370609760284
-1.5470756888389587
-1.5547822713851929
-1.5880435705184937
-1.60476388130337
-1.6344702399025361
-1.6504480835671227
-1.7115835666656494
-1.7259112161894639
-1.769607591132323
-1.9446043241769075
-1.9455648730508983
-1.946938768029213
-1.9636864066123962
-2.0000112056732178
-2.009290451183915
-2.2839172948151827
-2.2919169053590545
-2.378318903967738
-2.4055285453796387
-2.4317704420536757
-2.448256241157651
-2.537363648414612
-2.596027374267578
-2.6792424768209457
-2.6850631833076477
-2.7538225650787354
-2.783432185649872
-2.8560509085655212
-2.9213045835494995
-2.9552844762802124
-3.014385163784027
-3.0841052532196045
-3.1242009131237864
-3.194383891299367
-3.1972954273223877
-3.416589339574178
-3.4778858025868735
-3.5491514215245843
-3.9077370166778564
-4.105339050292969
-4.610643744468689
-5.12664794921875
-7.052114486694336
