-0.1789202888806661
-0.2098840944490803
-0.21905040740966797
-0.2254814705811441
-0.2492643094592495
-0.2812748480355367
-0.2844149747785802
-0.2851556949685083
-0.2921017714088521
-0.294940526722216
-0.30505811903426167
-0.31102147038715583
-0.31998296740413124
-0.3219901955796077
-0.3267464400270328
-0.32932037107336026
-0.3381797366521575
-0.339604938359441
-0.34896969687163265
-0.3565607381238164
-0.3577830781408314
-0.3582290563240854
-0.36412393578793856
-0.3727664947742596
-0.3845090591126964
-0.38781247118022294
-0.38890136843142303
-0.3929485147613484
-0.39509236715024426
-0.3983999841148034
-0.39966847459700977
-0.4035464672379021
-0.4051559271375363
-0.40783904175847197
-0.41790729435160756
-0.4199453645761913
-0.42121647151285097
-0.4253226604612012
-0.43207549499837977
-0.4323538849787804
-0.43254610884469
-0.4346227646106854
-0.435522088346382
-0.4363357228091142
-0.43975057983770965
-0.44240606135617083
-0.44518797144293787
-0.44576915530487893
-0.44604863872966516
-0.4493863643826141
-0.4518136745441313
-0.4562861625850201
-0.4581161681417143
-0.45820810257170635
-0.4584215011421812
-0.46251659719614663
-0.46382551939369965
-0.46525874354972924
-0.46533159347018227
-0.4728855389011447
-0.472995211414638
-0.4742951405434204
-0.47618339603234616
-0.47656356745089096
-0.48040954374215183
-0.4820837877449338
-0.48211074951926575
-0.4823659059174102
-0.4975278701607359
-0.5008111710280732
-0.5080898335436359
-0.5143316580913961
-0.5216991038578271
-0.5254551701247692
-0.5271076314151287
-0.5319247321624841
-0.5320893749594688
-0.533979594707489
-0.5361934137181379
-0.5409074018437726
-0.5416227911094514
-0.5517050436298762
-0.553982572244673
-0.5541461949469522
-0.5551308989524841
-0.555713326526949
-0.562084510922432
-0.5621681958436966
-0.575839071534574
-0.5862725526094437
-0.5965134382247925
-0.6400823605113796
-0.6687723386411866
-0.6767055518840525
-0.6787397201535188
-0.6850401725069705
-0.6928940650075675
-0.6971994039292136
-0.7181822609984212
-0.7511385049050053
-0.7590224836021662
-0.7841576645150781
-0.8432388493917339
-0.8549189169891178
-0.8710726201534271
-0.9058912884211168
-0.9238131493330002
-0.9343295792738596
-0.9451748588859724
-0.9466553156574568
-0.9921452812850475
-1.0325760513544082
-1.0605992712080479
-1.0753010399639606
-1.0929859764873981
-1.1445095769129694
-1.2285018563270569
-1.5836491882801056
-1.639197200536728
-1.6717939004302025
-1.847465048233668
-1.8578200340270996
-1.8867690811554592
-2.7219457626342773
-3.5688380002975464
-3.647153615951538
-4.360953450202942
-4.645652770996094
-5.338853359222412
