-0.0008791395812295377
-0.000928184119402431
-0.005428534127228583
-0.011796470847912133
-0.036078728386200964
-0.037348812290777765
-0.03991167386993766
-0.0476438446520743
-0.05050133696446816
-0.05177323683831977
-0.09258057340048254
-0.1146419323340524
-0.12198082249960862
-0.12508225516648963
-0.13210706916600298
-0.142382564655106
-0.14471988141400896
-0.14603570269860533
-0.15092258208076398
-0.15470043330144387
-0.1611406564156318
-0.1750478026546521
-0.1806893835455412
-0.1894302515759288
-0.18977901209145784
-0.18980725445508143
-0.1968827206272118
-0.19942812695735485
-0.20580305024486734
-0.20776127279459616
-0.2159257877347045
-0.21893078423593015
-0.21924984907465322
-0.22020860189625707
-0.22644525556631076
-0.22661548110772856
-0.22670731731800756
-0.22797606806086965
-0.22908905956865055
-0.22937779317626023
-0.23082165190966666
-0.2310650181732074
-0.23430777093225125
-0.2346533353702398
-0.23549497440322548
-0.2355238571811545
-0.2375357343375476
-0.24090011423053828
-0.24172785092990748
-0.24545179864960825
-0.24573220569588253
-0.24760210479591757
-0.2540881193242967
-0.2549877966569814
-0.2552986194496043
-0.25582217428745935
-0.2585530825373199
-0.25910452649586657
-0.2621317282840931
-0.2628605830194872
-0.26576309334874776
-0.26641619397651084
-0.26674636219751036
-0.2671792022883892
-0.26818994689771597
-0.2748579293441832
-0.2756408560089767
-0.2772973572108539
-0.2786500317354997
-0.27892096278568107
-0.280899061071169
-0.2810047106468119
-0.28493315247968504
-0.28498430901454413
-0.2915952613776816
-0.29178113595646044
-0.2978353656686118
-0.2998207268916303
-0.3002389909144348
-0.30138066113181594
-0.30289054055821096
-0.3046973873861134
-0.3065294981443003
-0.31230371797137196
-0.3137106804684403
-0.3165335604538996
-0.32837496812135214
-0.3318615048774518
-0.3323015650158221
-0.33388623513875404
-0.33403181773054014
-0.3344886504855822
-0.3350649632047862
-0.33681192483553396
-0.33762128790840507
-0.3399527966477243
-0.34257202733244735
-0.3427475892739104
-0.34714699680140865
-0.35051105793617254
-0.35068376110866667
-0.3507336378679611
-0.3518077172604535
-0.35523290957401815
-0.3560017801624221
-0.35708218393847346
-0.36009338169242255
-0.3625214880384091
-0.36576179640413853
-0.36954982578754425
-0.36988510272099767
-0.37150966479384806
-0.3788760230236221
-0.3789255940064322
-0.37938998741932056
-0.3848178427433595
-0.38846631034539314
-0.38847193063702434
-0.38983713756632904
-0.39373977802024457
-0.3946622093266342
-0.395692049608832
-0.4003424065740546
-0.40323191157185645
-0.4053276296680061
-0.40741453199181704
-0.4093410338551621
-0.40982375274567556
-0.410441870167334
-0.4122790416877251
-0.4138114654197125
-0.4165222057361259
-0.4170844212584641
-0.4246541392989457
-0.43184365932312274
-0.43204628845705884
-0.4339564194281896
-0.43823676926383215
-0.43910952046862806
-0.4395827161424677
-0.439669219404459
-0.4400142247738716
-0.44085058911670266
-0.44418224708836834
-0.4446673380028057
-0.446902744158601
-0.44856307531950906
-0.4522131318663014
-0.4545125446218828
-0.4558686653501354
-0.45654931366443635
-0.45999053167179227
-0.46162286373237293
-0.4678793751435088
-0.47049790411256254
-0.47059374291630873
-0.47333435295149684
-0.4756878724050087
-0.47653549620493624
-0.4765632368669483
-0.47816633800393904
-0.4813157035590848
-0.48277310433978626
-0.4833832452495699
-0.4856744832766708
-0.48768977173936684
-0.4877175934603796
-0.489453216751658
-0.49081113680567795
-0.49084874568507075
-0.4928829056516406
-0.4939858317375183
-0.49432065640576184
-0.49528386268842345
-0.4985515991204011
-0.49901082809083164
-0.5003272757428932
-0.5013048673378458
-0.5014852436466349
-0.5033928213015315
-0.5056156941880343
-0.5101096520277982
-0.5101448707573581
-0.5110828610505753
-0.5116683731321245
-0.5133567140770278
-0.5135255903958089
-0.5151218233004329
-0.5181766645691823
-0.5185425638272945
-0.519129544578027
-0.5210191649384797
-0.5216504637695228
-0.5223794202422141
-0.5238014220354941
-0.5240867151712466
-0.5242940989337512
-0.5252951583242975
-0.5266719587147236
-0.5278488256652574
-0.5279238745861221
-0.5289290270739002
-0.5293872068965962
-0.5296645576745505
-0.5300246807746589
-0.5318118390059681
-0.5322138633579016
-0.5333921070351997
-0.536255923419958
-0.5371809188925128
-0.5401163506321609
-0.5431089190274684
-0.5442555803223513
-0.5447160269191954
-0.5451114349610483
-0.5465559057018254
-0.5481081564082868
-0.5489667649348525
-0.5512685277179117
-0.5514820804819465
-0.5518709662611838
-0.5540017873451385
-0.5542661846275223
-0.5564960769785102
-0.5571242834499571
-0.5571257529794215
-0.5584437355282716
-0.5595170549175237
-0.5617927493036
-0.5618328595818538
-0.5639917266283495
-0.5673498223768547
-0.5706584027703684
-0.57156319520852
-0.5728034074621974
-0.5769694753301641
-0.5771946439519524
-0.5796525767073035
-0.5829730186611414
-0.5868145413428115
-0.5880219987651799
-0.5896217164990958
-0.5899446211114991
-0.5928968032458215
-0.5939830470154993
-0.5944887846708298
-0.5950178979430347
-0.5974242670384299
-0.5978995424946054
-0.5987495695913417
-0.599054798452214
-0.5991676700932658
-0.6012370612952509
-0.6033650154713541
-0.6059092340861831
-0.6070166609980251
-0.6079755173478689
-0.608639184749336
-0.6112445550315897
-0.6154201805838966
-0.6168190585914999
-0.6184450572400237
-0.6212754882872105
-0.6224117989186198
-0.6287330822753054
-0.629341816456872
-0.630320753203705
-0.6320471111438775
-0.6325694537954405
-0.6355649448329738
-0.6355890192091465
-0.6356552896395442
-0.6388226711680182
-0.6388560048726504
-0.6392061620329818
-0.6416588401189074
-0.6417721982317743
-0.6471704183107553
-0.649882727568703
-0.6499281425494701
-0.6503899007899842
-0.6520589101332007
-0.6531260455824219
-0.6608553598998697
-0.6614403536410204
-0.6655323419370689
-0.6689349006175891
-0.674934351018497
-0.6763619200792164
-0.6824746540126702
-0.6882158976513892
-0.6903252117335796
-0.6962341856211424
-0.6981632525858004
-0.698271536140237
-0.6994088413859052
-0.6997600581496954
-0.7028371527267154
-0.7044813339822352
-0.7050486945293166
-0.7065182204765733
-0.7117602740569661
-0.7158202337683178
-0.7177255593040692
-0.7185952120449987
-0.7243977085066339
-0.7244837596081197
-0.7336716167628765
-0.737345709647343
-0.7381117790937424
-0.7418395664879225
-0.7420201399363577
-0.7470382004976273
-0.7500051287268954
-0.7532483734352614
-0.7547427056512485
-0.7562970091385068
-0.7574365686159581
-0.7582025630399585
-0.7607874613720924
-0.769739414432219
-0.7773368680583579
-0.779368100787646
-0.7803441653959453
-0.7861978667788208
-0.7862335840861002
-0.794577932121077
-0.794715266674757
-0.7968690011184663
-0.7982662345176712
-0.8025017961859703
-0.8054399326443672
-0.8101226849365049
-0.8107919320464134
-0.8120182231844714
-0.8128412064979784
-0.8152424428198073
-0.8163280129406808
-0.8178370951209217
-0.8191965980222449
-0.8195688365293401
-0.8198246500469395
-0.8269905258202925
-0.8309823188465089
-0.8320769477868453
-0.8350271045113914
-0.8361782728694379
-0.8364801635034382
-0.8376766817721849
-0.8454520218074322
-0.8489569890584789
-0.8569511021681441
-0.8638971410691738
-0.8648101435392164
-0.8648591951156656
-0.8656101923901588
-0.8657453078776598
-0.8676571204947928
-0.869052278995514
-0.8695111400447786
-0.87422834562936
-0.8840678171919925
-0.8849136833101511
-0.8856714075664058
-0.8893123953603208
-0.8917291222140193
-0.8936636842942486
-0.8986127328191121
-0.901849776157178
-0.9063325462862849
-0.9130024764453992
-0.913450868002006
-0.9140459094196558
-0.9142218851096308
-0.9177687469637021
-0.9199320520468367
-0.9254506645724178
-0.9285588214794794
-0.9311728820001312
-0.9330904741461078
-0.9357819660965886
-0.9362409669944706
-0.9382712088990957
-0.9397945861066026
-0.9398884996771812
-0.9429788665535549
-0.9430288787407335
-0.9442315636202693
-0.9496216337196529
-0.9535440653562546
-0.9564950950443745
-0.9577432032674551
-0.9595793068874627
-0.9612932909280062
-0.9614038988947868
-0.9720881006214768
-0.9842578336330396
-0.986104242503643
-0.9866503628785722
-0.986825950598965
-0.9905772049512181
-0.9921858986839652
-0.9960238723350423
-0.997238087374717
-0.9972399421967566
-1.008500974625349
-1.0089278388768435
-1.0108160039875655
-1.02489019529894
-1.0315292259245845
-1.0335883167054918
-1.03507736492611
-1.0357923205786694
-1.0488126056540448
-1.0660104990005492
-1.067601614528232
-1.074691366055049
-1.0825815041549505
-1.0983331737108528
-1.1000255823135376
-1.1003112173639238
-1.1031012833118439
-1.1092142272973433
-1.1128890234977007
-1.129286951944232
-1.1537914483924396
-1.157062792374442
-1.1719256515304248
-1.1834903061389923
-1.1862700874141108
-1.1897168276565415
-1.1917665551106136
-1.1951435721324135
-1.2009673584252596
-1.201769471168518
-1.20190874801483
-1.2045862997571628
-1.2065080540487543
-1.2118348983515586
-1.2139045166162152
-1.2154126502978215
-1.2174735573519553
-1.2223992694169283
-1.2265542630775599
-1.2283448254068692
-1.2450724184487223
-1.2603355039900634
-1.2661392361236115
-1.2699483525939286
-1.2778393030166626
-1.3125003037857823
-1.315298609133606
-1.3181248772889376
-1.3562479260532807
-1.3579014456675698
-1.3699482596324135
-1.371764520648867
-1.375034362077713
-1.3817973397672176
-1.387991726398468
-1.3939218119873356
-1.3995154897371929
-1.4186156017804024
-1.424269437789917
-1.4375961818732321
-1.4404381604981609
-1.4716754592955112
-1.483572433392207
-1.486394865438342
-1.4926984961558547
-1.4945327265286323
-1.5012196102179587
-1.5022859759628773
-1.5127949050095464
-1.5210955364727852
-1.5391673743724823
-1.5506761885092903
-1.5553413331508636
-1.5641359051611896
-1.5703277885913849
-1.5775186266284436
-1.5824195499945846
-1.5828231573104858
-1.5969371034443611
-1.6035383558676888
-1.6059450982138515
-1.6128901570724945
-1.6310430029407144
-1.6320043086307123
-1.6322601735591888
-1.6448630738304928
-1.6631424211793475
-1.6638880968093872
-1.6927056522108614
-1.6969754497210185
-1.6986754458994255
-1.7082114160060882
-1.7197837922722101
-1.7402310588707526
-1.7404955551028252
-1.7702137033144634
-1.7913704544305802
-1.8081387802958488
-1.816400684416294
-1.8659771233797073
-1.8873135621349018
-1.891336283724134
-1.9149800697341561
-1.9286735653877258
-1.9295290112495422
-1.941143180310194
-1.9491754124561946
-1.9583295941352845
-1.9672924667596816
-1.9871630753789629
-2.0077387793862727
-2.0131524056196213
-2.0230185128748417
-2.026956567540765
-2.0505772488457814
-2.0530447633742974
-2.066139817237854
-2.070771965198219
-2.1087095737457275
-2.177329257130623
-2.1784238517284393
-2.180838141735876
-2.211563619785011
-2.2137338500469923
-2.2358286380767822
-2.2646379235569234
-2.2893036513899765
-2.297549882531166
-2.3095116298645735
-2.3584912605583668
-2.3705599308013916
-2.4275647550821304
-2.4323170511052012
-2.4352031350135803
-2.451641619205475
-2.479867947055027
-2.4970242977142334
-2.503166609443724
-2.540216639637947
-2.616724880722662
-2.639802932739258
-2.7261537313461304
-2.7472789471988412
-2.7840333580970764
-2.7849750220775604
-2.799046754837036
-2.8840208450953164
-2.918140831636265
-2.9798888370084264
-3.0145248156040907
-3.018791615962982
-3.029851496219635
-3.0327238319441676
-3.062796801328659
-3.0662285359576344
-3.068047285079956
-3.073806218802929
-3.239310324192047
-3.240644931793213
-3.3210717081286325
-3.5155061879195273
-3.590269684791565
-3.6057917286331453
-3.858053964252273
-3.8605579237143197
-3.8694774309794107
-4.003062571088473
-4.0345072746276855
-4.101854165395101
-4.124237194657326
-4.140342339291237
-4.364267562826474
-4.476473331451416
-4.509964540600777
-4.683220386505127
-5.067309617996216
-5.38189423084259
-5.453049898147583
-5.700198411941528
-5.7626683712005615
-5.825206518173218
-6.471139430999756
-6.900463819503784
-9.048824310302734
-10.209333419799805
-10.997249603271484
