-8.069850741776463e-05
-0.02632580418139696
-0.02702296618372202
-0.09757380560040474
-0.10788403451442719
-0.12926079338649288
-0.1596296106465161
-0.16937370474139848
-0.17422379828058182
-0.17914753215801385
-0.192897553279181
-0.20217811163747684
-0.2072667573035384
-0.23218364056083374
-0.2433613401837647
-0.2652150518260896
-0.27096730073390063
-0.2762697863994011
-0.2850300315883942
-0.2955085015157238
-0.2966996567427284
-0.30548314296174794
-0.3089073484039141
-0.31283070557563203
-0.3169413358312643
-0.3175923340022564
-0.31962537782658873
-0.32892216194304635
-0.34167211870662867
-0.3428426381200552
-0.3445063245482743
-0.346974906232208
-0.3483413821500613
-0.35093556707336876
-0.3521505051467102
-0.3540496504865587
-0.35562539044767616
-0.35718245958560146
-0.36122251402412076
-0.36137190961259574
-0.361425521390629
-0.36440573922461933
-0.3662484186804957
-0.3702565107611008
-0.3722829494478279
-0.37419455326744355
-0.37818212363054043
-0.3789373754989356
-0.380361587178777
-0.38368913503945806
-0.3839941130524191
-0.3874959831173328
-0.3878532794899204
-0.38836447620350456
-0.3900921989697963
-0.3956396034453064
-0.39724787678278517
-0.39741286889945443
-0.3976967320777476
-0.4004742857068777
-0.40460268079357986
-0.40470150054898113
-0.40528068091306424
-0.4081621561315842
-0.4083757549175061
-0.40853189093371234
-0.4088596563217127
-0.4116272068996396
-0.413562032423215
-0.41358764775629553
-0.4137383727065753
-0.41466198747770655
-0.41510000540357495
-0.41573086072069904
-0.4184381562420943
-0.4191628088708967
-0.4197132663269128
-0.42057188651524485
-0.42150747393154436
-0.42440036446270013
-0.42576418991666287
-0.4259157481836155
-0.42757593709975483
-0.4304001691359046
-0.4339858674340778
-0.435435404535383
-0.43720119496119086
-0.4381116207642481
-0.44148417468932166
-0.4423541626892984
-0.4459894764004275
-0.44629648933187127
-0.44682054554245304
-0.44787123892456293
-0.4480839943945674
-0.44841773631051185
-0.4496585107408464
-0.45001509208232165
-0.45071252119727434
-0.45962824746966363
-0.462746296369005
-0.4630815522745252
-0.4640756359116899
-0.464520493025581
-0.46498635587179
-0.46655118305546545
-0.468956159690606
-0.46965527672631047
-0.47090862745132583
-0.471969142294256
-0.4729175055399537
-0.4741285559175594
-0.47579090474755503
-0.47820514580234885
-0.4823196181852836
-0.4823575775604695
-0.48825429036999896
-0.48844045419536997
-0.4900577103512155
-0.49139826294655603
-0.4918047999240586
-0.4924224320732589
-0.4934614752318062
-0.4938184936022894
-0.49428364886951287
-0.4945892102633869
-0.49558265586104727
-0.4961626645013252
-0.49658675119280815
-0.4992949270817917
-0.5000398229458369
-0.5008217454887927
-0.5009623344893852
-0.5012838689323801
-0.5032242752469914
-0.5063096227026299
-0.5069962631526362
-0.5098808971751068
-0.510810288367793
-0.5113683492284812
-0.5127495095900182
-0.5133859506109729
-0.515441113459279
-0.5177480454731267
-0.5188999342000378
-0.521143744337476
-0.5223053821343152
-0.5234020466191901
-0.5242276409640908
-0.5242609590705898
-0.5276645549553601
-0.5277281014132313
-0.5290255067623494
-0.5294373413489666
-0.5296378182753435
-0.532118438091129
-0.5331539883743972
-0.5355915279231138
-0.5374718020636161
-0.540812018327415
-0.5416951918871038
-0.5433227026628124
-0.5444444608254142
-0.545245724124834
-0.5457068378796223
-0.5458785413764418
-0.5466554876184091
-0.5485757582687906
-0.5488422082271427
-0.549352318700403
-0.5523097619381068
-0.5537680794659536
-0.5546889332056578
-0.5557211780817144
-0.5584116819547489
-0.5586946517162558
-0.5593194703833433
-0.5619740445119398
-0.5637243136039211
-0.5641577308531851
-0.5645548452157527
-0.5663723848475557
-0.5671394042049845
-0.5686750008192446
-0.5686988238245249
-0.5699454474379309
-0.5749634772353737
-0.5777002351687235
-0.5781023135142667
-0.5792340806059154
-0.5835248421353754
-0.585324440326076
-0.5854517938569188
-0.5856588681511182
-0.5865920378072631
-0.5867337641585618
-0.5904525244342429
-0.5915169867415292
-0.5918458257801831
-0.5919355798093602
-0.5940953924187592
-0.5950211332237814
-0.5991113306621888
-0.5991565144310395
-0.6010721106082201
-0.6041748800349264
-0.6048258159911105
-0.6050004288263153
-0.6052236540417653
-0.6065571531653404
-0.6076772466301918
-0.6085716937668622
-0.6091262043284421
-0.6104152351617813
-0.6120464947074652
-0.6123177537694573
-0.6131602128346761
-0.6164185570646973
-0.6169358520217849
-0.6286635490666542
-0.6327094439417124
-0.634201582037349
-0.6379687815904618
-0.6417761287755437
-0.6432082620112851
-0.6474197891851267
-0.6478359429165721
-0.6486612443030546
-0.649523414298892
-0.6547139405738562
-0.6547858069118645
-0.6576632208529191
-0.6613359672604323
-0.6631847840733827
-0.6650433234042592
-0.6663097176002338
-0.6682143037517866
-0.6711769936428893
-0.6720514348708093
-0.6756861893061016
-0.6776271820053807
-0.682344983775346
-0.68876926030498
-0.6975407097520979
-0.699839536650953
-0.7013823422728039
-0.7130321289102236
-0.7219155327924951
-0.7275096252560616
-0.7326342335769108
-0.7329161344454266
-0.7386871039867401
-0.7485227321449202
-0.7527679139748216
-0.7552201075013727
-0.7618192943977192
-0.7679052504245192
-0.7718366423422205
-0.7735274737616155
-0.7751174736768007
-0.7767421883530915
-0.782715360323588
-0.7856593315682403
-0.7913768200203777
-0.7974840523675084
-0.8093677654008692
-0.8129266294188255
-0.8163509440482812
-0.8235563710331917
-0.8267968543805182
-0.8386896853480721
-0.8480826045076052
-0.8492433708937218
-0.8525986497600874
-0.8538015903905034
-0.8576087728821827
-0.8581473362992256
-0.8712188417349742
-0.8773154779596047
-0.8799110330264739
-0.882553689539366
-0.8879656172549792
-0.8893034383654594
-0.900304333416716
-0.904111743330889
-0.9070212143473327
-0.9254354095707337
-0.92700074535569
-0.9342429439226786
-0.957219999994777
-0.9692772449502214
-0.9806672973219974
-0.9896480954590846
-1.0024172772925037
-1.0123075387779286
-1.0257430509664118
-1.0266763127098482
-1.0568681862722669
-1.0604513343423605
-1.0701446682214737
-1.0882554582785815
-1.104798418097198
-1.1209895005449653
-1.126552538946271
-1.1292842794209719
-1.137920002359897
-1.1425662872691948
-1.143902384091416
-1.1474674927112574
-1.147978763282299
-1.1739346086978912
-1.186941221356392
-1.2087878392158018
-1.212356779181088
-1.2181271435692906
-1.2469169557953137
-1.2571066516102292
-1.268706999719143
-1.2746413010172546
-1.2769652162216516
-1.2806459262152203
-1.2816140877930593
-1.2820595701535542
-1.2839149172883482
-1.290125528583303
-1.301192112150602
-1.3693934828042984
-1.3832518085837364
-1.4011498938004177
-1.4173371158540249
-1.4361151717603207
-1.4388581328094006
-1.453512125958999
-1.4577350082496803
-1.4630399122834206
-1.4726821603253484
-1.476354867394548
-1.485637477657292
-1.4945471249520779
-1.495606565847993
-1.4970734419184737
-1.5041528386063874
-1.5534788370132446
-1.6192373856902122
-1.6701633779642482
-1.6812406110111624
-1.6873402521014214
-1.7347475588321686
-1.7469758708029985
-1.75540750080836
-1.7722818404436111
-1.844161128004392
-1.844603791958889
-1.8570989838335663
-1.8633069147666295
-1.9044491797685623
-1.9747484028339386
-2.0120659470558167
-2.01550421025604
-2.0328025817871094
-2.0862925202914084
-2.142559828236699
-2.1651251316070557
-2.3266265392303467
-2.3364822268486023
-2.3387190058783744
-2.3815456064767204
-2.388369150188131
-2.4778057858347893
-2.590258036798332
-2.6581606018007733
-2.9010958820581436
-3.007313209173541
-3.0792073806126914
-3.0877702236175537
-3.120678663253784
-3.145364463329315
-4.01761559639029
-4.049782991409302
-4.2403599023737115
-4.397287884919933
-5.189328670501709
-5.715107440948486
-6.040477633471028
-7.575223445892334
-13.831189155578613
-13.845235824584961
