-0.11864866388916401
-0.13454637816175818
-0.19099349652727446
-0.19737291524264342
-0.22419772980113825
-0.23347096807426876
-0.23521881889246288
-0.2633955960239594
-0.26500127936269563
-0.27552339108660817
-0.2768160912919484
-0.3033294773810886
-0.30675238730886384
-0.3081891208605847
-0.3269571187140952
-0.327591242811953
-0.329769119834834
-0.33106475193053486
-0.3336175404395908
-0.3419915090004603
-0.34243805706501007
-0.34536378011107444
-0.35170799469213104
-0.35619136968627574
-0.3578360615577549
-0.35850400011986494
-0.35960557858648134
-0.3635831511392098
-0.37308095330705066
-0.37547636051938216
-0.3756246319045085
-0.37644941796315834
-0.377370929227327
-0.38328128392004146
-0.38333309891168027
-0.3893504961306462
-0.38943436721456237
-0.3924731582577806
-0.39260208875768715
-0.3955581607904605
-0.3972279901087556
-0.40032032036707765
-0.40127932881957595
-0.4053044271288225
-0.4077283460840893
-0.4081752456517683
-0.4110175938759413
-0.41509260009624993
-0.41699256576248445
-0.4202714795505017
-0.4214675575494766
-0.42288876611564774
-0.4255590998097129
-0.4278603632003069
-0.42794392770156264
-0.4283885996026749
-0.42975596810247224
-0.43151378631591797
-0.43486964414154905
-0.4366195305046858
-0.4399183655522116
-0.4402782646531705
-0.44294273876585066
-0.4433542429469526
-0.44342036978823357
-0.44347299048159683
-0.4452494918368757
-0.44642583079400666
-0.4476741289042614
-0.4477145272577708
-0.4493804137222469
-0.45218355348333716
-0.4534282022168554
-0.45418159897893756
-0.45488234471052974
-0.461277959571982
-0.46179696929175407
-0.4625389059830923
-0.4665222695488906
-0.4686828096746467
-0.47287087541605743
-0.4736358480327504
-0.47451607281850144
-0.47588989073743243
-0.4761187034455361
-0.4771971114512001
-0.47762791237191243
-0.48099633678793907
-0.4811107510184229
-0.48177848500199616
-0.4818779354294141
-0.4829404960785593
-0.48368778644944543
-0.48555679795228773
-0.485725830681622
-0.4879303767035405
-0.4893278982490301
-0.4897553062771255
-0.49081986013334244
-0.49208888022985775
-0.49381905018235556
-0.49482781365596956
-0.4949867669156447
-0.4958717198525038
-0.4971775569250055
-0.49790584947913885
-0.4989762278440009
-0.49981239702901803
-0.5006659640195338
-0.5007936742855236
-0.50093181617558
-0.5012400881184832
-0.5018907937088183
-0.5072268047370017
-0.5087819607928395
-0.5108733241756757
-0.5133470055491974
-0.5194527903305632
-0.5200898921789808
-0.5218552001169883
-0.5264299688686152
-0.5278560037591628
-0.531654832867207
-0.5323051704268437
-0.5329178308390758
-0.5398545041680336
-0.5412313685752451
-0.5473747661162633
-0.5474191260679314
-0.5479460619390011
-0.5521283187489543
-0.5529433685151162
-0.5539082253605805
-0.5563148748284826
-0.5563875854067091
-0.5568267598282546
-0.5580921870365273
-0.5610451520769857
-0.5620159637182951
-0.5634821284717569
-0.5644555400524821
-0.565796903707087
-0.5659123164310585
-0.5666488282796409
-0.5674858486760058
-0.5718990650726482
-0.5738950917896416
-0.575662313078187
-0.5757056786013501
-0.5757307008956559
-0.5807125864343511
-0.5832637565296241
-0.5857871616259217
-0.585970947300666
-0.5879669344673554
-0.5918184778362047
-0.5924970781430602
-0.5926478992850106
-0.5926783898845315
-0.5970862105217142
-0.6018842346966267
-0.6020875754766166
-0.6086597505956888
-0.6105173174873926
-0.6108320752158761
-0.6159973712120619
-0.6161626954562962
-0.620623331304939
-0.6206940569515739
-0.6220067599788308
-0.6230246071703732
-0.626583206674291
-0.6324924798682332
-0.6333510908261815
-0.6379009248688817
-0.6437171732799875
-0.6475339257565793
-0.6514000023249537
-0.6516251173452474
-0.6548670686574446
-0.6555996804187695
-0.6563739199191332
-0.6565832398831845
-0.6583716729655862
-0.6584990045342308
-0.6607930016238243
-0.665925660274095
-0.6695357324289424
-0.6745350926066749
-0.6749353820665015
-0.6751664658742291
-0.6751898191869259
-0.6756549283551673
-0.6812425492597478
-0.681628973968327
-0.6861763004534346
-0.6885843364521861
-0.6911484594456851
-0.6918008660690652
-0.6972401136493621
-0.6990198253964385
-0.7116339826374315
-0.7124306069486516
-0.7129357013327535
-0.7188487872675372
-0.719691799255088
-0.7232094106935513
-0.723766106646508
-0.7258867863565683
-0.7276861990145075
-0.7321838731877506
-0.7362562085812291
-0.7376088716089726
-0.7423232480883598
-0.7443661054389344
-0.7444005027920118
-0.7483706642732224
-0.7515108109052692
-0.7522915920449628
-0.7529454582503864
-0.7534171959185707
-0.758392596617341
-0.7610556720631264
-0.7619161063006946
-0.7652200804764612
-0.7682294656655618
-0.7684696874182139
-0.7693522949185636
-0.7718354969878088
-0.772903680242598
-0.7761284591896194
-0.7774320412427187
-0.7858845277972121
-0.7922522836772259
-0.7948192805051804
-0.8062670730054379
-0.8075954631591836
-0.8108088405181965
-0.8151524313725531
-0.8209857866168022
-0.8226434146054089
-0.8241941928863525
-0.8249179178641902
-0.8357556890696287
-0.8388862122914621
-0.8407175226602703
-0.842140813668569
-0.8432643161239949
-0.8446516555268317
-0.8558688105695182
-0.8615937372669578
-0.8616885766386986
-0.8633707808330655
-0.8675628381648234
-0.8710859678685665
-0.8721651038526593
-0.8806955349282362
-0.8842159860262958
-0.8879856541752815
-0.8924590979004279
-0.9075428446133932
-0.9131327516985878
-0.913902202155441
-0.9171691193054854
-0.9189738179246585
-0.9333757193759084
-0.9339038291946054
-0.9353018151208138
-0.9353985097259283
-0.9380301475524903
-0.9409031420946121
-0.9409817576718827
-0.9410277645414075
-0.9415623463690281
-0.9500699430704117
-0.952810083477137
-0.9755293279886246
-0.9769395956148704
-0.9784818226471543
-0.9966666769236326
-0.9998912395288547
-1.010217159986496
-1.015616027265787
-1.0290031380330522
-1.0368168402463198
-1.0385843531228602
-1.0571986794471742
-1.0723698064684868
-1.0881555005908012
-1.1037076454609633
-1.1081399470567703
-1.1183756366372108
-1.1313029825687408
-1.132930769585073
-1.1534028748671215
-1.1551086068153382
-1.1649545114603825
-1.16960000220154
-1.1736247163265943
-1.18363400362432
-1.1853946966817603
-1.1895076744258404
-1.1905701458454132
-1.2022345601581037
-1.204470595344901
-1.2063525151461363
-1.2161646286646526
-1.227107101585716
-1.2414643889351282
-1.2434158974792808
-1.2555076335556805
-1.2566348239779472
-1.2772408585995436
-1.2908647329662926
-1.300807108481725
-1.31314866989851
-1.3136836230754851
-1.3307227604091167
-1.3467591502703726
-1.3516717616468668
-1.3584492858499289
-1.3646367490291595
-1.365199062352379
-1.4219127684831618
-1.4235460455529392
-1.4272383451461792
-1.443410587310791
-1.4489662066102027
-1.4491690297921498
-1.449820339679718
-1.5133749126883533
-1.5329223622878392
-1.5540845468640327
-1.5563599807875497
-1.5695043156544368
-1.5757735721766948
-1.5980997681617737
-1.6066213205456734
-1.610302569810301
-1.6125543657690287
-1.6213960044884257
-1.64833302795887
-1.655534565448761
-1.6605849009605922
-1.6666506677865982
-1.685486634572347
-1.7189354100264609
-1.7317727208137512
-1.7362400856800377
-1.743275294546038
-1.7644325296084087
-1.7734827615398292
-1.7941494435071945
-1.8418511629104615
-1.8751674988307059
-1.890922486782074
-1.9318699836730957
-1.9485881924629211
-1.950583279132843
-1.9603989839553833
-2.003334065899253
-2.027372121810913
-2.04489274819692
-2.0490700975060463
-2.0564241111278534
-2.0614322051405907
-2.1014204397797585
-2.1480658054351807
-2.155620535214742
-2.161895244847983
-2.163542866706848
-2.3113818128282824
-2.3279208042658865
-2.3640144034507102
-2.4648720915429294
-2.4760643341578543
-2.4875511825084686
-2.492495149374008
-2.528773069381714
-2.5781872272491455
-2.7681249380111694
-2.883018975456556
-2.8945860862731934
-2.9297963166609406
-3.0873693147053323
-3.116632580757141
-3.1279091835021973
-3.165110715975364
-3.279329586774111
-3.281793672591448
-3.3046951293945312
-3.352323353290558
-3.4959900975227356
-3.6370640993118286
-3.6433337330818176
-3.6635847091674805
-3.8098514080047607
-3.853585720062256
-3.9057525396347046
-4.033210754394531
-4.071101665496826
-4.317864775657654
-4.420741409063339
-4.4737712144851685
-5.185433983802795
-6.585789680480957
