-0.008279931260909102
-0.07382560521364212
-0.10089106840561206
-0.1703010434994212
-0.2009303110341231
-0.2255538201861782
-0.24061990332696345
-0.2460246168788324
-0.2565999470224107
-0.2577017442820631
-0.2684819933971372
-0.2751118839741653
-0.28408265711924385
-0.2857554496197106
-0.28866123740893573
-0.29087278950040246
-0.2980680357200375
-0.30264537805297825
-0.30443725107761566
-0.314550804756891
-0.3163916725833061
-0.322273373617788
-0.3255233555100858
-0.33061343824346506
-0.3306671693836075
-0.3311140730493207
-0.3312646633818407
-0.33358895451738135
-0.3360817949754467
-0.3372042261273071
-0.341704715976789
-0.34490373758179727
-0.34491399615377305
-0.34715732851249675
-0.34753318940272493
-0.3496458673180314
-0.3497455127590001
-0.3513474361992621
-0.35200278240302363
-0.3529964842217361
-0.3556472858570487
-0.3560062310156914
-0.35961094869240434
-0.3632552109405039
-0.3634821441146949
-0.36514900901338476
-0.365714694877776
-0.36617313060517465
-0.36723356049042194
-0.36733891538300667
-0.36769824370925824
-0.3677139355302363
-0.36986644051254797
-0.3707150546120269
-0.37105809029517767
-0.3727414718051195
-0.3728946098903584
-0.373997035876904
-0.3743489606206692
-0.3772872596428814
-0.3790434117690893
-0.3803779491719615
-0.38167026395408005
-0.3827894528396428
-0.3846873221927025
-0.3850737937371464
-0.3855880859040621
-0.3866632805660945
-0.3871039173240466
-0.3925622431601038
-0.39307284856672947
-0.39873761013884423
-0.39879874843770974
-0.4039230837486684
-0.40545511891832575
-0.40834294072686006
-0.4093208604211213
-0.41204443250856404
-0.41211947855878284
-0.4122871491836122
-0.4123260006454075
-0.4125388839922919
-0.4137180742382043
-0.4143983261343739
-0.41475428082048893
-0.4161627347705441
-0.41620385139554855
-0.4202821346931159
-0.4276380370359799
-0.4287507538592763
-0.43217791616916656
-0.437170474613075
-0.4383090278408781
-0.4474818813679728
-0.4501450518728234
-0.4508118419907987
-0.4516795271726551
-0.45316413752734663
-0.46183113288177646
-0.4627990683921697
-0.4662116769923159
-0.47397238947451115
-0.4848686446414583
-0.4867781778283643
-0.49269641004502773
-0.505100091220811
-0.5052711367607117
-0.541165721292297
-0.5412195365133812
-0.6180392559617758
-0.6201317619000163
-0.6251276173396036
-0.6334165724526558
-0.6693330206908286
-0.674840783700347
-0.6849557030945732
-0.7043234445154667
-0.7075649248436093
-0.7728844040539116
-0.7977696299286825
-0.8591812598918166
-0.930623684078455
-1.0237663984298706
-1.3655855655670166
-1.4473666548728943
-1.4930149060674012
-1.5216804935286443
-2.004671846050769
-2.1394584820605815
-2.1708155018277466
-2.33347860397771
-2.335598621983081
-2.3546980261802672
-2.357664906978607
-2.3871248602867126
-2.9359426473189765
-3.245597518941698
-3.2823591207076483
-5.3101590449223295
-6.8887890776386485
-7.045407295227051
-7.149353404878639
-7.173415084718727
-7.733231544494629
-10.451187133789062
