-0.0008705349064257462
-0.001821279656724073
-0.008668240276165307
-0.011654573259875178
-0.01966878184854674
-0.02109056117478758
-0.021094492578413337
-0.027700339181440842
-0.02810865328259145
-0.0316853640251793
-0.03860451187938452
-0.0451938770711422
-0.046487849205732346
-0.06925026327371597
-0.07049398124217987
-0.0802111019329459
-0.08389062434434891
-0.08872786470289741
-0.08915816992521286
-0.09499411253879468
-0.10328281794985135
-0.10485493826369445
-0.1081170837423997
-0.10813416326418519
-0.11057458445429802
-0.1134338641539216
-0.11351179384759494
-0.11457241281944637
-0.11485399454832076
-0.11592346644829377
-0.11624236963689327
-0.11664001969620585
-0.13131716882344335
-0.13303664706957838
-0.14067772044800222
-0.1429875008543604
-0.14608764500978091
-0.14674600064754487
-0.15163503661751748
-0.15488051008433104
-0.16417650232324377
-0.16650691721588373
-0.17823932410101406
-0.18370638560736552
-0.1854354988608975
-0.185989581909962
-0.18787275534123182
-0.1893264153972268
-0.18988982991625866
-0.1977761741630578
-0.20501101713827147
-0.20794927253155038
-0.21255810337606817
-0.21314456298973206
-0.2154693671812614
-0.2160201807040721
-0.21607386183459312
-0.21631640568375587
-0.21706793885678052
-0.219157077621882
-0.21995130527284346
-0.2248398565957359
-0.22573346537537872
-0.2261771364370361
-0.22893133001343813
-0.22985360102029517
-0.23160143569111824
-0.23997988365590572
-0.24859710386954248
-0.25342440005624667
-0.2548010324438413
-0.2563315508887172
-0.25841333674098776
-0.26149141523314434
-0.2619972750544548
-0.2673993307377844
-0.27030414463952185
-0.270484973792918
-0.2752939380588941
-0.2756359678460285
-0.2825362406787463
-0.2890702170140382
-0.29221615998540074
-0.29254768695682287
-0.29663631260821904
-0.2972321595996618
-0.29727491261437533
-0.2981458256642024
-0.3018052101833746
-0.30292071198831155
-0.30381697720278883
-0.30601455776923103
-0.30733190551400186
-0.3078549730744271
-0.3079433077291469
-0.3084250442683697
-0.30862392192440374
-0.3105103224515915
-0.31108693467103876
-0.3111501634120941
-0.31139793079394923
-0.3118429913010914
-0.3138773501333263
-0.31409992350058424
-0.3200492031025663
-0.32102406513877213
-0.3218110374058597
-0.321950382553041
-0.3225206445902586
-0.3234006902202964
-0.3244120401213877
-0.32444447953977423
-0.32461529162173974
-0.325464101228863
-0.3254773917918404
-0.3256704932136927
-0.3285821134923026
-0.32975495052856524
-0.3319409964547958
-0.33221139339730144
-0.33243808346903986
-0.33286697790026665
-0.33314084401354194
-0.3339249469107017
-0.3348272620545079
-0.3349678878264967
-0.3383261552413127
-0.33897259864897933
-0.33978319643065336
-0.3400651914998889
-0.3411181591072818
-0.3419795343005616
-0.34396935468539597
-0.3454919571148431
-0.34774454978178254
-0.34876671424135564
-0.35090846162493106
-0.35142952523061205
-0.35214325599372387
-0.3546736582648009
-0.35509494226425886
-0.35884347395040095
-0.3592511871102033
-0.359997390702899
-0.3614941727231781
-0.36177580077201127
-0.3628809393331822
-0.36354484958574174
-0.3649340644478798
-0.3649983657989651
-0.36542225629091263
-0.3657164751726668
-0.36624646186828613
-0.3673339728266001
-0.3674010733763377
-0.3674276457633823
-0.3702884999414285
-0.370730978960637
-0.3725616337615065
-0.37368211274345714
-0.37637335279335576
-0.3766607832163572
-0.3769543050979597
-0.3781467242474069
-0.3810726869851351
-0.38212947524152696
-0.38668293356895445
-0.3881340010298623
-0.38864170759916306
-0.3897209306014702
-0.39034632869879715
-0.39045974219010937
-0.3923125656321645
-0.39267401373945177
-0.39352924027480185
-0.3936344839906572
-0.3936623029585462
-0.39375076194604236
-0.3947418755851686
-0.3954094102705962
-0.39602226752904246
-0.3975930707529187
-0.39901441615074873
-0.4005859720831116
-0.40068015264114365
-0.40110603588012356
-0.4030188037386324
-0.4033207618114021
-0.40597884823800995
-0.40621751152866636
-0.4068424510885961
-0.40760340115853716
-0.40777892406497684
-0.4086250675842166
-0.40898330360651014
-0.40964479895774275
-0.41020078901201484
-0.41077455567816895
-0.4115026289696938
-0.41190912295779625
-0.41302760678809136
-0.4141916102380492
-0.4162198592966888
-0.4172591460737749
-0.417797893518582
-0.4213676813058555
-0.42161648347973824
-0.42171066999435425
-0.42251576972648763
-0.42325069817403954
-0.42349453882779925
-0.4235875186743215
-0.42435027414467186
-0.42580309324839616
-0.4262182993282165
-0.42770550859212464
-0.4279873788873374
-0.42833022051490843
-0.42901340944485533
-0.42931659016758206
-0.4301835256628692
-0.4311283061591287
-0.4318104108213447
-0.43271229416131973
-0.43372311927378177
-0.43489068517810664
-0.4375618179070039
-0.4377087433822453
-0.43820889870403334
-0.4385438410099596
-0.43856061935158713
-0.4396501050131129
-0.43998543941415846
-0.4409931570990011
-0.44154682010412216
-0.44173802621662617
-0.44268417710554786
-0.443386433867272
-0.44528697355417535
-0.4461121917184856
-0.4484975573141128
-0.452192060276866
-0.4528842604922829
-0.4529593964689411
-0.4532409019420811
-0.4534566071298387
-0.45528285577893257
-0.4555250057950616
-0.4556437117124525
-0.4568219499895349
-0.4573545571416616
-0.4576389967463911
-0.45927454344928265
-0.4594219721388072
-0.4617041300904627
-0.4622651766985655
-0.46270810029818676
-0.4648215650668135
-0.4652136812385704
-0.4655514237296302
-0.4663012050441466
-0.4665660030312008
-0.46669712180737405
-0.4671058654785156
-0.46933595807705486
-0.4699831480160356
-0.4703310381414162
-0.47044097332076895
-0.47200305929540526
-0.4734753520331449
-0.47545157046988606
-0.47642537272934404
-0.4766510266660286
-0.4766749119007727
-0.4767885311535792
-0.4770776284193354
-0.4772408311966703
-0.47750253478686017
-0.4778206495451741
-0.4787054636269911
-0.4796405420696829
-0.47986602726450656
-0.48101622390580207
-0.4829586709815043
-0.4834665542468429
-0.48360828156583013
-0.4841268521267921
-0.4842104408555315
-0.48491175650851803
-0.48533301081624813
-0.4857603022828698
-0.4861082069886227
-0.4879190436331555
-0.4890717970750605
-0.48916898730870645
-0.48929703267640434
-0.4896726254373789
-0.4897649466758594
-0.49009318407236907
-0.490688431984745
-0.4907587074121693
-0.4913829710355155
-0.4928294662386179
-0.49453964084386826
-0.4959471821784973
-0.4970217332156608
-0.4985877734919389
-0.4986726747140185
-0.4987933148319523
-0.49925685799098574
-0.5003115736347225
-0.5004341884882056
-0.5009646178888423
-0.5019664763628194
-0.5034518265290119
-0.5057603078700291
-0.5070053502218798
-0.5073269102722406
-0.5079166822892148
-0.5084025679777066
-0.5086357332766056
-0.5089586051509725
-0.5091766886413097
-0.5092621209652861
-0.510098980696057
-0.5103160514939061
-0.5124194940695556
-0.5135642296324173
-0.5143206390397003
-0.5145227710978361
-0.5154825347579188
-0.5158077010086605
-0.5164489354065154
-0.5168643537443132
-0.5173336134757847
-0.5176206196192652
-0.518557246774435
-0.5185753696908554
-0.5189802781678736
-0.5191486215584779
-0.5193393987525875
-0.5203859508037567
-0.5213884470169432
-0.5230102146243942
-0.5231490220046706
-0.5234741282329196
-0.5244744814034286
-0.5245078476378694
-0.5254501497838646
-0.5269225037689986
-0.5277017815304654
-0.528076896071434
-0.5283811447637466
-0.5285333950421773
-0.5286373629545172
-0.5288276626029983
-0.5300461277365685
-0.530208452915152
-0.5309651344083249
-0.5311808797996491
-0.5325471006411439
-0.5331194686247424
-0.5342695131897927
-0.5347476278742155
-0.5349659674933979
-0.5351411364972591
-0.5357231600468771
-0.5358066799351946
-0.5363833386353589
-0.5369377987808548
-0.5371006198305016
-0.5374516719384701
-0.537844890418152
-0.5380719429813325
-0.5381038258288754
-0.5381675182608887
-0.5387165678075689
-0.5387869003627982
-0.5396035751327872
-0.5399847172375303
-0.5401036497205496
-0.540853561120457
-0.5409734674394713
-0.5409934797706748
-0.5421059948081771
-0.5446046575525543
-0.5448775007152512
-0.5453076543002225
-0.5457844191230834
-0.5460848848841124
-0.5475186485564336
-0.5477709933184087
-0.5483830096316524
-0.549115601927042
-0.5495205227052793
-0.5498426227190066
-0.5498448766561018
-0.5502128540538251
-0.5505690978025086
-0.551393638267958
-0.5517431752135357
-0.5519132326266522
-0.552871422842145
-0.5529252452761284
-0.5549117474260533
-0.556141481290797
-0.5562400532187894
-0.5565245675679762
-0.5566977236885577
-0.556741380225867
-0.5568137794284017
-0.5568621777929366
-0.5576447968138382
-0.5577311019102732
-0.557949422072852
-0.5583927494266795
-0.558517888688948
-0.5592198491096496
-0.5592832073776258
-0.5597322530345992
-0.5601341432775371
-0.5604598131030798
-0.5608215188607574
-0.5608335609198548
-0.561155102448538
-0.562554740102496
-0.5630106434359082
-0.5642282225113376
-0.5650700801437425
-0.5653300027479418
-0.5653829202288762
-0.5662470628906574
-0.5663077180636011
-0.5665813481383439
-0.5687305543882152
-0.5692770776804537
-0.5693848604957262
-0.5696961011053645
-0.5697378627955914
-0.5700710049963423
-0.5724343398447942
-0.5725744216858099
-0.5728152320807567
-0.5735682367265125
-0.5737242442410206
-0.5741220240306575
-0.574988762033172
-0.5756619697494898
-0.5767811875945578
-0.576842451421544
-0.5769604578614235
-0.5773579096130561
-0.578247107565403
-0.5783906780416146
-0.5784696250164416
-0.5785019807517529
-0.5785239205828735
-0.5787993924071392
-0.5813617762954285
-0.581374166533351
-0.581748488497743
-0.5819691679124455
-0.5820239088439848
-0.58206858697813
-0.5821113725251053
-0.5821875178565582
-0.5823705016324917
-0.583340311027132
-0.5834117271006107
-0.5834536636248231
-0.5846161909168586
-0.5847703721374273
-0.5847775067364637
-0.5849860872840509
-0.5851004045107402
-0.5853901317847582
-0.5858062067069113
-0.5864298627711833
-0.5867982010046641
-0.5877062026120257
-0.5879323940898757
-0.5880559553752897
-0.5885000228881836
-0.588830156118742
-0.5900167964864522
-0.590482448873081
-0.590678660871668
-0.5910459230071865
-0.5913363977202347
-0.5919797036913224
-0.5928244682339331
-0.5928906502409114
-0.5944035255483219
-0.594610819243826
-0.5948475429904647
-0.5956010924031337
-0.5965665692541128
-0.5975828026421368
-0.5976768545806408
-0.5978557784110308
-0.5980149874532685
-0.598149696973061
-0.5982965613449258
-0.5983891653362662
-0.5984242744510994
-0.5986505661159753
-0.5987321296194316
-0.5988735974367175
-0.5991700096055865
-0.5999586980627931
-0.6000254824059084
-0.6008619848638773
-0.6025490114698187
-0.6029253363143653
-0.6029992054449395
-0.6033819795353338
-0.6039085606379169
-0.6046916994499043
-0.6049495357197567
-0.6052405323600396
-0.6054473109225827
-0.6059454375179485
-0.6064541811809048
-0.6068455576896667
-0.6072446923547735
-0.6074730939930305
-0.608259609574452
-0.608997157878346
-0.6093149139551315
-0.6094856072450057
-0.6095633055083454
-0.6098695388791384
-0.6100494479760528
-0.6106165267216662
-0.6111066064664296
-0.6111590464606707
-0.6113116207222143
-0.6124068594072014
-0.6125284743029624
-0.6135342794004828
-0.6136061587021686
-0.6148238275200129
-0.6155999292619526
-0.6156106885522604
-0.6156127747769157
-0.6164935753884493
-0.6167561725451378
-0.6170283584958978
-0.6174577657511691
-0.617563959513791
-0.6177456410867828
-0.617855253084729
-0.6179756237460035
-0.6181430814787745
-0.6185268092522165
-0.6188371743861353
-0.6191253271186724
-0.6192332550883293
-0.6197265828959644
-0.6197649917254845
-0.6197873587836511
-0.620504031330347
-0.6206055678994744
-0.6208180534653366
-0.6211748344430816
-0.6215167732776276
-0.6227630565408617
-0.6228090434645613
-0.6228221971774474
-0.6233986377716064
-0.6235507671630734
-0.623873220011592
-0.6239130749134347
-0.625403263821715
-0.6265337651129812
-0.6279340344141625
-0.6289623301010578
-0.6295957260632089
-0.629656040880284
-0.6297243175605007
-0.631136006060684
-0.6316378414776409
-0.6322942331898957
-0.6326447030063719
-0.6335507553070784
-0.6339879087172449
-0.634014621249662
-0.6343019620204965
-0.6345399512792937
-0.6355714718811214
-0.6356342807412148
-0.635949693166497
-0.6359595662535866
-0.6360201538773254
-0.636465889440539
-0.6367337254147666
-0.6374223185400927
-0.6376290513241353
-0.6379617373284419
-0.6379686830267828
-0.6379967708406704
-0.6383177960136285
-0.6388009289256069
-0.6390701420605183
-0.6390794732973778
-0.6395102639993032
-0.640528738576298
-0.6406415808531973
-0.6413904964923859
-0.6417576639713454
-0.64180701425199
-0.6421039095148444
-0.642761908480514
-0.6430984450504184
-0.6431280757404036
-0.6433531252135124
-0.6445196438580751
-0.6446046302327886
-0.644768565622381
-0.6448034718283452
-0.6454383841877037
-0.6457685865461826
-0.6457731776020449
-0.646770586958155
-0.6472699584322754
-0.6472825100645423
-0.6473002235870808
-0.6473291580166135
-0.6488136904927987
-0.6491894590685011
-0.6493707238696516
-0.6496958775625733
-0.6500605658385092
-0.6506077734354351
-0.6524379304610193
-0.652590048344185
-0.6526391419174615
-0.6527251869972263
-0.6529542522737757
-0.653163703491113
-0.6532717932547841
-0.6534708067774773
-0.6536933094230335
-0.653971956577152
-0.6540193255408667
-0.6540534273048656
-0.6541576836154692
-0.6543402242043938
-0.6544216785638127
-0.6545964702963829
-0.6548165570857236
-0.6548791133417663
-0.6551132290624082
-0.6560966721735895
-0.6562795032514259
-0.6589013137388975
-0.6597475037997356
-0.6601140139003595
-0.6601987410336733
-0.660373532235445
-0.6610225914046168
-0.6615599713598689
-0.6616434151306748
-0.6616655741818249
-0.6618119806051255
-0.6620624815968768
-0.663839488742479
-0.6651234640074628
-0.665430749161169
-0.6664667800346035
-0.6676612013463454
-0.6684966360529264
-0.6687602791935205
-0.6693813749524351
-0.6693837825441733
-0.6694099069340155
-0.6698546339059248
-0.6699511744081974
-0.6700948344485369
-0.670160388790204
-0.6703222364420072
-0.670576939980189
-0.6709736485009719
-0.671090028869609
-0.6715378180379048
-0.671794306486845
-0.6719412680249661
-0.6733009447343647
-0.6738763401905695
-0.674284078553319
-0.6751130021175413
-0.6760946996510029
-0.6761760281039063
-0.6768293367349543
-0.6772302572748491
-0.6773141951222593
-0.6773169860373147
-0.6775074472617624
-0.6779922065325081
-0.678078030794859
-0.6786896678053641
-0.6792959216516465
-0.6795575519402822
-0.6796428123489022
-0.6799165144562721
-0.6799272555896702
-0.6800610066524574
-0.6804455543868244
-0.6805797800887377
-0.6810205033048987
-0.6813982257603389
-0.6814649229248365
-0.6816169287908864
-0.6827446263697412
-0.683025955138728
-0.6833206212225681
-0.6841661877930164
-0.6851573893858586
-0.6854910420046912
-0.6860851034522056
-0.6865711000614932
-0.6870919008273632
-0.6871458786273641
-0.6878744697291403
-0.688150446182893
-0.6881750676160058
-0.6884455336985411
-0.6890562965903276
-0.6892560834863356
-0.6899070648942143
-0.6909975475032947
-0.6912070204104696
-0.6915529116988182
-0.6926346349850064
-0.6931461067134579
-0.6933517891084193
-0.6939257091695541
-0.69401684734039
-0.6949563356715122
-0.6957402848121192
-0.6963785935440683
-0.6965336227593454
-0.6966766719706357
-0.6971152815967798
-0.6978795644827187
-0.6983099689125083
-0.6985112429053212
-0.6985977619575957
-0.6990726557269227
-0.6995638575686566
-0.7000986008904875
-0.7004937950017242
-0.7008091698711117
-0.7019350767805008
-0.7031242360689622
-0.7031647906987928
-0.7040165969616888
-0.7040422512218356
-0.7044631717028096
-0.7046660961204907
-0.705942795275607
-0.7062027214948708
-0.7067613152503327
-0.7069662511348724
-0.7072028730596814
-0.7078246473344431
-0.7083446696803245
-0.708795870654285
-0.7089593062798182
-0.7095019271364436
-0.7096700219747921
-0.7101133197752966
-0.7101442695388364
-0.7101849794387818
-0.7105876646004617
-0.7111549785227648
-0.7120406967587769
-0.7143862387165427
-0.71525694495067
-0.7155223363984583
-0.7157267827540637
-0.7160058245062828
-0.7163551598787308
-0.7170381321193418
-0.7170947175472975
-0.7172489066918691
-0.7173834394197911
-0.7176149418461136
-0.7187469532596878
-0.7195435057277791
-0.7205763613819727
-0.7206926502825809
-0.7213484293814483
-0.7220472666279724
-0.7233612984418869
-0.7236790086142719
-0.7240851907369991
-0.72443471178849
-0.7249145742721989
-0.7249583840370178
-0.7252461713339601
-0.7253751661628485
-0.7257655610796064
-0.7260572005210346
-0.726343396306038
-0.7266852812841534
-0.7270358116698584
-0.7273210080540073
-0.727405251779904
-0.7279884755145758
-0.729351818561554
-0.729620403299729
-0.7297273936215788
-0.7306424956768751
-0.7307063720557684
-0.7311627095274161
-0.7314341753546614
-0.7328908570110798
-0.7333944629106555
-0.7334994251529375
-0.7342217067877451
-0.7352969816032177
-0.7353804292312512
-0.7354681341443211
-0.7360524293544586
-0.7375348779547494
-0.7380334246787242
-0.7380400136527088
-0.7385425140881645
-0.7387490894567842
-0.7389235397422453
-0.7393563735531643
-0.7398042591133466
-0.7399209029972553
-0.7409637411797626
-0.7411813529001342
-0.7417652075821226
-0.7420745197450742
-0.742232783752479
-0.7436096017093708
-0.7436957171497246
-0.7439652236178518
-0.7450265481861101
-0.7450331573685011
-0.7451558166731047
-0.7457801010910771
-0.7461594806809444
-0.746205649105832
-0.7471509337425232
-0.7480264846235514
-0.7483103018667963
-0.7485413763672113
-0.748704405915406
-0.7488013045367552
-0.7491755431477466
-0.7500019207751999
-0.7503665201365948
-0.7508045194470989
-0.7518822804093361
-0.7522049493854865
-0.7534758312006792
-0.7537206696812063
-0.754471816148402
-0.7544738050977079
-0.7546855650434736
-0.7557220520411647
-0.757781465901644
-0.758596533536911
-0.7593238991394173
-0.7595227565616369
-0.7608930940429369
-0.7617625036742538
-0.7632974087668117
-0.7635082366177812
-0.7635795131325722
-0.7637507341181239
-0.7639197952401446
-0.764462928769977
-0.7645676891662879
-0.765403239056468
-0.7662573586218059
-0.7670561701059342
-0.7681598579220008
-0.7681742139160633
-0.7681947899047372
-0.7682165298610926
-0.7692226765987774
-0.7697566373040899
-0.7699924398718091
-0.7703281778434757
-0.7706203559517033
-0.7714872198800246
-0.771731405868195
-0.7718510750148978
-0.7721649706363678
-0.7724487596831751
-0.7724667562482258
-0.7724851302569732
-0.772876910554866
-0.7735241663176566
-0.7754314959747717
-0.776048350147903
-0.776140117396911
-0.7763037814293057
-0.7765753897173064
-0.7768143475055694
-0.7768867105478421
-0.7771890063770115
-0.7777871435585743
-0.7780090942978859
-0.7784016231695811
-0.7791246399283409
-0.7793056048540166
-0.779456095848218
-0.7798729780013673
-0.7804452795535326
-0.7806642051113563
-0.7809640905553741
-0.7820680389247302
-0.7821240753255552
-0.7823393990596136
-0.7824537281412631
-0.7825309883803129
-0.7826025299082175
-0.7828514142893255
-0.7835129192681052
-0.7839449780165322
-0.7839827636877695
-0.7850580592818844
-0.785072096157819
-0.7851312483914874
-0.7851966670714319
-0.7854988075393651
-0.7858866821248632
-0.7859447293449193
-0.7867961235913552
-0.7869649791557874
-0.7876814474584535
-0.787804514169693
-0.7881653350777924
-0.7899901875191264
-0.7911340535152703
-0.7922751286200115
-0.7927255832903978
-0.7934486174955964
-0.7941738593392074
-0.7946401536464691
-0.7951883454141873
-0.7953965313507878
-0.7958013347815722
-0.7960126545513049
-0.7972107043955475
-0.7975549191081276
-0.7975741861155257
-0.7976111343596131
-0.7982782362895604
-0.7983045495218701
-0.7984608220260428
-0.798517937383925
-0.798723777406849
-0.7989967240602709
-0.7994388093939051
-0.8010819499835028
-0.8023520205169916
-0.8029717068226697
-0.8033977925777436
-0.803477729856968
-0.8035305311592916
-0.8044123983127065
-0.8047157525914372
-0.8052545254777215
-0.8052966092363931
-0.8055664757703198
-0.8073256774769106
-0.8075431449003244
-0.8076656764994065
-0.8076657703386445
-0.8080792501245418
-0.8088595272856764
-0.8095842003822327
-0.810776773642283
-0.8108066824497655
-0.8112526095937937
-0.8114094426855445
-0.8121964766954383
-0.8129156067036092
-0.8136492249323055
-0.8137073819265684
-0.8150073664534526
-0.8150526061654091
-0.816559389953909
-0.817887333832914
-0.8185692954808473
-0.8195788302691653
-0.8203630653830866
-0.8204009660652706
-0.820966795203276
-0.821548080485728
-0.8219557036674814
-0.8220928254412158
-0.8224837373600167
-0.8227644323882747
-0.8232107350486331
-0.8238097530374944
-0.8239435374271125
-0.827269725339041
-0.8277938217157498
-0.8278279229998589
-0.828193987882696
-0.8286982763558626
-0.8288607224822044
-0.8312220832728295
-0.8320334465908152
-0.8339122203457198
-0.8344570459797979
-0.8347050629672594
-0.8349058864793429
-0.8355024556318918
-0.8360982453450561
-0.8372604256834496
-0.8372666461703678
-0.8377303617695967
-0.8378052089570297
-0.8381110912499329
-0.8383345156908035
-0.8386473270365968
-0.8396446875703987
-0.8397842526435852
-0.8398739099502563
-0.8399093012170246
-0.8401445162453456
-0.8403727161712595
-0.8410959180328064
-0.8411864973604679
-0.8411938144514958
-0.8413984623944594
-0.8422765592113137
-0.8423425297338614
-0.8437126403053602
-0.8447569211324056
-0.8451827648095787
-0.8454559608896185
-0.8466715882532299
-0.8473520450707939
-0.847393479519269
-0.8480791079855408
-0.8484331715735607
-0.8489472270011902
-0.8496208254780088
-0.8501333555905148
-0.8510270580649376
-0.8526870821203504
-0.8536772451932646
-0.8536959439516068
-0.8557772531036919
-0.8568214612620834
-0.8569069780409336
-0.8577380022034049
-0.859034139662981
-0.859937769244425
-0.8599504462443293
-0.8615855826064944
-0.8620632688398473
-0.862202875316143
-0.8637683962264823
-0.8641096118371934
-0.8642282746732235
-0.8649290231987834
-0.8664052988402545
-0.8667340398080543
-0.8668612986337394
-0.8682925701141357
-0.86946078465553
-0.8694832338286298
-0.8701468916395763
-0.8702575858083686
-0.8706154972314835
-0.8713452934171073
-0.8717521224170923
-0.8718967634695918
-0.8723178341984749
-0.8728586078828408
-0.8742948472499847
-0.8749996691185515
-0.8757930936524645
-0.8758667409420013
-0.8761978178684201
-0.8764251892765363
-0.8764608190394938
-0.8776975870132446
-0.8779623607794443
-0.8791053021947542
-0.8805749348622547
-0.880607233569026
-0.8812669231090695
-0.8813851972809061
-0.8820240661918529
-0.8842877479502931
-0.884457576321438
-0.8857331776784526
-0.8859870472952025
-0.8866484470199794
-0.8870772296666272
-0.8873607073079862
-0.8887567577185109
-0.8892149882287614
-0.8901356497313827
-0.8903460178731216
-0.8909547282848507
-0.8943217388703488
-0.8952948711812496
-0.8953947714180686
-0.8955952340567653
-0.8973008044995368
-0.8979388873092831
-0.8994990338881811
-0.9002264620503411
-0.9005807123612612
-0.9011695044723133
-0.9017166048288345
-0.9027725434196847
-0.9030581760326868
-0.9044108692323789
-0.9056872302769787
-0.9059135867282748
-0.9061610598970825
-0.9083780392675715
-0.9088104260819299
-0.908821321293627
-0.9094028313858351
-0.9100332610905753
-0.9103980421916478
-0.9115320518612862
-0.9123572871350916
-0.9135891825377863
-0.9155231192708015
-0.9165874806543192
-0.9174712121486663
-0.9179435001424281
-0.9186972141615115
-0.9188249044236727
-0.9189571613911539
-0.9195295378033604
-0.9200239473197144
-0.9201525102059046
-0.9207111514276929
-0.9212113372981549
-0.9213739527622238
-0.9214472065679729
-0.9236994578127956
-0.9243308631703258
-0.9260379230603576
-0.9288641020123448
-0.9314723556930072
-0.9317198276209334
-0.9322651127974192
-0.9323948739994583
-0.932804043230135
-0.9330185025930404
-0.9348191320896149
-0.9359919200272998
-0.9369342252338195
-0.9389508759602905
-0.9403833712284932
-0.9409449178686676
-0.9412327297904994
-0.9431979060173035
-0.9433931782841682
-0.9434155937698152
-0.944855309277773
-0.9462999752722681
-0.9466737644997193
-0.9470607668336015
-0.9473107922822237
-0.950124479830265
-0.9502139462452635
-0.9510163380182348
-0.9521352279310425
-0.9522143919020891
-0.9527024158742279
-0.9546435406340732
-0.9552439943538047
-0.9564149305224419
-0.9574673336464912
-0.9582546432502568
-0.9583138965835343
-0.9590242928941735
-0.9592726789414883
-0.9596899701282382
-0.9597757186566014
-0.9601482376456261
-0.9631970614427701
-0.9635343225672841
-0.964922245281438
-0.9656869039743989
-0.9658839851705124
-0.9678447966774305
-0.9691309241425188
-0.969285609466689
-0.9725553214550018
-0.9729461860843003
-0.9739021319482062
-0.9744437134691647
-0.9744449172479411
-0.9747599276403586
-0.975403706979705
-0.9754312695336661
-0.9756576485104032
-0.9776165425777436
-0.9786860944171037
-0.9800523920857813
-0.9810340629628627
-0.9811625242233276
-0.983038142323494
-0.9834782165300566
-0.9840334026763836
-0.984471489675343
-0.9847034624409778
-0.9849736566344897
-0.985449893095938
-0.9866399168968201
-0.9869335430687189
-0.9878047977884611
-0.9881825347741445
-0.9901070164309608
-0.997072381333315
-0.9981753603206016
-0.998657688498497
-0.9988303755720457
-1.0001774412230588
-1.0016683721914887
-1.0030191801598993
-1.0061532370746136
-1.0063656073148846
-1.006805029528914
-1.0075087991879426
-1.0075913166627288
-1.0096042789518833
-1.0100107522282218
-1.0102980884516404
-1.010708126904709
-1.0117625892162323
-1.0123525045113637
-1.0157022544132945
-1.0157547448761761
-1.0163562373879056
-1.0173146694432944
-1.0173216760158539
-1.0174174772691913
-1.0175862795052428
-1.0214471506575744
-1.0215268010894458
-1.0215964317321777
-1.0230409974853198
-1.0232074136535327
-1.0232605437437694
-1.025702684053353
-1.0284297692705877
-1.0285660282497702
-1.0302698122686706
-1.031890518963337
-1.0329153339068096
-1.035054512321949
-1.0364862769842147
-1.0391048590342205
-1.039178141531819
-1.0393628776073456
-1.0406967072437208
-1.0410711765289307
-1.0416340678930283
-1.042526285102589
-1.0436543971300125
-1.0437933114590123
-1.0449634462769608
-1.0456873414417107
-1.0468615888472415
-1.0469902942859335
-1.0469992130270436
-1.0473614096641541
-1.0482397380983457
-1.0503256833180785
-1.052182376384735
-1.0531644737385595
-1.0542252787521906
-1.0572416583697002
-1.0582981361076236
-1.0592533648014069
-1.0595315148122608
-1.0611312712542713
-1.0624747574329376
-1.0649523437023163
-1.06692835688591
-1.0670107007026672
-1.0678686101455241
-1.070155918598175
-1.0709923548357827
-1.0722996406127803
-1.0733803332760334
-1.075168975192355
-1.0780955355614423
-1.0796089246869087
-1.0800293952226638
-1.0804653465747833
-1.082220247015357
-1.0827264972031116
-1.0828378352129624
-1.0834169485010183
-1.0850738490989897
-1.0858139872550965
-1.0890607613958612
-1.0898023148377736
-1.0900113838059562
-1.0929308745544404
-1.093510633179297
-1.0955051630735397
-1.0976735173931553
-1.098357480764389
-1.0991291660549385
-1.100638196687214
-1.1017965760880284
-1.1038488348325093
-1.1076797563582659
-1.1142880672381983
-1.114776849746704
-1.1148083930214245
-1.1152553955713909
-1.1168438833362113
-1.1168807913879089
-1.1176013797521591
-1.1193548813462257
-1.120137382298708
-1.1241958528757094
-1.1258702352643013
-1.1267020624130963
-1.1358516613642375
-1.1415584776550531
-1.1429544344544411
-1.1434564360727866
-1.1447302189966042
-1.1461130902171135
-1.1476959155665503
-1.1510918546201927
-1.1529704732820392
-1.1569532280166943
-1.159157191713651
-1.1618017833679914
-1.164982594549656
-1.1661481683452923
-1.1663657989766862
-1.1680749636919547
-1.1695504509843886
-1.1724919825792313
-1.1779980373879273
-1.1791060268878937
-1.1832593495491892
-1.1833638781681657
-1.183957090601325
-1.1860844999551774
-1.1933994367718697
-1.1987680147091548
-1.1994586363434792
-1.1997133145729701
-1.2003879480891757
-1.2033624611794949
-1.206225611269474
-1.2062533064322039
-1.2107253149151802
-1.217604097392824
-1.2178405318409204
-1.221103997901082
-1.221956093236804
-1.227045752108097
-1.2271631211042404
-1.2281454267601173
-1.2288249731063843
-1.2324238568544388
-1.2326360543568928
-1.2340352833271027
-1.2346731851575896
-1.2398765683174133
-1.2436588406562805
-1.2461838232619422
-1.2504872740246356
-1.2570091099260026
-1.2583520486950874
-1.2613283097743988
-1.2615360170602798
-1.2630031824111938
-1.2650323344601526
-1.2650735974311829
-1.269146904349327
-1.2695996439782902
-1.2808398370231902
-1.2862570794920127
-1.2894165921024978
-1.291474649682641
-1.3014646359952167
-1.304955479130149
-1.3060047174803913
-1.3071152188349515
-1.3129206270212308
-1.3143886936207612
-1.3219991344958544
-1.3272155026594799
-1.3302309662103653
-1.3356924951076508
-1.3400786412613732
-1.340800791978836
-1.3427622747258283
-1.3450231518596412
-1.3466423656791449
-1.3501513519634802
-1.3520547002786771
-1.3526485785841942
-1.35566130541265
-1.3570626048992078
-1.3594930991530418
-1.3646721839904785
-1.3669621149698894
-1.3786619305610657
-1.37963305413723
-1.3802547951539357
-1.3856808730051853
-1.3933254331350327
-1.3968057384093602
-1.404297201583783
-1.4093571503957112
-1.4159318047265212
-1.4205607061157934
-1.4219296886585653
-1.422279991209507
-1.43492535490077
-1.4442494213581085
-1.4458938986063004
-1.4495154023170471
-1.4568098410964012
-1.465173214673996
-1.4693949930369854
-1.47184818983078
-1.478502734855283
-1.4841602072119713
-1.4872728758491576
-1.4889940725905555
-1.494897854089383
-1.4970406293869019
-1.5005334746092558
-1.5011529326438904
-1.5020307525992393
-1.503939002752304
-1.5053188800811768
-1.5188433974981308
-1.5190915241837502
-1.5199059193643432
-1.5220033824443817
-1.5275639952160418
-1.529472976922989
-1.5310816237082083
-1.5404370427131653
-1.541810192167759
-1.5436847805976868
-1.548793292293946
-1.554567274947961
-1.576164349913597
-1.5775041580200195
-1.5866277863581975
-1.6051102876663208
-1.605902310460806
-1.6104160773102194
-1.61428564786911
-1.62905328348279
-1.6350328922271729
-1.6703908704221249
-1.675862443478157
-1.6935880780220032
-1.6977757215499878
-1.6984176635742188
-1.7093243865917127
-1.7142181396484375
-1.7206129245460033
-1.7224381528794765
-1.7262412905693054
-1.730217734972636
-1.7381507754325867
-1.7449924793909304
-1.7487201690673828
-1.7565800547599792
-1.7630364252254367
-1.7678516248706728
-1.776676382869482
-1.7808397754561156
-1.7821024684235454
-1.7873650640249252
-1.7986207026988268
-1.8018185527762398
-1.8114729300141335
-1.8319541458040476
-1.8347424323571129
-1.8417162597179413
-1.8542183935642242
-1.8643147221882828
-1.8717610416933894
-1.8725946992635727
-1.8783417085651308
-1.88619563478278
-1.8886555353686465
-1.893407754600048
-1.9097703667357564
-1.9232507465834108
-1.951099943369627
-1.955990550108254
-1.9648782641161233
-1.9788579046726227
-2.0079173147678375
-2.026790221532186
-2.032265305519104
-2.0418330058455467
-2.0434392988681793
-2.0501848608255386
-2.1339969597756863
-2.216738022863865
-2.385981358587742
-2.467902183532715
-2.474827252328396
-2.4823845624923706
-2.492152408696711
-2.557264566421509
-2.5992263831819096
-2.6163375977776013
-2.7181966602802277
-2.7296097726211883
-2.770043522119522
-2.789978366345167
-2.7977089881896973
-2.8007359728217125
-2.81721568107605
-2.830694337375462
-2.879598428029567
-2.8819810301065445
-2.8874716551508754
-2.903795275837183
-2.9466102086007595
-2.958609338849783
-2.9812291637063026
-3.1017198337358423
-3.1450188985024092
-3.1659929314628243
-3.3293807064183056
-3.331969205290079
-3.359857115894556
-3.3839651504531503
-3.43995896470733
-3.5444562435150146
-4.006367798894644
-4.058867931365967
-4.31030542217195
-4.403515615587821
-4.458220481872559
-4.626263964921236
-4.632706642150879
-4.716422080993652
-5.0518035888671875
-5.4388532638549805
-5.515057563781738
-5.667245864868164
-7.430881500244141
-8.86761474609375
