-0.0005519382821148611
-0.008485700499780554
-0.01299205025043193
-0.013945375510957092
-0.02738965330211483
-0.02750632306560874
-0.03709987954547008
-0.06675262749195099
-0.11117443069815636
-0.12171260267496109
-0.13312382251024246
-0.1425058360910043
-0.17647633685191977
-0.18112442217443459
-0.18560884645557962
-0.20574306379421614
-0.22071881840820423
-0.23863595526199788
-0.24313835054636002
-0.2445290019790668
-0.2515525954302575
-0.25875852013705297
-0.2611807901038056
-0.2679977547377348
-0.2725467495786558
-0.29264706877923646
-0.2982488112655119
-0.30376926574639845
-0.30591582755247754
-0.3063724973471835
-0.3124106114173628
-0.3341227729048114
-0.3372656032224768
-0.3601554561323105
-0.36040975502692163
-0.3621758231020067
-0.3677594205364585
-0.38289964138271493
-0.3867984184762463
-0.38746851128526033
-0.38815781743323896
-0.39341130130924284
-0.39387736499338644
-0.40093081728887875
-0.40113878702322836
-0.40185324950143697
-0.40446424567198846
-0.40616388370593387
-0.4063471924289063
-0.4155964590900112
-0.41637947654817253
-0.4164495575047719
-0.41775632293865783
-0.42056707391101456
-0.42245753622531385
-0.4268690704063504
-0.42704805442190263
-0.42831040371675044
-0.42953953706374803
-0.43759398291585966
-0.4441106368446656
-0.4444210565940011
-0.44546418873069343
-0.44755218557535653
-0.45640042131870157
-0.45941301285347436
-0.4599968499969691
-0.4742078393610427
-0.47830669580434915
-0.48459145164330647
-0.48735648352400557
-0.48931073293871513
-0.49266713785391403
-0.49630674223105115
-0.5001333159937834
-0.5041078191716224
-0.508819107839372
-0.5090447877104453
-0.5094745258234483
-0.5114027485251427
-0.5184273056685924
-0.5193902339786292
-0.527049663864697
-0.5287600032849392
-0.5305697555055043
-0.5342678052838892
-0.5368990871772569
-0.5369797791921883
-0.5410169953393051
-0.5413393199676648
-0.5422703709739906
-0.5441442727135248
-0.5453379947889166
-0.5460777669759409
-0.5485701706954921
-0.5505546367930947
-0.550604541303107
-0.5510929046431556
-0.5533969134266954
-0.5587564975453111
-0.5592616490301162
-0.5604066733331247
-0.56055748462677
-0.5611515094836553
-0.5638881146979446
-0.5643031433224678
-0.564657153250924
-0.5651106516145066
-0.568307261436712
-0.5691554134763364
-0.571653235902044
-0.5768091914554437
-0.5773663642272974
-0.5792979854741134
-0.579410528143247
-0.579431495280005
-0.5806681044244518
-0.5821482263418147
-0.5833124352086868
-0.5836187915512078
-0.5843419357302732
-0.586444911774015
-0.5865981961995002
-0.5890178686007858
-0.5913153386500198
-0.5918588884174824
-0.595742624689592
-0.595756915908582
-0.5960157283892235
-0.5962535806465894
-0.5972225844860077
-0.5992134070963532
-0.599704897608899
-0.5997709535200556
-0.6000705365240719
-0.6001277293544263
-0.6025328917506462
-0.6039286381315573
-0.6040385120655768
-0.6040643892463714
-0.6067494046133519
-0.6095580413821153
-0.6108023770126131
-0.6127851185285382
-0.6128056357459476
-0.6137335922205238
-0.6138117056534005
-0.6139247727114707
-0.6148861852312361
-0.6150130564845833
-0.6162546813488007
-0.6173619196439782
-0.6174873141571879
-0.6178353988755219
-0.6179540127515792
-0.6184788241695899
-0.6200947826829456
-0.6211882308125496
-0.6235215110140607
-0.6239854878435532
-0.6252072526840493
-0.6258467120590948
-0.6295396573650578
-0.6303633543429896
-0.6337173606492191
-0.6340574624482542
-0.6340890921904996
-0.6349553892505355
-0.637431172788358
-0.6383933415676842
-0.6404117040173151
-0.6408633833948093
-0.6408681191630118
-0.641286742910097
-0.6417552495317068
-0.6417822184424343
-0.6420032705532827
-0.6420146969147027
-0.6427068257646169
-0.643131555756554
-0.6445661060279235
-0.6445680176402675
-0.6456332936650142
-0.646623216685839
-0.6484671189864457
-0.6493610881637627
-0.6498017533821985
-0.6512885035015643
-0.6513892608461902
-0.651434641857459
-0.6519156681158795
-0.6520364086143673
-0.6535831646372875
-0.6564056232858163
-0.6580611117766239
-0.6608904482636717
-0.662158547767571
-0.663237638771534
-0.6637407239128758
-0.6658465976724983
-0.666214936185861
-0.6668968200683594
-0.6673114487509194
-0.6680961817502975
-0.6690642239851877
-0.6714572138755557
-0.6715760228606606
-0.672207273542881
-0.6730967396153853
-0.674389286422229
-0.6746515706181526
-0.6754690011342367
-0.675710941041788
-0.677178313198965
-0.6773873373866082
-0.6774492889642716
-0.678012880331759
-0.6785951948016494
-0.6788022481814551
-0.6794384866952896
-0.6798660407463709
-0.6804341728871804
-0.6828176011013883
-0.6829559734323993
-0.6831388715773673
-0.6837739842271225
-0.6842533253133297
-0.6856214933837431
-0.6859872466011439
-0.6861143161853155
-0.6868040863397861
-0.6874087828735356
-0.6876223719397482
-0.688580311340047
-0.6924693977667226
-0.6928051620721817
-0.694765616868868
-0.6964333236217499
-0.6967912137508392
-0.6976753205177374
-0.7036869813809576
-0.7044965813312536
-0.7050029983123144
-0.7085752810041109
-0.7109549858892024
-0.7114337226143107
-0.7138145584976883
-0.7143484822202785
-0.7176416797770394
-0.7178759891066875
-0.7201017770916224
-0.7206056420533665
-0.7207414314408587
-0.7212578251957893
-0.7221620188748392
-0.7233906849610826
-0.7273781736148521
-0.7281804237028827
-0.729581596882781
-0.7296425856649875
-0.7307105621460194
-0.7308343113982119
-0.7311227656056871
-0.7320242792367935
-0.7321223785208227
-0.7333134113372687
-0.733575994066675
-0.7370121714969476
-0.7424193100734172
-0.7432991971349111
-0.743312970114251
-0.7437959655653685
-0.7469471196333567
-0.7485071846632226
-0.7493419543296279
-0.7496129274368286
-0.7505809925496578
-0.7520815050423456
-0.753302450478077
-0.7551179111469537
-0.7561376193771139
-0.7582539552822709
-0.7627454107627273
-0.7640030136091809
-0.7647536987954352
-0.7649903832934797
-0.7657896659026543
-0.7682217287365347
-0.7686734620702306
-0.7700143372640014
-0.7731576657129658
-0.773768630116726
-0.7754943359614117
-0.7762720686150715
-0.7767914692043892
-0.7781409524381161
-0.7783101870035435
-0.7790109764318913
-0.7796235690960506
-0.7803169441435279
-0.7806502079340414
-0.7825903224293143
-0.7864246528285245
-0.7884285226464272
-0.7886191313284345
-0.7913807834498584
-0.7949640397418989
-0.7951109088025987
-0.7953466739854775
-0.7972658337805316
-0.7984943895905113
-0.7994068385645127
-0.7995782738241056
-0.8030548708306419
-0.8040999815178415
-0.8052429863062571
-0.8054542274330743
-0.8058848682170113
-0.8072788513654814
-0.8078663696845373
-0.8136282103757063
-0.8138288301083126
-0.8143825018002341
-0.8144848626372095
-0.8158987381262705
-0.8165783089352772
-0.8170507389911696
-0.8185475471998669
-0.8202168416963624
-0.8219627636329582
-0.8220729942743977
-0.8248209913726896
-0.8253343975063346
-0.826650287839584
-0.8281645689691816
-0.8397536547854543
-0.8399057170997063
-0.8413157704751939
-0.8431225932581583
-0.8443883919262589
-0.8463768133660778
-0.8471747449366376
-0.8509714752435684
-0.8594464330781193
-0.8666907754159183
-0.8680970778481828
-0.86921567984391
-0.8698007724247873
-0.8709183846441798
-0.8714280915405003
-0.8720313437312143
-0.8731825390641461
-0.8735607932321727
-0.873647206442547
-0.8741564027554382
-0.8746629766028491
-0.8762252264552646
-0.8770268987398595
-0.877436044315497
-0.8776713494056215
-0.8778647356666625
-0.8789511080831289
-0.8810634263975317
-0.8817817949586444
-0.8837257982231677
-0.8838097600200854
-0.8845797787653282
-0.8902006938587874
-0.8905329952637354
-0.8910224355046618
-0.8912347429225823
-0.891281067678291
-0.8934082126987051
-0.8964603980550439
-0.8983957094864713
-0.8991658887825906
-0.8992887417164942
-0.8996993492910406
-0.900998662536343
-0.901204028388343
-0.9041191902360879
-0.9048536429181695
-0.9055870456116585
-0.911741191148758
-0.9121563661222657
-0.9133246457931818
-0.9147585324810481
-0.9147863300750032
-0.9176612960743822
-0.9200151618570089
-0.9220796190202236
-0.9221960953436792
-0.9230901118781831
-0.9248581238090992
-0.9289608046722909
-0.9297718051696263
-0.9308785317298316
-0.9335696223824925
-0.9363697003573179
-0.9371890898706624
-0.9394727539271116
-0.9404471942356655
-0.9405436546949204
-0.9430349608999677
-0.9444381482899189
-0.9448003133758902
-0.9449778472383817
-0.9460850797477178
-0.9482322866097093
-0.9495825842022896
-0.9526241317682433
-0.9527140925638378
-0.9555892029120514
-0.958459272631444
-0.9587253717602127
-0.9604443409480155
-0.9631038764215191
-0.9688063704816159
-0.9747268852661364
-0.976056928113394
-0.9812396866909694
-0.9844739041291177
-0.9883861211128533
-0.9891322508454323
-0.9896493287136158
-0.9897866348037496
-0.9903506694827229
-0.9918068001667658
-0.993382658410701
-0.9947312857176358
-0.9967486603418365
-0.9996480622445233
-0.9998490424991092
-1.0008903684039765
-1.005460686981678
-1.0063463896512985
-1.0074219389094248
-1.011045408728283
-1.0115847973696266
-1.013769643313329
-1.0146296937018633
-1.0147190702458222
-1.0193665940314531
-1.0203602127730846
-1.0229965122804667
-1.024597978766542
-1.0276196086779237
-1.030289649037877
-1.0309644686989485
-1.03285166118294
-1.0342980985878967
-1.0355754876137426
-1.0360278000254766
-1.0372796257336934
-1.0373049105051906
-1.0383407146728132
-1.038384024403058
-1.0410202860832214
-1.0440183243714274
-1.0440196889851774
-1.0453306953810777
-1.0457181055147278
-1.049610328208655
-1.0513017484918237
-1.0550561044365168
-1.0561179836901526
-1.0661854844407312
-1.0685713707158964
-1.069721413962543
-1.0704448881248634
-1.0705323325819336
-1.0707609723322093
-1.0712350769204932
-1.0742182156536728
-1.074283189867856
-1.0755721755631384
-1.076668383181095
-1.0835727051548278
-1.0890940625623833
-1.0946518344804645
-1.0995904826559126
-1.0997358436385791
-1.1040204748407834
-1.1044312591354053
-1.108679148523758
-1.1094609079882503
-1.1106771192662563
-1.111200273531722
-1.1169944156759553
-1.1191363235314686
-1.119426132645458
-1.1194839840754867
-1.1213061199085435
-1.1218223602772923
-1.121908422825592
-1.1252701389603317
-1.126030339859426
-1.1325991228222847
-1.1362367895053467
-1.140459741000086
-1.1409082263708115
-1.1425501462072134
-1.1445843026041984
-1.149834781885147
-1.1518415451049804
-1.1523024240043014
-1.154239395766386
-1.156100488134793
-1.157228299520082
-1.1621694738666217
-1.1645339808892459
-1.1683346002052228
-1.1721749670716235
-1.1742902751720976
-1.1771010179072618
-1.1834216503969703
-1.1841113699807062
-1.185271317139268
-1.1861360223653417
-1.190608070930466
-1.1915746927261353
-1.1926330123096704
-1.196215271949768
-1.2020988827571273
-1.2037811294198035
-1.21193384565413
-1.2122197261662222
-1.2183397659747344
-1.2243091662724812
-1.225690354903539
-1.2274134797709328
-1.2293212031945586
-1.2306235386058688
-1.231631573010236
-1.2323924382882459
-1.2347310936477567
-1.2362490172187488
-1.2369840418299038
-1.2384146054585774
-1.245562740523989
-1.2510120748673217
-1.2633460590222967
-1.2637329278695688
-1.2642152097541839
-1.2740528392605484
-1.2842705990963925
-1.2877616882324219
-1.290349006652832
-1.2915994332482417
-1.2919105139872045
-1.302041538641788
-1.3024899531155825
-1.3106497544277873
-1.3120336960855639
-1.3183351879415568
-1.3195461299910676
-1.3362006073196728
-1.3424842643241088
-1.3467983598820865
-1.3534436486661434
-1.360617583617568
-1.3725809804163873
-1.373639742533366
-1.3754927317301433
-1.3872733498838814
-1.3898535723410532
-1.3979416592046618
-1.4018610545567103
-1.4018897612889607
-1.4046216309070587
-1.405669371287028
-1.4159675920382142
-1.4275516744237393
-1.4384613037109375
-1.4389897596091032
-1.440717263147235
-1.441701755936568
-1.4423609219491482
-1.4449080675840378
-1.4501449664433796
-1.456186099734623
-1.4580582221123306
-1.4619468776218127
-1.462773819884751
-1.476265124976635
-1.5102971196174622
-1.5170608840417117
-1.5207953751087189
-1.522066773048469
-1.5257083461619914
-1.5263282102532685
-1.5264645928982645
-1.5301613460760564
-1.5357302948541474
-1.5365407318458892
-1.53750091267284
-1.5495488444964092
-1.5559810046106577
-1.5798648255211967
-1.5802548974752426
-1.5823580607771874
-1.5950750261545181
-1.6005170793117334
-1.600784182548523
-1.6138683954874675
-1.6335370143254597
-1.6600990295410156
-1.6686136713105952
-1.686439957411494
-1.701747684226575
-1.7043785601927084
-1.71522001712583
-1.7172866321634501
-1.7179678787166874
-1.7548674670688342
-1.7598021030426025
-1.7604072881804314
-1.7894412893801928
-1.8106581916411717
-1.8303061351180077
-1.8394090810324997
-1.845445873060574
-1.8509247402350109
-1.8797962665557861
-1.9543514912948012
-1.9803906083106995
-1.9904648065567017
-2.006430435180664
-2.036590039730072
-2.068736473719279
-2.0697261914610863
-2.0837717056274414
-2.148936539888382
-2.1919164260228476
-2.2468461990356445
-2.324614703655243
-2.325138474921308
-2.3322431445121765
-2.5576646849513054
-2.610882525642713
-2.6405171137303114
-2.6623079677422843
-2.6892632488355352
-2.69200599193573
-2.6920866163709434
-2.702884414087748
-2.715949833393097
-2.8421761869394686
-2.873072624206543
-2.9192828088998795
-2.9718189239501953
-2.985568642616272
-3.037663875729777
-3.328690528869629
-3.4574692249298096
-3.5135329961776733
-3.5233505964279175
-3.7611491978168488
-3.834894945961423
-4.290663480758667
-4.290767669677734
-4.369763374328613
-4.472733497619629
-4.551430984167382
-4.743691444396973
-4.8407913595438
-5.295981407165527
-5.509700298227472
-5.580678939819336
-5.775923728942871
-6.20815372467041
-6.617068767547607
-6.811249256134033
-7.753717422485352
