-0.0001787979417713359
-0.011768194904834672
-0.029421197716146708
-0.03465228661252695
-0.05340086670057644
-0.0890001285949568
-0.10406536579637304
-0.12965087871998549
-0.13060681032837035
-0.13339012197684497
-0.1346450215036384
-0.14988363390421
-0.15394422776686648
-0.15886501347025236
-0.160315163376697
-0.1656403781884137
-0.1674504900802276
-0.2116176346262364
-0.21204572232145438
-0.2272667328497846
-0.22881459543158497
-0.23245312744074909
-0.23578150710749537
-0.24026201288215815
-0.24154715807162574
-0.24546804441004294
-0.24670464981214277
-0.24735079230958945
-0.2550487298040025
-0.25696810394310887
-0.25716352415417987
-0.2746171422239867
-0.2869177751611763
-0.29868456505791985
-0.3024674959780593
-0.30404491411154594
-0.31196458814095723
-0.3136961580440974
-0.31556322039614315
-0.3217514921869022
-0.32207562226758457
-0.3244399574367283
-0.3314004092615808
-0.3398025709969943
-0.3399120866151861
-0.34617241626237955
-0.3463992762563066
-0.34815087171461656
-0.36012276336550714
-0.3607051539418535
-0.3703279531311839
-0.3725823933345964
-0.3771775295941056
-0.38016125024296343
-0.38237896487654716
-0.38407983771758153
-0.3932277751917354
-0.3948186840478027
-0.3988783434833749
-0.4001892905992766
-0.40122568594711866
-0.4014139764654828
-0.40160646552547813
-0.40167041092793926
-0.40192114591573047
-0.40531965970967576
-0.4068550240351922
-0.4073954984462489
-0.40860686015797604
-0.41410604827106
-0.41570093919705997
-0.42023275080009626
-0.4214430510140801
-0.4223655095542199
-0.4227905727662541
-0.42513822244193133
-0.42522483675965206
-0.4267385132527579
-0.43674517547090846
-0.438902532373686
-0.4394037607974042
-0.4403263681280805
-0.44319880901934994
-0.4446470508620324
-0.44600301912905704
-0.4498361468837174
-0.4511334109303789
-0.45272074274882357
-0.4533410358057558
-0.45441390201449394
-0.45648431236118164
-0.45672015320142234
-0.45830930172564877
-0.4596331031128784
-0.4621322112347116
-0.4699257524378481
-0.4701196451729896
-0.47061434555071174
-0.4707381837778788
-0.47150638173079956
-0.4716494195807172
-0.4717311551044986
-0.47726814228842696
-0.4773128943387561
-0.47741894941911295
-0.4844864775384647
-0.4852052244543919
-0.48559594897337127
-0.4862914887289283
-0.48904654619836946
-0.49011169844561664
-0.4939881049879411
-0.49683098029345274
-0.49694928410789885
-0.5003858766140183
-0.5005327188639512
-0.5024773151680064
-0.5036539298016578
-0.5061259356637796
-0.5061765345821746
-0.5071134846467531
-0.5087510630488395
-0.5097800183608285
-0.513587657154728
-0.5145797428871116
-0.5191192037760629
-0.5199984779304032
-0.5227131301762711
-0.5249601039436779
-0.5255352377318558
-0.5257894867099822
-0.5261327499497384
-0.5299334728741087
-0.5301535587500944
-0.5319978125911575
-0.5333492259724608
-0.5335170783981604
-0.5352471219468194
-0.5375735312700272
-0.5422211865778082
-0.5428622533199814
-0.5430096242005014
-0.5461121837279279
-0.5474370545078793
-0.5494712899411525
-0.5497754697660304
-0.5504653890908836
-0.5526997469589534
-0.5531770828019944
-0.5532075192721095
-0.5532369925509556
-0.554619302640536
-0.5554183825706005
-0.5566356166674441
-0.5588483963700936
-0.5653356526684851
-0.5692623421605276
-0.569789805933965
-0.5717198003764679
-0.5740657404321284
-0.5757324248552322
-0.5761043546037601
-0.57911805405952
-0.5797534486518998
-0.582252972311835
-0.5832971881950092
-0.5834683240062617
-0.5836203904305316
-0.5841648324413572
-0.5882529937982023
-0.5890437385399613
-0.5890710772036982
-0.5928659139349642
-0.5954641832347443
-0.5962395332520828
-0.6001559347812873
-0.6002364037558436
-0.6006533983240493
-0.6025277989476308
-0.6034394959788187
-0.6042330775223739
-0.6045774818824915
-0.6058527793938018
-0.6063540770541295
-0.6067011969100183
-0.6085001334403515
-0.6088805273096796
-0.6091713972395015
-0.6107771039838884
-0.6111854661937286
-0.6121996423208429
-0.6139815228551015
-0.61456955520854
-0.6147077093414737
-0.615178771219184
-0.6169425000673734
-0.6170721670178604
-0.6203925478036061
-0.6221868220143734
-0.6236866986841754
-0.6252305944741844
-0.6291588420048356
-0.6304031247127568
-0.6321469322881057
-0.632841537245955
-0.6332726332718515
-0.6335047261433905
-0.634463048978823
-0.6352943752329642
-0.6356616818680777
-0.637779342863052
-0.6378393927681524
-0.6389876604852361
-0.6390862881983315
-0.6393698306311802
-0.6413562157767129
-0.6431706137706215
-0.6431905453159111
-0.6444917531959897
-0.6462023159183445
-0.6480713440105319
-0.648251630469258
-0.6485928747532483
-0.6493407931071488
-0.6517227637992065
-0.6529715170854237
-0.6541657858594719
-0.6541785256108597
-0.6547324223906592
-0.6548646079457155
-0.6558507399658993
-0.6565355173750302
-0.6590983484578222
-0.6605719779894571
-0.6665393181951913
-0.6682336498615769
-0.6692324483170523
-0.669360339641571
-0.6706608642186066
-0.6706785015818999
-0.6712142993089254
-0.6717829418027707
-0.6721494485003253
-0.6735360104561551
-0.6766632914389168
-0.6788358187645477
-0.6815009586384804
-0.6852077613315757
-0.6863780807038893
-0.6870360248367828
-0.6898875549837371
-0.6912527991904426
-0.6913476432050629
-0.6927096903345955
-0.69448261402772
-0.6950660869732256
-0.7013632399485568
-0.7016826566308737
-0.7022499600880759
-0.7026733978177617
-0.702880865348258
-0.7045573675682135
-0.7054239080348452
-0.7071636487362412
-0.7084924086157116
-0.7105568488496071
-0.7111995863728225
-0.7115698258032429
-0.7117355354130268
-0.7125989759042568
-0.7151708778259263
-0.7156849802316477
-0.7157170474586413
-0.722245439595099
-0.7250529517020498
-0.7276832012230064
-0.7282827885194112
-0.7329118466004729
-0.7333470062928503
-0.7381852002348751
-0.7427473913412541
-0.7433345725529272
-0.7449345386897525
-0.7464490239120399
-0.7476051026844256
-0.747707620266218
-0.7482807050107851
-0.750237607364852
-0.7522098622128917
-0.7548997320653913
-0.756243689591065
-0.7578919976949692
-0.75840650545274
-0.7599453900181418
-0.7644260413944721
-0.7660572584161697
-0.7684095866604296
-0.7694358766511868
-0.7717072333674878
-0.7728482850604753
-0.7746753062335431
-0.7761224358607706
-0.7763423871340068
-0.7786307197845114
-0.780353770005604
-0.7837908045362636
-0.7898417036506414
-0.7921234397759286
-0.7941495859672614
-0.7952910058666021
-0.7977347361873479
-0.7993525273166597
-0.803383736560742
-0.8036576376180165
-0.8045710088812889
-0.8046936293443044
-0.8076584422055425
-0.8083557738639987
-0.8084684185740874
-0.8088268139354492
-0.8120870245620608
-0.8144885498674815
-0.8172960456771156
-0.822560592442187
-0.8235491133694138
-0.825958437907199
-0.8304340519217865
-0.8339515501982533
-0.8345679566245394
-0.8355382184244717
-0.8356144118122757
-0.8358779937511177
-0.8371144620080789
-0.8405254327725353
-0.8410125225782394
-0.8423196786716289
-0.8429768834806358
-0.8463126900916298
-0.8483680246572476
-0.8501273162255529
-0.862210763990879
-0.8624172143463511
-0.8639483159341681
-0.8671281333857527
-0.867611265381533
-0.8688715646664301
-0.86895417587657
-0.8697961476646014
-0.8724637379248937
-0.8729849775809271
-0.8733203349014124
-0.8735306473831265
-0.8751037817681209
-0.8751088365168206
-0.875211464939639
-0.8789597980460511
-0.8821147214124115
-0.8824678593704383
-0.8835747501709394
-0.8847287290404243
-0.8857347763971322
-0.8901641979869055
-0.8922019299498061
-0.8939536470570602
-0.8944048692063404
-0.8980891527304493
-0.8991018197149969
-0.9005036140525979
-0.9013445564402706
-0.9020919452110926
-0.9022147472744109
-0.9026772314005939
-0.9041610366354386
-0.9041978736265069
-0.9049241155385971
-0.9113643797517802
-0.9138465035931859
-0.9210061320530561
-0.921343669295311
-0.9225737158005358
-0.9233227928302118
-0.9237398820890425
-0.927725770885317
-0.9330582336810949
-0.9346294471128481
-0.9367637525865575
-0.9372731468950709
-0.9402413117780194
-0.9430771623156033
-0.9438503900273645
-0.9446180580183864
-0.9456340052711312
-0.9458577201380649
-0.949472201988101
-0.9504887500297627
-0.9557260293513536
-0.9558384174015373
-0.9604967225568088
-0.9660250600427389
-0.9695852828699572
-0.9701795540750027
-0.9707910269295098
-0.9733905519048373
-0.9734214808588149
-0.9748944696038961
-0.9750906732855128
-0.9761883969185874
-0.977584377442463
-0.9782352379988879
-0.9800144845115332
-0.983448853250593
-0.9888796508312225
-0.9888858401471226
-0.9900758365790049
-0.9917065728680882
-0.9926436886289594
-0.9952734938503656
-1.0019705832004546
-1.0041771137621254
-1.007042630633805
-1.00743158133605
-1.009111280242602
-1.0209425649692483
-1.0249314442276956
-1.0277161557848256
-1.0313412224253018
-1.0322421458718705
-1.0331591601845502
-1.0358497310662642
-1.0365541279315948
-1.038686892638604
-1.0443662526953024
-1.045897815914941
-1.0464065201809944
-1.0512951351508188
-1.0549302628367312
-1.0563740937551402
-1.0575152633711695
-1.0603451915085316
-1.0607849805383012
-1.06146747023422
-1.068895443745987
-1.0690928367953347
-1.0748654583207098
-1.0812320170924068
-1.0917316959239542
-1.09270346856543
-1.0959639776847325
-1.104649500123092
-1.1053157970309258
-1.115240463501929
-1.115396288564524
-1.1176406804276797
-1.1237995518915038
-1.1253305999096483
-1.1263619806966745
-1.1316303337613742
-1.1380682849568464
-1.1437137253811898
-1.144080447684448
-1.147438677912578
-1.1525350220730843
-1.1548579105486472
-1.1583748737248243
-1.160263951246937
-1.1603468587214594
-1.1608413128803174
-1.1636890686117112
-1.1714289594820002
-1.1736605972206842
-1.178595632314682
-1.1802508167715535
-1.1877238079886752
-1.1877967432141303
-1.1902367128059268
-1.1936488557985285
-1.195426718215458
-1.197213340550661
-1.200445199398564
-1.2053578807778347
-1.2113048795743453
-1.214784738658068
-1.2157193173964818
-1.2192830722779036
-1.2242087736085523
-1.2290248186327517
-1.2336023168948789
-1.2425609678030014
-1.2433827370405197
-1.2472443257768948
-1.2499907027397836
-1.2515329234302044
-1.2544506567734062
-1.2548657443039701
-1.2603858383372426
-1.2679135600675788
-1.2724239692712824
-1.27582138400021
-1.2819389511278132
-1.2875946015119553
-1.3146662253158865
-1.3189406660967506
-1.323584965297154
-1.3309071652474813
-1.3320170481290137
-1.3327712717580653
-1.3349521051859483
-1.3361066579818726
-1.3471593434611957
-1.3502786329814367
-1.358640774020127
-1.359038911468815
-1.3599933880585013
-1.3691122233867645
-1.3709446883627348
-1.3779226433252916
-1.3821405007370882
-1.3821865282952785
-1.3871318546589464
-1.388746727607213
-1.3907574315865834
-1.3983934516833187
-1.4001281927688978
-1.4095615191865363
-1.4111674735322595
-1.412022983271163
-1.4214673110982403
-1.4252499304711819
-1.4256440246786042
-1.436036801338196
-1.4519740045070648
-1.4562057048315182
-1.465569594525732
-1.4707952414028114
-1.4837037470715586
-1.5065188342317317
-1.5078725190251134
-1.5167415166894596
-1.5228577852249146
-1.5260955202393234
-1.58216076840957
-1.585877354897093
-1.60440831547603
-1.6072982028126717
-1.6177944475784898
-1.636614315211773
-1.6457233875989914
-1.6491448879241943
-1.6628726584215958
-1.668917715549469
-1.6770924866199493
-1.6920659563038498
-1.6965172737836838
-1.6974250978479783
-1.7113199730714161
-1.7156309716325875
-1.716178827919066
-1.7184406084318955
-1.7197468373924494
-1.7215455025434494
-1.7271968722343445
-1.7338413335382938
-1.7537188455462456
-1.7918840382869046
-1.8019115961156786
-1.8058113722751539
-1.8109584074700251
-1.8227512761950493
-1.8342648148536682
-1.8557784730801359
-1.8964046575129032
-1.9104483251770337
-1.9272488480977092
-1.952003002166748
-1.9535524938255548
-1.9625171806352835
-1.9628434479236603
-1.979522161418572
-1.9816964864730835
-1.9858176801353693
-1.9888195677194744
-2.0174618661403656
-2.0193256464165947
-2.0257980031892657
-2.036565283934275
-2.0418141211072602
-2.0808693170547485
-2.0833377838134766
-2.1267060041427612
-2.1268534660339355
-2.164811372756958
-2.192184090614319
-2.256186162121594
-2.279288180715715
-2.311819871266683
-2.335705131292343
-2.361609935760498
-2.372517228126526
-2.3914787769317627
-2.3938921689987183
-2.4002363681793213
-2.4044023338550082
-2.4387710094451904
-2.455467462539673
-2.4951581954956055
-2.501418352127075
-2.5055303379970915
-2.5367062091827393
-2.5512043237686157
-2.561454266309738
-2.563930332660675
-2.5788453398272395
-2.5902236606925726
-2.5983409881591797
-2.660794973373413
-2.7051349459216
-2.7629719553515315
-2.7932817935943604
-2.853219031356275
-2.945751667022705
-2.9512597043067217
-3.00321626663208
-3.0421128273010254
-3.0537168971059145
-3.2339491844177246
-3.34830987022724
-3.453770366807779
-3.9483607364818454
-4.056978464126587
-4.105979263782501
-4.336321651935577
-4.506354123353958
-4.534064769744873
-4.542145311832428
-4.561838626861572
-4.67100191116333
-5.356043815612793
-5.365087032318115
-5.419187068939209
-9.012478828430176
-9.406794548034668
-12.907400131225586
-12.941938400268555
