-0.010127854048429677
-0.016097415413241833
-0.041767824751635395
-0.04606452863663435
-0.05130779078172054
-0.07799221189270611
-0.13580752676352859
-0.1564327801267306
-0.1637321010526648
-0.2532148658711877
-0.2601591458078474
-0.26262810655559105
-0.27561418666017645
-0.2813931049386156
-0.2814166136085987
-0.2844362792222657
-0.30353869063219463
-0.3088910076439788
-0.337322102903272
-0.3391401039229499
-0.3482549289292365
-0.3485073495485267
-0.35456198681883205
-0.35561985751216224
-0.36229022331535815
-0.36939928319407045
-0.36948801614117754
-0.3696903277854694
-0.3707145860987819
-0.3722875763196498
-0.37409045334373203
-0.375086954102153
-0.3989329579182797
-0.39915934232014577
-0.40068678057702656
-0.4024847154689875
-0.40410422296422027
-0.4071253635716857
-0.4105804943648199
-0.41058484298264375
-0.4132151067832537
-0.41486956943263065
-0.4157073009409942
-0.4171543786651455
-0.42560901854947014
-0.427029705527093
-0.433220509234161
-0.43390588089823723
-0.43887183582410216
-0.4397391614814599
-0.441682124347426
-0.4529430048331912
-0.4561131029493279
-0.46080442862294146
-0.4623658773023635
-0.46283312908963126
-0.4743472209333309
-0.483026064309182
-0.48997136741745634
-0.4906799054394166
-0.49441901877221156
-0.5022586466307984
-0.5031921996463401
-0.5049401228650543
-0.5056813297180471
-0.5070908821037259
-0.5088873883825726
-0.5114843742004058
-0.5189195508137345
-0.5192034434979124
-0.5208271585870534
-0.5224067966630953
-0.5249274732213962
-0.5250909162374834
-0.5263510063911477
-0.5277519351187948
-0.5304207565379329
-0.5308935619146463
-0.5342110665980726
-0.541198807147642
-0.5423428647752319
-0.5428415504949433
-0.5441213875830206
-0.5468903508037328
-0.5475723372895599
-0.5477756791879074
-0.5493858489013898
-0.5527806721095528
-0.5586423084367363
-0.5590122416615486
-0.5622868000945245
-0.5661615744271936
-0.5662034070924468
-0.5668255786513328
-0.5696272244589636
-0.5734427745143572
-0.5781659452355338
-0.5808073370200064
-0.5811031097080559
-0.5860657866067579
-0.588773145340383
-0.5906426180542136
-0.5966546194462213
-0.6019899321856491
-0.6030913790067037
-0.6057671489349256
-0.6059927947563583
-0.6093487706035375
-0.6095540011655041
-0.6120210225876533
-0.6129206314217299
-0.6155437951152714
-0.6215499719305783
-0.6226448239758611
-0.6239611034591993
-0.6243008890887722
-0.6291848421096802
-0.630355314571716
-0.6327017735224217
-0.6414487536530942
-0.6442657381296157
-0.65143637199487
-0.6522258246550336
-0.6544513867702335
-0.6544992860210848
-0.6547968486829632
-0.655454702937277
-0.6594239810947329
-0.6637761909514666
-0.6682482300675474
-0.6691505748778581
-0.6694206508497397
-0.6786505960044451
-0.6970759786665439
-0.6984480643754069
-0.7010085689502635
-0.701117650213994
-0.7045758837969819
-0.7068779565393924
-0.7172420601516272
-0.7215396080611517
-0.7320222521245697
-0.7358442891653305
-0.737978708040173
-0.7416531647200567
-0.7452366443927271
-0.749920204328373
-0.7504358395752206
-0.7541492709036296
-0.7565312288235873
-0.7620447176797521
-0.763988645747304
-0.7667334663062568
-0.7764812344685197
-0.7774921157082039
-0.7780678918186043
-0.780140384169779
-0.7851519892491134
-0.7852665148225655
-0.7857963049811789
-0.7924161287520898
-0.793004760479865
-0.805419989686925
-0.8154027260839939
-0.8241268167590821
-0.8350795691425447
-0.8459352436475456
-0.8483984932303429
-0.8542167628669025
-0.8578723858033548
-0.8812682732355113
-0.9012849732063755
-0.9219483519384812
-0.9257994468168292
-0.9356365607124463
-0.9405374814606537
-0.9425888890400529
-0.9445090643289404
-0.9466950057540089
-0.9569546690548859
-0.957328877504915
-0.9854564999695867
-0.9857311418891186
-0.9911372282215216
-0.9965360658550506
-0.9994951200547243
-1.0059542133606523
-1.0096594411131394
-1.0166279967874288
-1.0187314611201448
-1.027286015082306
-1.0883925700992612
-1.1024618110636115
-1.1031404370442033
-1.103593260598635
-1.1320269169906776
-1.1440698271617293
-1.1532148285035733
-1.1736901293625124
-1.1783501385568973
-1.2093816639389843
-1.220613548066467
-1.2221990767311244
-1.4032250279560685
-1.4387905187904835
-1.443908479763195
-1.460344827733934
-1.4697070696856827
-1.4872851490974426
-1.5157848615199327
-1.5882038218551315
-1.6277854843065143
-1.7185642691329122
-1.728719578590244
-1.7590235030511394
-1.7880524303764105
-1.7890003857513268
-1.7898585298098624
-1.9887309074401855
-2.1532571157440543
-2.1864061491796747
-2.327506555826403
-2.410401150584221
-2.4597198367118835
-2.4643468527744212
-2.6211225986480713
-2.621323532735308
-2.651345575849215
-2.6903041874368987
-2.725829601287842
-2.7922202348709106
-2.950978398323059
-2.9903213819488883
-3.075117416679859
-3.1406902074813843
-3.377589464187622
-3.4793245792388916
-4.112154960632324
-4.159339427947998
-4.165835976600647
