-0.0004513871117524104
-0.01277023390866816
-0.01885262131690979
-0.028220262999335926
-0.0285876402631402
-0.044381050451193005
-0.0655140820890665
-0.07715567234637481
-0.09065440380405221
-0.10899388430074655
-0.1102796345949173
-0.12300790660083294
-0.1472118473611772
-0.16086600348353386
-0.16762340115383267
-0.18147568156321844
-0.194743812084198
-0.19638074189424515
-0.21084923122543842
-0.2181086219165341
-0.22053695332890907
-0.24178741806099424
-0.2685872735455632
-0.27297401800751686
-0.2781561352312565
-0.2798607423901558
-0.2888509599595434
-0.28901315728823346
-0.290142475994071
-0.29738175178257126
-0.3029265248114825
-0.3078337419911232
-0.31141223141457886
-0.32177711501717565
-0.3260573446750641
-0.3371436320740031
-0.3479459195223171
-0.3521389039233327
-0.35376059863301634
-0.3553411239758134
-0.3554389950877521
-0.35985163452278357
-0.36115962396288526
-0.3618032233789563
-0.3624389205942862
-0.3629526087980984
-0.36626427044393495
-0.3680617480228345
-0.3690233234810876
-0.36916359931152937
-0.37637940555254723
-0.37951540501217096
-0.38128798358541516
-0.38216493392337725
-0.38342471420764923
-0.3945328046393115
-0.3993661488709352
-0.40121869553695433
-0.40148522252113455
-0.4040515327991064
-0.41183121762005614
-0.4157023022628643
-0.4181222258417468
-0.419591693362842
-0.41970148403197527
-0.4214835438069713
-0.42316428013145924
-0.42515596684663454
-0.42566815579910044
-0.427041823854265
-0.42992205650079995
-0.432656555341091
-0.4332116659497842
-0.4354088816675358
-0.44003215297319304
-0.4417687803506851
-0.44203747208484856
-0.4432633932447061
-0.44729728856663525
-0.447654607088124
-0.4480512519616501
-0.45232381022328305
-0.45264283230062574
-0.45399185909061796
-0.45418632760023075
-0.455945059346656
-0.4561260063201189
-0.4572311316927274
-0.45807666557302584
-0.4600309605141067
-0.46016300068004057
-0.46055605584115256
-0.4612896258255378
-0.461992601986276
-0.4623698249622248
-0.4641221055709239
-0.4643138328065106
-0.4643444979252915
-0.46514150701529744
-0.46547833044314757
-0.4654917654406745
-0.4655849998816848
-0.46635478095849975
-0.46760475216433406
-0.4700206421781331
-0.4700742844854378
-0.4713566657820983
-0.47204435761086644
-0.4734209982626554
-0.4746008826607269
-0.4747115358710289
-0.4750588274150884
-0.47668899444621415
-0.47687118775211274
-0.4778214482590556
-0.47792354855586644
-0.4781075379214599
-0.47993176624974393
-0.4807550010154955
-0.4818188844559093
-0.48194451034069063
-0.48412142223633753
-0.48668060243346645
-0.48706101548305014
-0.48814828880131245
-0.48905426263809204
-0.4892072614049539
-0.48957581062798755
-0.4900580040139175
-0.49076096434146166
-0.49110737721743397
-0.49262433177791537
-0.4928459504638643
-0.49315826010570163
-0.49401644475957646
-0.4949220820101267
-0.4965548078529537
-0.4967922110642706
-0.49687654626116756
-0.49756658414844424
-0.497780964299131
-0.49883945657638834
-0.49956159056164323
-0.5002577875566203
-0.5004160355660133
-0.5014199847168389
-0.5023740820819512
-0.5048646506736987
-0.5060938657994224
-0.5078726000152528
-0.5091920596314594
-0.5113667016266845
-0.5136881168470538
-0.5170234258985147
-0.5181215299078479
-0.5188286060678194
-0.5197176709771156
-0.5206835757257068
-0.5212039476363526
-0.522538603684451
-0.5234342111158184
-0.5246661350131034
-0.5255988687664891
-0.5267762436609095
-0.528031813291212
-0.5287364910068896
-0.5288098901801277
-0.5305202360381372
-0.5317375318627455
-0.5321705070152682
-0.5322089841023886
-0.5335927005435224
-0.5338918165769428
-0.5340463534618417
-0.5345135067414698
-0.5346188545227051
-0.5348196542748299
-0.53615011596897
-0.5368828126914141
-0.5380999678745866
-0.5381330366855344
-0.5382203453686089
-0.539558480377309
-0.543490644544363
-0.5437752598081715
-0.5448751523478055
-0.545614847190384
-0.5465196687844582
-0.5492468601441942
-0.5494484468751276
-0.5496100388918421
-0.5506273937256386
-0.5510705017077271
-0.5534088748237608
-0.554087704110619
-0.5550216284270088
-0.555235573110859
-0.5553554318059468
-0.5563334496774976
-0.556915804955809
-0.5587015867662558
-0.5613760648605725
-0.5621312288567424
-0.5621541320724646
-0.5623112580324232
-0.5626535184856039
-0.562716641323641
-0.564711460766072
-0.5658852070569992
-0.5664180642666502
-0.5678483532352276
-0.5683600670308806
-0.5687998326378875
-0.5690939374700454
-0.5691168166085845
-0.5697681109110514
-0.5698630613740534
-0.5709351381020886
-0.5714452612612929
-0.5726571274442702
-0.5728711627868636
-0.5730089640244842
-0.5743184729680334
-0.5751504085958004
-0.5756001137197018
-0.5758103942498565
-0.5774804577231407
-0.5780223429979136
-0.579520078974643
-0.5803434610425029
-0.5807498866381745
-0.5808378847044272
-0.5821208601566747
-0.5830026031305481
-0.585118623978148
-0.585398456826806
-0.5854542879387736
-0.585756344188537
-0.5867145461469873
-0.5867906801100947
-0.586845512711443
-0.5873580325198167
-0.5876316793340569
-0.5885905853162209
-0.5904964078508783
-0.5938755970506293
-0.594398926065769
-0.5944972197591726
-0.595038714637566
-0.5953943634522147
-0.595631952069703
-0.5979248316749
-0.5987909685820341
-0.5997251057221243
-0.6019470431089687
-0.6035698445304297
-0.6036284826695919
-0.6048675603233278
-0.6059154427081618
-0.6066726412285458
-0.6068732599129102
-0.6080308102900744
-0.6081639078911394
-0.6098373438697309
-0.6099038772129765
-0.610821625062575
-0.6169582381844521
-0.6175005535284678
-0.6177927581647964
-0.6195411438432833
-0.619819593305389
-0.6219236064070073
-0.622520429522006
-0.6242620610331263
-0.6258053616287985
-0.6262013650377325
-0.6263055924791843
-0.6265046478818275
-0.6280575926519103
-0.6292110336944461
-0.6300753301164757
-0.6317360269022174
-0.6318928257795051
-0.6347548198730996
-0.6359568563611468
-0.636921028587191
-0.6369867998485764
-0.6369891224247921
-0.637204311736342
-0.6394022175110876
-0.6395799222867936
-0.6399301692843438
-0.64170526174712
-0.6428099246466965
-0.6430868582101539
-0.6454349270206876
-0.6456981003284454
-0.6477409501560032
-0.648569812986534
-0.6488263569481205
-0.6491319080038617
-0.6508160657249391
-0.6512521124095656
-0.6518655139007024
-0.6522138310247101
-0.6544428834588163
-0.6544939904766969
-0.6546720755951745
-0.6556418820594748
-0.6561420163488947
-0.6565433845389634
-0.6572196071834436
-0.6575721058179624
-0.6583794821053743
-0.6599789064414587
-0.6603233754634857
-0.6606870944289347
-0.6609120334112297
-0.6614102971434477
-0.66215595168372
-0.6624281764030456
-0.6640443482125798
-0.6647260258323513
-0.6650778632843867
-0.6652135231415741
-0.6660673211195639
-0.6675813543843105
-0.6676446264609694
-0.6690548472979572
-0.6692637218162417
-0.6697968516188363
-0.6704744930611923
-0.6714755665494262
-0.6721721034729853
-0.6722806064877659
-0.6736813771227995
-0.6743290503509343
-0.6748009143735875
-0.6762144565582275
-0.6767240376876933
-0.6772052884800359
-0.6776133577999038
-0.6792353095176319
-0.6810833228131136
-0.6814333800367811
-0.681701366964262
-0.6840514200739563
-0.6847918554475265
-0.686915630067233
-0.6875499505653612
-0.6875674963666825
-0.6885963304739562
-0.6887920941032158
-0.6889189584180713
-0.6897641222923994
-0.690342241502367
-0.691121082430722
-0.6931595027446746
-0.6937037010211498
-0.6938900983950589
-0.6948732652235776
-0.6953892128076404
-0.6957466021801034
-0.696987732546404
-0.6976896030828357
-0.6981778193730861
-0.7028992706909776
-0.7033641963789705
-0.7037712931632996
-0.7059927552938461
-0.7073711058183108
-0.7090613273903728
-0.7094948013545945
-0.7095295574482796
-0.7106434501765762
-0.7113174779547585
-0.712858992112524
-0.7135172258131206
-0.7143316586568419
-0.7145604184932179
-0.7146283021545969
-0.7156209230422974
-0.7157940757460892
-0.7165355464792811
-0.7171768263215199
-0.7179804824292659
-0.7183017715911514
-0.7183814778545639
-0.7200747437775135
-0.7204351048671275
-0.7212420373883409
-0.7218636193623146
-0.7221392974800741
-0.7244733104947955
-0.7255002219656793
-0.7267599053680897
-0.7267763867151059
-0.7271232463419437
-0.727247965729071
-0.7285155486737466
-0.728896843502298
-0.7337438113601011
-0.735334898578003
-0.7353862831951119
-0.7354399601771386
-0.7360542491078377
-0.7370508825073817
-0.7371452540159226
-0.7373092145555549
-0.7374123611537341
-0.7374232104768799
-0.7390784648125104
-0.7421101540094241
-0.7443491876590997
-0.7444946847927685
-0.7447762839496136
-0.7459856873311865
-0.7486035490990617
-0.7488858286873438
-0.7490964083001017
-0.7518821959125085
-0.7527801382044951
-0.7541775606357708
-0.7554880819057871
-0.7556061170995235
-0.7565091809607111
-0.7568194965521494
-0.7592678447254002
-0.7649040862646265
-0.7675373241072521
-0.7678218950583998
-0.7680938268701235
-0.7684941375960729
-0.7689157396347986
-0.7709959729467161
-0.7717769116991096
-0.7718485404737294
-0.7720996794087114
-0.7721048595383764
-0.7729722249011198
-0.7736186077818274
-0.7736199746723287
-0.773866094648838
-0.7772388507146388
-0.7778482392430306
-0.7799851815733645
-0.7803172098472715
-0.782106337396221
-0.7823664233604047
-0.7835432601161301
-0.784055865103645
-0.7844577312353067
-0.7858734772385408
-0.7883514714892954
-0.7902063584187999
-0.7910590870305896
-0.7947844351641834
-0.7958031045040116
-0.7977240610867739
-0.7981352396309376
-0.798139828334873
-0.7984798392280936
-0.7989361537620425
-0.7991541611263528
-0.7996800015015262
-0.8003335099977752
-0.8007418462075293
-0.802706915140152
-0.803237336804159
-0.8036157192130174
-0.8080166616876211
-0.8087754050890604
-0.8121478431858122
-0.8131668054259839
-0.8148527390190533
-0.8149149467547735
-0.8171777987486816
-0.8187214153585956
-0.8194407158298418
-0.8195541812520888
-0.821340548369335
-0.8233982533216476
-0.8235311184544116
-0.8280843417160213
-0.8297941559285391
-0.8298517128787353
-0.8307329022458622
-0.8344914191402495
-0.8357881055562757
-0.836374222404427
-0.8372598884394392
-0.8411342764273286
-0.8413562983540552
-0.844485185847418
-0.845593772518138
-0.8456578907353105
-0.84634570479393
-0.8482805648818612
-0.848361550073605
-0.8489580973051488
-0.8500270214863122
-0.8512396261794493
-0.8536408245563507
-0.858756210654974
-0.8589320319652971
-0.8589780098862119
-0.859017796930857
-0.8590999422761213
-0.8596138030290603
-0.8649091630109719
-0.8650559262993435
-0.8670351773228807
-0.8693040000041947
-0.8705468599994978
-0.8712095767259598
-0.8713151089226207
-0.8716194720822387
-0.8727511285493771
-0.8746434251467387
-0.8756060544401407
-0.876610259215037
-0.8768593538552523
-0.878181979060173
-0.8792205810546875
-0.8793168841096174
-0.8794233518419787
-0.8797280920747047
-0.8802641814225354
-0.8837698353620779
-0.8841767445206642
-0.8877385663051557
-0.8904345535141017
-0.8915020348504186
-0.8915111202125748
-0.8925501554539161
-0.896425801728453
-0.8986747711896896
-0.8992566694505513
-0.8998448252677917
-0.9004031208169181
-0.9006600230932236
-0.903211067779921
-0.9042220314343771
-0.9046409440537294
-0.905115028261207
-0.908025121781975
-0.9127822229638696
-0.9159396005173525
-0.9189371400279924
-0.9203117806464434
-0.9229299485683441
-0.9236124875023961
-0.9275118803073253
-0.9279054894577712
-0.9333641889388673
-0.9342595016496489
-0.9346545822918415
-0.9382282914593816
-0.9395094283602454
-0.9404418941121548
-0.9417774421162903
-0.9436039259696068
-0.9442128539085388
-0.9446296675337685
-0.9456083561914662
-0.9515534171036312
-0.9515606632404443
-0.9566959809245807
-0.9568472437560558
-0.9582979876237611
-0.9603874596456686
-0.9638009667396545
-0.967953305070599
-0.9684046899201348
-0.9717851277174694
-0.9722242460832907
-0.9758814411858717
-0.9774137064814568
-0.9781807517865673
-0.9812638213237127
-0.9843038487888407
-0.9847328616306186
-0.9862320049433038
-0.9912222325801849
-0.9927341602742672
-0.9927745204418897
-0.9955882018742462
-0.9957241531875398
-0.9970902144908905
-0.9971169382333755
-0.9978130584183548
-0.9988318212330342
-0.9997127486858517
-1.0013986482517794
-1.0126127004623413
-1.0127446290312543
-1.014231976121664
-1.0152044057031162
-1.0181017024442554
-1.0204372278725107
-1.023554503917694
-1.02455035794992
-1.0358559349551797
-1.0377476066350937
-1.0411603329536905
-1.0422180533409118
-1.0474296882748604
-1.0500948291271925
-1.052880088488261
-1.0591045857407153
-1.0602933447808027
-1.0605835034194486
-1.0616018435684964
-1.0625978503492661
-1.0630410734641675
-1.063546334910724
-1.0679252856498351
-1.0709185066765972
-1.0759892069424193
-1.0779632133431734
-1.0780878538886707
-1.0824155868031085
-1.0988580423174426
-1.1058728724718094
-1.1164570332504808
-1.1255817069904879
-1.1271194577217103
-1.1281126320362092
-1.128676563501358
-1.128884841998418
-1.131618656218052
-1.1350840144041214
-1.135473649483174
-1.1413946211338044
-1.1528159342706203
-1.1593309144179027
-1.1624341284235318
-1.1740413159132004
-1.176016807064621
-1.1809836004395038
-1.1829510126262903
-1.1863816198747372
-1.2017985275015235
-1.2091168984770775
-1.210182435121169
-1.215123479720205
-1.2151551246643066
-1.2187971413135528
-1.218844711780548
-1.2266547232866287
-1.2273081332445144
-1.233227252960205
-1.2382836788892746
-1.242938643693924
-1.2445200821384788
-1.2655610665678978
-1.275170860113576
-1.2881580833345652
-1.3029075920581819
-1.3122197985649109
-1.3147565394639968
-1.3157746605575085
-1.3169353902339935
-1.3190881317215306
-1.3256253749132156
-1.3350631747598527
-1.3459986389304202
-1.346977949142456
-1.3476318269968033
-1.3477438787619274
-1.3519640639424324
-1.357476572195689
-1.361146703362465
-1.3674073684960604
-1.3679851690928142
-1.3686016996701558
-1.3752783391828416
-1.3785442135163717
-1.3804829170306523
-1.3851512968540192
-1.4069831878354306
-1.4346826374530792
-1.449484388033549
-1.4511498964081209
-1.4711924567818642
-1.4736530184745789
-1.474970817565918
-1.502419650554657
-1.5039624869823456
-1.5047459602355957
-1.5080838054418564
-1.5210497081279755
-1.5374288782477379
-1.539850115776062
-1.5451241334279378
-1.5639176964759827
-1.5775497011840343
-1.5977641344070435
-1.605300486087799
-1.6139065211464185
-1.6476755738258362
-1.7015991772835453
-1.7632473409175873
-1.7641854286193848
-1.766319607074062
-1.7754444815218449
-1.783809244632721
-1.898777683575948
-1.9090177618588011
-1.928482472896576
-1.9552108645439148
-1.9730096759740263
-1.9766876101493835
-1.9880659244954586
-1.9972887635231018
-2.0598882357098773
-2.086918830871582
-2.1126497983932495
-2.2445473670959473
-2.2590257599949837
-2.259494960308075
-2.262411892414093
-2.262596257030964
-2.3450767397880554
-2.359464645385742
-2.374946355819702
-2.394399780780077
-2.5068066120147705
-2.556129276752472
-2.6249694424562526
-2.731464508920908
-2.7398152202367783
-2.8216681480407715
-2.8245000652968884
-2.8726801850692234
-2.8746892539784312
-2.9647515206597745
-2.9670839309692383
-2.983864282518198
-3.070311103016138
-3.1156039237976074
-3.120711457954409
-3.2916253811466354
-3.3186314664781094
-3.350224494934082
-3.3976800441741943
-3.4035232067108154
-3.4804062843322754
-3.5243866443634033
-3.558323383331299
-3.619432210922241
-3.6606264114379883
-3.675274610519409
-3.711997396312654
-3.807957887649536
-3.9364631175994873
-3.940576819702983
-3.9468883275985718
-4.061224768869579
-4.07716703414917
-4.48873729724437
-4.497580885887146
-4.4976582527160645
-4.676029682159424
-4.861571311950684
-5.0606207847595215
-5.612198829650879
-6.546134948730469
-7.037362098693848
