-0.0001245659514097497
-0.025667322799563408
-0.03457964912522584
-0.035160735715180635
-0.03656187840221849
-0.05386570980772376
-0.05588930766356902
-0.057751311838563364
-0.058844820818021185
-0.062733618099758
-0.0629167006816715
-0.0768717820238736
-0.0770951890561264
-0.07854460374129793
-0.08035008926235605
-0.08074413917751776
-0.08082158318407331
-0.08714529503292094
-0.08782873523159651
-0.09185566470518501
-0.09238936910966274
-0.093420945521858
-0.09597000585575909
-0.09934952414395022
-0.1032054604923663
-0.10638133923306928
-0.10743318597295522
-0.10802042938186787
-0.11079351440537721
-0.11720303661110977
-0.11785552263833009
-0.12056045391364023
-0.12361302682880446
-0.1273478996939957
-0.12879928122317694
-0.12913049841206106
-0.13330174253089352
-0.13388516693486877
-0.13501713069406554
-0.13536374822957442
-0.13617135090932536
-0.13916871920107574
-0.1402342201604153
-0.1407123575077599
-0.1409134859654673
-0.14245920307520363
-0.14371420784542957
-0.1468712566420436
-0.15000413955810168
-0.15024581725974084
-0.15409830709298453
-0.158753041701857
-0.16220218882573625
-0.16277148610346817
-0.16573553751513828
-0.1687742254434852
-0.16998045424150085
-0.17165134871740723
-0.17824156464836238
-0.18025791207619477
-0.19145632504175106
-0.1917713173199445
-0.19438150090475878
-0.19569434464210644
-0.19882628765038174
-0.2016445576446131
-0.20239381697319914
-0.2056027576327324
-0.20815176498920968
-0.20824142026884312
-0.21143950149416924
-0.21345148385980314
-0.2143538240140871
-0.2161619234830141
-0.2176204551011324
-0.21925131026655437
-0.22322791628539562
-0.22403781736890474
-0.22468531963860858
-0.2258232304916924
-0.22620552099154642
-0.22823577504605055
-0.23066877387464046
-0.2310801361183015
-0.23350094274792355
-0.2360227033495903
-0.23916670519461417
-0.24688897012611447
-0.24811367752651373
-0.2503688741475344
-0.25840399514452334
-0.25893271801507345
-0.25905309633526485
-0.26678729178820504
-0.26763170556103644
-0.269084870401356
-0.27117630408835025
-0.27369649340916014
-0.2742114692926407
-0.27486288675572723
-0.27508100448176265
-0.27578328463222046
-0.2786048503330676
-0.28210289851995185
-0.2823496692611738
-0.2831528685055673
-0.2946873590858145
-0.2981540250669544
-0.3016370389566017
-0.3115544965756791
-0.31433374639600514
-0.31498261421386686
-0.3169247107580304
-0.31714516590264713
-0.32244592858478427
-0.32398224659846164
-0.3243523838929832
-0.33695465249184053
-0.34193071340107256
-0.3454950166866183
-0.34715067595243454
-0.34788377075973487
-0.3497705554420298
-0.34987385221756995
-0.35394844899160993
-0.3547194991260767
-0.3558453615754843
-0.3597973710857332
-0.3638135709334165
-0.36713620126247404
-0.37371604796499014
-0.3802311757579446
-0.3815426974158202
-0.3860720420877139
-0.3920275762677193
-0.39539775140583516
-0.399633680869426
-0.40100505494046956
-0.4014729882280032
-0.4057840699226492
-0.41022554798983035
-0.41298917112872
-0.41466009835712614
-0.4163972215416531
-0.41813118860591203
-0.4188428670167923
-0.4368182833173445
-0.4380858903750777
-0.4381860112771392
-0.43872235594317316
-0.44455964025110006
-0.44734407775104046
-0.45421626962100464
-0.4566294996895724
-0.4592051228585963
-0.45939696608111263
-0.4626531008010109
-0.48492302978411317
-0.4859527013161116
-0.5009054856167899
-0.5026483018882573
-0.5030501555237505
-0.5045854464794198
-0.5073000364271658
-0.5081789791584015
-0.509475263953209
-0.513740162976319
-0.5146397604839876
-0.5183784409559199
-0.5188598537351936
-0.5232815942727029
-0.5434245390019247
-0.5483762389048934
-0.5512465249953998
-0.556273867096752
-0.5565994383456806
-0.557027205824852
-0.5609187513556597
-0.5717763935348817
-0.5827539402525872
-0.5865695185959339
-0.6047977978984515
-0.6067605002572236
-0.6074585101700255
-0.625614556670189
-0.630557703145314
-0.6561395548749716
-0.657413873076439
-0.6647981151472777
-0.7005530123909315
-0.7137549280499419
-0.724358876546224
-0.7364375564502552
-0.7369412947446108
-0.7378928661346436
-0.7429818534583319
-0.7582668039249256
-0.76889264062047
-0.7768039412796497
-0.7911823897932967
-0.8248156346380711
-0.8472009220470985
-0.8569676876068115
-0.8688758092466742
-0.9138301778584719
-0.9260703736508731
-0.9517077375203371
-0.9555580496477584
-0.956983474859347
-0.9972380683757365
-1.001937079243362
-1.0263413973152637
-1.0274264756590128
-1.0371041718870402
-1.054349770148595
-1.0574528492987156
-1.0683077103458345
-1.0727412700653076
-1.0740370626250904
-1.077007234096527
-1.09121830528602
-1.0946038491092622
-1.1250495314598083
-1.1346501177176833
-1.167758093525966
-1.1751096416264772
-1.1752488680183888
-1.1916536362841725
-1.2197581049986184
-1.2440070902230218
-1.3773799687623978
-1.4145474433898926
-1.4437380557258923
-1.458906039595604
-1.4609664367511868
-1.472953458627065
-1.480751745402813
-1.5199367503325145
-1.5275808175404866
-1.5284076482057571
-1.5571868196129799
-1.5991084277629852
-1.6932976841926575
-1.7569392323493958
-1.779245392728626
-1.8847215349475543
-1.9232682188351948
-2.2580032348632812
-2.335209023207426
-2.373968254774809
-2.4301698319613934
-2.435173165053129
-2.6449682116508484
-2.6503738557851952
-2.8440219163894653
-3.120134472846985
-3.50681209564209
-3.603512763977051
-4.226865047588944
-4.788355988013791
-6.063612937927246
-6.118241310119629
-6.167835235595703
-6.283830642700195
-6.643259525299072
-12.260931015014648
