-0.0005414212355390191
-0.043104404088808224
-0.08137813992133099
-0.0999134274024982
-0.12923722888808697
-0.12937099216505885
-0.1712075902032666
-0.1752197228423837
-0.2044001934118569
-0.2346412519691512
-0.2470000001291434
-0.2583843416068703
-0.25844504218548536
-0.2658242318235959
-0.27052084272145294
-0.27678575346944856
-0.3036852008663118
-0.31854306990862824
-0.32337998234046
-0.32456762390211225
-0.327135182073107
-0.3378784086348282
-0.34787360571014386
-0.3479515336366603
-0.3516411307371325
-0.3880567174819589
-0.3902262942380427
-0.39096052628398564
-0.3942607379414969
-0.4073817128955852
-0.40850664367381895
-0.41910164448846543
-0.42537555801682175
-0.42764122664396254
-0.44722661327770247
-0.4474055748898536
-0.44847003460745327
-0.4581817250116728
-0.485563130195563
-0.4889174775952207
-0.4912924669100903
-0.49418995783032316
-0.4994435910619079
-0.5020129167387495
-0.5037801431211516
-0.5059847384691238
-0.5065405981149524
-0.5102337168840071
-0.5139149459511307
-0.5164183642870436
-0.5207832241597187
-0.5246015128213912
-0.5290989353894614
-0.5291222549063345
-0.5302951757746216
-0.5337381021527108
-0.5368095766675348
-0.5374417889940862
-0.5391818658754346
-0.5395686671965652
-0.5454126208089292
-0.5512539874762297
-0.5531778060960479
-0.5540356374811382
-0.5574575321127971
-0.5580364882189315
-0.5609409817416842
-0.562230220840623
-0.5626076742541045
-0.5631664301618002
-0.563376854530361
-0.5662836719485413
-0.5672997344351772
-0.5769781481887383
-0.5770526922133286
-0.5772555600224922
-0.5803777730990467
-0.5806433794995038
-0.5814682016539986
-0.586258295935113
-0.5875839944808455
-0.5876192837022245
-0.5904164051975213
-0.5928908147745662
-0.5941671187922891
-0.5949342519743368
-0.597382619466561
-0.5975885804575889
-0.5986356094273595
-0.5988307436811737
-0.6005443946099452
-0.6012343131768485
-0.6014241033311313
-0.6025913269796337
-0.6026384672127628
-0.6026489037709931
-0.6041427952836135
-0.6069139232373951
-0.6074666832651322
-0.6079674900823232
-0.6131300649431068
-0.6144491753075272
-0.614518947277074
-0.614604480775597
-0.6150537068373524
-0.6166660646200538
-0.6182168126968598
-0.6186398324243783
-0.6198384105693548
-0.6208980518590229
-0.6219083040487021
-0.6235272568650544
-0.6265466337907128
-0.6267548118244122
-0.6288464718139343
-0.6291375269958128
-0.6294902155408636
-0.6297649357667459
-0.632529889466241
-0.6329223988554986
-0.6329290299294775
-0.6340385568793863
-0.638259417206947
-0.6385201936645899
-0.6391376414228164
-0.6407535281653206
-0.6419912646123176
-0.6446702207438648
-0.6456551781237876
-0.6463372317957692
-0.6510541341946615
-0.6530703866114241
-0.6544271554116027
-0.6546003405343402
-0.657416982005816
-0.6578606300463434
-0.6590241676936525
-0.6610939212725497
-0.6635409125673404
-0.6644910595690211
-0.6651294414041331
-0.6663206885023101
-0.6666894344822504
-0.6692908104595922
-0.6707165408879519
-0.6709008793113753
-0.6725939284369815
-0.6735104885883629
-0.6762382534425706
-0.6764959031796276
-0.6785065547204189
-0.6799562541564228
-0.6800853313325206
-0.681212437011709
-0.6816413505011951
-0.6823708363808692
-0.6853866157923929
-0.6874719808499018
-0.6891356372340981
-0.6908220762852579
-0.6948920893482864
-0.6949310210521186
-0.6999530486697577
-0.6999809718279935
-0.7002173306065222
-0.7040814604610205
-0.7057145725178998
-0.7057732950139325
-0.7077625556121347
-0.7096207995394556
-0.7097770696564112
-0.7104430619159151
-0.7109414242984378
-0.7118520200296882
-0.7139891061000526
-0.7192114517935184
-0.7212356638589302
-0.7223772381354744
-0.7240154555183835
-0.7242032114067115
-0.7244522241366088
-0.7250010894495063
-0.7255510799335422
-0.7260790687141707
-0.7275589151484902
-0.7303177322028205
-0.7304308488576984
-0.7305907409071274
-0.7314475706468025
-0.7316265351603419
-0.7316876315578286
-0.7317498632810863
-0.7323645469677147
-0.7324608835027903
-0.7354179174484065
-0.7357601134026481
-0.7361025832748661
-0.7398511297251389
-0.7399266790344212
-0.740023806411773
-0.7403355691648257
-0.7412161202697792
-0.7417608540919092
-0.742451893963984
-0.7428027744846124
-0.7433116653221933
-0.7439414079562994
-0.7440679743594956
-0.7445755445343607
-0.744684261007933
-0.7448880231007934
-0.7455873510625679
-0.7464707925294837
-0.7493455143159499
-0.7500994479607629
-0.752366047733548
-0.7528091853986869
-0.7532719587703468
-0.7534279560670256
-0.755290546539155
-0.7579279811664795
-0.7594531767147904
-0.7599364508932922
-0.7607260199033392
-0.7620299735106528
-0.7621325999498367
-0.762504992034916
-0.762971319200453
-0.7644020840058715
-0.765426619987314
-0.7657240180997178
-0.7701267539768627
-0.7711681217886508
-0.7728756939992308
-0.7744769546038964
-0.7783229759894311
-0.7804070669549724
-0.7828033720899839
-0.7862982039025935
-0.7881409076140508
-0.7884300007240704
-0.7896277362480759
-0.791285760467872
-0.7948360593029065
-0.795093771906028
-0.7959161268081516
-0.7963300468400121
-0.7966257839929313
-0.7971756270271726
-0.7982645959360525
-0.7993403788681867
-0.7997298323413512
-0.8007661269574393
-0.8061344810412265
-0.8072829898446798
-0.8096547078679405
-0.8105785604566336
-0.8112620539497584
-0.8113090034781231
-0.8116147470261369
-0.8144560386099329
-0.8166561179927417
-0.816735349339433
-0.8170080185601754
-0.818515355569414
-0.8185871110064908
-0.8229102949553635
-0.825497462432395
-0.8265503827096836
-0.8294031896075467
-0.836444327772102
-0.8368871522433589
-0.8369496508535964
-0.838411349861417
-0.8384893756980697
-0.8399020085344091
-0.8453489957998196
-0.8455037186763043
-0.846452959077923
-0.8466068231209647
-0.8484301893525602
-0.8509112904883094
-0.8529522062079715
-0.8555380487669026
-0.8576039019481916
-0.8594835682047738
-0.8610653111391002
-0.862106172574891
-0.8628487679072552
-0.8641323971355127
-0.8801647897011035
-0.8821299318224192
-0.8831321723862655
-0.8836591427971143
-0.883751001478231
-0.8859241284043492
-0.8911488656900474
-0.8917859445500653
-0.8918493554491155
-0.893640767783836
-0.8989524221202979
-0.8995307315799437
-0.9004931711824611
-0.9011505202409656
-0.9029525142832426
-0.9041486795991659
-0.9046059044776484
-0.9062120053531544
-0.9099837109201222
-0.9121970594860613
-0.9193292940035462
-0.9259440777823329
-0.9277447459753603
-0.9293533894779102
-0.9295996762812138
-0.9298315503401682
-0.9405375383794308
-0.9416815638542175
-0.9440857864689821
-0.9443956971663283
-0.9452138215303421
-0.9469271395355463
-0.9515294120647013
-0.9524724679708015
-0.9567977513846321
-0.9574049423364076
-0.962152681047363
-0.9644020055711735
-0.9681467912392691
-0.9681717668456258
-0.9772821865975857
-0.977981721283868
-0.988340212821971
-0.98920569899686
-0.9894608360511483
-0.9951904631618943
-0.9960041295271367
-1.0060485154608614
-1.0072260075914008
-1.0212308560084138
-1.0296298199168898
-1.0297179450280964
-1.035015850958492
-1.0400205172598362
-1.0413012215072481
-1.0415767819795292
-1.0419302488444373
-1.0526221120671835
-1.0570583908325608
-1.0573512014118023
-1.0649465224395196
-1.066699632478828
-1.0696827390541632
-1.075364051942961
-1.080656492189155
-1.089310585146086
-1.1006966269487748
-1.1013490700473387
-1.111507288806024
-1.11227766610682
-1.1509425245167222
-1.1627137478276648
-1.1636775194201618
-1.1744249579496682
-1.1781747740489663
-1.1872292265295983
-1.1955949757248163
-1.1970176419708878
-1.1990363850422643
-1.1995881740003824
-1.2100356568116695
-1.2105595767498016
-1.2114871081293506
-1.215028246185587
-1.218743978254497
-1.2189923661450546
-1.232917011508511
-1.2373140058014542
-1.2377644905354828
-1.2390261229826138
-1.2471341947093606
-1.2477885612752289
-1.2523270724341273
-1.2586338560629104
-1.262610707990825
-1.2629794581043825
-1.2634649482659168
-1.2650257928296924
-1.2814304074738174
-1.287959282596906
-1.3079147932585329
-1.33920185896568
-1.3607055531814694
-1.3637516422895715
-1.368504639382341
-1.370866478420794
-1.3832347803981975
-1.3906481377780437
-1.4087466614113913
-1.430424114689231
-1.4350444302628083
-1.44495382392779
-1.468386800515873
-1.4757847608872605
-1.4822173951854762
-1.4920477408915758
-1.5003074556589127
-1.5053589157760143
-1.5159177631139755
-1.518227442895295
-1.5203555140644311
-1.5299256388098001
-1.5321427055314416
-1.5493221108206652
-1.558458057421376
-1.5790557861328125
-1.5795651001275732
-1.58310149947647
-1.5959228190282981
-1.6006068202356498
-1.603430025279522
-1.6199628904328816
-1.6276009622961283
-1.6395193881665666
-1.6435901228542207
-1.6803610136848874
-1.6907229092903435
-1.6919569177553058
-1.6952508663137753
-1.7203142454964109
-1.7416689346234004
-1.8091444984408251
-1.8381861448287964
-1.8392416291841074
-1.8475121345060568
-1.9778200164437294
-1.981777397915721
-2.0178946700568
-2.047500074841082
-2.047622412443161
-2.212877631187439
-2.214019775390625
-2.290234891076883
-2.3110474348068237
-2.323166752466932
-2.387920664710691
-2.3958685329804816
-2.4287129176664166
-2.4853268397855572
-2.637439250946045
-2.673410478979349
-2.7079482873280845
-2.779205083847046
-2.8212095772226653
-2.83656112353007
-2.9144699573516846
-2.9162920713424683
-2.9235415856043496
-2.9351786375045776
-2.9606666738788285
-2.9870227376619973
-3.1857904195785522
-3.3650735861156136
-3.385654926300049
-3.407294273376465
-3.5194391012191772
-3.571773052215576
-3.733909845352173
-4.006333827972412
-4.138445854187012
-4.7787275314331055
-5.185397624969482
-5.883134365081787
-6.074357748031616
-6.3424999713897705
-7.394908905029297
-8.775056838989258
-9.057783126831055
-9.565685272216797
-10.144020080566406
