-0.0007871866691857576
-0.0010085360263474286
-0.018236933789012255
-0.019022229512484046
-0.020770833347341977
-0.036313230503765226
-0.041982312123374346
-0.05289139305629457
-0.0565652959048748
-0.0634401642892044
-0.0835619792342186
-0.09224672348448491
-0.10214053969539236
-0.10874619556125253
-0.1250573507277295
-0.15415591075434348
-0.15959660507978696
-0.16838685722986055
-0.16915119603800122
-0.1713193234762253
-0.17177740014594747
-0.17446855244283885
-0.18683351626774916
-0.18812479196973678
-0.18850889312216168
-0.20001376779483898
-0.20006292409568138
-0.20254793839726168
-0.20624790952489194
-0.2085191160615068
-0.21328308842257684
-0.21544441507330703
-0.21583228444884567
-0.21676184237003326
-0.22137588396490174
-0.22359498577361592
-0.22482665051523196
-0.22693882418388966
-0.22956638038158417
-0.23544183905670996
-0.23631499569172673
-0.24235185032497006
-0.2446047612041002
-0.24637142668672657
-0.2508436308902067
-0.2556216211105493
-0.25797082646749914
-0.2608384365827078
-0.26607004091041137
-0.26657728779329254
-0.2729806795658078
-0.27345970595706603
-0.2744424115070225
-0.2745133115864259
-0.2794752385088941
-0.2822244091330982
-0.28391346499218645
-0.28410984009060486
-0.28727885175794654
-0.29019998661776
-0.2908757721727145
-0.29333010632690276
-0.2953921067387273
-0.2984128696232801
-0.2985797554720193
-0.30049540599187213
-0.3016590146216913
-0.30270381905720567
-0.3027966277194747
-0.3034908199932553
-0.3070715376670705
-0.3084192840033211
-0.30873849539966614
-0.30937954038381577
-0.31024167831654065
-0.310324879504895
-0.31266397156933734
-0.3154026753683057
-0.31662860238187324
-0.31677258629588323
-0.3171760522182012
-0.31876745364570525
-0.31914470502852055
-0.3211258503819968
-0.3216802130165585
-0.32275287956144894
-0.3241653087607119
-0.3253272601115376
-0.3268139175967295
-0.32794996839948
-0.32896386423381047
-0.3292330794938607
-0.32957397666245924
-0.32959591627202045
-0.331494268239112
-0.3315143866934199
-0.33154625479380084
-0.3317104507023032
-0.33343397497596655
-0.3344784252985846
-0.3370174466755998
-0.33741913406916674
-0.33986336418375784
-0.3412379244720796
-0.3423459540162084
-0.3429621242297192
-0.3464798447773016
-0.35268342023391597
-0.3531697952936156
-0.3536272396537242
-0.3552217327800463
-0.3558478801001911
-0.35605967899027746
-0.35639380672364496
-0.3567393533779068
-0.3581465085117088
-0.3584763871580695
-0.35880432951833224
-0.36159062919904467
-0.36188499443233013
-0.3625601716692472
-0.3647941179972674
-0.36586739411577585
-0.3658810209105598
-0.36833081534028417
-0.37004732146415337
-0.37162798202052727
-0.3725654195576984
-0.37462876038625836
-0.3771958380813502
-0.3774933820429302
-0.3777880617845393
-0.379113821093467
-0.37952324932462034
-0.3798590061114737
-0.38179859561205376
-0.3819782722814981
-0.3831247884430923
-0.38330024102973625
-0.3838028545065602
-0.38485371095053517
-0.38580169280370075
-0.38634540519851723
-0.3881815102882683
-0.38830235875341007
-0.3893934337174869
-0.39134654779736594
-0.3916311025885599
-0.3919142800393729
-0.3922737445420353
-0.392719991827367
-0.3931853596842302
-0.39426839166026184
-0.39448758616345003
-0.3947756010657031
-0.3953686587046832
-0.39556070923275977
-0.39718249166071473
-0.39768517067304027
-0.3977103251688984
-0.39878384300845937
-0.4025155012786854
-0.4025229345439584
-0.40263124933198924
-0.403845005850039
-0.4050206503459776
-0.4075359735951289
-0.40833046143101953
-0.4109960302575928
-0.4121781430687406
-0.41220785182958936
-0.41351128679733457
-0.4135725542764703
-0.41376349134475277
-0.41536324894929877
-0.4164716014696751
-0.4189887226384599
-0.4223385737700896
-0.42271914133471
-0.42346340080257505
-0.42526679326450295
-0.4255437972603561
-0.42634957609698176
-0.4312239782323429
-0.43238564413978664
-0.43321453629011686
-0.43366027041047345
-0.43534097722513254
-0.43718788582846174
-0.4382049555467044
-0.4387570065791806
-0.4414431935583707
-0.4422809200435343
-0.442318770607623
-0.4431950578524265
-0.44488133312769507
-0.4456697715915349
-0.44686838188281397
-0.4488733124619882
-0.45144665856150823
-0.4524179287186598
-0.45568601239210693
-0.4558643432792451
-0.455966318121682
-0.45718706810371906
-0.45816415109376457
-0.45895901054109345
-0.4602863022730162
-0.46168818279589424
-0.46357839326083194
-0.4662009888487167
-0.4662982609588653
-0.46636455666804166
-0.46905773934449824
-0.46959504488737974
-0.47169443062052274
-0.47181060256910934
-0.4729114208683833
-0.4757609626588722
-0.47595233311494667
-0.47753007635474204
-0.4784103312631487
-0.4800745008678253
-0.480584147976385
-0.48166378476188193
-0.48252804557341733
-0.4835065934303202
-0.48370512001456517
-0.4847380275541582
-0.4858609227896003
-0.48593359450903034
-0.4859491552508391
-0.48766312934458256
-0.48848618864111715
-0.49089027816403863
-0.4914774154429324
-0.49160190203656384
-0.4921795517309672
-0.4923055293859631
-0.49235488229605834
-0.4925573638465721
-0.4945584208632811
-0.49476127709662404
-0.49512360032531433
-0.4956309210974723
-0.4982520384737654
-0.49860577494837344
-0.49881535408591543
-0.4992073946050368
-0.4994306038179275
-0.499591373327803
-0.5007728044685159
-0.5012828367012844
-0.5014019873749931
-0.5023692806251348
-0.5029480664523618
-0.5042013857247574
-0.5059463079823694
-0.506076344556075
-0.5063730803405633
-0.5067724410869737
-0.5071117243836246
-0.5072330370935973
-0.5075315907597542
-0.5081524037173949
-0.508600864734035
-0.5087452167645097
-0.5090163906104863
-0.5092585330557995
-0.5107709920607704
-0.5111307437953656
-0.5112962915358626
-0.5121205683797598
-0.512629853005314
-0.5131319028038585
-0.5139372289180756
-0.5143034501428095
-0.5154437377700055
-0.5168502182762366
-0.5183233660991391
-0.5188269934798073
-0.5190231333743012
-0.5191346323263133
-0.5200093739083969
-0.5202649542641464
-0.5213910234327029
-0.5222142023441039
-0.5234996674371359
-0.5250688996693498
-0.5271307869381575
-0.530186267355748
-0.5308351258572657
-0.5314905597553863
-0.5317395644669887
-0.5319847968232352
-0.5321371956524672
-0.532242024783045
-0.5322750073570811
-0.5352688982442487
-0.5355065839830786
-0.5356610993680079
-0.5357409857834379
-0.5360664084021535
-0.5374432519813126
-0.5376804759725928
-0.537706110853469
-0.5408975012186501
-0.5414191802032292
-0.5421534985877
-0.5422910303386743
-0.5429147785892864
-0.5444481818050917
-0.5454841201038411
-0.5486919559953094
-0.5509063742603757
-0.55165460833814
-0.5520787307941646
-0.5528798401355743
-0.5533378935430412
-0.5535898457480167
-0.5546063581889029
-0.5550932900041516
-0.5556128840101641
-0.5567010129248047
-0.5572355066193267
-0.5574367745882935
-0.5586442265646636
-0.5594683136524898
-0.5599764363887516
-0.5600976017129142
-0.5613389703570907
-0.5617964757391467
-0.5634700540187103
-0.564540888159172
-0.564834447762712
-0.5655157476488967
-0.5659472600139756
-0.566343406840133
-0.5670882605637113
-0.5673436432035588
-0.5678094468118312
-0.5681144206784665
-0.5692752452625427
-0.5695745721192603
-0.571534278895706
-0.5715822457884011
-0.5734120582274045
-0.5743638800922781
-0.5768374974528948
-0.578780928539345
-0.5792586113626991
-0.5793128419900313
-0.5807412675960222
-0.5821967498050071
-0.5827902023182625
-0.5828417943121167
-0.5829217152451747
-0.5830857446409633
-0.583718452696173
-0.5841539365436701
-0.5843127868138254
-0.5851130230665957
-0.5852417083471664
-0.585502389294561
-0.5862817510309729
-0.5867170686879035
-0.5872705868134289
-0.5874594641552123
-0.5878237806233907
-0.5884507328271866
-0.5896463815588504
-0.590566354461771
-0.5907823533540068
-0.5914031799319284
-0.5931244124208206
-0.59371126453334
-0.59473168327693
-0.595373485309109
-0.596418771959309
-0.5968700210392449
-0.5974688243053
-0.6001001640917437
-0.6004587553913249
-0.6010711575771504
-0.6019813354495065
-0.6022946330718696
-0.6023184550776932
-0.6036647068571516
-0.6080610960081685
-0.6090663734213194
-0.6129322109433512
-0.6140926101555427
-0.6182920382916564
-0.6197913132985248
-0.6207911422364608
-0.6216322300020288
-0.622050702636544
-0.6223020450965527
-0.6225634757302032
-0.6228247057646513
-0.6233939449348327
-0.6253720396663993
-0.6271845698044801
-0.6273724339068091
-0.6285181414335966
-0.6292312330115237
-0.6313993683230364
-0.6348404532764107
-0.6369741603091825
-0.6399842612270732
-0.6417407335234202
-0.6422020244572195
-0.6427950048819184
-0.6432578735984862
-0.6463366178559227
-0.6496142411313486
-0.6532472546345421
-0.6539088683202863
-0.6546446532011032
-0.6546494692564011
-0.6547270096117346
-0.6548861224825183
-0.6580618191769645
-0.6583654880523682
-0.6588974481795352
-0.6596528899341744
-0.6600182991509534
-0.6602257914152384
-0.6621517661751568
-0.6626433121281379
-0.6635994500029483
-0.6667749707897505
-0.6680120618257206
-0.6686147111468017
-0.669260618587335
-0.6695672490241122
-0.6749186494853348
-0.6762637138366699
-0.6769878325983882
-0.6798142916231882
-0.6807622687483672
-0.6809550461411062
-0.6814763484115247
-0.6841584900394082
-0.6862639001171503
-0.6868667132774136
-0.6876458107959479
-0.6878031969070435
-0.6920508162511396
-0.694845035464823
-0.6991499784320089
-0.7015561997890473
-0.701808075606823
-0.7036035178858179
-0.7041708654433023
-0.7059047417496913
-0.7063829060643911
-0.7064830738430222
-0.7101106749599543
-0.7108022006286774
-0.7116886645555496
-0.7158655295143035
-0.7227889832570976
-0.7248886631153125
-0.7263487268937752
-0.7275608155565957
-0.7289789242458937
-0.733549951608958
-0.7356291743053589
-0.7372610320647558
-0.7406221173703671
-0.7423837552899689
-0.7430580141288894
-0.7453284568639772
-0.746595831549348
-0.7475394924171269
-0.7483386971206138
-0.7488222979009151
-0.752936449434076
-0.7606155413797953
-0.7703538626432419
-0.7710313921173414
-0.7717233340008534
-0.7729215172839758
-0.7731692295521497
-0.7779966816306114
-0.7791144661430736
-0.7820583158638328
-0.786257341504097
-0.7867204770445824
-0.7886180716474579
-0.7886324672726914
-0.7894471795880236
-0.7943557136750314
-0.7965965282589119
-0.796886851079762
-0.8000046469581624
-0.8021812118976313
-0.8031348496500869
-0.8035441420506686
-0.8049498076240221
-0.8087705548054406
-0.8141704354701298
-0.8154795929385728
-0.8233351764890054
-0.8240025966343555
-0.8323801606893539
-0.8362804699728648
-0.8380032231410345
-0.8394199064932764
-0.8411831520497799
-0.8420675696183025
-0.845008174481336
-0.8459718501947767
-0.8486623002681881
-0.8487639899055163
-0.850374928821293
-0.8574798980380365
-0.8608497679233551
-0.8627270484964052
-0.8634143702388841
-0.8672463911084028
-0.8701053185177443
-0.8742028226455053
-0.8772384038893506
-0.8785526297263763
-0.8789840433746576
-0.8819660601438954
-0.8838856389435629
-0.8885450089971224
-0.8970111060892426
-0.8994870418682694
-0.901023449288914
-0.9038767545018345
-0.9173911758182591
-0.923846313264221
-0.9257413120940328
-0.9287650840900218
-0.9302594304084778
-0.9322485012623171
-0.9338688082061708
-0.934449416026473
-0.938592316955328
-0.9450878502631729
-0.9457544865654199
-0.9479433068384727
-0.9514484943720163
-0.9556974612286366
-0.9563952491759361
-0.9600984068165417
-0.9617278507910669
-0.9663186611505807
-0.9663775308775561
-0.9704094249755144
-0.9719139150111005
-0.9734450206160545
-0.9811655969078856
-0.9818244030078253
-0.984932092949748
-0.9866381386915842
-0.998008529364597
-1.000474338264515
-1.0057224743068218
-1.0084927968400734
-1.0090462694384366
-1.0101792462060986
-1.0302580885399948
-1.030647678507699
-1.0361117621262868
-1.038326019135473
-1.039656549692154
-1.0406936429440976
-1.0408105574315414
-1.0438939124214812
-1.0523063229415128
-1.0572058530648065
-1.0592903957876842
-1.0685941576957703
-1.0727010108530521
-1.0851734839379787
-1.0977242853277858
-1.0978456735610962
-1.0981512894719345
-1.0991970305331051
-1.1014824397861958
-1.105072246864438
-1.1064151749014854
-1.1150183057729413
-1.115639029740123
-1.117906914325431
-1.129812829196453
-1.1340790664156277
-1.1450713385420386
-1.1462699547410011
-1.1540632297595341
-1.1568805426359177
-1.1594894989393651
-1.1628785751527175
-1.165624886751175
-1.1691903229802847
-1.1693147073189418
-1.1855414913985443
-1.1895537258436282
-1.2043066242495115
-1.204721663147211
-1.2106955760536948
-1.211578018963337
-1.2126479670405388
-1.2192519456148148
-1.2198426518589258
-1.2237967173012294
-1.2275193321693223
-1.2293737571471866
-1.2375388825312257
-1.2456744397059083
-1.2514161877334118
-1.256937596636514
-1.258187045653661
-1.2655089916661382
-1.2673635358611743
-1.279248649875323
-1.279713624715805
-1.283720936626196
-1.3004502356052399
-1.3023484032601118
-1.3080773326277266
-1.3117232446869214
-1.3147701942361891
-1.3390418539444606
-1.3423189719518025
-1.3511660548567306
-1.351369947195053
-1.352574748545885
-1.3635176730957548
-1.380999062443152
-1.3817694783210754
-1.38254052400589
-1.3860158379538916
-1.3908786922693253
-1.394564029569405
-1.3959319591522217
-1.3979017734527588
-1.428726613521576
-1.4304971409340699
-1.4336034084359806
-1.437102884054184
-1.4371172569692134
-1.4401965911965817
-1.4468034475991902
-1.4659354433921787
-1.4752528940637906
-1.4784635802110035
-1.480480581521988
-1.482719528178374
-1.4829688966274261
-1.4933722840838268
-1.5282249115407467
-1.5336581468582153
-1.5350193474441767
-1.5432985027631123
-1.549729927442968
-1.5571290791034698
-1.5768061876296997
-1.588139302097261
-1.5882093111673992
-1.6042744368314743
-1.6093408264219762
-1.613407701253891
-1.6140139910082023
-1.6309368098154664
-1.634753007441759
-1.6429825151960056
-1.6464364727338154
-1.675445546861738
-1.6767337899655104
-1.6786494453748066
-1.6786949479186053
-1.7028955883385304
-1.7064479887485504
-1.7614526450634003
-1.7630277425050735
-1.7803531810641289
-1.7822414338588715
-1.7911821054294705
-1.8019574234882991
-1.823946237564087
-1.8410242795944214
-1.8415177464485168
-1.8543865084648132
-1.8549918234348297
-1.9026795625686646
-1.9243352115154266
-1.9533290068308513
-1.9609460830688477
-2.028012588620186
-2.035824842751026
-2.1061311960220337
-2.1083159297704697
-2.1102888584136963
-2.1232070699334145
-2.136463626753539
-2.1538318395614624
-2.157171238679439
-2.1875271797180176
-2.1919220089912415
-2.209816147592695
-2.212720378767699
-2.2293600291013718
-2.3463093638420105
-2.3583251237869263
-2.3672605715692043
-2.536078929901123
-2.555536985397339
-2.5629220049789487
-2.564934492111206
-2.632296474650502
-2.6586757634455958
-2.723833978176117
-2.8337613940238953
-2.9270684830844402
-2.9328247259836644
-2.9358577132225037
-3.3537936153200767
-3.3751029078654633
-3.5780181884765625
-3.70317692408571
-3.851827511563897
-3.8953497211138406
-4.186229705810547
-4.365941794589162
-4.440532684326172
-4.950616359710693
-5.394736886024475
-5.506441116333008
-6.361720085144043
-6.410246849060059
-8.105280876159668
-10.725051879882812
-10.790003776550293
