-0.001157128921477124
-0.0022753796074539423
-0.0037277458468452096
-0.008661194704473019
-0.010114496853202582
-0.02346975977222125
-0.030172677128575742
-0.03100181557238102
-0.07003496587276459
-0.07837088033556938
-0.08332364649478612
-0.10413517095148564
-0.11112139461975959
-0.11377599955691646
-0.12166396025568246
-0.12868183869868516
-0.1308175103040412
-0.1396864904090762
-0.13993152204420767
-0.1400736313938978
-0.1588687195575663
-0.1666789085837081
-0.17185001834877767
-0.17654853447207383
-0.18055964620517834
-0.1847180288085448
-0.18590739479155413
-0.18847056974967322
-0.191977336670139
-0.19533962931018323
-0.19549630776358148
-0.19770261923882312
-0.2055169745348394
-0.20604108273983002
-0.2164549877246221
-0.21960157062858343
-0.22058501082938164
-0.22534099745098501
-0.22650915955374432
-0.2316642034067107
-0.242258587709835
-0.24324046661058674
-0.2438867719999204
-0.24412377543838096
-0.24424383486621082
-0.24653017551172524
-0.24760183241451159
-0.2546577234664558
-0.2556477819258968
-0.2558794817188755
-0.25869348897997824
-0.2657333523035049
-0.26606135070323944
-0.26737189747794987
-0.26768308214983944
-0.27417939819861203
-0.27481446354649963
-0.2774686250541772
-0.2786207378740073
-0.2831608515439762
-0.2840265123199788
-0.28586048956956644
-0.28708532452583313
-0.28899379167705774
-0.29013471569218696
-0.291147637180984
-0.2919094456758882
-0.291911622043699
-0.2938289069570601
-0.294797079579439
-0.2972148152766749
-0.2975018712459132
-0.2982632590380187
-0.29890537038445475
-0.2989909863432071
-0.30098379193646985
-0.3043643333789078
-0.3088886295434484
-0.30926643116399644
-0.3117405265155766
-0.31348744716960936
-0.31352774471262185
-0.3156072555304854
-0.3171642919897706
-0.3191765282016214
-0.3194732181727886
-0.3214362116663584
-0.32349573438987134
-0.32400367161171745
-0.3254558636367114
-0.3307376151162855
-0.3312394386822624
-0.3315715450172623
-0.3321891825212838
-0.33264222741127014
-0.33313081176020204
-0.3334788752603345
-0.3344960895134136
-0.33575150432686013
-0.33631101578402406
-0.3367805061425315
-0.33686183421657634
-0.3373444100531439
-0.337391938152723
-0.33865174766729716
-0.33913965404779584
-0.3403439037501812
-0.3419468346595143
-0.3421240116236731
-0.3424409649160225
-0.3426382765794794
-0.3463967342631177
-0.34679755026341547
-0.34749310726628585
-0.3475741594214924
-0.3495731631293893
-0.3515866524539888
-0.3522507335354899
-0.3545882002799772
-0.3547500206789534
-0.3562865410266178
-0.35630836187995335
-0.3564354193862528
-0.3566192495258852
-0.3584193130024817
-0.3588237456980278
-0.35897302477886633
-0.3598980667690436
-0.3647649615175194
-0.3656867027282715
-0.3672233915959413
-0.36925304277489585
-0.37343143940670415
-0.37402369724586604
-0.3760878007626161
-0.3762348953085685
-0.376308039141198
-0.3783123382433717
-0.37951159659860423
-0.38008311393205074
-0.38028408287011023
-0.38107715299378875
-0.3823000696332504
-0.38403053739706855
-0.3848697790344886
-0.3858211487531662
-0.3869854266189837
-0.38734786310233177
-0.3875829875469208
-0.38777843909338117
-0.3895803079009056
-0.38977688101003877
-0.3909179677473069
-0.3913912252173759
-0.39157582130031765
-0.3945590768976567
-0.39534507502715616
-0.3956103611038998
-0.3970425614554967
-0.3980994621136536
-0.39890259795599076
-0.39892751909792423
-0.3990405350923538
-0.39979611061114284
-0.399885870928019
-0.40109427211185295
-0.40149831244101125
-0.4015654445674128
-0.4018771573707151
-0.40220937436679377
-0.4036055890843272
-0.4054465019144118
-0.40718691935762763
-0.407836622358965
-0.40787332018630373
-0.40797557711431925
-0.4082322019061798
-0.40865484221527976
-0.4090762938638883
-0.40917983967810867
-0.409464963991195
-0.40970761984499404
-0.41018756864858524
-0.4102805539417507
-0.4107496323995292
-0.4131373601965606
-0.4134082607459277
-0.4146518491075507
-0.4154471345827915
-0.4208417107583955
-0.4218947119723972
-0.4234878980088979
-0.4242356645409018
-0.42446810663677753
-0.42452583004099625
-0.42457433391051985
-0.4252305245681782
-0.42613462751938236
-0.4274124884977937
-0.4289203434018418
-0.4301774994470179
-0.4301780915353447
-0.43081610028942424
-0.43288703901427134
-0.4358627811772749
-0.4375628583133221
-0.4384306860108687
-0.43919117480982095
-0.4396850136865396
-0.44239216444215607
-0.4426699652103707
-0.4432563942908827
-0.4460453054634854
-0.4463485546099643
-0.4470600580796599
-0.44800904561351573
-0.4480156640444572
-0.4482622322910983
-0.44909885736544514
-0.44945126841776073
-0.45059067737311126
-0.45154885919182564
-0.4515564280872544
-0.45203442436953384
-0.45221818573086886
-0.4525321442633867
-0.4528227569276674
-0.4528882468895366
-0.45438328818927404
-0.4552195734228007
-0.45532328480233747
-0.4557386670106401
-0.45584212793037293
-0.4562114952132106
-0.45673508445421857
-0.4573388369753957
-0.45861547950771636
-0.4590083871851675
-0.4602477438082652
-0.46053937087870306
-0.4609141210676171
-0.46100841503357515
-0.4611963282836119
-0.4613487088121474
-0.4615149013698101
-0.4617094842584005
-0.4624226632217566
-0.463337438297458
-0.46337554577205864
-0.46414993532622856
-0.46423579538859483
-0.4669752231695586
-0.4677832343926032
-0.4678269561813472
-0.46787415677681565
-0.46850968224720824
-0.4698847309686244
-0.4704236020334065
-0.47195284794592723
-0.4725606242621628
-0.47277191281318665
-0.4727937887761403
-0.4735580162811987
-0.4755785582587123
-0.47725687008351086
-0.47933772777614647
-0.4795731465398733
-0.48048536501203976
-0.4816018795698053
-0.48315892233949853
-0.48349934531142935
-0.4843317547813058
-0.4861056449706666
-0.4889683615416288
-0.4898342004045844
-0.4906754011055455
-0.4916582355009658
-0.4921080876060192
-0.49219018154378447
-0.49277785668770474
-0.494573287316598
-0.4954640655260947
-0.496233452643667
-0.4963665526981155
-0.4964890378837784
-0.4969730807817541
-0.49751034900546076
-0.49889615597203374
-0.49955412851543063
-0.49956545907771216
-0.5001531701224545
-0.5003925677388906
-0.5004497386140024
-0.5006381156854331
-0.5020394907915033
-0.5038352120401604
-0.5044275395572185
-0.5049978658556938
-0.506732530426234
-0.5071836856659502
-0.5073116521816701
-0.5079222032800317
-0.5081634730915539
-0.508824304677546
-0.5091144193895161
-0.5095097072577724
-0.5105001103023395
-0.5112035376951098
-0.5123661395162344
-0.5141142679494806
-0.5146087197470479
-0.5149181633411596
-0.5152364390170467
-0.5160086152276823
-0.5167834454216063
-0.5178927996395422
-0.5196308637037873
-0.5199630692077335
-0.5207099321763963
-0.5234317254085349
-0.5265449343908889
-0.5269563402980566
-0.527043456522127
-0.527048533848886
-0.5273122809827328
-0.5275892923985209
-0.5304090374847874
-0.5316524859517813
-0.5325901362424096
-0.5327299050986767
-0.5343485847115517
-0.5350599329519484
-0.5409834019839763
-0.5421072510507656
-0.5424877173888186
-0.5428313233423978
-0.5435150987856711
-0.5440774971619249
-0.5443893009796739
-0.544748959264585
-0.5449317292077467
-0.5460201911628246
-0.5471658647459533
-0.5490423055329862
-0.5497324448078871
-0.5497417821316049
-0.5504032670416765
-0.5517974378955033
-0.5520265981554985
-0.5525131407775916
-0.5528656339479817
-0.5541015844792128
-0.5541280291974544
-0.5543096006537477
-0.5552019141614437
-0.5570281660542465
-0.5578217220803102
-0.5583982324793136
-0.5595214984246663
-0.5607032335052887
-0.5610511222288811
-0.5612652738345787
-0.5620850244174815
-0.5641026966373569
-0.5642563035815127
-0.5644405672326684
-0.5644933715462684
-0.564832269679755
-0.5649549172027036
-0.5659799242857844
-0.5678642944743236
-0.5679508475586772
-0.567988761334813
-0.5685257444158196
-0.5701052829390392
-0.5711061426748832
-0.5714807275682687
-0.5753634095502397
-0.5758037330039466
-0.5763607519080064
-0.5763856990262866
-0.5765042505227029
-0.5789813188215097
-0.585824508452788
-0.5874253282323479
-0.5879698455391917
-0.5886354174775382
-0.5893248438628184
-0.5908249944448472
-0.5928857044006387
-0.596499915899975
-0.5984508132613782
-0.6005065966811445
-0.6021530981072121
-0.6026652169724306
-0.6039293595022173
-0.6057158918637369
-0.6069396052043885
-0.6080312876030802
-0.6086138301595513
-0.6157213651749771
-0.617518050596118
-0.6190314427432086
-0.621701966971159
-0.6223602014943026
-0.6287905141711235
-0.6290837854146958
-0.6300327237695456
-0.6301636609248817
-0.6316980543488171
-0.6337401810102165
-0.6350449581493324
-0.6356421369710006
-0.6360488797537982
-0.6385605358001258
-0.6386748266813811
-0.6393488156221186
-0.6413481589406729
-0.6425053488463164
-0.6428430763383707
-0.6435026999562978
-0.6457175648771226
-0.6469556646355029
-0.647305152999858
-0.6500792655472954
-0.6505795419216156
-0.6597234675660729
-0.6602677391428087
-0.6631056874990463
-0.6635494939982891
-0.6674818806350231
-0.6697915169643238
-0.6732444973086886
-0.6749699120409787
-0.675631551258266
-0.6761463165457826
-0.6780152212828398
-0.6838609697297215
-0.685113274739706
-0.6852277744975355
-0.6859406940639019
-0.6873445203527808
-0.6875642944748203
-0.692994873970747
-0.7009431105107069
-0.7035387004725635
-0.7043549317895668
-0.7071245480328798
-0.7071455046534538
-0.7080004256218672
-0.7108777773100883
-0.7117942729964852
-0.7146492529321801
-0.7148264406714588
-0.7160034623928369
-0.716614959014502
-0.7179442462511361
-0.7219916388392449
-0.7220202200114727
-0.7248399313539267
-0.7250512927770615
-0.7262358407024294
-0.7275897272775183
-0.7279312924579963
-0.7297497164348469
-0.7305246159279098
-0.7326214639469981
-0.7334335558116436
-0.7335340653856596
-0.7400008061900735
-0.7430599319438139
-0.7442582162097097
-0.7459532844368368
-0.7461290753313473
-0.7472363478736952
-0.7473411075770855
-0.7476088955998421
-0.7484433624065585
-0.7505163927562535
-0.7558173682540655
-0.7600714218998817
-0.7688767127692699
-0.7704641295519347
-0.7719463590532541
-0.7741700172424316
-0.7744371885433793
-0.7770244092680514
-0.7771562722045928
-0.7789195895195007
-0.7820656761527062
-0.7835548082366586
-0.786691214473519
-0.7913515977561474
-0.7934342718550137
-0.7943476773798466
-0.7963927686214447
-0.7969097898458131
-0.8001783601939678
-0.800660435775561
-0.8056892959478622
-0.8071379018947482
-0.8102858439087868
-0.8245848156511784
-0.826625445537502
-0.8303680196404457
-0.836801349052361
-0.8368395173123905
-0.8446747474372387
-0.846314520885547
-0.8518821716308593
-0.8594377152621746
-0.8621174995787442
-0.86532302123184
-0.8672039918601513
-0.8687871285518142
-0.870239665110906
-0.8702719300985337
-0.8739940673112869
-0.8915109105873853
-0.8924260501210627
-0.893143780529499
-0.8945198802975938
-0.8971078425988948
-0.9015726670622826
-0.9033623379655182
-0.903391377069056
-0.9098573140799999
-0.9099031458608806
-0.9167628617025911
-0.9233931601047516
-0.9284371372777969
-0.9290368854999542
-0.9337072223424911
-0.9353312682360411
-0.939164237678051
-0.9414870850741863
-0.9421358062885702
-0.9447127399034798
-0.9447727476557096
-0.946293331682682
-0.9643569439649582
-0.965390811363856
-0.9902556329965592
-0.9919761572033167
-0.992569514317438
-1.0195908844470978
-1.0311989065259695
-1.0312792584300041
-1.0351140548785527
-1.0755781766027213
-1.086309841523568
-1.088467848021537
-1.114142172737047
-1.1178340682138999
-1.1201243214309216
-1.1468550786376
-1.1539142926534016
-1.1612729132175446
-1.170797049999237
-1.172261933485667
-1.1728890736897786
-1.1745642721652985
-1.1783167719841003
-1.1815558671951294
-1.198590378665055
-1.2033402919769287
-1.205439295580921
-1.219210609793663
-1.2379401244223118
-1.2569625074199091
-1.2663642913103104
-1.2830570481407146
-1.3015346800287564
-1.31600958481431
-1.3204123638182257
-1.3442819040268659
-1.3495176136493683
-1.4601393540700276
-1.4837202727794647
-1.4884068369865417
-1.4910932357112567
-1.5149738490581512
-1.542693868279457
-1.549859305843711
-1.5542557537555695
-1.568792849779129
-1.5703411247037973
-1.5943261981010437
-1.612782131919327
-1.6569011807441711
-1.6677798678477604
-1.6684438663069159
-1.6767924036830664
-1.6883415691554546
-1.702030211687088
-1.7070629100392882
-1.7107987329363823
-1.7368013262748718
-1.7455846071243286
-1.757825277435283
-1.7608533925376832
-1.7628527094590634
-1.767752405256033
-1.7782613784074783
-1.7809615060687065
-1.8004495650529861
-1.8092204481363297
-1.8172991101067357
-1.822435975074768
-1.8286504410207272
-1.831398814295729
-1.8356838524341583
-1.8635024409741163
-1.8914322877923648
-1.9481667233631015
-1.953168861567974
-1.9618914536695229
-1.9803763429323833
-1.9811317026615143
-1.9972190372645855
-2.0314952494421354
-2.045062880963087
-2.057638704776764
-2.059569075703621
-2.073931410908699
-2.0780005380511284
-2.0916724152630195
-2.1135928630828857
-2.144010901451111
-2.1557569168508053
-2.223668873310089
-2.4225994497537613
-2.4284738589291615
-2.522722005844116
-2.529301553964615
-2.63451929949224
-2.6497338610740067
-2.734269857406616
-2.8009815017382302
-2.821835160255432
-2.8727342188358307
-2.8818681240081787
-2.9379122257232666
-2.985551953315735
-3.067196249961853
-3.1392544507980347
-3.1781032482783
-3.1832019090652466
-3.3614958127339682
-3.4372458159923553
-3.523130178451538
-3.5617350419051945
-3.600038574077189
-3.622314447944518
-3.670952081680298
-3.84403365990147
-3.9557290579468827
-4.133394572418183
-4.347678275313228
-4.357053751533385
-4.503558713942766
-4.915112838149071
-5.664216041564941
-5.913083553314209
-6.027287483215332
-6.318519115447998
-6.584670424461365
-7.4385223388671875
-7.80986213684082
-9.456094741821289
-9.523691177368164
