-0.0002598719220259227
-0.005429642544186208
-0.02102520403635329
-0.11715868003981693
-0.11813288554549217
-0.12588884548767965
-0.13103316773776896
-0.14273478994145988
-0.18470920622348785
-0.18842067221703473
-0.18967499649152159
-0.2085217616210381
-0.2176876878301199
-0.23178630420006813
-0.23679719492793083
-0.2534728101454675
-0.25646198049653324
-0.26543516119515215
-0.2704724771901965
-0.2727928013773635
-0.273170396592468
-0.28621213597944006
-0.2898238597786985
-0.3017212928292186
-0.3104479447007179
-0.3236385855823755
-0.33096952456980944
-0.33370502426987514
-0.34296443965286016
-0.3470313239376992
-0.3520501239225268
-0.3574354481883347
-0.3621744994772598
-0.36306073715677484
-0.3639481404191299
-0.36463388619530535
-0.3674851052928716
-0.38263410720974206
-0.38296072618104515
-0.3868498363428646
-0.39296512365217495
-0.39940026281401514
-0.40078512413634193
-0.40453490581785445
-0.40710072349756954
-0.40973495373896185
-0.4104181728325784
-0.4180522007453773
-0.4189332898984301
-0.4190652527846396
-0.41926367534324527
-0.41943003077592167
-0.41952111668918707
-0.420256549188505
-0.4237638402946686
-0.4277579982765019
-0.42816157399793153
-0.42855236855232054
-0.4338644057512283
-0.43890732809995825
-0.4404576335303621
-0.44161483231518006
-0.4427129977515766
-0.44334055334329603
-0.4449414859409444
-0.44581059701740744
-0.44609285704791546
-0.457612216565758
-0.4596712467362522
-0.46844142498448493
-0.468873267644085
-0.479043119897445
-0.4840805522166193
-0.48996685072779655
-0.4908879047259688
-0.4909108659485355
-0.4916436842953165
-0.49446115395985546
-0.5002904167132718
-0.5028268182262158
-0.5048083571717144
-0.5051285536028445
-0.5085897623664803
-0.5087378521760305
-0.5116420318889949
-0.5182137306779623
-0.5197929092165496
-0.5232352674007416
-0.5309774472625577
-0.535604175645858
-0.5357520741720995
-0.5394413532339968
-0.5419248316437006
-0.5489185512633412
-0.5524707768345252
-0.5558864317006535
-0.5632015269249677
-0.5656345387299856
-0.5756674705538899
-0.5788694270221251
-0.5800611538191637
-0.583869907591078
-0.5852050604298711
-0.5863768426287506
-0.5896142386831343
-0.5949694383889437
-0.5990631622779701
-0.6024476257818085
-0.6054093461483717
-0.6114159719320014
-0.6153493507881649
-0.6160409662074277
-0.6216163863427937
-0.626862362931206
-0.6396970342844724
-0.6403244833539551
-0.6428291560150683
-0.6431365998505498
-0.6536826693585941
-0.6551309488713741
-0.6580288100910062
-0.6593563252687454
-0.6596818779196058
-0.6611563981705331
-0.6682141842320561
-0.6695724006742239
-0.6703633675351739
-0.6703739665448666
-0.6714832906921705
-0.6725191670656204
-0.675974772622188
-0.6767706538783387
-0.6788468832722477
-0.6797732090111822
-0.6818384468555451
-0.6821308668170657
-0.6839880647936037
-0.6865030146603074
-0.6887515727430582
-0.6889850125104809
-0.6924438657505172
-0.699728058030208
-0.7014920025132596
-0.7049591960385442
-0.70698606133461
-0.7090659538904825
-0.7102046608924866
-0.7118430325062945
-0.7129868171753818
-0.7151509630680084
-0.718739107158035
-0.7191204743889662
-0.7259697158421788
-0.726398486495018
-0.7327332684071735
-0.7334670871496201
-0.7421803702242099
-0.7437750484095886
-0.751433058641851
-0.7586094356541123
-0.7589156292378902
-0.7633603733653823
-0.7650168128311634
-0.7705449631570706
-0.7710660366962353
-0.7718213668891362
-0.7752994361023108
-0.7770556914620101
-0.7838473574790571
-0.7850615491624922
-0.7851609248667956
-0.7879084497690201
-0.7905559152923161
-0.7906057025705066
-0.7907130817882717
-0.7912931510779474
-0.7930596357124159
-0.796704289601621
-0.7997737940400839
-0.8016835205926327
-0.8043618491850794
-0.8076407977912042
-0.8098125467076898
-0.8110576770626582
-0.8140775114297867
-0.8174063013866544
-0.8175582928316933
-0.818517629802227
-0.8205442599808941
-0.8208603943432016
-0.8218655423261225
-0.8224971722265764
-0.8340587775455788
-0.834880229431696
-0.8358793111488921
-0.8367417952977121
-0.8370611956343055
-0.8393414929232677
-0.843306357661883
-0.8442220847355202
-0.844772419973904
-0.8506316924467683
-0.8549615874886513
-0.8633753946767404
-0.8641530573368073
-0.8652133388178689
-0.8653524375113193
-0.8690435825644628
-0.8749645319767296
-0.8823085561549912
-0.8870058119297027
-0.8913938938437597
-0.8935319762676954
-0.8960354315737883
-0.8972631029319018
-0.8985413850929874
-0.8997383329014366
-0.9064654743541842
-0.9092989589035925
-0.9097666886945566
-0.9099312096289147
-0.9101290616166332
-0.9129265748895705
-0.9129506661914862
-0.9131752690705268
-0.9131828645865122
-0.91721269462643
-0.9268589760176837
-0.9272746816277504
-0.930851223910677
-0.9335540410729664
-0.9348227673998246
-0.9370247847400606
-0.93718947780629
-0.9413763616377344
-0.9456180483102798
-0.9467415899917897
-0.950498454272747
-0.955769769474864
-0.9609621241688728
-0.9664400093967006
-0.9665093197254464
-0.9721372744275464
-0.974934446712723
-0.9790842432218293
-0.9820228020350138
-0.983127861318213
-0.9860438067698851
-0.9941629351427158
-0.9950771651541194
-0.9962679447517508
-0.9995851051062346
-1.0036553501151502
-1.0039200399970185
-1.0043078798717033
-1.0043386220932007
-1.0055310158059
-1.0077813885485132
-1.0085517853498458
-1.009492013426054
-1.0095730568282306
-1.010194951530408
-1.011908441161116
-1.0133752111217071
-1.0155640843557194
-1.0179090121140082
-1.0195136774508726
-1.027435775846243
-1.028381868426142
-1.0327443964779377
-1.03672823175374
-1.037812217725096
-1.0389580237368743
-1.0411131728906184
-1.0439422948374635
-1.0441574982057016
-1.0443531692028045
-1.0461941560109456
-1.048578957716624
-1.048865366830594
-1.0516137978993356
-1.0526036924936555
-1.056262893602252
-1.059826177234451
-1.0643788231881681
-1.0645142865056794
-1.0658156375090282
-1.0673460584754746
-1.0684914165176451
-1.0688404008978978
-1.070889837294817
-1.071632581949234
-1.0731329942053114
-1.0741323053836822
-1.0794326447648928
-1.0802650654222816
-1.0812166788928153
-1.0824694650040732
-1.0840717509595885
-1.0881643735549666
-1.0890367613839251
-1.0925859734416008
-1.0959953870624304
-1.0964074047016246
-1.0969857362409432
-1.0976760853081942
-1.1026213206350803
-1.1056743913019698
-1.113436439074576
-1.1147507143517335
-1.1192007431139548
-1.1197287480657299
-1.1199843890499324
-1.1263361866876949
-1.127015361150067
-1.128749212063849
-1.134494156322696
-1.1351599970948882
-1.137349337960283
-1.1398608818029363
-1.151781503809616
-1.1524138926373173
-1.1527880036405154
-1.1534968734319722
-1.1562189140822738
-1.158632331294939
-1.159950115174676
-1.161483179195784
-1.1623456945473498
-1.1626819331431761
-1.1638831475918943
-1.1652324912101903
-1.1687664867689211
-1.1734042250551284
-1.178075469823347
-1.1877347033005208
-1.1901315143331885
-1.190716670969358
-1.1930172499269247
-1.1934121537487954
-1.1977144657090928
-1.1980917868204415
-1.1995110275844734
-1.2008889793263127
-1.2026206772117054
-1.2106816183243478
-1.2158498325501568
-1.2176998049020766
-1.221303955768235
-1.2254886635794089
-1.236268826527521
-1.2510849884711206
-1.2515384179229538
-1.2520399242639542
-1.2569337864132488
-1.2611923994762557
-1.2620234518851106
-1.2630087830126286
-1.2631754582891097
-1.264899181069008
-1.266086835297756
-1.267628740146756
-1.2792637020349502
-1.2796626364191372
-1.281756579130888
-1.2843407928943633
-1.284538802098144
-1.2939347699284554
-1.3031624555587769
-1.3081163197536678
-1.310034612623545
-1.3117082477547228
-1.3210815988919313
-1.3266932226717472
-1.3272742250640142
-1.3280218854132626
-1.3355554714798927
-1.3366992863399598
-1.3383105844259262
-1.3390324270646823
-1.3413166254758835
-1.3435100369155406
-1.3457167468965054
-1.35105698511881
-1.3533143443637528
-1.3554698963028688
-1.3586543012214334
-1.359278526423233
-1.359412062354386
-1.3669004701077938
-1.3681071152546793
-1.3703448381274939
-1.3710162883158774
-1.3719881655648352
-1.3807608856198688
-1.385128347016871
-1.3854433211672585
-1.3854793294479972
-1.3869623124599457
-1.395900258619804
-1.411913737654686
-1.4189365059137344
-1.4218424260616302
-1.4266107454895973
-1.4266119711489107
-1.427654504776001
-1.430738348175179
-1.4311143934505202
-1.4375116288661958
-1.4448433838784696
-1.4457803964808893
-1.4507441520690918
-1.4550282770767808
-1.4601194649003446
-1.4628341683742798
-1.4676209294906584
-1.4680917306492727
-1.4723952502012252
-1.4736874618361722
-1.474591761879209
-1.4780561026418582
-1.478283435904554
-1.478988856698076
-1.4813206940889359
-1.489628229290247
-1.4921732693910599
-1.497365967486985
-1.4996932744979858
-1.5019655019044875
-1.5039758620162804
-1.5086588162396635
-1.5124087658795444
-1.5139182358980179
-1.5223039962700569
-1.523047040682286
-1.5270889475941658
-1.5310428760945798
-1.5315355456301145
-1.5348149407655
-1.5379321554727439
-1.5398878660053015
-1.547382490709424
-1.556676290131041
-1.5573561877012252
-1.5579784435685724
-1.563550237832325
-1.563623019028455
-1.565145598782692
-1.5655055108945817
-1.570374957320746
-1.572325297165662
-1.5734680541034323
-1.5757541835308075
-1.578592812642455
-1.589901091256858
-1.6054589357227087
-1.6076879352331161
-1.6085483133792877
-1.6105784702037151
-1.6124003818258643
-1.6148485938707988
-1.6182681992650032
-1.6265271663665772
-1.638784036040306
-1.6441871263086796
-1.646176228299737
-1.6475334279239178
-1.6499288700520993
-1.6550226944188278
-1.6597612731158733
-1.6653472185134888
-1.6667976745150306
-1.6703592631965876
-1.6715517214366369
-1.6749035082757473
-1.6778757002736842
-1.6790423012592197
-1.6842138767242432
-1.696553632490274
-1.700338974512609
-1.7098356051719747
-1.7110546289441118
-1.7160274803638458
-1.7279188763350248
-1.729161755181849
-1.7297289826819906
-1.7400065452924796
-1.7454701602458953
-1.7632851875220825
-1.7673402205109596
-1.7771447746642177
-1.7801824808120728
-1.7881154809729196
-1.7890830885044124
-1.790392061526125
-1.7913385480642319
-1.809883312929222
-1.8119189747703786
-1.8128578215837479
-1.8162197659403319
-1.8284063935279846
-1.8333126157522202
-1.837288890372623
-1.8404139131307602
-1.8417909191048238
-1.8536486208352774
-1.860188066959381
-1.897623237222433
-1.9045568704605103
-1.9946297560003585
-1.9950572192668914
-2.0090922227464034
-2.0191628617952424
-2.0237822097260505
-2.0585895300027914
-2.07198143856866
-2.0811072468757628
-2.083978033158928
-2.0960351630170146
-2.103777925700342
-2.108019769191742
-2.1206842478364707
-2.1322122638978596
-2.1382300704717636
-2.14132564663887
-2.1425690829753874
-2.145565152168274
-2.1565642399170124
-2.175119305650393
-2.1932909935712814
-2.198431452115377
-2.2133433242727603
-2.214142484590411
-2.2195493858365807
-2.231279397010803
-2.243550330400467
-2.244829036295414
-2.27143486057009
-2.2868905195168088
-2.2885563373565674
-2.306680162747701
-2.316914090391947
-2.3188186457587614
-2.3277442199843272
-2.329012930393219
-2.365638494491577
-2.375048025200764
-2.3772930022743015
-2.3772965925080434
-2.3991396675507226
-2.433780693759521
-2.4487230503582396
-2.5136269246686425
-2.5282628051936626
-2.5305197685956955
-2.5906625241041183
-2.6464938496549926
-2.698171615600586
-2.7175342738628387
-2.737321821489604
-2.742753477349652
-2.7962533806761107
-2.8316611975897104
-2.875881931249751
-2.8882821480801795
-2.9824554724327754
-3.1750401052762753
-3.3439820513885934
-3.413160824798979
-3.5091590881347656
-3.5182183384895325
-3.519235889116923
-3.6356095065784757
-3.665021220842997
-3.691622495651245
-3.7502853870391846
-3.7823725524164424
-3.7903236945470176
-3.801159938176473
-4.021161988377571
-4.047554686665535
-4.087332785129547
-4.120275214314461
-4.143516391981393
-4.156278056403001
-4.341658651828766
-4.376176118850708
-4.619273983873427
-4.975809664232656
-5.419722928490955
-5.55671501159668
-5.6650471687316895
-5.865576267242432
-6.0260398387908936
-6.369440317153931
-6.4134838581085205
-6.713517665863037
-7.563798904418945
-8.960733413696289
-9.231404304504395
-9.250316619873047
