-0.0032637173717375845
-0.005478441482409835
-0.05301023554056883
-0.07174550245205562
-0.17237837412394583
-0.18772826033333936
-0.19306720110277334
-0.2566624214872718
-0.2800440590030381
-0.28094382692749303
-0.28399315755814314
-0.2929728925228119
-0.29874926805496216
-0.3077793210744858
-0.3155933978036046
-0.31962791113182903
-0.3275250863128652
-0.3501618375303224
-0.35122174081496066
-0.35130049884319303
-0.3543641007039696
-0.35513676625851076
-0.3556070794085307
-0.3636860471063604
-0.37061569245997816
-0.3720182826121648
-0.381691209244309
-0.3890279699116945
-0.3968683809041977
-0.397102090716362
-0.39729547448223457
-0.3976553360051993
-0.40205815311249654
-0.4025929353556421
-0.40531852739431995
-0.4053214439190924
-0.4078012135345489
-0.40813942439854145
-0.4103604666888714
-0.4111342132091522
-0.42033384916139765
-0.4215834702293197
-0.42559296519125794
-0.4275062194094062
-0.43209019754015443
-0.43259765952825546
-0.43503540886688696
-0.43659626106342203
-0.4388005679473281
-0.43948252499103546
-0.4402873918103675
-0.4436998719023972
-0.4492219182429835
-0.45016770584625193
-0.45018767774672597
-0.4527906387113035
-0.4542212071187675
-0.4552919400855899
-0.4572697060327206
-0.460516845388338
-0.46169022102064144
-0.46298780540409673
-0.46353621082380414
-0.4653217166021932
-0.46993932344272393
-0.4743056239250499
-0.4751819076653711
-0.4770894633838907
-0.47911779007076155
-0.4792786697701861
-0.47931682683625504
-0.48236973724690163
-0.4861160208270626
-0.48689891495902476
-0.4902157804204358
-0.49063265533186495
-0.49339665266094157
-0.4936795904715028
-0.49426913851251203
-0.4946392317768186
-0.49478747819860774
-0.4958419047296047
-0.4962383362996791
-0.49891378278844056
-0.49928586557507515
-0.4999280087213265
-0.5004351290845079
-0.5022798006955002
-0.5062209493771661
-0.5063534244021867
-0.5072349686103664
-0.507505259141908
-0.5080015963513257
-0.5084247790488846
-0.5120806406651225
-0.5147057329347081
-0.515114372363314
-0.5161564293841365
-0.5161966615692949
-0.5183070072671399
-0.5198090125833494
-0.5205826960903194
-0.5234968184694563
-0.5239389960964521
-0.5239937651436776
-0.5250881508303186
-0.525262957526138
-0.5259247934445668
-0.5276365379492441
-0.5287845706833261
-0.5289223987027072
-0.5292861370889349
-0.5300527506236298
-0.530059150402667
-0.5305799256078899
-0.5307174019399099
-0.5309655538035764
-0.5344317801354919
-0.5350717906840146
-0.536060515264537
-0.5374188811207811
-0.5377979291806696
-0.5388381778699113
-0.5423424546939454
-0.5426497768743762
-0.5442168532288634
-0.5461981743574142
-0.5469124458937181
-0.5470893837482436
-0.5513885122798254
-0.5517079597091112
-0.5520431594605643
-0.5539660179638304
-0.554209230778118
-0.5544008743727318
-0.5545654143206775
-0.5557161224191077
-0.5557925350452327
-0.5569353807345032
-0.5580767649225891
-0.5587453410029412
-0.5594265818595886
-0.5635059859977398
-0.5641797510574439
-0.5648158214986324
-0.5650609954526382
-0.5654421615181491
-0.565953304964794
-0.5659896365366877
-0.5681478823535144
-0.5689474472310394
-0.5691381468403217
-0.5692799509810617
-0.5693905713473214
-0.5704078907789342
-0.5717921386498751
-0.5737257223568278
-0.5738218125694184
-0.5741536712998317
-0.5747221035417169
-0.5772548316046595
-0.577540666423738
-0.5786966623738408
-0.5789249829947949
-0.5803246678784489
-0.5807969172795614
-0.5817268432417352
-0.58273628509293
-0.5838404749002721
-0.5841861612030438
-0.5861334800720215
-0.5871836985461414
-0.5875459987686814
-0.5875535234808922
-0.5877642443312132
-0.5877902147670587
-0.588149745145347
-0.5891593595345815
-0.5892093417395909
-0.5892879578168504
-0.5902948265582765
-0.5917914542369545
-0.592205312413474
-0.592473308245341
-0.5927006992666671
-0.5927240739576518
-0.5931302783396354
-0.5938775611575693
-0.5940144281679144
-0.596336195099866
-0.5976077576892244
-0.5976979181834031
-0.6000854377052747
-0.6029857502807217
-0.603004091233015
-0.6041933787986636
-0.6047265195686903
-0.6053241984401312
-0.6070129635950757
-0.6074779419957296
-0.6093348935246468
-0.6099095886747818
-0.6102529026587339
-0.6104259458577872
-0.610864134372345
-0.6142146374202437
-0.6143074524443364
-0.6143264894573284
-0.6147927882016769
-0.6165365227498114
-0.6167504869711896
-0.6189328220983347
-0.619549674647195
-0.6202806884422898
-0.6212799992063083
-0.6235044458589982
-0.625343228785953
-0.6265442642782416
-0.6274394359439611
-0.6274744532337146
-0.6275402523036974
-0.6276105981863415
-0.6287877271129724
-0.6299191580287048
-0.629925929941237
-0.6312908792868257
-0.6326517385430634
-0.6339431069791317
-0.6340305514633655
-0.6360251600854099
-0.636470856591283
-0.6376697714440525
-0.6384958980072822
-0.6391240836353973
-0.6394263808098104
-0.6401645601594779
-0.6431082747876644
-0.6437966342287836
-0.6448935072070786
-0.6456362729892134
-0.6465480249219885
-0.6480318914133628
-0.6500322794807809
-0.6501628137659281
-0.6512368640729359
-0.6524915358362099
-0.6526298224925995
-0.653024472296238
-0.6557102340944659
-0.6570756054764691
-0.6600330449640751
-0.6606044568713211
-0.6629422534671094
-0.6656195386046116
-0.6665603065464113
-0.6671204060316086
-0.6672565968086323
-0.6685795858631738
-0.6689915381591871
-0.6691688001155853
-0.6704439276031086
-0.6711523002479225
-0.6713795762884224
-0.6715506065636874
-0.6723667454041008
-0.6727977422997355
-0.673263152440389
-0.6755857717094478
-0.675774299694846
-0.6770034889320543
-0.6771486484660552
-0.6796196790412068
-0.6805450348183513
-0.6822891980409622
-0.6823599678076183
-0.6829968091870586
-0.6849246750275294
-0.6866969192134482
-0.6868548645288683
-0.6874251440167427
-0.688916164018926
-0.6891174673335627
-0.6894815062987618
-0.6913373488117941
-0.6932432976152215
-0.6935802212780496
-0.6956802093191072
-0.6963415259961039
-0.6964851308148354
-0.6967493736495575
-0.6970552207009556
-0.6974627651274204
-0.6981971182215673
-0.7014027055766847
-0.7023855949161001
-0.7037223051302135
-0.7045271073778471
-0.7052404886732498
-0.7054038636852056
-0.7100981168448925
-0.7129103021829256
-0.713977058728536
-0.71436537373811
-0.7145138022800287
-0.7151023329546055
-0.7151143964971803
-0.7169202839334806
-0.7182821850292385
-0.718520712852478
-0.7199602371879986
-0.7218839298002422
-0.7221862740785582
-0.7233161056148154
-0.7248075422313478
-0.7280104535245548
-0.7314317295677029
-0.7353494498678154
-0.7370735369622707
-0.7384543403362235
-0.7406289996579289
-0.7407775477040559
-0.7426981666746238
-0.7442065179347992
-0.7443545758724213
-0.7484632162668277
-0.7498916744121483
-0.7505163034158093
-0.7511973745470945
-0.7513533230638132
-0.7513697889866308
-0.7528660694758097
-0.7579041899492344
-0.7647164640948176
-0.7659975597480297
-0.7675888453780896
-0.7686157590201632
-0.770169997215271
-0.7714123605983332
-0.7745507462984986
-0.7773381580133597
-0.7787398121186665
-0.7836450739996508
-0.7874043001017222
-0.7905955580295995
-0.7911340655492884
-0.7933681777018743
-0.7937683071009815
-0.7994499530953666
-0.7995312952436506
-0.8021728485408757
-0.8025758434087038
-0.8045704029500484
-0.8056680892361328
-0.8056728914380074
-0.8058890629326925
-0.806405369606283
-0.8069697056431323
-0.8101111054420471
-0.8117317292425368
-0.8124467371516706
-0.8148143533617258
-0.8152135014533997
-0.8159385716749562
-0.8162070672131247
-0.8175483379513026
-0.8205298879849059
-0.8215030375868082
-0.8251157873310149
-0.833727291226387
-0.8338360260240734
-0.8345353838056326
-0.836779808315138
-0.8386336898431181
-0.8401925452053547
-0.845271674650056
-0.8474063415612493
-0.8511520057088799
-0.8606470767408609
-0.8629348607999938
-0.871922479942441
-0.873180441558361
-0.8738139314664295
-0.8756546830991283
-0.8756730135530233
-0.8773130053887144
-0.8826902107830392
-0.884511386251284
-0.8850470369681716
-0.9002089628151485
-0.9011647005875906
-0.9023157358169556
-0.905716877637638
-0.9058688458055257
-0.9135458623905751
-0.917869633063674
-0.9188888172308604
-0.9228393439617422
-0.924023185390979
-0.9257941767573357
-0.9262199603021145
-0.9291447546777569
-0.9297581584089332
-0.9334124589592896
-0.9356343265622854
-0.9392358875936933
-0.9404926321779689
-0.9441096392692998
-0.9533780205787884
-0.9564566001562136
-0.9638247504564268
-0.9661273062229156
-0.9692616518586874
-0.9828867202741094
-0.9908767360495403
-0.9922100713592954
-1.000223994255066
-1.0004377037818943
-1.002085626590997
-1.00718409071366
-1.013174170308048
-1.0196902578075726
-1.0204063168726862
-1.0239599930743377
-1.0266854465007782
-1.0298802070319653
-1.036643253552029
-1.0391950733959674
-1.042821875307709
-1.045244128908962
-1.052479276061058
-1.0529690831899643
-1.053515116373698
-1.062970595434308
-1.063120144419372
-1.0828247733879834
-1.105053303593939
-1.1102715108543635
-1.125410170449565
-1.1299522668123245
-1.1338606050148057
-1.1440630654493968
-1.1461666089793046
-1.1572899719079335
-1.169728197529912
-1.1823454070836306
-1.2001201858123143
-1.2053434523986652
-1.222972415620461
-1.2483304082415998
-1.2568336675564449
-1.281044214963913
-1.2930868933908641
-1.3017601370811462
-1.3026969859908735
-1.3071602817508392
-1.3075115084648132
-1.3628763457139332
-1.3848888841457665
-1.4017545122963686
-1.4193599969148636
-1.4412823120752971
-1.4429066263139247
-1.4528922140598297
-1.4629192292690276
-1.4910557130351663
-1.4950784146785736
-1.4985790910432115
-1.5197942852973938
-1.5614279756943386
-1.5776373602449894
-1.5783365940054257
-1.6163533329963684
-1.6230925619602203
-1.6365903541445732
-1.6610072751839955
-1.6694710850715637
-1.671854853630066
-1.672173798084259
-1.7116228714585304
-1.7490865495055914
-1.7856830954551697
-1.8121420106229682
-1.874603059142828
-1.8909756541252136
-1.897902253025677
-1.9118452609982342
-1.9208833873271942
-1.923271581530571
-1.9297214206744684
-1.930803894996643
-1.9694696620572358
-2.0188636779785156
-2.0487352050840855
-2.118049740791321
-2.1186428467432656
-2.132635474205017
-2.1725019172299653
-2.2148311138153076
-2.2350438237190247
-2.2477424144744873
-2.3128228187561035
-2.3652413664385676
-2.4879377024869123
-2.5835660196413905
-2.592538116305756
-2.636128584543864
-2.6519264380137124
-2.661290937801823
-2.6642780151839056
-2.702532045853635
-2.748655080795288
-2.791691223780314
-2.7924666851758957
-2.878095547358195
-2.981820162385702
-3.011317828980585
-3.03003469761461
-3.1055599451065063
-3.2433120173712573
-3.370082177221775
-3.3748235385864973
-3.6324044407811016
-3.748806092888117
-3.788755178451538
-3.8315913677215576
-3.9223324671620503
-4.096476523205638
-4.148826281229655
-4.2085161209106445
-4.252163887023926
-4.384157657623291
-4.854289650917053
-5.09219765663147
-5.137349367141724
-5.6839234828948975
-5.762900352478027
-6.765066742897034
-7.056224822998047
