-0.025780605711042882
-0.02956714137326344
-0.040115305862855166
-0.05078808910911903
-0.05298205558210611
-0.061931229662150145
-0.06690780321756999
-0.06876614260060403
-0.06932015717029572
-0.07016726098954677
-0.08098844965570606
-0.10613164181510608
-0.10819568272927427
-0.11073956514398257
-0.1306339679285884
-0.14196565747261047
-0.14431014998505512
-0.14963397942483425
-0.15375899523496628
-0.15818000618102296
-0.16507349771979665
-0.18577313666982162
-0.19509467715397477
-0.20623610394613934
-0.20722378365462646
-0.21403221912415965
-0.21470279495518368
-0.21678695380687713
-0.23236165689304472
-0.2338111060006278
-0.241410216447548
-0.24175924882292749
-0.2417613354378513
-0.24561233565743482
-0.2459047393307888
-0.24693295117467642
-0.2497010018378205
-0.2511049292526358
-0.2558241182450729
-0.2566548756640886
-0.2571442895236292
-0.26487763271143194
-0.26544145693780874
-0.26927492807486225
-0.27247382825890815
-0.2724988793343073
-0.273233883739158
-0.27454896653888194
-0.2774605903153618
-0.2819845235435802
-0.28251634501955575
-0.2839889363385737
-0.28515102981129364
-0.2867473409957408
-0.28800062630325557
-0.2902567253109333
-0.291116206750023
-0.2938929812832309
-0.2963039180909214
-0.29735292300076255
-0.29787431413920973
-0.2992861869110389
-0.299408927555002
-0.30328171701694373
-0.30424520312008096
-0.3042937368154526
-0.31125985221005975
-0.31188923859637724
-0.3128411797693439
-0.31346242258196827
-0.31488643779994163
-0.31558214959555436
-0.3169108348875642
-0.31712193057561916
-0.3188254378996135
-0.32123634132180584
-0.32209411080527517
-0.32346817142570217
-0.32365566526229184
-0.32465032656150666
-0.32530628549663915
-0.32837545839048776
-0.3298046125851565
-0.33068336305893387
-0.3310463354971848
-0.3318878043537552
-0.3319065220851674
-0.3327703216997179
-0.332850263685638
-0.33423754044342785
-0.3362472003791481
-0.33815357743934815
-0.33866501996293663
-0.3402209275693167
-0.34207054539292586
-0.3431867681577031
-0.34377634624252096
-0.34413566161917214
-0.3458062114466884
-0.3465511574675994
-0.34656803948538645
-0.34951551672485137
-0.349905958739014
-0.3505317677611726
-0.35126839329799014
-0.3519007515652837
-0.35249156248109004
-0.3528877817443572
-0.35430177324360557
-0.3549387755653178
-0.3557885723101208
-0.35705219665502835
-0.35920655466179596
-0.3599612656980753
-0.361070895035352
-0.3612961602003242
-0.3615938447231504
-0.3617053618654609
-0.36430720501812175
-0.3646774679954043
-0.3662193073427182
-0.36678156317211685
-0.36689297060261844
-0.3689625290397089
-0.3692592079169117
-0.37203975833420244
-0.3729372138144861
-0.37370571934074037
-0.3764804993366726
-0.37668624936581335
-0.37793670096988746
-0.3779729157395195
-0.37840920915671933
-0.3784979150185119
-0.37866184006322456
-0.38189980414145713
-0.3822478916263208
-0.3824247992949192
-0.38260924184901846
-0.3831169911261116
-0.38443488073963555
-0.3845027172264963
-0.3878718202822711
-0.38843291633033744
-0.3888208015821874
-0.3897074484266341
-0.3899740070081905
-0.39006856163697584
-0.3907770164466153
-0.39130416911405824
-0.3918687886898624
-0.39210019617166836
-0.3931626178091392
-0.3943739072419703
-0.39450706518255174
-0.39570364376413636
-0.39577571097761394
-0.3959536023127536
-0.3963629724702945
-0.3972482308745384
-0.3989982888306258
-0.40066733499406837
-0.400731635116972
-0.4021740731918726
-0.40261305049039037
-0.4026675787948382
-0.4032918400386864
-0.40464265235803193
-0.4056486234534532
-0.4058968581724912
-0.4069755431458664
-0.4079861724985676
-0.41152982307331903
-0.411697324250579
-0.41196417742366975
-0.4125697432255864
-0.4127772942010779
-0.41585653026339225
-0.4160455291332255
-0.4196972883772105
-0.42063175067305564
-0.42073268186585566
-0.4207723412760778
-0.4212579346106698
-0.42145102804837126
-0.4253842276521027
-0.4257993847131729
-0.426548419956589
-0.4271575047823717
-0.4280105116602499
-0.42836834579793504
-0.42851707637310027
-0.4292425800752091
-0.43032717435724205
-0.4308230997994542
-0.4310346184500102
-0.43104483261704446
-0.43254989216686224
-0.4327034626954368
-0.4331907609681366
-0.4332041127479169
-0.43344661183655264
-0.43384328493848445
-0.43385247484825196
-0.43420355253620074
-0.43509771917015316
-0.4363272603539586
-0.4370092192858124
-0.4371308607902999
-0.43817058466374875
-0.43818127578124405
-0.4413113691683975
-0.44143967019044794
-0.44150452683849534
-0.4418560749812362
-0.44443754211533815
-0.445830447241153
-0.44611350689374374
-0.4473802305551039
-0.44896787172183394
-0.4491562210023403
-0.44945687894609626
-0.44950230084796206
-0.4496324249485042
-0.4523671755605392
-0.45322595182783515
-0.4534556337700148
-0.4542996244064333
-0.4546592042574452
-0.45532241500914095
-0.45552652470069005
-0.45646991851713714
-0.4565378144722093
-0.45731478904181133
-0.4586081956513226
-0.46021368785908345
-0.4612798514620711
-0.4618902001529932
-0.4621201450435264
-0.4628289505839348
-0.46596518185106106
-0.46634582336992025
-0.46647339707124047
-0.4677891835570335
-0.468283126641634
-0.4683934911736287
-0.4695201626047492
-0.4723290524671029
-0.4728529201561792
-0.47421948090195654
-0.47479871151569697
-0.47537840108270757
-0.4760244158850957
-0.4761290282670719
-0.4769022890814085
-0.4772251061986026
-0.47815435549709945
-0.4781702538214934
-0.4805671595036983
-0.4817123325105058
-0.4818028968074941
-0.4823794225230813
-0.4830491154571064
-0.48579013396969956
-0.48825817407919203
-0.48839131077854997
-0.4884495599417278
-0.48989641591906546
-0.4901048269122839
-0.4909200969462593
-0.49102338960593833
-0.49285694837973487
-0.49418182647787035
-0.49544442037622505
-0.4958320750322725
-0.4967983864247799
-0.4990038422360418
-0.5012012988861118
-0.502752284316687
-0.5030963272787631
-0.5038013823796064
-0.5038742992010984
-0.5039819180965424
-0.5039929497987032
-0.5043795216697617
-0.5044655824700991
-0.5048087587056216
-0.5067143543041311
-0.507264605542231
-0.5075349985869252
-0.5077376084195243
-0.5082680811137834
-0.5096927824031029
-0.5097000984699532
-0.5099155863156609
-0.509933815770637
-0.5102089792490005
-0.5108302138512955
-0.5117441232367936
-0.5117679635683695
-0.5163382244229849
-0.5170666302243868
-0.5171546303770609
-0.5176967902109026
-0.5185172454609225
-0.5189368082081072
-0.5196690733653007
-0.520571429696348
-0.5221809096013507
-0.5243143129295537
-0.5243933983565512
-0.5245765697701634
-0.5262349336532809
-0.5267150007304735
-0.5282345040080448
-0.5283323834220128
-0.5293986975215376
-0.5296186477411539
-0.5307296662867884
-0.5308355727698654
-0.5312140304595232
-0.5320338383316994
-0.5323090758174658
-0.5327258484438062
-0.5327616780996323
-0.534016250980585
-0.5342192645184696
-0.5373852145858109
-0.5373925952240824
-0.5380206751999341
-0.5392336935134759
-0.5395137661136686
-0.5401232892647385
-0.5406954812584445
-0.5413494115462527
-0.5416839310899377
-0.5418377142341342
-0.5435703871771693
-0.5440525386349893
-0.5440907589758613
-0.54432631470263
-0.5445727473124862
-0.5452101741518293
-0.5454916123832975
-0.5480076171793371
-0.5488634188659489
-0.5494820925174281
-0.5505066245794297
-0.5505586326762568
-0.5559405792504549
-0.5579711185419001
-0.5618211310356855
-0.5631635324389208
-0.5651096908550244
-0.5657273155860215
-0.5667634964403179
-0.5672438353972716
-0.5672457816170728
-0.5684103189657131
-0.5684716049581766
-0.5687880310142646
-0.569145199842751
-0.5697360773171697
-0.5700091847942935
-0.5701974468538538
-0.5709579040606817
-0.5720096100202581
-0.5725785001510909
-0.575420379305433
-0.575590269989334
-0.5760661055712262
-0.5789979818121841
-0.5829235017299652
-0.5837213257715727
-0.5843052388065391
-0.5844867455954954
-0.5853790594264865
-0.585977572016418
-0.5866903672859836
-0.5872991999611259
-0.5873797829780314
-0.5890801652567461
-0.5903980865065629
-0.5905948320170864
-0.5941844276256032
-0.5954658150672912
-0.5957477334886789
-0.5959074863543113
-0.5960351713001728
-0.5965309818653622
-0.597033412847668
-0.5979244145564735
-0.6003227274864912
-0.6009010731941089
-0.6018229404930026
-0.6074463968564358
-0.6083275368104556
-0.6110959951911354
-0.6112979648634791
-0.613554958118281
-0.6156159873519625
-0.6168684356845915
-0.6175001994432772
-0.6177822138581958
-0.6188326772069559
-0.619869988411665
-0.6198747780799749
-0.6202596538700164
-0.6207269032796224
-0.6213233689680541
-0.6221859753131866
-0.6222020934025446
-0.6231641273069031
-0.6250478497573307
-0.627013752857844
-0.6278638124672903
-0.6279504144786188
-0.6280077685119717
-0.6286625648921472
-0.6295115008122392
-0.632405087351799
-0.6332405406153865
-0.6356093809008598
-0.6359454270845163
-0.6366701528429985
-0.6384529607991377
-0.6389474851397002
-0.6394011851890744
-0.6397518338635564
-0.6413452178239822
-0.6415761957410723
-0.6416302166879178
-0.6425838573098493
-0.6434425277551451
-0.6440740327040354
-0.6446680349763483
-0.6465317786981662
-0.6475825610645448
-0.6494477458181791
-0.6504640026638905
-0.6522677530135427
-0.6530944769416237
-0.6532298502944676
-0.6547797061502934
-0.656654853373766
-0.660755238806208
-0.6614256915064678
-0.6637646853406396
-0.6644908947870135
-0.6645665466785431
-0.6668174586957321
-0.6678518851655938
-0.6686478182673454
-0.6695643601318201
-0.6708579759639784
-0.6711898957146332
-0.6713464817564402
-0.6754319394628207
-0.6766113908961415
-0.6794694929073254
-0.6796732321381569
-0.6821796565006176
-0.68314773491511
-0.6846695637796074
-0.6860318350081798
-0.689981747418642
-0.6933554439805448
-0.6933718666434288
-0.6949978221207858
-0.7018099827691913
-0.7035443617487545
-0.7054016888141632
-0.7105076294392347
-0.7134926633443683
-0.7191297348795666
-0.7199293156154454
-0.7216010289266706
-0.7217130994249601
-0.7258086912916042
-0.732002314645797
-0.7433412248889605
-0.7438848346471787
-0.7544078563223593
-0.7561608025183281
-0.757880687713623
-0.7589528712754449
-0.7672750680707395
-0.768633752129972
-0.7693842217326164
-0.7760840334619085
-0.7771396918222309
-0.78311016683761
-0.783501144265756
-0.789615199714899
-0.7945750154554844
-0.7962422771379352
-0.8019018321065232
-0.8042169058850656
-0.8076332531869411
-0.8113541788188741
-0.8150575355005761
-0.8164535677758977
-0.8198060143040493
-0.8207202173769474
-0.8252803484598795
-0.8252951346337796
-0.8262297979090363
-0.8275378383696079
-0.8319104261075457
-0.8353761732578278
-0.8356183882802725
-0.8370046158321202
-0.8372704848647118
-0.8403966976329684
-0.8498366074636579
-0.8519030697643757
-0.8578971400856972
-0.858734367787838
-0.863119688630104
-0.8682126729050651
-0.8738253338960931
-0.8739312055210272
-0.8756614327430725
-0.8783135060220957
-0.8880607254270997
-0.8899270445108414
-0.8940500382450409
-0.8942000739276409
-0.8956587541848421
-0.8978765650419518
-0.8994103759527207
-0.9003148759482429
-0.9048433060654335
-0.9078311422839761
-0.9190249599269009
-0.920122853666544
-0.922805270855315
-0.9301113998517394
-0.9308949619531631
-0.9314800277352333
-0.9449101809877902
-0.9452690047522386
-0.9457555386470631
-0.9457998024299741
-0.9510220922529697
-0.9569574495156606
-0.9585162103176117
-0.9608412037293116
-0.9656116753816605
-0.9761101305484772
-0.9815469111005465
-0.9836702449247241
-0.9847381074796431
-0.9914443828165531
-0.9918438041349873
-0.9956515192054212
-0.997328924247995
-1.0025580712081137
-1.0043753381818532
-1.005525328218937
-1.0121437411289662
-1.0181702561676502
-1.0190852731466293
-1.0212225914001465
-1.0246225741381447
-1.030563677661121
-1.0318243158981204
-1.0400826568402408
-1.0413160326424986
-1.0469696677973843
-1.0477491555114586
-1.0571484863758087
-1.061681759931768
-1.0699496129527688
-1.0739070385297964
-1.0973329422995448
-1.0996603490784764
-1.1072140733400981
-1.1199537629683618
-1.1205844804644585
-1.1251395791769028
-1.1305341569532175
-1.1360739888623357
-1.1394019837316591
-1.1415300518274307
-1.1427532580370705
-1.1434437781572342
-1.1564664244651794
-1.1565014543011785
-1.1615117139493425
-1.2019509673118591
-1.202639492849509
-1.2073563660184543
-1.213805236844928
-1.2474846804204087
-1.2481783827145894
-1.2507709587613742
-1.2572492162386577
-1.2741883241881926
-1.2894049435853958
-1.299690072715748
-1.3086988298273354
-1.3251454196870327
-1.337840692140162
-1.3500072273115318
-1.3627923931926489
-1.3688280005007982
-1.3701965187792666
-1.3735889047384262
-1.3758525848388672
-1.3796645005544026
-1.392185777425766
-1.3937382598718007
-1.3972106166183949
-1.4053824708930083
-1.4357202132897717
-1.4364469442516565
-1.4825870469212532
-1.4836093746125698
-1.4888193756341934
-1.4975480820721714
-1.5064155776053667
-1.5090521008241922
-1.5221692621707916
-1.5233942288905382
-1.5465906262397766
-1.5510777235031128
-1.5521232027870913
-1.5581605434417725
-1.5676214694976807
-1.571705431677401
-1.5759687225023906
-1.5853735307852428
-1.5933125515778859
-1.6107228994369507
-1.622894287109375
-1.663460373878479
-1.670192423587044
-1.6774476766586304
-1.695016508301099
-1.6999039053916931
-1.7169042229652405
-1.7367398710921407
-1.760294914090385
-1.7724985480308533
-1.7793694734573364
-1.7835157255952556
-1.7948570884764194
-1.8061790267626445
-1.8090869107594092
-1.8810076117515564
-1.8971942979842424
-1.9345782101154327
-2.0030937492847443
-2.0441058948636055
-2.0524297058582306
-2.0937097974237986
-2.1163729578256607
-2.1575430780649185
-2.1689793672412634
-2.1874945759773254
-2.194320559501648
-2.20733770634979
-2.227487288415432
-2.231293797492981
-2.3852354884147644
-2.4110297560691833
-2.476914346218109
-2.4769480377435684
-2.508553620427847
-2.543362838216126
-2.756334262279173
-2.757687509059906
-2.9346129298210144
-3.106164970624377
-3.4480185508728027
-3.4512873079656856
-3.477137267589569
-3.9314930513501167
-4.0213296797155635
-4.171784646809101
-4.190181016921997
-4.368016538883239
-4.420504090987379
-4.982391498982906
-5.164059162139893
-5.527115345001221
-5.610550880432129
-5.676498889923096
-7.857165813446045
-8.90587043762207
