-0.0008310396806336939
-0.0031846477650105953
-0.019042855128645897
-0.03781664976850152
-0.05421107914298773
-0.0717568616499193
-0.09328083290408055
-0.14733686873556248
-0.15017630903942822
-0.22927592875203118
-0.22985473214672916
-0.2301509389653802
-0.23052030405960977
-0.2373831275763223
-0.24169631279073656
-0.26695097849837374
-0.26896075485274196
-0.27327533497009426
-0.27346739578047163
-0.28434937819838524
-0.2854686471982859
-0.29710333208952633
-0.30763846924674
-0.30930089694447815
-0.31857392732053996
-0.3214938185022523
-0.3215337473292103
-0.32699702891449517
-0.32730955770336245
-0.32983088732860916
-0.33075980842113495
-0.33133132497459883
-0.3317569349923443
-0.3338307111450747
-0.3347082740277239
-0.3365624299040064
-0.3366188737563789
-0.3370071472156808
-0.33749927237477095
-0.33889626916497945
-0.34090580865611425
-0.3460947269340977
-0.3469575918864848
-0.3503766409718082
-0.35107149624688344
-0.35223500836043187
-0.35301600702639135
-0.3545629727523192
-0.35630386429173605
-0.3573891669511795
-0.3576643931179812
-0.3602536864051217
-0.360582928173244
-0.36232541943900287
-0.3629610527589518
-0.3633902228237795
-0.3644104577950202
-0.36488939201492276
-0.3690396474960905
-0.3737583450274542
-0.3740900818957016
-0.37426358594093473
-0.3751063006049143
-0.3754023270243231
-0.37713133194483817
-0.37796306098061905
-0.37802852653786195
-0.37862956523895264
-0.3788632435191955
-0.37897897395305336
-0.38041654642671346
-0.38045338754309344
-0.38125776356173446
-0.382608650252223
-0.3830300096584403
-0.38399219256825745
-0.3862345518544316
-0.3871478585060686
-0.3883047357309503
-0.39021778543547986
-0.3931623529010565
-0.3939261732622981
-0.3943040320852466
-0.3945698803290725
-0.39587497196308424
-0.39658809539217216
-0.39721482117032714
-0.39755353657801606
-0.39914911178251106
-0.39996838233699755
-0.40379999743082506
-0.40439746430783996
-0.4072500290349126
-0.40802418745079194
-0.40959510098521906
-0.4110566503368318
-0.4113048379076645
-0.41217785455810374
-0.4138596486348736
-0.41525693661372187
-0.41630163333944176
-0.4183927758131176
-0.4193731456595872
-0.42573517584026344
-0.42603818397037685
-0.42683554084376535
-0.427318009148751
-0.4273918755352497
-0.4276319201647614
-0.428377576317871
-0.4287029721696551
-0.42888766434690395
-0.42932582393820795
-0.43158980590524154
-0.43473142307872575
-0.4380211759358644
-0.4381720478910817
-0.43974239385819863
-0.4401257178531243
-0.4446160418779722
-0.44502878339214175
-0.4450336881563999
-0.44808378284797074
-0.4481686362219882
-0.4483251593541354
-0.45048650437674953
-0.4525622960010713
-0.45258465441293083
-0.4536537031850053
-0.4545338743288691
-0.4552388817171829
-0.4566250251890678
-0.45743041059800554
-0.4602070788387209
-0.4605805744577083
-0.46096497885882853
-0.46284086871892216
-0.4634135544300079
-0.4647823002993722
-0.4649813799446242
-0.46595603161646676
-0.4659820083087604
-0.46816903352737427
-0.4690670242740048
-0.47275026568344664
-0.472781040188339
-0.47370900710423786
-0.4754905588924885
-0.4790705121413339
-0.4826990120811388
-0.48323504960474867
-0.48436780246993294
-0.48612524189341527
-0.48652668849376823
-0.48870194554328916
-0.49074434116482735
-0.49343757561873647
-0.49351542568765583
-0.49383334778249266
-0.49440949705765685
-0.4945065119924645
-0.4960154748340655
-0.49677192148874383
-0.5011544334702194
-0.5030456529930234
-0.5033251307948376
-0.5065619261586107
-0.5084769905855259
-0.5093454670988851
-0.5101097064050717
-0.511780498069129
-0.5128790963208303
-0.5133120550308377
-0.5144046427948135
-0.5185535013760355
-0.519490215129086
-0.5198674335842952
-0.5205993047808685
-0.5233331268483942
-0.5246848383918404
-0.5263899125690971
-0.5266707248054445
-0.528132920086916
-0.5286595734457175
-0.5291636971232947
-0.5301302961306646
-0.5309717718822261
-0.5316005843610583
-0.5319097878411412
-0.5327595994167496
-0.5331597659581652
-0.5345127511148652
-0.5345140226806203
-0.5363685746730577
-0.5390267043581439
-0.5405658228555694
-0.5411008356237098
-0.5416352957678706
-0.5422942155497507
-0.5443838401274248
-0.5445395443488711
-0.547960523431274
-0.5481090474873781
-0.5510875845534934
-0.5514817059350511
-0.5523795966938552
-0.5542199068835804
-0.5544000779773341
-0.558602889171905
-0.5618114137614612
-0.5629919030858824
-0.5635779361639704
-0.5640798693930265
-0.5660266857594252
-0.5666408898308873
-0.5667754827688137
-0.5681109957929168
-0.5701417555101216
-0.5705065063801678
-0.5753597176323334
-0.5757179497741163
-0.5759867495857179
-0.5762960116068522
-0.5777047496521845
-0.5805467606655189
-0.5813743125015337
-0.5853915260439473
-0.5854472265844899
-0.5868038044621547
-0.5871041742107731
-0.587373950285837
-0.5876623208944997
-0.5890975391492248
-0.5891629973426461
-0.5915413584249715
-0.591951746121049
-0.5925583848212328
-0.5925777927041054
-0.5930142640136182
-0.5931558241136372
-0.5940447117512425
-0.5976552290117575
-0.6056576341623441
-0.6069772554095835
-0.6103949722482669
-0.6130419412627817
-0.6134569396575292
-0.6162350547706915
-0.6170171713456511
-0.6181538129846255
-0.6199998705913978
-0.620748428045772
-0.6211493451658743
-0.6220407435515275
-0.6311962939798832
-0.6329643892912338
-0.6333974296430824
-0.6336733972653746
-0.6345654086520275
-0.6360529294004664
-0.638861446541601
-0.6399905007565394
-0.6405068912543357
-0.6437126328366705
-0.6444222261973968
-0.645036434289068
-0.646400528812879
-0.6492358584655449
-0.6525510108098388
-0.6536750408510367
-0.6544777154922485
-0.6548190765481975
-0.6570971334003843
-0.6608150321990252
-0.6619819262064993
-0.6621250996831805
-0.6666637609014288
-0.6690244426329931
-0.6727990670543578
-0.6803278479104241
-0.682367884243528
-0.6824383594095706
-0.6828374604561499
-0.6874067716610929
-0.6879104131832718
-0.6889937144005671
-0.6919577524065972
-0.6935096852895286
-0.6939598779343734
-0.6948442950844764
-0.6949109442532062
-0.6972444441893862
-0.6980868125600475
-0.6986749410862103
-0.699947215616703
-0.7003455399535596
-0.7031444365533793
-0.7040806425735354
-0.709676427870161
-0.7098187386989594
-0.7120277529582382
-0.7120534500896206
-0.7122177496552468
-0.7127799306597028
-0.7166797078680247
-0.7192756924778223
-0.7215605487248727
-0.7217481706291438
-0.7219277910189703
-0.722757226601243
-0.725118409912102
-0.7269252687692642
-0.7290044175460935
-0.7298800696618855
-0.7304331550064186
-0.7315062294300232
-0.7336109199095517
-0.7366807222366333
-0.7388756093051698
-0.7392867312766611
-0.7397104955598479
-0.7397164363414049
-0.7403010621459948
-0.7417734025511891
-0.7426231092773378
-0.745853612665087
-0.7468831107020378
-0.7482839903647178
-0.748505691687266
-0.7509427431970834
-0.7515186914242804
-0.751915481640026
-0.7527532742242329
-0.7529581356793642
-0.7539467619998115
-0.7557825586758554
-0.7571485249532593
-0.7585654913758239
-0.7595779126923945
-0.7596657120997811
-0.7609789156251483
-0.7612743153003976
-0.764761545881629
-0.765122280176729
-0.7667708692865239
-0.7702247551642358
-0.7725924510935632
-0.7728705383837223
-0.7760867190857729
-0.7790076569654047
-0.7855874750530347
-0.7882966249249875
-0.7961150199795762
-0.8006000946172409
-0.8006458940605322
-0.8048782057128847
-0.8085575855026642
-0.8093316012993454
-0.8094533026218415
-0.814246928319335
-0.8145803369116038
-0.8149751059710979
-0.8160693986075265
-0.8181720416992903
-0.8185021101186672
-0.821726052582057
-0.822177100305756
-0.8260628776624799
-0.8277703335043043
-0.8419917304068804
-0.8443097281269729
-0.8478251584795847
-0.8581781059503555
-0.8620317995548248
-0.864162942674011
-0.8666929875034839
-0.8669828390702605
-0.8702897047623992
-0.8733439825009555
-0.8763595962276062
-0.885712389863329
-0.8873912693932653
-0.8890151295810937
-0.896197903715074
-0.8970272402678218
-0.8974027823423967
-0.906490558758378
-0.9145029604434967
-0.9181002023008963
-0.9291149452328682
-0.932448269915767
-0.9340687662363052
-0.9396675046799439
-0.9430578198283911
-0.9499783192295581
-0.9589527818825445
-0.9958078299338619
-0.9992177613079548
-1.0059369206428528
-1.0074530243873596
-1.0189516435244255
-1.0332857966423035
-1.0340843951950471
-1.0378842283971608
-1.0396956503245747
-1.062060134485364
-1.0660664573311807
-1.0974734518676996
-1.1014267206192017
-1.113495151913311
-1.1157001415122068
-1.1441670313943177
-1.1471151327714324
-1.1481250738725066
-1.158434748009313
-1.1618443871848285
-1.2004607841954567
-1.2069276358621817
-1.2104119881987572
-1.227610006928444
-1.235737697687
-1.2382643418386579
-1.2474775251300474
-1.269287146627903
-1.2778358389623463
-1.287186345939214
-1.2881855025654658
-1.2949199352102976
-1.3153416449204087
-1.3721999681244295
-1.41917409033825
-1.445726677775383
-1.4787385786573093
-1.4811454340815544
-1.5039070546627045
-1.5907691717147827
-1.5917044281959534
-1.595232759291927
-1.5979835192362468
-1.618794322013855
-1.6438664928233873
-1.658040185769399
-1.7078018958369892
-1.7221151068806648
-1.798455584871893
-1.8000166956335306
-1.8751064538955688
-1.9122433364391327
-1.9310405229528744
-1.961414414147536
-1.9763928229610126
-1.9940305749575298
-1.994507173774764
-2.071284633129835
-2.083263204433024
-2.1797363054938614
-2.189946413040161
-2.25367271900177
-2.268877863883972
-2.431366950273514
-2.4331045150756836
-2.4466434754431248
-2.451654368235419
-2.458861768245697
-2.4962000846862793
-2.6194937750697136
-2.6297331818689904
-2.679245832026936
-2.6865835189819336
-2.71311501506716
-2.8288362046393254
-2.843990206718445
-2.852380075491965
-2.928356980904937
-2.9848360617955527
-3.0385001500447593
-3.108383297920227
-3.1104890505472818
-3.2391377687454224
-3.6567203532904387
-3.6931581099828086
-3.7453020016352334
-3.8096952040990195
-3.9048222452402115
-4.054189682006836
-4.055830001831055
-4.183804392814636
-4.797563791275024
-5.507919073104858
-5.521688290929887
-5.632978439331055
-6.263049125671387
