-0.00016842853801790625
-0.0005046114644452852
-0.002755996310346139
-0.004888837182079442
-0.0062757090490777045
-0.012103042705954673
-0.012593631137860939
-0.012835331493988633
-0.01995656662620604
-0.02279785459904815
-0.025977683034297015
-0.028031506633851677
-0.031438626581802964
-0.03221209825850517
-0.03360758587847765
-0.037004685879219325
-0.03738598635965218
-0.0459358414671442
-0.046818432766096
-0.04698290629312396
-0.050633599636577334
-0.05430794457788579
-0.05830894950195216
-0.06453087786212564
-0.06547013730050821
-0.06554621667601168
-0.06631559251309227
-0.06691379760377458
-0.07131616087281145
-0.07267253424834053
-0.07444769981930222
-0.0808767424767009
-0.08189411193598062
-0.08608568560687084
-0.08993899844532886
-0.0909634595650914
-0.09227855224466303
-0.09297350964819391
-0.09576310206466587
-0.10016601136885583
-0.10026681755375143
-0.10386225104074957
-0.1103807493503636
-0.11041766841808567
-0.11304499567050799
-0.11341354945519318
-0.11479520700122521
-0.11567506209557905
-0.11703905462679488
-0.11734624176560829
-0.11970739273359261
-0.12175536768821378
-0.12783650696047472
-0.12931135500566598
-0.13122561634788457
-0.1320402290745154
-0.13709332049547812
-0.13784181159492165
-0.1404405290773866
-0.14181196904502774
-0.1446693434671033
-0.14605075896251946
-0.14739021661807783
-0.14981102099263807
-0.15023484226964814
-0.15026324903851673
-0.15052196961672357
-0.15074178707436658
-0.15252659500886998
-0.15265285400204853
-0.15551826456673248
-0.15563430764935524
-0.15941233673609329
-0.1635836396136137
-0.1640644973057988
-0.16542516444476657
-0.16665472366730683
-0.17022624343290874
-0.1707318953728342
-0.17198359827634704
-0.17525486808735877
-0.17924938306969124
-0.18125174241132905
-0.18217435957631095
-0.1824566804280039
-0.18342418287352302
-0.18376836110830178
-0.18381295322906227
-0.18390526550784772
-0.1839937195679037
-0.18406646113035094
-0.1840826263811424
-0.18417711727670394
-0.18491282453069288
-0.18565184931394468
-0.18676922339363955
-0.1881069923743098
-0.18854544952046126
-0.18910627513898565
-0.19015385334690413
-0.19066438254515863
-0.19094273120438293
-0.19210295504802596
-0.1926399290449505
-0.19401498335751707
-0.19687839597463608
-0.19740160864166684
-0.198128786701504
-0.19966892060570404
-0.19999431323230965
-0.2010587577056463
-0.20391205450571684
-0.20531449751514527
-0.20671157404598894
-0.20768312807608294
-0.2077619399409741
-0.2092008429971732
-0.20997822560912027
-0.2099986295575541
-0.21021856158313312
-0.21034341959863884
-0.2104402802022543
-0.21365321055054665
-0.2142453920316113
-0.2146625808705317
-0.21474778134643202
-0.21519429520932526
-0.2159127169182284
-0.22003067118203035
-0.22255556954769418
-0.2226590069443694
-0.22276283484328208
-0.22326963065011354
-0.22719141163717418
-0.22731796529667822
-0.22775275857566157
-0.22885215314956894
-0.2295454254890501
-0.23257239853410283
-0.232709804973274
-0.23349645982593106
-0.23736282054596813
-0.23745978667866438
-0.23850893251919308
-0.23952074751723557
-0.24053647979912463
-0.24077311642388394
-0.24279624164300911
-0.24413358136018146
-0.2444986170990483
-0.24688614732585848
-0.248191006565321
-0.2488580042376353
-0.24927693512654514
-0.25051718004195445
-0.2527235997063902
-0.2529219102051511
-0.2531721540439428
-0.254037000065
-0.254729738252259
-0.2555779170106689
-0.256826115201693
-0.25730264599301983
-0.25751757192100694
-0.25802714396193205
-0.2607207022853853
-0.261078160126797
-0.26150198845321676
-0.26226370435797436
-0.26346811077495486
-0.26349415503973433
-0.2637672580262006
-0.26452026589984223
-0.26463801771991713
-0.2655550202259292
-0.2661890797414041
-0.2683420591929462
-0.26924321732950257
-0.2711089394312391
-0.2722460229648277
-0.2737597989722417
-0.27441567894584296
-0.2747218542059445
-0.274732494335777
-0.27495438824553275
-0.27602160821987
-0.27713897690766315
-0.2772884773876285
-0.2791073952769996
-0.2791694432687311
-0.28058047611557413
-0.2831494079076947
-0.2838478306544453
-0.28489290277791823
-0.2852077407911161
-0.28665042205830105
-0.28669039744454494
-0.28677862972315576
-0.28689470038516446
-0.28852066784782526
-0.28942311101127416
-0.2915217942911774
-0.2931860080025217
-0.29330914337816694
-0.2938901504336779
-0.29554445296525955
-0.29592051907811767
-0.29836553651770564
-0.29836824676021934
-0.29917103486756486
-0.2992825454015019
-0.3000282774768753
-0.30034004089732963
-0.30141069173502427
-0.3014844626926457
-0.30160351904341953
-0.30279224782025266
-0.30281750443747213
-0.30378358551151113
-0.3037869399327519
-0.3044621622887007
-0.3045312259473576
-0.3052448867593739
-0.3061983365961499
-0.306303180133303
-0.306390506850524
-0.30844853240913445
-0.308734200998515
-0.3087483399625057
-0.30976166257605653
-0.3098300685505819
-0.3099833348765969
-0.31107119720927584
-0.31109922248433575
-0.31193560480405724
-0.3119992510015436
-0.31296019870920383
-0.31310232476062083
-0.31476793308845824
-0.315484557194092
-0.3163102100836113
-0.3164807651319279
-0.3167906700234328
-0.3168340393255806
-0.31683462120272454
-0.31702401392089996
-0.31819622551019067
-0.31920936796814203
-0.32187832508498104
-0.32188981971223385
-0.32206630082800985
-0.32207825255922956
-0.32330485607397147
-0.3235983270258104
-0.32451662946221344
-0.3248006138965138
-0.32617311718659037
-0.32639485681429503
-0.3264842849789602
-0.326664741417127
-0.3267185665346915
-0.3289098100794945
-0.32949643283109253
-0.32968455308982814
-0.3306103955847161
-0.3317398181221506
-0.33243811510398946
-0.33278497256984946
-0.33420320677105336
-0.33445658099130277
-0.33478004206731654
-0.3363243525105645
-0.3370538756527013
-0.3372948205508159
-0.3378507580055157
-0.33846249067897183
-0.33867442629694516
-0.339063298582632
-0.33940316221144584
-0.34084983777979183
-0.3427586476182114
-0.34399687261496803
-0.34557339343027704
-0.3472336568753235
-0.34783148839596834
-0.34826029202667996
-0.3494831109304869
-0.34967624841283396
-0.35039301494853137
-0.3504959420403111
-0.3510816721213814
-0.3512712579467916
-0.35250776868451794
-0.3530807252100203
-0.3548750360263512
-0.3559546153410338
-0.3560737352800061
-0.35655105042638346
-0.3579133581072256
-0.35841133608644465
-0.3584721827979357
-0.3588011530246474
-0.36006973012227816
-0.36107808883995557
-0.36118825430792806
-0.36135450337032027
-0.3648094596898607
-0.36497444703709336
-0.36509718387460455
-0.36668205323360326
-0.3674469438095305
-0.36769069220717937
-0.36871411005085974
-0.3694933999793193
-0.37297001072438435
-0.3731118426367175
-0.3732226108123541
-0.37344019630432335
-0.3735020763197099
-0.3753216729924639
-0.37596854904768406
-0.3769863915887462
-0.37723098415881395
-0.3773234504240261
-0.37788328747556077
-0.3781142862457533
-0.3795535500418434
-0.3797110368290709
-0.38037565948907287
-0.38072829835216127
-0.3807755992427701
-0.3817738350671789
-0.381901533650105
-0.38205560245266196
-0.38345228220194777
-0.3839211026152043
-0.3840007171384059
-0.38524132679140166
-0.38616597662047963
-0.3865822459338233
-0.3868997228304839
-0.3873796563842916
-0.38806534395876546
-0.3881296231302258
-0.38824384853554267
-0.3887120958857445
-0.38875719332136216
-0.3893385748262517
-0.3911599532394803
-0.39193770960183527
-0.3934710931155223
-0.3944137992220931
-0.39566779623211396
-0.396010947219717
-0.3961569117450886
-0.39616368357237663
-0.39636853704642916
-0.397550867101927
-0.39854897901265457
-0.40027531304513103
-0.40060102987627033
-0.4011188825083082
-0.40145856549497694
-0.4044029753737656
-0.4050090874675334
-0.40545660903444514
-0.40608674454269933
-0.4061163610959839
-0.40725993937615257
-0.40745275661659736
-0.4076535289990716
-0.40937751992878474
-0.4095574838405014
-0.4097396458629191
-0.41078271993319504
-0.41145416212061214
-0.4119609788293019
-0.41206094970111734
-0.41324793193052756
-0.4137552396226359
-0.4143367238704943
-0.41455417891338586
-0.4154348572095235
-0.4165823905823345
-0.41753092462895436
-0.42041356165686417
-0.42048769984406437
-0.42050303617870666
-0.4233569901625742
-0.4236134403864458
-0.42367340507917106
-0.4239839986694278
-0.42626408890555467
-0.42658156296238303
-0.4268927448851173
-0.42832179611044313
-0.4291835450567305
-0.4294049047821318
-0.42965693975565955
-0.42979285483722507
-0.4300748114827521
-0.4304490800360717
-0.430977476580463
-0.4311884418046767
-0.43226564432470693
-0.43226646960556536
-0.4334866521512595
-0.4353820089301735
-0.4361729091199647
-0.4373750464292243
-0.43807216617278755
-0.43840716779232025
-0.43896628967486323
-0.4390831805067137
-0.4397438459822701
-0.43993112015305086
-0.44020034671605873
-0.4404001049231738
-0.4414003279008385
-0.4416794827848207
-0.4421671611873391
-0.4422214270089171
-0.44293661220165503
-0.44453006677213125
-0.4451343125256244
-0.4471396154905152
-0.44815706746885553
-0.4481937702266805
-0.45016142982058227
-0.4502078152509057
-0.4504317810642533
-0.45156047175987624
-0.45191984952271014
-0.4523449728771993
-0.4550448344865193
-0.45548927239142356
-0.4555365891408453
-0.45635534408423456
-0.45760386297923916
-0.4578455695462051
-0.45922541201889544
-0.46175771469279425
-0.46262964719267075
-0.46412915488084155
-0.4649959700065665
-0.4667548865650308
-0.46757202901478323
-0.4676634222269058
-0.4685844274879653
-0.47030538646504283
-0.4706915037590079
-0.47107502745226765
-0.4711729419488822
-0.47346097047120567
-0.47376924400709364
-0.4741974266206463
-0.4749471952090971
-0.4751399002270773
-0.4765802288816303
-0.4767002206543111
-0.477734203144012
-0.47822361471376745
-0.47958156186602235
-0.4797276221215725
-0.4798080643522553
-0.48000307733891534
-0.48156837238800815
-0.48196243394195337
-0.48200709727955526
-0.4822902583639461
-0.48237861488612704
-0.4826784625474829
-0.4827968157129362
-0.4833817263123592
-0.4846114642652018
-0.4855875982902944
-0.48634173403261227
-0.4873812931436987
-0.4884859421461442
-0.48849705584871117
-0.48849952034652233
-0.49048396983238896
-0.49070863002270926
-0.49364384688487917
-0.49474338139407337
-0.49727190740638133
-0.49810396373714655
-0.4983534557377425
-0.49858966024112306
-0.4988389322742088
-0.4995136934740003
-0.4998635099036619
-0.4999722589270732
-0.5010938964163264
-0.5017326058679524
-0.5032096902011998
-0.5037994243293097
-0.5039680333201042
-0.5044472560208911
-0.5046684148643786
-0.5054139900285008
-0.5066747440490872
-0.5069937448715791
-0.5077508807950531
-0.5086606195470975
-0.5091346801203015
-0.5096099759781888
-0.5108634277795707
-0.5110956166040826
-0.5117832988034934
-0.5134603344662797
-0.5138829917538844
-0.5139025217980816
-0.5143412025412545
-0.5144482625069536
-0.5145629612832434
-0.5158320529852063
-0.5172729536132885
-0.5174796878224394
-0.5180155088019092
-0.51996461050976
-0.5203164688832658
-0.5206072604749352
-0.5214934180881495
-0.5216419401792033
-0.5235321436310187
-0.5235626248495464
-0.5274820022447481
-0.5283855542074889
-0.5286213358007704
-0.52908080659524
-0.5302360785062774
-0.5308459931984544
-0.53206548296536
-0.5328345271409489
-0.5328351601492614
-0.5331972526591926
-0.5336776457417207
-0.5337027608572195
-0.5337426711100436
-0.5355228337617258
-0.5360105744213797
-0.5363444859297791
-0.5372251914539246
-0.5372428886330454
-0.5382872890089251
-0.5395941527506997
-0.5416881247074343
-0.5418444415554404
-0.5427729771530722
-0.5430481203366071
-0.5430528429153908
-0.5434405226260424
-0.5446897456524311
-0.5455851842343691
-0.5456299676613222
-0.5462685297607095
-0.5480933835115138
-0.549394398775702
-0.5534626068780198
-0.5536100116506633
-0.5540097617518364
-0.5555602603724563
-0.555657781449554
-0.5556715305559919
-0.5556761972606182
-0.5567765563464491
-0.5569629381643608
-0.558384823570536
-0.5588282846105618
-0.5593465888523497
-0.5609073776674146
-0.5630360359903605
-0.5640324567294945
-0.5652589266957269
-0.5655391198815778
-0.5676920171827078
-0.5679705826507415
-0.5682918876409531
-0.5687848097582341
-0.5689686092976315
-0.5694123128653571
-0.5710651093282245
-0.5724390124669299
-0.5725081230824193
-0.5734342777832353
-0.5736143561080098
-0.5743957194416518
-0.574554864689292
-0.5750915391836315
-0.5754219096939778
-0.576606421850253
-0.5767702207279702
-0.5778768180235703
-0.5784885403991211
-0.5788255432465425
-0.5799230299890041
-0.5804739301151131
-0.5809088224066525
-0.5819006457717882
-0.5823378710904055
-0.5840263126650825
-0.5853783970645358
-0.5854868148204072
-0.5882848984717081
-0.5886295362506644
-0.5906742966423432
-0.5915653299307451
-0.5919304685334542
-0.5944666117429733
-0.5946057174199572
-0.5957568180120789
-0.5958046171678385
-0.597593382030027
-0.6000554379117804
-0.6005230410567796
-0.6008663116022944
-0.6031474517658353
-0.6045814743847586
-0.6054808919519322
-0.6063040427863597
-0.6082654245197773
-0.6096239680366125
-0.6120434669511658
-0.6126883445055379
-0.6141816137242131
-0.6143621145747602
-0.6159789938246831
-0.6185700871671239
-0.619311889769051
-0.6211249550951834
-0.6225169529556297
-0.6256496583810076
-0.6269407992464645
-0.6289754671161063
-0.629441706565558
-0.6301038416956241
-0.6315878033638
-0.6316219115008911
-0.6326388476009015
-0.6326575398238169
-0.6345765126960552
-0.6348740219254978
-0.6349414810538292
-0.6359521808018062
-0.6374896738707321
-0.6385921913315542
-0.6389896958981726
-0.639662925794255
-0.6411388166514891
-0.6429234880633885
-0.6438707410691222
-0.645122788561922
-0.6454524976540018
-0.6459402509903561
-0.6463430343816677
-0.6466501618851908
-0.6469168753958203
-0.6481125782476738
-0.6496076947078109
-0.6515915049239993
-0.6535733663830408
-0.6564826396061108
-0.6565533185494132
-0.660180491344363
-0.6602068495056301
-0.662286966650754
-0.6624369852244854
-0.6640630433200082
-0.6642347391752992
-0.6658360657505303
-0.6673874660239866
-0.6691364519647323
-0.6702769288191727
-0.6709144986234605
-0.6709567305224482
-0.6709583845920861
-0.672633773952839
-0.6735128127038479
-0.6756575741649916
-0.6761551626375877
-0.6786093160543325
-0.6792526544692615
-0.6793555915122852
-0.680173980537802
-0.6803515950838724
-0.6804322027933917
-0.6807677970985727
-0.6811648563947529
-0.6812090645939212
-0.6815585164353252
-0.6826349270530045
-0.68334102431254
-0.6856630972082106
-0.6862019566552979
-0.6872144795954227
-0.6890379264950752
-0.690454542520456
-0.6958459374494851
-0.6967446017079055
-0.6977255936411287
-0.6980269715034714
-0.7000329197698092
-0.7007689803576795
-0.7020430928096175
-0.7023300915490835
-0.7024489709874615
-0.7028801647053721
-0.7040129771041392
-0.7081388566196741
-0.708144250093028
-0.7087385598570108
-0.7100834343582392
-0.7102287748391973
-0.7104817601430113
-0.7134370342610055
-0.713671271915814
-0.7160648100240602
-0.7171909987394299
-0.7236592638905027
-0.7258644660934805
-0.7271205910481513
-0.7278703392108178
-0.7286591790616512
-0.7293972671031952
-0.7297452000008585
-0.7298775623785332
-0.7302225461462513
-0.7321743983920896
-0.7339495575171895
-0.7382391258918991
-0.7383668483865525
-0.7389306103744145
-0.7393366654093066
-0.7396885636262596
-0.743719371144026
-0.7440796622031485
-0.7449438721268962
-0.7461874539032578
-0.747569727543123
-0.7487719787401147
-0.748880861637493
-0.7504624422484388
-0.7504942920718349
-0.7506774622015655
-0.7521656044758857
-0.7521819405024871
-0.7522332485823426
-0.7528325499035418
-0.7536723269149661
-0.754701312398538
-0.7571685193882635
-0.7583409746061079
-0.7590201712316937
-0.7590440846979618
-0.7616847522556782
-0.7617163948481902
-0.7617622160663208
-0.7641691527387593
-0.765396291622892
-0.7676789203542285
-0.7688757940195501
-0.7699490278027952
-0.7704229428200051
-0.772681701795331
-0.7763220542110503
-0.7783111808923422
-0.7798365621129051
-0.7803650572896004
-0.781857783823701
-0.7821957147680223
-0.7825225002598017
-0.7828746029408649
-0.7836293718881078
-0.7848864815430716
-0.7890343718851606
-0.7891600728034973
-0.78976102200686
-0.7913949448201392
-0.7920051771216094
-0.7922727593220771
-0.7933756560087204
-0.7945433595450595
-0.7960410378174856
-0.7976256581532652
-0.7998065391439013
-0.7999314806527562
-0.8011398207163438
-0.8042837699952846
-0.8050497468211688
-0.8051144504764428
-0.805935686827676
-0.8092117034830153
-0.810723719211334
-0.81084235804987
-0.8156716227531433
-0.8158735428005457
-0.8162064527471861
-0.8174251755942047
-0.8192629402522774
-0.8198100884910673
-0.8221126457676291
-0.8227563583954584
-0.8234038177761249
-0.8248381265439093
-0.8269129831876073
-0.8275610928734144
-0.8297024052822962
-0.8349785713944584
-0.834998584299784
-0.8367946141709884
-0.8397074242432913
-0.8397516343029565
-0.8400623160414398
-0.8435115763762345
-0.8444490258892378
-0.8471872965666181
-0.8505514822900295
-0.8521810080856085
-0.8523083388805389
-0.8542134715244174
-0.8545804308960214
-0.8560723478876753
-0.8566440306603909
-0.8568522571327372
-0.857179180885266
-0.8580972565221601
-0.861521845890416
-0.8617160489666276
-0.8620051475840488
-0.8636250706123454
-0.8636442056158558
-0.8650570542862018
-0.8661238302011043
-0.8663067001228532
-0.866895420284709
-0.8674635738134384
-0.8676310845912667
-0.8677489757537842
-0.868179965498192
-0.8685138385543334
-0.8689639117025459
-0.8693639675038867
-0.8711433965654578
-0.8724648598581553
-0.8734571216627955
-0.8751279874704778
-0.8752906374348741
-0.8761024880222976
-0.8762162929134709
-0.8770456013402769
-0.8771686215574542
-0.8775256424366186
-0.8786132520763204
-0.8800047890748829
-0.8800592314219102
-0.8817605138174258
-0.8825426047551446
-0.8863603497988412
-0.887153247371316
-0.8893155457584986
-0.8917839481437113
-0.8932485638651997
-0.8971800464722846
-0.8982646120712161
-0.8991688191890717
-0.9022175659359034
-0.9022625918344905
-0.9043292356655002
-0.9048628489836119
-0.9048691573552787
-0.9051918802849416
-0.9119291040115058
-0.9182545884201924
-0.9187358506023884
-0.9212383655831218
-0.9216579951296028
-0.932060026191175
-0.9320994923473336
-0.9324324242770672
-0.9379050737867752
-0.9420718239354235
-0.9428998231887817
-0.9437719498334142
-0.9486789652922502
-0.9498949910630472
-0.9518461565991553
-0.9538396773859859
-0.9546174071729183
-0.956746019423008
-0.9572691861540079
-0.9608649267548961
-0.9636518276296556
-0.9647714351969106
-0.964902420838674
-0.9657831843845391
-0.9666361093521119
-0.9701510361228429
-0.9721884911210509
-0.9734316238817493
-0.9735059189260937
-0.9751196146011353
-0.9755684038624167
-0.9760512004722841
-0.977735135743084
-0.985175792593509
-0.9856030305381864
-0.988234994666917
-0.9926700725087098
-0.9929629697231576
-0.9972791187465191
-0.9989677050325554
-1.002744741233376
-1.003508345534404
-1.0121897061665852
-1.0134846866130829
-1.0146243862109259
-1.014789044430169
-1.0161869598086923
-1.0170751294121145
-1.0186123109223055
-1.0207789348438383
-1.0225432564038783
-1.0266667132576306
-1.0268580215888505
-1.0270740538835526
-1.0273805163800716
-1.0275939336279407
-1.0297122553864029
-1.0302254617214204
-1.035795760154724
-1.039147675037384
-1.0406020035346348
-1.0411301319088255
-1.0414836691925302
-1.054641341790557
-1.0554581360775046
-1.0559430746361613
-1.0563311697915196
-1.0564903103901695
-1.0581117309629917
-1.0615213232813403
-1.0615750883938744
-1.063762146795246
-1.0650580836692825
-1.0659554973244667
-1.0664300968249638
-1.0695413257926702
-1.0726929182253246
-1.0734069549944252
-1.0755954865016975
-1.0771772181615233
-1.0797884960193187
-1.0799364559352398
-1.0822926759719849
-1.0844003915786744
-1.0855302358977497
-1.0907008257345296
-1.0950049714495738
-1.0957650144894917
-1.0964385113911703
-1.0980578877497464
-1.0991101029018562
-1.0996624088535707
-1.1005575986928307
-1.1008536218931633
-1.104580044746399
-1.1059272293156635
-1.1066531985998154
-1.1073959964172293
-1.110083012276196
-1.1115709400425355
-1.1121178563140954
-1.1128989764450428
-1.1133338779521484
-1.114457065073241
-1.1160239649470896
-1.1167049606641133
-1.1167563083581626
-1.1175624579191208
-1.11867800867185
-1.120501438776652
-1.1217129155993462
-1.1224786552290122
-1.1277846079319715
-1.1312435250729322
-1.1318792471720371
-1.1429738799730937
-1.1435459363856353
-1.1453023538924754
-1.1469621642900165
-1.147733096498996
-1.1477494980208576
-1.150228382986305
-1.151522629428655
-1.153666028752923
-1.1542795419692993
-1.1563273563981056
-1.156548721715808
-1.1571807678168018
-1.1575207961262397
-1.1600827583073017
-1.1683061948278919
-1.1747465655207634
-1.1761108678765595
-1.1781071208424692
-1.1785790839542944
-1.1839567050337791
-1.1964495958915602
-1.2059270143508911
-1.2117605447769164
-1.2133141582210858
-1.2228514403104782
-1.2256140261888504
-1.2279505714201757
-1.2309151887893677
-1.2379176616668701
-1.238303318619728
-1.2477854773402215
-1.2482385617525626
-1.2508529499173164
-1.2525227901836236
-1.2535399943590164
-1.2540393859148025
-1.2615084573626518
-1.262402598852835
-1.2626003623008728
-1.268472203577403
-1.2696302005206235
-1.2703690379858017
-1.2726155074924463
-1.2794265151023865
-1.2818263676017523
-1.2835623025894165
-1.2841585576534271
-1.2863006157179673
-1.2888592068775324
-1.291343974065967
-1.2992230017359059
-1.3038173153996468
-1.3040136644412996
-1.3067771196365356
-1.3138555323239416
-1.3141451328992844
-1.3156243562698364
-1.3236685977026355
-1.3256158937874716
-1.328776828944683
-1.3296798843269546
-1.3299355109532673
-1.3299541795859113
-1.3322845548391342
-1.3328350819647312
-1.337413489818573
-1.3482278492301702
-1.351519754777352
-1.3516139760613441
-1.3527588963508606
-1.363779406179674
-1.3696512458845973
-1.4081272262459
-1.4116611203680804
-1.433341180284818
-1.4390633776783943
-1.4408300530631095
-1.4428669661283493
-1.4464386142790318
-1.4472201586080093
-1.448800951242447
-1.4504428448465962
-1.4540296557825059
-1.460185170173645
-1.4715722401936848
-1.4723603177505236
-1.483290703734383
-1.4908356389532855
-1.5068030348047614
-1.508947456876437
-1.5096518397331238
-1.518510989673814
-1.520672154147178
-1.525565266609192
-1.532005497487262
-1.5358857028186321
-1.5401559919118881
-1.5451330586026113
-1.55289626121521
-1.5538572892546654
-1.5604841709136963
-1.5619195023318753
-1.5674287974834442
-1.5766009092330933
-1.5877966284751892
-1.601427158107981
-1.6030456945300102
-1.6034748430053394
-1.604238361120224
-1.621290893604358
-1.631297767162323
-1.631316639482975
-1.6320528090000153
-1.6425911039113998
-1.644339393824339
-1.654179880938803
-1.6573176360301052
-1.658032163977623
-1.6672814022749662
-1.6692764448234811
-1.6700608134269714
-1.670806345840295
-1.6875293049961329
-1.6987322568893433
-1.717511547729373
-1.722791776061058
-1.7248445451259613
-1.7289148966471355
-1.7292011007666588
-1.7395933577790856
-1.7565507292747498
-1.767424538731575
-1.7723924219608307
-1.7930662852401535
-1.7959454160329187
-1.7962622493505478
-1.8010328114032745
-1.801260267694791
-1.8055972456932068
-1.8086898922920227
-1.8133698515594006
-1.8220319151878357
-1.838043184330066
-1.8656044155359268
-1.8701043327649434
-1.871815936639905
-1.8742074072360992
-1.8742300509984489
-1.8807478994131088
-1.8815764097186427
-1.8827298879623413
-1.8909191133764882
-1.8910190644674003
-1.8920124992728233
-1.8923390060663223
-1.9266367787495255
-1.9509665966033936
-1.9600621480494738
-1.9775929890820407
-1.9834612607955933
-1.989615352358669
-1.9929715394973755
-2.040222450469931
-2.060327470302582
-2.0794838908768725
-2.0837425235367846
-2.108756199129857
-2.1386739536828827
-2.158452644944191
-2.249906301498413
-2.2643184944366417
-2.289735734462738
-2.301462173461914
-2.3038251399993896
-2.305492145669026
-2.3111311495304108
-2.3255443572998047
-2.350200541627904
-2.388427734375
-2.5148610368729956
-2.535486936569214
-2.562629222869873
-2.567308754660189
-2.6052136930569154
-2.6096867034211755
-2.820641040802002
-2.874194025993347
-2.935108184814453
-2.963189125061035
-3.028789520263672
-3.0537612894549966
-3.054875135421753
-3.0841772137209773
-3.245532512664795
-3.286954641342163
-3.3444578796625137
-3.394052505493164
-3.405485153198242
-3.4417800903320312
-3.4845874309539795
-3.4984912872314453
-3.5077289640903473
-3.5199476163834333
-3.5661391019821167
-3.5971033573150635
-3.66211898624897
-3.6923630693927407
-3.709632780402899
-3.714764605043456
-3.8348939418792725
-3.9478495121002197
-3.969062771400786
-4.039592097979039
-4.570163305848837
-4.816485213850683
-4.948575791029725
-5.0977284570544725
-5.385591506958008
-5.4080095291137695
-5.472258567810059
-5.6485817432403564
-10.553837776184082
-13.370088577270508
-13.654500961303711
