-0.0004612755910784472
-0.006417827690408255
-0.010306217518518679
-0.024484399085849873
-0.030519982081993174
-0.06616974603820817
-0.07377281999215483
-0.07937339022949648
-0.09788316134654451
-0.10465042386204004
-0.1491758492941569
-0.17537656779556224
-0.17553276007476432
-0.20144340264523636
-0.21349403262138367
-0.213748614835952
-0.21741719637066126
-0.22833700012415648
-0.2314980500159436
-0.23646511380294605
-0.24839907868299632
-0.26695532677695155
-0.26866082950145936
-0.27168866542633624
-0.27634977580964915
-0.27879034787838464
-0.2819162912459837
-0.28204984068522665
-0.2835420195478946
-0.2895807164854237
-0.2926957323215902
-0.29582200519184376
-0.2983736720052548
-0.29934616981521545
-0.3017205763608217
-0.308123968972888
-0.30980758936251124
-0.3155510724366953
-0.315616933939782
-0.31678766161203387
-0.3197549477881694
-0.32021802467179006
-0.3203773602763249
-0.3291317444090964
-0.32920459668093827
-0.3300722796065041
-0.33335810660491916
-0.3347905682549754
-0.3348256292778792
-0.33819071473582246
-0.3387712378090934
-0.3437475304030265
-0.34409400525910316
-0.3457176453937427
-0.3460289339108429
-0.34760339764236253
-0.34778035538911284
-0.3600241541862488
-0.3606603563312958
-0.36173395761472255
-0.3619376635088765
-0.3643286197057023
-0.36884168207431384
-0.3695491976104677
-0.37028410012239227
-0.3705023658220194
-0.377259536832571
-0.3780187837983249
-0.37923620725580676
-0.38085812660478713
-0.3840114049332139
-0.3865433467552066
-0.38775350738261993
-0.3909674936181141
-0.3949359776685014
-0.39740314461742593
-0.39925150134109166
-0.3995805384038249
-0.4059195775342615
-0.40748517007159535
-0.41053291111408424
-0.4118925695955113
-0.41207618644961663
-0.4206713205407141
-0.42326843652214546
-0.4235882725269481
-0.42636616714298725
-0.42932756517620874
-0.4293872967828065
-0.4316366397154828
-0.4325464787091025
-0.4331662319600582
-0.4335169115674944
-0.436824732185674
-0.43819036420124274
-0.4420539971542894
-0.44709284499986096
-0.45475903325714173
-0.4553000426167273
-0.4561321129556745
-0.45792877933708953
-0.4596366039477289
-0.4601193750794563
-0.4604665769438725
-0.46448575363804895
-0.46780464713395176
-0.4679705193395623
-0.4711768247985414
-0.4718962968327105
-0.47302396558225157
-0.47421666151947445
-0.47471895212947857
-0.47540562504824874
-0.4756270843790844
-0.4800278701293621
-0.48048751460472966
-0.48137229615822436
-0.48177512918482535
-0.4828734065938209
-0.48572910179953194
-0.488550839247182
-0.489296961368786
-0.494284859392792
-0.49740011800895445
-0.49756395928561686
-0.5000369320623577
-0.5016494169831276
-0.5029680317500607
-0.503254843846662
-0.5043160337437358
-0.5051496010273695
-0.5084485629728684
-0.5088519105920568
-0.5089628857094795
-0.509144736424787
-0.5093033847892109
-0.509672152902931
-0.5099327847775486
-0.5128309498541057
-0.5158491860784125
-0.5180437811024603
-0.5187500066716563
-0.5193270052783191
-0.5200678548775614
-0.5202297896146775
-0.5220330382202519
-0.5228167380098186
-0.5233552577306649
-0.5242146422886306
-0.5254146865132497
-0.5310659304571649
-0.5348745616989683
-0.5358731418382376
-0.5368169059511274
-0.5394003896508366
-0.5406850700466228
-0.5410650353587698
-0.5432644236425404
-0.5453683055937291
-0.5461154139367863
-0.5476387250237167
-0.5487382439241628
-0.5509811721276492
-0.5518204842893673
-0.5527005472831661
-0.55314608104527
-0.5536005690693855
-0.5561928905546665
-0.5592841693869559
-0.5637480241379568
-0.564717417751025
-0.5663302794098855
-0.5669987657003932
-0.5673744649393484
-0.5677150567062199
-0.5686106919893064
-0.5703955960837868
-0.5711395795612285
-0.5713421784341335
-0.5713513752238618
-0.5719085581207158
-0.5746522224508226
-0.5848597617790532
-0.5874750701710582
-0.5891720661190144
-0.5907755568623543
-0.5942553237080574
-0.5948264735052362
-0.5956345054187945
-0.5959624698651689
-0.5967865900269577
-0.5982145294110524
-0.5982260404154658
-0.5986544957591428
-0.6008772646309808
-0.6020269000695812
-0.6030102789402008
-0.6061572725574176
-0.6062977028389772
-0.6076659513976969
-0.6089608731369177
-0.6104313535070105
-0.6108517777576076
-0.6115377207597097
-0.6118565603537718
-0.6225750256950656
-0.6252657250859976
-0.6254636246711016
-0.6261152493055252
-0.6265569047185896
-0.6296994628151878
-0.6313795691356063
-0.6338136168805332
-0.6385116834062501
-0.6403763490159236
-0.6465199152232878
-0.6474539740011096
-0.6504098990634601
-0.6527010289003964
-0.6530060737393797
-0.6543329517858533
-0.6551093661950694
-0.6592031831542651
-0.6596999755129218
-0.660778530407697
-0.6610525558806128
-0.6616119568546613
-0.6643202127888799
-0.6653253073907561
-0.6677705435269874
-0.6682297500600625
-0.6682497501838952
-0.6684320814316519
-0.671789621313413
-0.6719298280775547
-0.6735924933519628
-0.6737575937062502
-0.6757869546612104
-0.6847493230468698
-0.6878277709086736
-0.6889227182449152
-0.6905826478265226
-0.6991957707537545
-0.7011203616857529
-0.7014471522998065
-0.7057931910615783
-0.7070620115846395
-0.7070818260472151
-0.7099538090405986
-0.7102737176464871
-0.7124306762125343
-0.7146721929311752
-0.7179202911211178
-0.7180543243982053
-0.7195774639646212
-0.7199966621895632
-0.720998214275044
-0.7235105279500463
-0.730408733089765
-0.7327990743538572
-0.7335126955683032
-0.7381446008977945
-0.7384928622179561
-0.7393066736403853
-0.7402974729193375
-0.7405447542800435
-0.7446450605988503
-0.7557182448605696
-0.7564853085204959
-0.7568382615844409
-0.771210252714809
-0.7725922984869352
-0.7799083614455802
-0.7812392347000746
-0.7843120309213797
-0.7866431896885236
-0.7892495890458425
-0.789552242308855
-0.7906097689643502
-0.7919621652957479
-0.7940073572099209
-0.7966252092272044
-0.8033523441758007
-0.8069537581643089
-0.8169001044472679
-0.8193458798858855
-0.8195414728252217
-0.8199558282891909
-0.8276209359763536
-0.8322125091217458
-0.8349169460125268
-0.8421087343012914
-0.8464934155344963
-0.847090036678128
-0.8525852141901851
-0.8616324372589588
-0.8620475959964097
-0.8623576170260397
-0.8647223759107874
-0.8686162691031184
-0.8743480062112212
-0.8827289075901111
-0.8835274542881442
-0.8861629899992194
-0.8865618363706744
-0.8896036882485662
-0.8907298892736435
-0.8927021436393261
-0.903315493540669
-0.922402202989906
-0.9252725576183626
-0.9423220708434071
-0.9634430302040917
-0.9805160847802957
-0.9982037022709846
-1.0006055547855794
-1.001976863318123
-1.0034706840912502
-1.0040282461850438
-1.0049674042966217
-1.0078043105313554
-1.0089671891764738
-1.019376516342163
-1.0248518697917461
-1.0356378711003345
-1.0384097869197528
-1.0560732628967213
-1.059783640007178
-1.0778494448168203
-1.082641455250996
-1.094378851975004
-1.1197100110352038
-1.1425365502946079
-1.1655172108901752
-1.1741624424854915
-1.1783937640488147
-1.1808422800153493
-1.2022957913577557
-1.2102843536049477
-1.2150816388428212
-1.2166155044920743
-1.2179960437119006
-1.2186572551727295
-1.225625019709696
-1.2772304713726044
-1.2793652440110843
-1.2907306544482708
-1.2976316039760907
-1.3136435613036155
-1.3166219202103093
-1.3322932720184326
-1.3671849012374877
-1.3684656122786691
-1.379095905739814
-1.44198477268219
-1.4610675237690884
-1.4707777723670006
-1.4902223537986476
-1.5504246559712556
-1.5568491934100166
-1.5600910673238104
-1.570408271625638
-1.612709036950643
-1.621882023067883
-1.627968323630436
-1.6307034909725189
-1.6772539839148521
-1.6795750968158245
-1.6800450310111046
-1.68955397605896
-1.7298660770029528
-1.7377045632650454
-1.7403346812352538
-1.7435559927398572
-1.7724053606390953
-1.7884390577673912
-1.820101609453559
-1.8559320084750652
-1.8674855277252693
-1.8700890770802896
-1.8802833358446758
-1.8995174635201693
-1.903322122991085
-1.9200265631079674
-1.9415320046246052
-1.9416983351111412
-2.0652422178536654
-2.082273490726948
-2.1184845123595246
-2.2016191879908242
-2.227902412414551
-2.2395228253444657
-2.2491866052150726
-2.2618381828069687
-2.2750876639038324
-2.288167357444763
-2.312934370711446
-2.4245898326238
-2.5201867148280144
-2.529221386415884
-2.570647423621267
-2.572038278914988
-2.639161972232008
-2.660517090916983
-2.701981612791618
-2.7042155265808105
-2.8270470514980843
-3.0828079819330014
-3.1491256904264446
-3.1978096663951874
-3.1982051134109497
-3.2800685778347543
-3.2967232281371253
-3.3228601813316345
-3.427349328994751
-3.4373234326048987
-3.5271074771881104
-3.607500952978929
-3.628045673336601
-3.8763581116994223
-4.085279703140259
-4.235614028584678
-4.383351921414942
-4.42835325000442
-4.4306334257125854
-4.67193067073822
-4.673231013206532
-5.432143330574036
-5.493052959442139
-5.949606895446777
-6.002991676330566
-6.257621765136719
-6.360904838889837
-6.60448694229126
-8.06606912612915
-9.772759437561035
