-0.0006717570940963924
-0.00340593652795936
-0.02102453247947267
-0.025590706091804805
-0.02796248303320681
-0.0320290084152172
-0.05643384282787641
-0.07286800244997317
-0.07503151604458935
-0.08034933297309976
-0.09971580105302565
-0.09973243977095574
-0.10104567650705576
-0.10757764053005303
-0.11053781025111675
-0.12702920365457734
-0.12893341076746764
-0.13462301343679428
-0.13817959357048595
-0.14083421858938436
-0.1435666705687879
-0.14619020214740708
-0.14856545813381672
-0.15325247988514296
-0.15461426363299324
-0.15743938960252177
-0.16221662001998993
-0.16591613947724682
-0.17444858964599916
-0.1759755771831156
-0.18055487131900919
-0.18172917569498687
-0.1867903783422662
-0.19147752288331787
-0.19193119034171105
-0.19991738228491157
-0.20165071509354676
-0.2027340553952873
-0.20577440208758163
-0.21134057745580825
-0.2142735769966066
-0.22216434811687122
-0.22585414412965577
-0.2279418750419811
-0.22800242607418114
-0.22888170576555922
-0.23285253010662926
-0.2365590421057147
-0.24212300740155115
-0.24633634053992637
-0.25560340271304083
-0.2560636225192866
-0.2610490733645242
-0.2724260001753767
-0.2778239646984275
-0.2870324914302766
-0.287376635777764
-0.28942103033841704
-0.29210989870565146
-0.2924027243308147
-0.294852638518023
-0.3001114988969107
-0.30123101694819826
-0.3026132268573747
-0.30314974756947777
-0.3083296200194354
-0.30883791111409664
-0.31419198270862125
-0.31754624913367024
-0.3188625672191847
-0.3189590913108178
-0.3194234103925232
-0.3233078863553942
-0.32779460105424124
-0.33038685230658305
-0.33209102352460224
-0.3324275914111922
-0.3405815501363223
-0.3430343442480073
-0.3491426613176524
-0.35314483947877306
-0.35862981991922427
-0.3597956273172583
-0.36039733188173767
-0.36039862301842934
-0.36559485279495774
-0.3661785541339668
-0.36789252063563255
-0.36924912012182176
-0.3714904535622736
-0.376428853207517
-0.37697887723334134
-0.38196278727673416
-0.38429139932018835
-0.3844956412132888
-0.38492798053755845
-0.38525245086904647
-0.3854404706506216
-0.38556673288494875
-0.3857595448718409
-0.38585026446810883
-0.3870758184404319
-0.3880982988193864
-0.3897280186265107
-0.39004292100383964
-0.3926501909736544
-0.3943193463242096
-0.39475196233767446
-0.3968102173724522
-0.40350587422723266
-0.40484704666343735
-0.405956817383867
-0.4063919444867809
-0.40745433454753766
-0.40859448833766693
-0.40896776072346647
-0.4101961866512688
-0.4107056110947724
-0.41084599619099055
-0.41183163976249726
-0.4126112723849279
-0.4137303857591178
-0.4151713007587432
-0.4192147963159414
-0.42057150376700747
-0.42081751503328635
-0.42184345051634864
-0.42216876736347153
-0.42262057143343557
-0.42433735795319083
-0.4243679567708669
-0.4268815546917419
-0.4276306892032153
-0.4305702799310287
-0.43117859904720846
-0.43177340673282744
-0.4334695770094792
-0.4335421020747162
-0.43613624533786477
-0.4364429439883537
-0.4377417604897801
-0.43800085380537657
-0.43834977514006823
-0.44082411978787506
-0.4408944202878047
-0.4419278321087859
-0.4425875272743566
-0.4440745182799901
-0.44590669764544477
-0.4481074881879863
-0.4488271952658478
-0.44886000885738897
-0.45107827175039955
-0.4529498733927994
-0.4541537262599117
-0.45737385662809366
-0.45813051401557914
-0.4589651913515159
-0.4607118328805073
-0.4614804255543106
-0.46377807438648233
-0.46379312766172615
-0.46411589389707764
-0.46498133137210973
-0.46730685046261694
-0.4673711710202042
-0.467911851161216
-0.4681782617844874
-0.4686502799803647
-0.4690215973804394
-0.46949605643749237
-0.4711088174718043
-0.4711198316748424
-0.47137921024113894
-0.4721722029415624
-0.4725430092344646
-0.4727712368590119
-0.47326811349671516
-0.47339044693784244
-0.4735719411789121
-0.47632659985018627
-0.4763361354865617
-0.4779916751034155
-0.4784256581330055
-0.47936782676015355
-0.48128955912120547
-0.4816385933941092
-0.4837231215621744
-0.48498531014901464
-0.4888376278268619
-0.48885395769025025
-0.49011221968761937
-0.4949698343552882
-0.4950174312106966
-0.4970459413404266
-0.4974564961581068
-0.4974738449900542
-0.49808910549873847
-0.4984131380042527
-0.5010529620857179
-0.5016084950306726
-0.5040426351619424
-0.5075252271102121
-0.5095920577295332
-0.5114458100283059
-0.5121407471828661
-0.5126553703157697
-0.5129314698774073
-0.5133169387457505
-0.5133269361218936
-0.5136026156444208
-0.5137955418745563
-0.5146292995110949
-0.5154828848553734
-0.515720770593412
-0.5175254821503756
-0.5211737739424649
-0.5215535757015459
-0.5235801550248121
-0.529191292822361
-0.5298522206371672
-0.5299356537205833
-0.5304718362907579
-0.5307624217948614
-0.5327704405280136
-0.5340546577474217
-0.5354008361755405
-0.5357907189364697
-0.5367506102689327
-0.5384654218934075
-0.5388077905265293
-0.5400264374170237
-0.5413910746574402
-0.5424864225202555
-0.5432182065555367
-0.5432927201803371
-0.5433028692403863
-0.54360448242057
-0.5444102857230518
-0.5459027852233097
-0.5461989425829314
-0.5481258282833811
-0.5538071667369552
-0.5584635897037515
-0.559782375931617
-0.5600259737776615
-0.5602700572546584
-0.5612547608325258
-0.5619726205008646
-0.5626005754695932
-0.5631268850993365
-0.5673970098528685
-0.5674125343457277
-0.5695181915327036
-0.5698413907593913
-0.5699573100159228
-0.5715995556342932
-0.5745855280808334
-0.5745934846342412
-0.5747720673680305
-0.5754554042992888
-0.5763965491205454
-0.5786310134918494
-0.5823686096785877
-0.5844864637723991
-0.5866096964613958
-0.5868177904805634
-0.5891749163468679
-0.5911501736926108
-0.595099189132452
-0.5961722742973102
-0.5982801812434673
-0.5991035298980429
-0.6001621877470092
-0.6003454418124875
-0.6006159974883
-0.6014484053677204
-0.603562185089686
-0.6051076758967611
-0.6054412501398267
-0.6076403437699709
-0.6089813721675531
-0.6099325725974397
-0.6156605107826068
-0.6165524172088639
-0.6177424922629674
-0.6209538259233037
-0.621421180316247
-0.6215213932173356
-0.622797445778916
-0.6313621216187519
-0.633884556600824
-0.6372298166767602
-0.643257043285511
-0.6464028223417699
-0.6517743937286772
-0.6546887820586562
-0.6550749262835726
-0.6569685170238699
-0.6581906725962957
-0.6647222918689835
-0.6652802873843484
-0.6673552575557551
-0.6704090446537184
-0.6705418898033843
-0.6706579778312062
-0.6713319830596447
-0.6722840579778272
-0.6725485821564993
-0.673084858028839
-0.6742874652147293
-0.6781613248659661
-0.6807181682829976
-0.6820965201274399
-0.683244174916063
-0.6852098793738454
-0.6863987394386813
-0.6864866812466062
-0.6943670966263328
-0.6972768914678859
-0.6983042706905962
-0.6989866950199926
-0.6992452120405914
-0.7008334257152447
-0.7039939113000636
-0.7064825716464839
-0.7078895058313553
-0.716313446975164
-0.7172845758730546
-0.7186095296439513
-0.7207193374633789
-0.722534405976695
-0.7232301308773458
-0.7233776968593398
-0.7272517050926884
-0.7311930667815937
-0.7313928750809282
-0.7327330648032423
-0.7341419252939523
-0.734924237110785
-0.7429268218576908
-0.7445318604195185
-0.7467272905632847
-0.7484512748375821
-0.7505873642861843
-0.7524135715012411
-0.7528518791354838
-0.7547286809033741
-0.7550490149975909
-0.7567673818765798
-0.7577194696891638
-0.7580530387116582
-0.7611988915712559
-0.7633542906260118
-0.7641927030927036
-0.7642566456149021
-0.7646581594017334
-0.7726873643970227
-0.7730744112282991
-0.7736789647606201
-0.7746977990609523
-0.7769175367662683
-0.7778863469656143
-0.7819520897942961
-0.7834088063960813
-0.7842622204916552
-0.787072647613239
-0.7882580651552402
-0.7908997265562447
-0.7936853669583798
-0.8042260758578778
-0.8075997224077582
-0.8080171929406268
-0.8133014598861337
-0.8133260648697614
-0.8135525286197662
-0.8148784333733837
-0.8206843163858614
-0.8238810151815414
-0.8325646130308542
-0.8328171624452793
-0.8331654975107524
-0.8377004556590691
-0.8379238024353981
-0.838081632525875
-0.841439339943463
-0.8458046786035993
-0.8468184669812521
-0.8472851262324386
-0.8516416296632471
-0.8535928825537363
-0.8554052660862604
-0.8559711667126066
-0.862560426001437
-0.8637278745882213
-0.8638121235417202
-0.8639765012737826
-0.8652153594186529
-0.8688182889527507
-0.8705404210835695
-0.8729453128665247
-0.8871431906673024
-0.8940948852105066
-0.8962869541445637
-0.8974007464828674
-0.9001767346635461
-0.9057808602228761
-0.905802878418139
-0.9143759397730264
-0.9149831548333168
-0.917001873254776
-0.9201829805387831
-0.9308003400607655
-0.9353504106402397
-0.938211994090428
-0.9386206626659259
-0.9420751478605212
-0.9421190917491913
-0.9429817236959934
-0.9463658702692815
-0.948048078868952
-0.9482209909435824
-0.9497607558344802
-0.9509500179933639
-0.9567752095560232
-0.9587092101573944
-0.961619699432049
-0.9633118212223053
-0.9650145795625577
-0.9680656413935745
-0.9759285846569886
-0.9770810045301914
-0.9793443863413164
-0.9796845316886902
-0.9827012892014214
-0.9860782123222533
-0.9861348979407921
-0.9920557349687442
-0.9927392271145856
-0.9935048228750626
-0.9941514218226075
-1.0028585010635045
-1.0074073242343728
-1.007817631214857
-1.0094988550059498
-1.0109132592799142
-1.0197017785159006
-1.0241270877420903
-1.024569183588028
-1.0302688057223957
-1.0315481921037037
-1.0339994505047798
-1.035172133264132
-1.0394404030754232
-1.0407556272970395
-1.0433843858772889
-1.045623311608021
-1.046120402092735
-1.050544501947505
-1.0532983556389808
-1.0537197521531805
-1.0578795249524633
-1.0608241371810436
-1.0646991518366122
-1.0763905443251134
-1.0812583825476005
-1.0833051193039864
-1.0864590626209973
-1.0894805381865353
-1.1001406551471777
-1.1016667342744768
-1.1085201400718299
-1.1133576378824728
-1.1227301647886634
-1.1239376560980945
-1.1252972682317097
-1.131769417189389
-1.1320030114923914
-1.1344390478916466
-1.134672916866839
-1.1374835513997823
-1.1386775107387923
-1.1471889343644892
-1.148938682375816
-1.1659556080897648
-1.1665677196967106
-1.1773840598762035
-1.1894818311557174
-1.1946235445368074
-1.1961079497195897
-1.2003782242536545
-1.2015512068755925
-1.2039855321248372
-1.2103966362243228
-1.2111637455721695
-1.211440642674764
-1.2131441235542297
-1.225805955628554
-1.23863951365153
-1.2457667310760978
-1.248452391475439
-1.2501803785562515
-1.2513219006359577
-1.2570426799356937
-1.2665293822064996
-1.2708966806530952
-1.274720349907875
-1.2802338425853206
-1.286048690478007
-1.2882097499178988
-1.2884146037201087
-1.2885202571217502
-1.28908057580702
-1.2957972511649132
-1.303985944390297
-1.3179403971880674
-1.3185250381939113
-1.3289603677747601
-1.3361382643477275
-1.3401717267591844
-1.3411478598912556
-1.348729173342387
-1.356821343768388
-1.3657223437912762
-1.3690551320711772
-1.3777857646346092
-1.37837020556132
-1.383369078238805
-1.390643437206745
-1.4014103785157204
-1.4061624323949218
-1.4108245521783829
-1.412583229575823
-1.4149242378771305
-1.4167639464139938
-1.428756872812907
-1.4299183922509353
-1.434778943657875
-1.4377470895648004
-1.4558435529470444
-1.488036667129823
-1.5005383491516113
-1.506447073072195
-1.5266977548599243
-1.5416463936368625
-1.5576588506882842
-1.5610143691301346
-1.5670526139438152
-1.5792022943496704
-1.5944249120851357
-1.5981237851083279
-1.5996389804021192
-1.6149914227426052
-1.6159458700567484
-1.6263583430545054
-1.6313257426023484
-1.640233039855957
-1.654148519039154
-1.6568305256466072
-1.658146623056382
-1.6681883782148361
-1.6851684898138046
-1.6852331023663283
-1.742874054859082
-1.7592485116329044
-1.7866088700277487
-1.8088764767908287
-1.811052605509758
-1.8253706739778863
-1.8305115302403767
-1.8330673277378082
-1.8465497295061748
-1.8840010613203049
-1.9201443919436656
-1.9421887388452888
-1.9492679422255605
-1.9679251861026776
-1.973403165737788
-1.9740826897323132
-1.9786309427581728
-2.0173796098679304
-2.041112184524536
-2.043581255844661
-2.0978488326072693
-2.126983525697142
-2.152425331218789
-2.225368920713663
-2.2419795989990234
-2.2551745176315308
-2.2652120526880024
-2.3203922510147095
-2.3417240381240845
-2.3490539283957332
-2.349958238657564
-2.38325213904803
-2.4090766285468512
-2.4096709797158837
-2.450447481125593
-2.6322497613728046
-2.6618765592575073
-2.670003294944763
-2.6947252824902534
-2.7463241616496816
-2.8444692492485046
-3.2160018533468246
-3.304071825928986
-3.305628180503845
-3.340876817703247
-3.4002798795700073
-3.447816386818886
-3.5223212391138077
-3.598368525505066
-3.6311935037374496
-3.677707076072693
-4.9331159591674805
-5.993503093719482
-6.067879915237427
-6.300635814666748
-6.768893241882324
-8.18458366394043
-9.483251571655273
-9.617044448852539
-11.460038185119629
-11.573490142822266
