-0.0037692408562482647
-0.019780290468285482
-0.07031271172066529
-0.08029845067085262
-0.14229673681741892
-0.1503493124655506
-0.1792429139216741
-0.18472033250145614
-0.1932903379201889
-0.19375534049613635
-0.21176895519359581
-0.21503153908997774
-0.2310115154788946
-0.23367739145178348
-0.2352627407944965
-0.23642153090622742
-0.23971600226812168
-0.2446157295606099
-0.26759812360008556
-0.2743340651698721
-0.27489095020739895
-0.2813302158203442
-0.28917910205200315
-0.28984880235730087
-0.2976731467060745
-0.29953281360212713
-0.3150176709362616
-0.31778043969534336
-0.3357019641553052
-0.3377155864366159
-0.34344458644627596
-0.3442952228569458
-0.34694950438279193
-0.35252528979908676
-0.35886321248431663
-0.3677170065315699
-0.37045668780532043
-0.37097793259280953
-0.3751110861077905
-0.37635131754677786
-0.38086364086484537
-0.3840449530282058
-0.3841003208408438
-0.3892624567184052
-0.396272399160403
-0.4013565348905104
-0.40448979381663347
-0.4045466330669168
-0.40643414707867326
-0.41006251064957017
-0.4116138195995951
-0.416895628295989
-0.4197892362717539
-0.4198078707575708
-0.4230098504340276
-0.42444974059859913
-0.4257041318767868
-0.42709439703367025
-0.42867395992652746
-0.430107172229658
-0.4314003858455256
-0.433690853879157
-0.43375213547121594
-0.437118850382311
-0.4395661668650064
-0.4399297862919411
-0.44219252151540583
-0.4422769127879292
-0.44327350546206745
-0.4437489046540577
-0.4450942527113037
-0.4475947916507721
-0.44827074730818384
-0.4496162367716391
-0.45149135916199157
-0.4533228736363526
-0.454185051668901
-0.4545146758771605
-0.4553506363457321
-0.4559739765412545
-0.4580370558771967
-0.4592173068009762
-0.46166739459009215
-0.4688755445426068
-0.469772431848105
-0.4706162251532078
-0.4710336908576123
-0.47118238143157215
-0.47119498855317943
-0.4714819324964827
-0.47289715484089356
-0.47306379526271486
-0.4733724950997652
-0.47449538977467454
-0.474807384351152
-0.47586874124605555
-0.47776081185374
-0.4781705193410441
-0.4811195872666926
-0.4811221776929285
-0.4823982989922418
-0.4824152437591692
-0.48246104177087545
-0.48372022415552396
-0.4841729997594939
-0.4843219908926746
-0.48505357024259865
-0.48611961264784137
-0.4865275689193772
-0.4869502167507562
-0.4878703379072249
-0.48850551481074134
-0.48948681891379237
-0.490230912197876
-0.49058438758388195
-0.4919565344462171
-0.49262190656154414
-0.4930838446944108
-0.4936785884051965
-0.4941571591128265
-0.49548414745659103
-0.496347920217458
-0.4964414846569222
-0.49762500193845394
-0.4996607314758876
-0.500202538045934
-0.5005013895511183
-0.5020071697610546
-0.5025399508053346
-0.5038554553175345
-0.504636579979498
-0.5049323202247251
-0.5055422998251241
-0.5067077711064485
-0.5068319805621286
-0.5074557259184076
-0.5075772213516757
-0.5076259778521489
-0.5089111375345965
-0.5104945505204934
-0.5116141506946673
-0.512021138091838
-0.5125928760695387
-0.5129825868357979
-0.5136394703010371
-0.5157362533841239
-0.5159025500104
-0.5164130090602806
-0.5164995306792358
-0.5165903284214437
-0.5169348461306071
-0.5199543590637664
-0.5229376054970393
-0.5233209804282524
-0.5235338208682757
-0.5236288849508128
-0.5236513573278595
-0.5240999088156968
-0.5250568175707533
-0.525386242820241
-0.5255676180230304
-0.5257355027965137
-0.5262026272514425
-0.5274752192855798
-0.5277418536804718
-0.5277694144552745
-0.5281859694597577
-0.5296847871197516
-0.5304983052257488
-0.530733942904044
-0.5319481485383308
-0.5319796504685655
-0.5332041523033695
-0.5355986712862719
-0.5381335052967188
-0.5388690118921659
-0.5392658865603153
-0.5394067477434874
-0.540254726074636
-0.542948970883218
-0.5431043989706917
-0.5431471044561477
-0.5432000110546747
-0.5442289526006789
-0.5444046781433118
-0.54514159844742
-0.5457176332605741
-0.5467822290762948
-0.5470412074567073
-0.5474817439598108
-0.5478447342122142
-0.548455731322368
-0.5484986325640681
-0.5492953586148764
-0.5526749674727398
-0.553628701829843
-0.5539260870084816
-0.5545151558608803
-0.5551950401626528
-0.5553684408208938
-0.5562330708041502
-0.5596616710536182
-0.5604187547163747
-0.5617591608817496
-0.5635861020855373
-0.5644348668200629
-0.5664873169735074
-0.5679060020364497
-0.5679583105302299
-0.5692729654205323
-0.5719608303431111
-0.572077798191458
-0.5725762556839982
-0.5726212325843517
-0.5743619656355198
-0.5747324747305053
-0.5747739172705527
-0.5768687123199925
-0.5770164933319393
-0.5773316742663155
-0.5788427443864445
-0.579964913893491
-0.5802876120007048
-0.5805587837557223
-0.581915971353883
-0.5833260856072783
-0.5839383482493253
-0.5854362073716604
-0.5854661751838744
-0.5855311189079657
-0.5864355370508242
-0.5869379112328816
-0.5879731652411547
-0.5880822161723498
-0.5889654057947072
-0.5889844598663331
-0.5923321192126928
-0.5943135475390591
-0.5955226054292224
-0.5963089391800829
-0.5974361209446215
-0.5980185352273111
-0.5982817097536186
-0.5990126056596636
-0.5996608537825523
-0.5997240403402512
-0.6010182402333157
-0.6014059278337905
-0.6027759088436142
-0.6029570914804936
-0.6041335735904535
-0.6047616637342799
-0.605444494416588
-0.6055940650853286
-0.6060293135727989
-0.6071955366787734
-0.6072042093292112
-0.6077715260871628
-0.6091235657238738
-0.6098171897465363
-0.6113593125935748
-0.6126945523917259
-0.6135074764283167
-0.6135585837205872
-0.6154242137039546
-0.6157320445248237
-0.6170640967902727
-0.6181777969997545
-0.6196698846710206
-0.6230956277965257
-0.623389426869835
-0.6262439861893654
-0.6263176058419049
-0.6264411610784009
-0.6265060129058838
-0.6273558251559734
-0.6277862416237541
-0.6285566085880419
-0.6330599243390478
-0.6337868874892593
-0.6346956590811411
-0.6362607332252083
-0.6364986334345304
-0.6368908315635053
-0.6378160865154184
-0.6382351169983546
-0.6389801946599618
-0.6417985848254628
-0.6439830840099603
-0.6452255715848878
-0.6464123902027495
-0.6469712051496442
-0.6523820080183214
-0.6547424845794012
-0.6548643361311406
-0.6550881378529796
-0.6558456386212909
-0.6561003048139226
-0.6562227283914884
-0.65665580389638
-0.658166012593678
-0.6583415657015783
-0.6599878821944003
-0.6615927626682807
-0.6619553275993981
-0.6624352592552896
-0.6686712374858972
-0.6687568315340157
-0.6690037056989968
-0.6696191783153659
-0.6730721143022593
-0.6766393448357121
-0.6780256325742812
-0.6783912392507773
-0.6792590007250207
-0.6804880385659219
-0.6819219769095071
-0.6824518018807082
-0.6832568198442459
-0.6850302440247366
-0.6874768454217701
-0.6875042296305764
-0.68980803869199
-0.6907618440200167
-0.691958761567043
-0.6923285413067788
-0.6944823142956011
-0.6950209929740855
-0.6950383383470277
-0.6954644996051987
-0.6980018255926552
-0.6995419541906033
-0.7018887900436918
-0.7035493905088515
-0.7039103834945506
-0.7052973755441295
-0.7070552208145576
-0.7100913507019868
-0.7107239020988345
-0.7107901417683544
-0.7113363456625778
-0.711587813416069
-0.7128023797247026
-0.7133746411612568
-0.713596963401263
-0.7148006809788058
-0.7166356653906405
-0.7171309987703959
-0.7189592006704645
-0.7190030545282823
-0.7204404394853756
-0.7210697089321911
-0.7222727257924687
-0.7225086949101751
-0.7242575260810554
-0.7268264197555254
-0.7270412769446719
-0.7289461016189307
-0.7292223212055184
-0.730008565463712
-0.73032196899876
-0.7304225158877671
-0.7312449582386762
-0.7316764970310032
-0.7323128147014358
-0.7323808217421174
-0.7364714369177818
-0.736915119923982
-0.7369578466983512
-0.7372366467519896
-0.7385095322970301
-0.7394126411527395
-0.7395567843599969
-0.7408600485456797
-0.7408654505998129
-0.74279455442714
-0.743258005939424
-0.7486684409435839
-0.7488218643205377
-0.7489701452879152
-0.7493824980338104
-0.7513200788246953
-0.7514059925684705
-0.7567883607532296
-0.7572913480338078
-0.7577863040690621
-0.7584319733083248
-0.7584609913639724
-0.7589309007242264
-0.7594132864614949
-0.7594519302115909
-0.7612565800081939
-0.7628515376709402
-0.7646644271341453
-0.7662768298011672
-0.7702455602754655
-0.7708454299136065
-0.7712774192659708
-0.7724596343141457
-0.774431572733738
-0.7744655353708367
-0.7745689581853286
-0.7753113914934349
-0.7763205750234192
-0.7765529784373939
-0.7766411325040584
-0.7770620737444713
-0.777336368151009
-0.777419056329677
-0.7782138744340046
-0.7787538080948353
-0.7800031779297569
-0.7804958684925319
-0.7811863282811828
-0.7818817691877484
-0.7820645405445248
-0.783468011003505
-0.7835403744700469
-0.7840312835402213
-0.786286367723369
-0.7868535637648569
-0.7872013846555581
-0.7879196809242583
-0.7887104899855331
-0.7889618442665475
-0.7912111891699689
-0.7912346285819594
-0.7936694711843302
-0.7941532562383347
-0.7946729531201223
-0.7967602955953529
-0.7969213760412198
-0.798572950065136
-0.8019201693005016
-0.8021435256116092
-0.8031164659769274
-0.8033924289979041
-0.8037024231689429
-0.8041318807019187
-0.8046135691611198
-0.8048806115984917
-0.8053683998829607
-0.8057826717558783
-0.8063473236747086
-0.8070648655411787
-0.8072090572122761
-0.8086498969480291
-0.8091911943425657
-0.8097411108513674
-0.8107161463012744
-0.8108995567405751
-0.8123039107886143
-0.814778637024574
-0.8147874142353734
-0.8151193670928478
-0.8161421550612431
-0.8167503609816776
-0.8174524347297847
-0.8184398193407105
-0.8189830510877073
-0.8205388841714012
-0.8226151755079627
-0.8256992897368036
-0.8271482001087861
-0.8272087791148806
-0.8279003533534706
-0.8290340859176857
-0.8297582707471318
-0.8325259856879711
-0.8332812239208983
-0.8342271897010505
-0.8355559249381864
-0.8358545534008752
-0.8362398850052463
-0.8369488882555742
-0.8374970713659422
-0.8376781553961337
-0.838307564353272
-0.8387715412769466
-0.8387944798118302
-0.8397639521530696
-0.8397763936469952
-0.8406846602447331
-0.8412039503455162
-0.841348927219062
-0.8418504167348146
-0.8429525218416529
-0.8445523784362844
-0.8450945847693624
-0.8452883823163575
-0.8471474958350882
-0.8489150128023337
-0.8506885988172144
-0.8532574763266894
-0.8541809453495911
-0.8547559062048095
-0.8596402643364854
-0.8611938692111936
-0.8615705793102583
-0.8628751114582494
-0.8628824625598749
-0.8641100916946824
-0.8647764904890209
-0.8650791486091164
-0.8651017844579959
-0.8653556976350956
-0.8674517482722877
-0.8682242080436221
-0.8688675095327199
-0.8699548613965615
-0.8709292476280377
-0.8713905898269635
-0.8716067227942403
-0.8721794854435656
-0.8729199362652642
-0.8774566665291786
-0.8785055667161942
-0.8788240057389581
-0.8806465113302693
-0.8818933479524276
-0.8827099055051804
-0.8830432910472155
-0.884520061314106
-0.8848919712157416
-0.8887078692903743
-0.8891794593073428
-0.8894394070608541
-0.8903812214266509
-0.8917522529760996
-0.8926083175465465
-0.895725778862834
-0.8959078277228401
-0.8960100597469136
-0.8965530184440367
-0.8969485631212593
-0.8971661331209665
-0.8976628187025198
-0.8976859620274303
-0.8977254731216817
-0.8986340559786186
-0.8988268855027854
-0.9010070362943224
-0.9035081629242215
-0.9073271696397569
-0.9074288026895374
-0.9075830429792404
-0.909464722382836
-0.9094940673094243
-0.9113041488453746
-0.9127771419703744
-0.9128050678700674
-0.9146694223939752
-0.9167365039465949
-0.917780342977494
-0.9197993559064344
-0.9212409680975335
-0.9213653571870444
-0.9226584006100893
-0.9272952610801439
-0.9285766110988334
-0.9295470195123926
-0.9304159832536243
-0.934673046838725
-0.9356256738925973
-0.9381056328614553
-0.938187517116603
-0.9393177083693445
-0.9394288389985377
-0.9408976808190346
-0.9429083308205009
-0.9433253080221928
-0.9501337436959147
-0.9531601324677468
-0.9546202524797991
-0.9549880490638316
-0.9575190315954387
-0.9621830414013987
-0.9635066971448916
-0.9648284879513085
-0.9663987552339677
-0.9671703790663742
-0.9677252281690016
-0.9679033528082073
-0.9723590225136528
-0.9747601486078565
-0.9755475702113472
-0.9810019979874293
-0.9810339665273204
-0.9831685054523405
-0.9846631365362555
-0.9879366703597563
-0.9879874491265842
-0.9889989108875549
-0.9928450286388397
-0.9937952210505804
-0.9947334346594289
-0.997385328495875
-0.997651529032737
-0.9993683975189924
-0.999753330310341
-1.002196189242467
-1.0064831595227588
-1.0077820322476327
-1.0109147056937218
-1.0127290113669005
-1.0157328582368792
-1.0187747243791818
-1.0205888027325272
-1.0217613191804655
-1.0233725849539042
-1.0241576073070366
-1.0250916394094627
-1.0312200852669775
-1.0332744325569365
-1.034083241596818
-1.037744715809822
-1.038932925622378
-1.0425177039578557
-1.042913320939988
-1.0434082504361868
-1.0442500042263418
-1.0462636115650337
-1.0476365714954834
-1.0561900710066159
-1.0572185642784462
-1.0572212657758169
-1.0584010442253202
-1.0585218829333567
-1.0603301312242235
-1.0636779048280525
-1.0666308901272714
-1.0757161998772062
-1.0782791001256555
-1.0868443495826796
-1.086847057255606
-1.0870079514570534
-1.094204619526863
-1.0952101394401066
-1.0960415853187442
-1.096138525288552
-1.0975870355032384
-1.1001989374053665
-1.1014719990392525
-1.1025199502706529
-1.1070394281830107
-1.1074097404877346
-1.108487084042281
-1.1114828544377815
-1.1120465490967035
-1.1175279745718096
-1.1181360108195804
-1.121605295338668
-1.1216904965694994
-1.1235414433758706
-1.1235571882221849
-1.1261129179038107
-1.1271954867988825
-1.1274547725915909
-1.1284949233134587
-1.130946827295702
-1.1314934060598414
-1.138385644555092
-1.1393423344319065
-1.1401568970177323
-1.1456515217820804
-1.1471688236633781
-1.1517965892950695
-1.1551734805107117
-1.1586144305765629
-1.1590426713228226
-1.1612803648982664
-1.1716928515583276
-1.1740502358103793
-1.176052259746939
-1.1767963108723052
-1.1835161217798789
-1.185250668010364
-1.1880961465649307
-1.1884131900966168
-1.1961294387777646
-1.2017125988029875
-1.2023451326300953
-1.2067924203972022
-1.2158125415444374
-1.2190010735115113
-1.2192266306374222
-1.223137107367317
-1.2234604582190514
-1.2251556875222984
-1.2281819937440257
-1.2284128335969788
-1.230072687069575
-1.2302467748522758
-1.232779359817505
-1.2332521341159008
-1.233622047662114
-1.2376603038865142
-1.2440557770023588
-1.2443090038839728
-1.245668706484139
-1.2477490864694118
-1.2517208013683558
-1.252728446945548
-1.2533773928880692
-1.2550854213535785
-1.262587482095114
-1.266438310063677
-1.270967090735212
-1.273960880935192
-1.2875353594621022
-1.2947006256435998
-1.2973561584949493
-1.3036280370184354
-1.3183667319826782
-1.3235160454642028
-1.330717345699668
-1.3312131377557914
-1.331788587422731
-1.3372765771734219
-1.3405782863497735
-1.3425572514533997
-1.3457300110312644
-1.3502452846150845
-1.352902889624238
-1.3625908146301906
-1.3653984332457185
-1.3772047979873605
-1.381101906299591
-1.38206401039497
-1.3883493533357978
-1.4003096447171022
-1.4009349152445794
-1.4026097536087037
-1.4072047845984343
-1.409919765032828
-1.4185079991817475
-1.4256949696689845
-1.4353670843993314
-1.4428134358022362
-1.4572712167755526
-1.461276775598526
-1.4691996276378632
-1.4712818458676338
-1.482072311337106
-1.4849295240128413
-1.4935670168197248
-1.4937609434127808
-1.5028792216908187
-1.5291721438989043
-1.5305915036587976
-1.545230821473524
-1.5472088865935802
-1.5550472461385652
-1.5562349442625418
-1.5573759439090888
-1.5866786786355078
-1.5884154699742794
-1.5900483012199402
-1.6184968503075652
-1.6254153801710345
-1.6597139516379684
-1.6739773005247116
-1.6747892112471163
-1.6803088744636625
-1.696108822710812
-1.6968901559400063
-1.7094241566956043
-1.7117235764550667
-1.7157489359378815
-1.7284584566950798
-1.7444534581736661
-1.7469772547483444
-1.751518651843071
-1.75202976167202
-1.7604630589485168
-1.7624114888409774
-1.7918604165315628
-1.8038032747184236
-1.8128915429115295
-1.8468272164463997
-1.8863230496644974
-1.8941814731806517
-1.9091372294351459
-1.9130167216062546
-1.9145285785198212
-1.9192663899933298
-1.9289720966480672
-1.929004430770874
-1.933680991642177
-1.9456056952476501
-1.9473355263471603
-1.9507503202185035
-1.9835028536617756
-2.1045443564653397
-2.161536604166031
-2.1905590891838074
-2.191087305545807
-2.204714298248291
-2.2902103513479233
-2.3263906240463257
-2.337862258321062
-2.460767686367035
-2.4644519686698914
-2.4653284549713135
-2.5491433143615723
-2.6011888150557447
-2.627508595585823
-2.6630330085754395
-2.7491345778107643
-2.8213159441947937
-2.942468822002411
-3.1567444057921725
-3.3420857191085815
-3.4360474348068237
-3.766801357269287
-4.0140106081962585
-5.456643581390381
-6.418494701385498
