-0.0010064554517157376
-0.003627227279745663
-0.021243745631636557
-0.039418820291757584
-0.048723779787754516
-0.07112019206397235
-0.08434667752283076
-0.08441248061717488
-0.09743757066316902
-0.10609408058303416
-0.1097467951476574
-0.12849563936470076
-0.13696570575366424
-0.1642085462808609
-0.16617681959401126
-0.1698131472526711
-0.17703801709250103
-0.18029839918017387
-0.21380815567681566
-0.22236999575980007
-0.2251700496999547
-0.226406243784974
-0.24592047792196223
-0.2517000903057528
-0.26499557044134137
-0.27692668479717214
-0.29209495793232537
-0.29700975358719006
-0.3003270737826824
-0.3019476410267493
-0.30241177320949647
-0.3032312383693857
-0.3083441719710309
-0.3117728453808013
-0.3166451308717114
-0.32883367873728275
-0.33328842227347194
-0.34500920229486515
-0.35170273097314747
-0.3565719903529498
-0.3567494186838303
-0.3580333438551861
-0.36355514434399083
-0.3692360719639712
-0.36971379523311043
-0.3706177261628909
-0.37786677758481346
-0.3823001139265086
-0.3856011728445689
-0.38756138778990135
-0.39027542795560966
-0.3916864247395552
-0.39221202656041415
-0.397279025928583
-0.397556779340448
-0.4001570639878992
-0.4026038711544402
-0.40507418781880916
-0.4060682243230985
-0.4060955369657222
-0.40826719754352325
-0.4091523531172979
-0.41728694026824087
-0.4178293981988515
-0.41829737693433344
-0.4188194184243912
-0.4206890072673559
-0.430581743949382
-0.430770387697651
-0.4338082308028918
-0.43545858783181757
-0.43849412462117876
-0.4388571018538311
-0.4389601419097744
-0.4407670271293013
-0.4409153075344875
-0.4412983669872946
-0.4424223313773317
-0.4479336102493107
-0.4481964389356613
-0.4483204519201536
-0.449759862805422
-0.45457125505940893
-0.456546592677215
-0.45737092020793907
-0.46135070950585944
-0.4654983650892973
-0.46583534926176073
-0.4677343424409628
-0.4680358494279062
-0.47326199784874917
-0.4742378096021379
-0.4760493540810785
-0.47703320967100027
-0.4781069373006801
-0.48076318437961163
-0.48110953842600185
-0.4814368498822053
-0.48226035421482394
-0.4824812896882317
-0.48535420781957905
-0.4887691876173348
-0.489672914505578
-0.49209797977372155
-0.49313497144891016
-0.4932745007099584
-0.4942562661480434
-0.4970349194481969
-0.49815572798252106
-0.4981584600172937
-0.49829931106742154
-0.4987103404516044
-0.5021740608929013
-0.50302852531604
-0.5045284670857906
-0.505154871252175
-0.5067894719027448
-0.5073001085172311
-0.5092809289911272
-0.5112882887238058
-0.5115637394289175
-0.511735977876621
-0.5132930673426017
-0.5137511014938354
-0.5149106708704494
-0.5152626154111724
-0.5154885711679071
-0.5155393141488146
-0.5156132695876574
-0.5163131088018418
-0.5172152982752407
-0.5175036265996327
-0.5199765635416983
-0.5215010549485063
-0.5215459813896034
-0.5219029350194614
-0.5234050854830491
-0.5248422685156887
-0.5249779522105958
-0.5287276609511132
-0.5304544924134007
-0.5320725081764976
-0.5322247278090799
-0.5331894174218178
-0.5354307098587014
-0.5372996764878432
-0.5394095343772978
-0.5399339669920664
-0.5426877385803631
-0.5438274774129969
-0.5449129802873358
-0.54564829551479
-0.5458019500292721
-0.5482541497584372
-0.5488579126799272
-0.5546019929920192
-0.5552209075540304
-0.5562643183608694
-0.5568449435610697
-0.5600339880523583
-0.5624767524336026
-0.5629738561459817
-0.564330501261995
-0.5660654295308497
-0.5666608872901028
-0.5686088718823157
-0.571562438737601
-0.574285083625
-0.5744786050915718
-0.5770725530261794
-0.5772586977608236
-0.5822872861920457
-0.583241860071818
-0.5834414783629265
-0.5846292797240105
-0.5865577233286482
-0.5884052734349723
-0.5893080697354415
-0.5911306497500146
-0.5941572667742321
-0.5956819933729575
-0.596501053031534
-0.597656152676791
-0.5993577019710626
-0.6052405099062272
-0.6061495824088625
-0.6094711603087783
-0.6110366103053093
-0.6124989967793226
-0.6142177824222017
-0.6145563721656799
-0.6145779639595427
-0.6153875511139631
-0.6206212959119252
-0.6229084105386088
-0.6239092112518847
-0.6244713809827099
-0.6297356388356341
-0.6306342697702348
-0.631710275709629
-0.632709459523144
-0.6331155216321349
-0.6371542126871645
-0.6374761929227588
-0.6380521096289158
-0.6386549506957332
-0.6393123651699474
-0.6443094412485758
-0.6455819479888305
-0.6498616946419833
-0.6500612716250683
-0.6510725105181336
-0.6511221155524254
-0.6554696843441989
-0.6600874553662379
-0.6629452069755644
-0.6637379749328829
-0.664107448537834
-0.6648931329449018
-0.6657435320602316
-0.6658295622716347
-0.6660725121785488
-0.6664921119469606
-0.6688205697453466
-0.6704687367786061
-0.6727887498943702
-0.6777126584202051
-0.678487409208401
-0.6836021170020103
-0.6863427078351378
-0.6890617473633028
-0.6893151015974581
-0.6902271140276174
-0.690999623388052
-0.6910675565708667
-0.6954352470122103
-0.6968718883064058
-0.6973331579938531
-0.69847681671381
-0.6987623171880841
-0.6991837869863957
-0.7021947963745333
-0.7032393783330917
-0.7037493675403917
-0.7041497185826302
-0.7041680407883177
-0.7074681322555989
-0.7141065999865532
-0.7239100041333586
-0.7258165294770151
-0.7343992826839288
-0.7381947878748178
-0.7386046032022152
-0.7532214250282517
-0.7542337253689766
-0.7545206188741658
-0.7582917124884391
-0.7647908929890642
-0.7662896298699908
-0.777579090744257
-0.7783138767071401
-0.7784455046057701
-0.7786190886160511
-0.7809639313879112
-0.7816797230043449
-0.783101959263513
-0.7877166494727135
-0.7901616467695151
-0.7943569343411582
-0.7994878897443414
-0.8009544952423312
-0.8167881885591279
-0.8175324257463217
-0.8177189353853465
-0.822964127684827
-0.8252271436568763
-0.8269760214413205
-0.8280544187873602
-0.8289481484874462
-0.8301676384871826
-0.8372964825481176
-0.8471958126872778
-0.8530029203742743
-0.8616874801473386
-0.8619369231164455
-0.8621496856212616
-0.8726445812731981
-0.8762990097360065
-0.8769216313958168
-0.8809837362496182
-0.89365578815341
-0.9101820535492152
-0.9102812730707228
-0.9114350442375455
-0.9126797318458557
-0.9197101587429642
-0.9208285990688536
-0.9222476237087643
-0.9241886750050222
-0.9244572495420774
-0.9258511665248079
-0.9272690371920665
-0.9295788864449909
-0.930343553237617
-0.9306625057167063
-0.9340215611737221
-0.9603650867938995
-0.9733755212412992
-0.9757396001368761
-0.9857058028380076
-0.9888380486518145
-0.9902822176615397
-0.9919652729295194
-0.9994432228268124
-0.9997538670431823
-1.003153309359082
-1.0095535185188056
-1.0143065731972456
-1.0229484274983407
-1.0475961670211593
-1.0541153566446155
-1.0813561715185642
-1.0873154024593532
-1.089002123521641
-1.0980297345668077
-1.122492595265309
-1.12252524564974
-1.131906662369147
-1.1384893730282784
-1.1563129375378292
-1.2081866021253518
-1.2145775159200032
-1.2562379107500117
-1.315966531750746
-1.3643403574824333
-1.3757587615400553
-1.3976650834083557
-1.4151652721338905
-1.434706232510507
-1.4388491662684828
-1.4554522944032215
-1.4671345353126526
-1.5134414695203304
-1.5587940315405528
-1.5876674850781758
-1.6053167631228764
-1.6366994082927704
-1.661817952990532
-1.6660453975200653
-1.702798831121375
-1.7391887427753925
-1.745143709083398
-1.7519968003034592
-1.7973551764152944
-1.852055847644806
-1.8871910919745762
-1.9387508155292987
-1.9649567306041718
-1.9837656660626333
-1.9896132946014404
-1.995849799675246
-2.178412437438965
-2.256430923938751
-2.3098079338669777
-2.4954539098155997
-2.5675289034843445
-2.5788250376159945
-2.582891285419464
-2.6217607259750366
-3.11793053150177
-3.199991960078478
-3.349922239780426
-3.369353175163269
-3.438883662223816
-4.248988118546549
-4.298162221908569
-4.366011142730713
-4.49665093421936
-4.6309370252420194
-4.695320630969945
-4.961759328842163
-6.021903038024902
-7.936437606811523
-8.0802640914917
-9.624964714050293
