-0.0007936188485473394
-0.049441464182261065
-0.08735949173569679
-0.11355553135945229
-0.13906345129362307
-0.14865826655295677
-0.18088315341265115
-0.18395375558692548
-0.23804650369233318
-0.2563954135403037
-0.2594899451578385
-0.2659997352267965
-0.269693268779
-0.2733734077773988
-0.2736956976514193
-0.3064316366799176
-0.31099362787790596
-0.32045073597691953
-0.3304366029333323
-0.3430861853994429
-0.3465635555330664
-0.3484689747500751
-0.3535176707082428
-0.3567711358025138
-0.360379567660857
-0.36369281099177897
-0.3668973234598525
-0.36736306279069847
-0.3677008418987195
-0.36956711548070115
-0.37035740935243666
-0.37428756554921466
-0.3768229701866706
-0.37782904464337563
-0.3792016661260277
-0.3903820167761296
-0.3935784121509641
-0.40077182494236957
-0.40273134675808253
-0.40735558088636026
-0.40914118895307183
-0.4099299392352502
-0.41006920939045294
-0.4117641761743774
-0.41368873847386567
-0.4163660832273308
-0.4165021785069257
-0.41734783980064094
-0.4186776868591551
-0.4231050666889392
-0.43595033660531046
-0.43717279604121967
-0.4414797261967484
-0.4444757263208885
-0.4450900266612215
-0.4475804874156084
-0.4481023781494326
-0.4481795706786215
-0.4496607933607366
-0.45154441258637235
-0.4536382823328798
-0.46228274018503723
-0.4628078365543236
-0.46527543601293403
-0.46602472882451756
-0.4709199064411223
-0.4712027203757316
-0.4735734782492121
-0.4747743814019486
-0.47607640602758955
-0.4768857927161402
-0.47806367710360237
-0.4790657863020897
-0.47964284296280574
-0.4811819650349207
-0.4820191338658333
-0.48209278291324154
-0.48229779957347835
-0.48436400641221555
-0.4857587998150848
-0.4862389776722661
-0.48837394391496974
-0.4885117535595782
-0.4899405343749095
-0.4910312930587679
-0.49351132948261994
-0.49672671575205063
-0.504437700712255
-0.5060648264156448
-0.5069446692359634
-0.5073632391799229
-0.5081307423562975
-0.5112587121890529
-0.5120618749809053
-0.5144275430589914
-0.5154827624784148
-0.5189351634572908
-0.5204786346293986
-0.5212073256261647
-0.5223372766548502
-0.5288004986941814
-0.5367520287632942
-0.5371237322688103
-0.5389635371975601
-0.5408075119900916
-0.5421314473829365
-0.5428683459758759
-0.5466470804240089
-0.5472884594152371
-0.5525725309012665
-0.5541773477702269
-0.5603147074580193
-0.560334045595179
-0.5626000732299872
-0.5628832610520093
-0.5630880496154229
-0.5641388860863766
-0.5671814060975414
-0.5680245020412258
-0.568759428570047
-0.571000892569178
-0.5730605228907533
-0.573843486327678
-0.5744736606979536
-0.5753334896289743
-0.5756507677336534
-0.577673826635065
-0.5810541556649176
-0.5819014945067466
-0.5831266264431179
-0.583385179647141
-0.5834758785120877
-0.5835445708362386
-0.5837051278944273
-0.5838777360040694
-0.584555651194283
-0.5864705985004548
-0.5870302578572322
-0.5880194535944611
-0.5881744747360548
-0.5892115046083927
-0.5895151908542176
-0.5913019712226322
-0.5915290683624335
-0.5937102853320539
-0.5947711624256853
-0.5959839567200106
-0.5968980187483665
-0.5969832816161216
-0.5995975775747664
-0.603606795379892
-0.6074426502455026
-0.6083363783947224
-0.6087701521348208
-0.6087780155810631
-0.6091466048528673
-0.6098489910596981
-0.6103921664568285
-0.6109854479630789
-0.6115283272672623
-0.6159865111694671
-0.6161248044938676
-0.6171562533825636
-0.620102440007031
-0.6207985181721266
-0.6211244845233689
-0.6231175675056875
-0.6251415001461282
-0.6262132915668189
-0.62982114792491
-0.6315364486404828
-0.6316546816378832
-0.6317136071873113
-0.6317635408136993
-0.6337641915788168
-0.6338075009174645
-0.6342157965060323
-0.6345996161301931
-0.635748297162354
-0.6358258810068946
-0.6363856664393097
-0.6379665755666792
-0.6387055421780262
-0.6393970403490433
-0.6410855440422892
-0.6412455310734609
-0.6414597893759993
-0.6428488005088487
-0.644267853628844
-0.6443453296553343
-0.6493211317232207
-0.6493398798888342
-0.651756767993388
-0.6524843111837981
-0.6533618632238358
-0.6552420301362872
-0.6612073323792882
-0.6649175398051739
-0.6675297278828415
-0.6685847674380057
-0.6698117686722141
-0.6706204233183102
-0.6720496945393583
-0.6736455766691102
-0.6746396939270198
-0.6763046117313206
-0.6785472969058901
-0.6790405077238878
-0.6807488938017437
-0.6836267991457134
-0.6849400972326597
-0.686189718185536
-0.686474791058572
-0.6864851474855095
-0.6886464130926739
-0.6889261268079281
-0.6922709204256534
-0.6928752958774567
-0.6971935840793541
-0.6991807092404501
-0.699421617295593
-0.701376961907954
-0.7034783044263072
-0.7042731404718425
-0.7051144801080227
-0.7059584081224684
-0.7097049106960185
-0.7106268474211296
-0.7124907510975996
-0.7131900625384372
-0.7182678405783678
-0.7189434737998194
-0.719268562272191
-0.720264634070918
-0.7208396859325307
-0.7215237783675548
-0.7217157449107617
-0.7235243670745857
-0.7236287213396281
-0.723699884539071
-0.724637816230265
-0.7270349897444248
-0.7284588064067066
-0.7303150646067003
-0.7312080102523656
-0.7312684812849122
-0.7343060865998268
-0.7347055375576019
-0.7347719745843538
-0.7582510630600154
-0.7684034090489149
-0.7779965486067036
-0.7841598114973749
-0.7948276849463582
-0.7949816915871841
-0.797548608481884
-0.8059029500000179
-0.8097552695311606
-0.8162585654295981
-0.8168252110481262
-0.8180597225307591
-0.8397553406622527
-0.8418885054066777
-0.8453509225343753
-0.8471642583608627
-0.8682536502730929
-0.8721151483866075
-0.8753452495827029
-0.8877904415130615
-0.8908553123474121
-0.8951807730831206
-0.901563124731183
-0.90997514128685
-0.9164199940860271
-0.9181076095555909
-0.9217672199010849
-0.9305638979809979
-0.9376123166428163
-0.9415730756277648
-0.9436573401093483
-0.9472846315743831
-0.9509220916706209
-0.9601051971316338
-0.9834347125841305
-0.9875415554270148
-0.9927830718457699
-1.0031626688316464
-1.0246281963773072
-1.026557069779797
-1.05133421075615
-1.057868798517368
-1.067082707459728
-1.0802513984963298
-1.0809077933256048
-1.0815646592527628
-1.0839770733145997
-1.0882781059481204
-1.090193693112168
-1.0986552983522415
-1.10390023002401
-1.1091715136373586
-1.1103804952775438
-1.113513562269509
-1.1270730274409289
-1.1303206998854876
-1.1371154834826787
-1.148889392876299
-1.1508480420646567
-1.1735761104850098
-1.188506107777357
-1.1971560418605804
-1.2090659141540527
-1.2513077706704887
-1.2647381201386452
-1.2808460182883816
-1.3836827399209142
-1.3887668958244224
-1.4043121725320815
-1.4145578670480365
-1.4302204307867215
-1.4689903954664867
-1.4758000162740548
-1.4864499382674694
-1.5353471251825492
-1.5726805627346039
-1.5840087234973907
-1.6095030264308055
-1.6290641116599243
-1.6774591704209645
-1.7431627186015248
-1.8304291069507599
-1.844101995229721
-1.8901828797534108
-1.896267573038737
-1.9189525544643402
-1.9461643944183986
-1.9691777229309082
-1.9746661812067032
-2.031934827566147
-2.1143757104873657
-2.1258127689361572
-2.267485578854879
-2.328575611114502
-2.435623129208883
-2.466133942206701
-2.5198029515643916
-2.64902526140213
-2.778982002288103
-2.792605686932802
-2.9274363915125527
-3.257261984515935
-3.372284643817693
-3.5599788427352905
-3.5947533771395683
-3.7079551219940186
-3.8027410805225372
-3.9083611965179443
-4.1075808592140675
-4.693806409835815
-5.508893251419067
-6.630805969238281
-6.639955520629883
-8.487109184265137
-9.317058563232422
-10.013084411621094
