-0.003873800937071792
-0.008833497235173127
-0.012377308565191925
-0.017573241057107225
-0.024804112734273076
-0.03396190027706325
-0.0709477550117299
-0.08268898288952187
-0.09008897567400709
-0.11068371167057194
-0.13060065917670727
-0.13209103125457963
-0.16213867277110694
-0.16411522633603048
-0.1663608053765659
-0.16640241199638695
-0.16661027818918228
-0.16836746436860672
-0.17394860228523612
-0.17731816326785418
-0.18294508806429804
-0.18941006792738335
-0.19092633293217254
-0.19311642851163116
-0.19956365603554463
-0.20186562282301915
-0.20279005059273914
-0.21246563419699668
-0.2148573927115649
-0.21844050928484648
-0.22158920794556086
-0.22799011893584975
-0.23508823850715999
-0.2364696885808371
-0.2439261476198832
-0.24436768370408876
-0.24467740611483654
-0.24636889939817289
-0.2477296246182732
-0.24827901732997917
-0.24860343036560076
-0.2490863284162645
-0.25355465001484845
-0.2576010429766029
-0.26048070860560985
-0.2640208803670569
-0.26505210758131503
-0.2663415403716499
-0.2672130295793121
-0.2675267198937945
-0.2717408630801212
-0.2722565987336566
-0.27370166608792107
-0.2739805206656456
-0.2802202423868039
-0.2829836739023392
-0.2846602983190678
-0.28518867704551665
-0.28574199254897875
-0.28931552869552335
-0.29173284523931214
-0.2941921651363373
-0.29642150287355223
-0.2982132383804128
-0.29862498213252464
-0.3010103486684294
-0.30133245935818803
-0.3043854823998866
-0.30498911878094076
-0.3094339483213844
-0.3094769415911287
-0.30961491670459507
-0.31210705265402794
-0.3127652907218068
-0.3147612141576701
-0.3153742887079716
-0.31764848227612674
-0.3181401015353913
-0.32113375386592224
-0.3220951815368608
-0.322132017579861
-0.32308488509152083
-0.3245498321950436
-0.3260796942282468
-0.3262391785674615
-0.32708698113128776
-0.32986055011861026
-0.33073866795530193
-0.3311563082850171
-0.3313721773272846
-0.3338140201020805
-0.33463063355302436
-0.3358703815223028
-0.3369823325742295
-0.33765788237797095
-0.3382424962655932
-0.34200953780673443
-0.34226851776766126
-0.34292092474643143
-0.34590080323202227
-0.34769256312865765
-0.3514437554490826
-0.3521351763229177
-0.3521486520767212
-0.3522335562519956
-0.35283062298143564
-0.3533033446752237
-0.35442862495506233
-0.3556963398627023
-0.3562880529789254
-0.35633822667878123
-0.35685771304949465
-0.35774570981953957
-0.3584312043248872
-0.36046666622860357
-0.36221842412752187
-0.3622681683498538
-0.36305450993989197
-0.36376196162122404
-0.36439491570490645
-0.3667358770196895
-0.3668250807984247
-0.36697959716224837
-0.3680687131515394
-0.3691281187709278
-0.36924732166032
-0.37016240823625896
-0.37159237651238447
-0.37261866426702994
-0.3742100453625123
-0.3757801547879353
-0.3763146057762867
-0.37634604508639313
-0.3774404061259702
-0.37748901887809755
-0.3781982792163356
-0.379836103074922
-0.3809840478003025
-0.38152756285853684
-0.3819305718061514
-0.3819726885348145
-0.38490961414645425
-0.38623152519576254
-0.3866058324411925
-0.387216011993587
-0.3874997684615664
-0.3892082524751978
-0.38998996107193307
-0.3906465130459695
-0.3918800602356593
-0.39399930990766735
-0.3960356766603152
-0.396065545681732
-0.3972068578729022
-0.397491896328539
-0.39823929785052314
-0.39913540629398386
-0.3997426117152477
-0.40203962092709844
-0.4022067123945544
-0.40223770561075867
-0.40258585335686803
-0.40419774076232784
-0.40439400806402165
-0.40640290156006814
-0.4080279469490051
-0.4080281686059
-0.40821116464212537
-0.409041849632437
-0.40941683038633414
-0.41180088797894615
-0.4118358522071503
-0.4143543567508397
-0.4144733266838086
-0.4149128378048772
-0.4170581430196762
-0.4179644299502898
-0.41816311039656284
-0.4187701434065174
-0.41944091582101667
-0.4195678322343156
-0.4196837407736374
-0.421535710634833
-0.42280376753769816
-0.42368560202927397
-0.4245754349860363
-0.4251922909170389
-0.42597979308338835
-0.42806795216165483
-0.42909189048805274
-0.42955105503400165
-0.4302892360564228
-0.43118945757548016
-0.43127345143584533
-0.4314208617789619
-0.43195461938157675
-0.43201926745112157
-0.4320446073564069
-0.4359072367660701
-0.43606786704104805
-0.43632738768937995
-0.43678985035512596
-0.4378420597058721
-0.4392931260168552
-0.43978767761857146
-0.44022213089920115
-0.4406573049256824
-0.4409974217414856
-0.4415030896663666
-0.44287452337077454
-0.44457087835443415
-0.44506645266662304
-0.44549022040204517
-0.44675519401207564
-0.44804048736114055
-0.4488175342179602
-0.4497679179268224
-0.4497977696524666
-0.4522316532009946
-0.4530546992464167
-0.4532462692016755
-0.4532903362996876
-0.4538501685148933
-0.45424389242279256
-0.4550911238533445
-0.4552139383740723
-0.45699246127624066
-0.45793702740607284
-0.459067673725076
-0.45943790004821494
-0.4598235993513039
-0.46173538023867877
-0.4617572963106606
-0.46236442835922953
-0.4641445295807595
-0.4651450064702658
-0.4669203728969608
-0.46824978582608473
-0.468760515388567
-0.46916413415844244
-0.4701531858216705
-0.4711030365100929
-0.4740023205522448
-0.4756923823911587
-0.47701241385734
-0.47755117936804936
-0.4786175992351976
-0.4790520668959983
-0.4791805639397353
-0.479629496261623
-0.48173930247624713
-0.48346914649009703
-0.48350215837020144
-0.4835355474118842
-0.484008945513051
-0.48434936787816696
-0.485084326879587
-0.4875751577113988
-0.49064611105131917
-0.49140496339532547
-0.49228537431918085
-0.4928319095979532
-0.4932451950676864
-0.493330059107393
-0.49645123407244685
-0.4964589629724969
-0.49744576849560773
-0.4978128751826546
-0.4988110757200047
-0.5002706042141654
-0.5021254912401977
-0.5023355506510446
-0.5038101155918298
-0.505284945380741
-0.5079108357429505
-0.5091840322258778
-0.5107773443107249
-0.5111511405557394
-0.5115976899862289
-0.5120469591580331
-0.5131607676545779
-0.5141394454985857
-0.5153227894334123
-0.5159720638010186
-0.5181221053547537
-0.5191130408857134
-0.521636504563503
-0.5224360695034121
-0.5227495124650261
-0.5238157980299244
-0.5247155289938569
-0.5247163690626622
-0.524943709321734
-0.5265793767092484
-0.5294659552829606
-0.5311131785209808
-0.5316288553488752
-0.5330123292644404
-0.5339313393497529
-0.5347685639197672
-0.5351293932879344
-0.5353044097622236
-0.5374738823913503
-0.5378656093962491
-0.5381488396778877
-0.539474628770027
-0.5399650293402374
-0.5408915061503649
-0.5411803841299843
-0.5413166005725935
-0.5434838194417234
-0.5449267780479405
-0.5460787305593783
-0.546312831963102
-0.5469160343869589
-0.547485663293628
-0.5481686087558046
-0.5491218834691348
-0.549375181354914
-0.5499442507409387
-0.5506425567178262
-0.550720340043137
-0.5519072749826591
-0.5520595959562342
-0.552139179315418
-0.5559619092673529
-0.5569039178746087
-0.5569875122487752
-0.5576840704491133
-0.5577922880183905
-0.5578293032374594
-0.5582951074650282
-0.5596327384312948
-0.5596727448476789
-0.5600034625579914
-0.5604488067661545
-0.5608141287792525
-0.561244628042914
-0.5613870173401665
-0.5615043967522474
-0.5622159354388714
-0.5622864772133956
-0.5632032635363026
-0.5656372045632452
-0.5658835282520158
-0.5662303289239909
-0.5670173053319255
-0.568703311185042
-0.5691694627312944
-0.5692037308666235
-0.5693537000798322
-0.5700642538981305
-0.5704127823933959
-0.5706818848848343
-0.5707324620336294
-0.5716554736718535
-0.5733351838134695
-0.5736050775061207
-0.5741761367331341
-0.5751618316183643
-0.575245663977186
-0.5785128112940583
-0.5785788001667242
-0.5796203074364459
-0.5807579394978737
-0.5823847180914267
-0.5830721142443104
-0.583984899018625
-0.5851677083324005
-0.5861361583229154
-0.5884945158225795
-0.5896948620676994
-0.590269794765239
-0.5918698846666591
-0.5922908507745572
-0.5927191566216581
-0.5934175425674766
-0.5941510142583866
-0.5962442387826741
-0.5986181500018575
-0.5990287032909691
-0.5992032025569733
-0.5999207506667719
-0.6001709353710923
-0.6004179278374011
-0.600473557288448
-0.6006700477695891
-0.6014531120192259
-0.6036051020746405
-0.6049190047197044
-0.605512940716153
-0.6056852906942367
-0.6065562744217459
-0.6081418585118911
-0.6086497711308425
-0.609185091778636
-0.6105129299394321
-0.6129495144979354
-0.6153160079524014
-0.6160330187689397
-0.6168576994289955
-0.6184197962284088
-0.6212428711354733
-0.6216014907307302
-0.6226104562628874
-0.6242727791957025
-0.6244967908132821
-0.6246863260433277
-0.6254591769305989
-0.6265264189742779
-0.6285667874617502
-0.6315898679895326
-0.631858364279781
-0.6333388180605003
-0.6355060377377619
-0.6361437848148247
-0.6366666004061698
-0.6392721933500728
-0.6399711936712265
-0.6409289978444577
-0.6424301695078611
-0.642546497983858
-0.6471846297435049
-0.6486144471040461
-0.6487442764555453
-0.6512624619321691
-0.6523255854845047
-0.6528311965801138
-0.6533681850880384
-0.6539614142051765
-0.6554900072515011
-0.6557987678796053
-0.6569522120407782
-0.6591935430187732
-0.660033128889712
-0.6605992363765836
-0.6661453280701406
-0.666746584168355
-0.6697453771596353
-0.6722910494585945
-0.6736363873092664
-0.6746351351961494
-0.6782221587956883
-0.6839162950766169
-0.6845045427326113
-0.6853002974991492
-0.6865553942276165
-0.6869986698031425
-0.6878729428222868
-0.6881941202639913
-0.6894252944912296
-0.6899616365683161
-0.6904336263232835
-0.6936726339627057
-0.6942834478605786
-0.6968681039122332
-0.6972336281090975
-0.6978889962192625
-0.7053488138675069
-0.7071850338130995
-0.7098518132697791
-0.7099916069095747
-0.7118670511990786
-0.7125826219562441
-0.7129998825490474
-0.7167385534516403
-0.7167799199924048
-0.7199914402717695
-0.721394327336124
-0.7262526810435312
-0.7308649971091654
-0.7316243946552277
-0.7337486042641104
-0.7360509678255767
-0.7424114560708404
-0.7428305451321648
-0.7447190507346022
-0.7514551541725347
-0.7520784775726497
-0.7520818698353001
-0.7529880846730521
-0.7536306898885717
-0.7590973249623858
-0.760237954556942
-0.762823308352381
-0.7628325306965659
-0.7676428899479409
-0.770235021909078
-0.7736224859952927
-0.7762231549946591
-0.7774078090276036
-0.7775518661364913
-0.7776918289185103
-0.778732063510688
-0.7817727458729807
-0.7818717361494366
-0.7840981356799602
-0.7885973376687616
-0.7895414915734104
-0.7905066897352905
-0.7920976772438735
-0.794214728201041
-0.7947526723146439
-0.7951040542199431
-0.7956577826291322
-0.7974527865049562
-0.7974722151023647
-0.7976402289101056
-0.7985565502728734
-0.7986179660074413
-0.7987377654228892
-0.799951784289442
-0.8012412823058526
-0.8020982503890991
-0.8021074523650376
-0.8039877233447138
-0.8047652725030535
-0.8054695948958397
-0.811344837433555
-0.8149675047025084
-0.8179130608623382
-0.8200545247673159
-0.8267675936222076
-0.8274928166065365
-0.8284694963018182
-0.8292205221368931
-0.8292510263983988
-0.8294344262353012
-0.8329958646661706
-0.8330665826797485
-0.8365434621061597
-0.8377120181918144
-0.8393599974612395
-0.8486569230008172
-0.8490855087127004
-0.8546367625240237
-0.8555821925401688
-0.8583845248213038
-0.8674141075462103
-0.8690434891198363
-0.8806362194009125
-0.8909524629513422
-0.8926801830530167
-0.8926996567419597
-0.8928113176953048
-0.9007847433094867
-0.9017534162849188
-0.905714995094708
-0.9119479343295097
-0.9119630224537104
-0.9170335233211517
-0.9182038471102715
-0.9248659707955085
-0.9255720681200424
-0.9367137116431776
-0.9391419575782493
-0.9421380646526814
-0.9592315517365932
-0.9752707878748575
-0.9818452619947493
-0.9841654000111677
-0.9925041645765305
-0.9957993134856225
-1.0059506992499034
-1.009955121204257
-1.0152415576274278
-1.0201652045361698
-1.021253851056099
-1.0219969868659973
-1.026249290886335
-1.0263555458611033
-1.0281978777299325
-1.0315352512989193
-1.0459821323553722
-1.0582134605695803
-1.060737712541595
-1.0620804410427809
-1.0728110812604428
-1.0960006805253215
-1.096059615413348
-1.1021070381005604
-1.1130249750179548
-1.1147542551240122
-1.114912074059248
-1.1208800463271993
-1.1248329281806946
-1.1504168510437012
-1.15407176874578
-1.1672924526161903
-1.1727673940360546
-1.1786570312688127
-1.186543980264105
-1.1880498863756657
-1.1983816158026457
-1.1993325829971582
-1.2139512939999502
-1.2156753142674763
-1.215828435868025
-1.2175136698409914
-1.2223209500312806
-1.2473273299867287
-1.2475600441296895
-1.2527855932712555
-1.2611195594072342
-1.2649620443582534
-1.2745616137981415
-1.284991778433323
-1.2990948094520718
-1.3069591904059052
-1.321590264638265
-1.3222159557044506
-1.3260878786677495
-1.331485731068824
-1.3454193528741598
-1.3539978663126628
-1.3658096194267273
-1.3682476613321342
-1.3691936737547319
-1.3693293957039714
-1.3708446025848389
-1.371960566068689
-1.3969171941280365
-1.4006508998572826
-1.404605786005656
-1.424551796913147
-1.425134499867757
-1.4262968996772543
-1.4274438334008057
-1.4321621259053547
-1.4324345648288728
-1.4420628547668457
-1.4486045837402344
-1.4559954847209156
-1.4654892484347026
-1.479967936873436
-1.485348363717397
-1.49195646494627
-1.4961318713612854
-1.496702531973521
-1.5120085676511128
-1.520284354686737
-1.5573383748531342
-1.5710038185119628
-1.5749847816186957
-1.5780405622790568
-1.5860708951950073
-1.5907939956135426
-1.5913854679092765
-1.5957902638862531
-1.6140103340148926
-1.647346204398976
-1.6604962348937988
-1.699559763106663
-1.6995991617441177
-1.7132993638515472
-1.7368788719177246
-1.7636136710643768
-1.7661248228978366
-1.7663658380508422
-1.774471938610077
-1.7898652013391256
-1.7925926446914673
-1.7957078183826525
-1.8231340951751918
-1.8427629411453381
-1.8496974525041878
-1.853858307003975
-1.8836414217948914
-1.9107460975646973
-1.952237078299125
-1.9626654590538237
-1.9642033576965332
-1.966448962688446
-1.9723530188202858
-1.9731398423512776
-2.0122015550732613
-2.078117628407199
-2.0794917941093445
-2.100178897380829
-2.109971735626459
-2.1103833181162677
-2.1108661691347756
-2.119486798765138
-2.135726673528552
-2.135997951030731
-2.1628962755203247
-2.1644061605093157
-2.1693709948449396
-2.3299132585525513
-2.456272219424136
-2.5407004720376185
-2.6381825005325177
-2.6912384827931723
-2.708738410534958
-2.7912120378459804
-2.9055430730077205
-2.924652766843792
-2.9302419126033783
-2.932697147130966
-2.977944403886795
-3.167259804904461
-3.333231456888219
-3.59992165514268
-3.664781332015991
-3.681109309196472
-3.730576515197754
-3.731574296951294
-3.742236873047659
-3.834446589152018
-3.8406820197124034
-3.8435913629364222
-3.8698941320180893
-3.9688589200377464
-3.9874445305322297
-4.2624289830419
-4.279199123382568
-4.28185248374939
-4.93337158774375
-5.075075626373291
-5.296854496002197
-5.621036654585623
-6.65070104598999
-7.17446756362915
-7.644840240478516
-7.994904518127441
-8.58242130279541
-8.873562812805176
