-0.0010761322191683576
-0.007627763392520137
-0.024453133111819625
-0.09302496910095215
-0.09393270802684128
-0.11113721264215808
-0.11983248253818601
-0.12365147892560344
-0.12459265813231468
-0.140036811431249
-0.14871128657250665
-0.1494728277126948
-0.15770278436442217
-0.16522303948711073
-0.17501197510864586
-0.17652895346029915
-0.17839680317168435
-0.1790805768861901
-0.18871135347581003
-0.1911060305731371
-0.19239303329959512
-0.19259610027074814
-0.19717827612766997
-0.19936071305262607
-0.19970632436015875
-0.2028140223759692
-0.20673576541157673
-0.20828524976968765
-0.2099639434437939
-0.21304440647945738
-0.21425995616242288
-0.21733587814055177
-0.2323695967472462
-0.23367872461260827
-0.23415737969648595
-0.23517901059701748
-0.23548056524097255
-0.24186176454855335
-0.24320733922650106
-0.24460921622812748
-0.2455709129340162
-0.24622541505636442
-0.2465294528196359
-0.24765609404983416
-0.25649105231942876
-0.2581118511847712
-0.2588303817761259
-0.25930175724682736
-0.260958127831992
-0.26185593201929197
-0.2667228520658682
-0.2697622110502815
-0.2707633986058433
-0.271568526772171
-0.2724816966801882
-0.2756785592508478
-0.27688800916075706
-0.2772490807941982
-0.2795379571787258
-0.2804270669876132
-0.281053466411322
-0.28111873354828276
-0.28138714046387275
-0.2870570333208889
-0.28774708866452176
-0.2907353381012217
-0.2938042895984836
-0.29539822194122034
-0.2954724440241989
-0.2968285398868223
-0.2968585162003971
-0.30208703350349836
-0.30391664803028107
-0.30445128022693096
-0.3051031378046092
-0.3056327641115058
-0.30606717978080267
-0.3066544270259328
-0.307464181419081
-0.30950300729974906
-0.3098098590970039
-0.3100280101643875
-0.3101939307297081
-0.3103870253095617
-0.3127409094636927
-0.31293936297689745
-0.3148342186934315
-0.31498271054234855
-0.3149948253634648
-0.31586393487734976
-0.3162574384823529
-0.3168879678495513
-0.3182777610579958
-0.31845842116204687
-0.31912006770885043
-0.31968261301517487
-0.3223691245334016
-0.3229685273137875
-0.32532594872709525
-0.3258635020829388
-0.32636319077573717
-0.3265076818061061
-0.32677466311724856
-0.32802629498058067
-0.3284902681932888
-0.3295651693959371
-0.3298070917953737
-0.33069070614874363
-0.33105993583416826
-0.33109711567279493
-0.33116493230627386
-0.3335654604209897
-0.33414741284505
-0.3348372950204066
-0.3351989715825766
-0.3355572067812318
-0.3379526930657448
-0.3391671249548727
-0.34180302437162025
-0.3455677680418982
-0.3462577102971928
-0.34647543332685016
-0.34771690020570534
-0.3478506053972524
-0.34901650019714403
-0.34927565326668425
-0.3500962830666039
-0.3526646073053901
-0.3526845430974693
-0.35309058859857034
-0.3536116593350016
-0.35500616779862193
-0.3561856644737418
-0.35619810911884997
-0.3565293555497192
-0.3572060787442347
-0.36171470336222017
-0.36211833196769777
-0.36269799020374194
-0.3648881678876933
-0.3653834475087933
-0.3662561569362879
-0.3667863472732106
-0.367392469628976
-0.36819169693044385
-0.3682598284689117
-0.3701516159562743
-0.37018463848572636
-0.3704184940608684
-0.3707855635633071
-0.3708575291804866
-0.3720783967465173
-0.3744360427081119
-0.37467612355513585
-0.37647070420886547
-0.37683477587415837
-0.38165046292512367
-0.3817544597412435
-0.38391918630804867
-0.3862119991099462
-0.38661646879821393
-0.3872797375544906
-0.38734860751511796
-0.38752408151695916
-0.3895364073570818
-0.3899319052172359
-0.3906599835941701
-0.3940631068253424
-0.395816211203055
-0.3964709017891437
-0.39695861816871914
-0.3981126642531308
-0.39958664297591895
-0.39990020185359754
-0.4008777897339314
-0.4011998415575363
-0.4012165830160181
-0.40293510737246835
-0.4049906025757082
-0.4051629591642268
-0.4054427898857587
-0.4065815025371396
-0.40691336479319845
-0.4077072216605302
-0.4077625873114812
-0.4091962025165284
-0.40925632031784126
-0.40946849849914496
-0.4106846266950015
-0.41137415696175594
-0.4116503953911079
-0.41253640392096713
-0.4129168202302286
-0.4134574066071461
-0.41506547370227054
-0.4190020576759707
-0.420139937940985
-0.4215944896626752
-0.42211030847538494
-0.4258227614220232
-0.42638108928932683
-0.42661301502375865
-0.4267576511904028
-0.4278234467600231
-0.4283343898598105
-0.4302172899013385
-0.43054976061587996
-0.4327275948962779
-0.4327326857135631
-0.4337557729256029
-0.43411999000090873
-0.43436614199308676
-0.43488071460742506
-0.43579436632959795
-0.4367676015632848
-0.43680759434236854
-0.4368891961191996
-0.4374344986572396
-0.4376453422009945
-0.4380398879248577
-0.4393751342229532
-0.4410190518376314
-0.4413290712615923
-0.441496832917134
-0.4417922295621023
-0.442451318170732
-0.44311385156793726
-0.444527033061604
-0.4459814665839076
-0.44604970327345655
-0.44627374798001257
-0.44778077261095556
-0.4478731562073032
-0.44847409008070827
-0.4494402770418674
-0.4495899847315741
-0.4504365576431155
-0.4529581434360486
-0.45680123673602274
-0.4570833224206581
-0.45878715556630467
-0.46049398760078475
-0.4605828200083124
-0.46102118911221623
-0.4624457768164575
-0.4630039032947804
-0.4638372465095017
-0.4646250114643148
-0.4647054015852821
-0.465561416627477
-0.46561476010226344
-0.4656902472517686
-0.466812868064153
-0.47035593491455074
-0.4720309726835694
-0.47233300739899275
-0.4726535326044541
-0.4736762509928667
-0.47456425800919533
-0.474611091054976
-0.47473300171259325
-0.4761430302169174
-0.47709176763892175
-0.47802543165072653
-0.47917110023263376
-0.479959251007737
-0.4832306939177215
-0.4842765447572472
-0.48471554554998875
-0.4853846840560436
-0.4862162124365568
-0.4862995261025844
-0.4883055403828621
-0.4889970485237427
-0.48970710517772076
-0.4930464155558083
-0.49411944524187373
-0.49442154182179365
-0.49568785179040525
-0.4961900927708484
-0.49633369585499165
-0.49781112823014456
-0.4980848903457324
-0.49819209845736623
-0.4982303383903028
-0.4990222577820532
-0.5016592731117271
-0.5021609996652437
-0.502408392727375
-0.5031618163791589
-0.5033808417618275
-0.5035081237050084
-0.5038343606211129
-0.505572687528911
-0.5055965232750168
-0.5077732614348255
-0.5118769689288456
-0.5121584076218174
-0.5160078781773336
-0.5171749998626183
-0.517863518995
-0.5193326440639794
-0.5207664575104395
-0.5227366515568325
-0.5228793605835692
-0.5230893066254794
-0.5250277088230683
-0.5254144053906202
-0.5261309079226066
-0.5261542054431629
-0.5284160762717615
-0.5316320321660442
-0.5317541153303215
-0.5320439945162434
-0.5325531013847163
-0.5329144494608045
-0.533057487057522
-0.5333689956792763
-0.533627665496897
-0.5346779715036973
-0.5355929623474367
-0.5359953310754564
-0.5361207531144222
-0.5361878480438868
-0.5363336280395743
-0.5366113846959908
-0.5383913065888919
-0.5384165700622058
-0.5401723593685721
-0.5414583818055689
-0.5420860388840083
-0.5423170537817188
-0.5426880857983432
-0.5427018716582097
-0.5427680901650872
-0.5428328548233756
-0.542885915718216
-0.5430895566936215
-0.5431003873901707
-0.54313666994373
-0.5432543008064386
-0.5444756491289643
-0.5454846088375364
-0.5455068606986768
-0.5455196714145132
-0.5457721823968313
-0.5459741084163802
-0.5486348132071726
-0.5493840299546718
-0.5531901821130305
-0.5542732713123163
-0.5545140558388084
-0.5565239322992662
-0.5568336828227984
-0.557713276706636
-0.5583573305177398
-0.5600588600354968
-0.5615813983604312
-0.5632063916751316
-0.5636048167943954
-0.5638751154868206
-0.5668627167469822
-0.5673155611148104
-0.569868668823884
-0.5699190276209265
-0.5699279604363255
-0.5712038811096656
-0.5743090546069046
-0.5751557084731758
-0.5774311961140484
-0.578089066594839
-0.5790134438313543
-0.5810658358963338
-0.5839803521003988
-0.5844618257833645
-0.5846680226677563
-0.5857857757247984
-0.5858762090094387
-0.5871525284435067
-0.5873200649761462
-0.5880970964208245
-0.588949060998857
-0.5897380059052791
-0.5898421003172795
-0.5900044953450561
-0.5914171442273073
-0.5918244664557278
-0.5921925252436527
-0.5922363556714522
-0.5924211563791947
-0.5925562076809001
-0.5961215598248626
-0.5962930794339627
-0.5980576862813904
-0.5982541041448712
-0.5985027834473158
-0.6017775602106538
-0.6026719629764556
-0.6036172481577119
-0.603883608954493
-0.6050480006794844
-0.6051191170699894
-0.6057374538970179
-0.6077236384153366
-0.608464918927186
-0.6094459846615792
-0.6097711058599609
-0.6100750712212175
-0.6103017155287994
-0.6107669390205827
-0.6126765885564964
-0.6134046612839613
-0.6147229870160421
-0.6154914681766448
-0.616062143630448
-0.616147051432303
-0.6164455246180296
-0.6165760547155514
-0.6174818823540894
-0.618245544610545
-0.6183710918347869
-0.6214288990944624
-0.6214353420771659
-0.6235580976351912
-0.624276382249913
-0.6244326394711001
-0.6263741250586463
-0.6264568951155525
-0.6273456216003979
-0.6274334738925973
-0.6279457412660122
-0.6280394444863001
-0.6292567506066656
-0.6303228999798497
-0.6310619035430136
-0.638098840524132
-0.639176048610049
-0.6393026403254933
-0.6395372900540679
-0.6422025427222252
-0.645143758073183
-0.6472628365154378
-0.6483393186703325
-0.6483403768700858
-0.6511846616864204
-0.6526351829192468
-0.652799559254033
-0.6561073355376721
-0.6576295869987613
-0.6582508457861169
-0.6605149134993553
-0.661574759404175
-0.6638461758072177
-0.6649138169207921
-0.6649180658730782
-0.6676127136840174
-0.6687787394039333
-0.669578533087458
-0.6703845934631923
-0.6714911125600338
-0.674560675099201
-0.6749618475635847
-0.6760773646334807
-0.6765433649222056
-0.6782020442187786
-0.6787261366844177
-0.6808669896175464
-0.6836451250627371
-0.6846327940519485
-0.6860347613692284
-0.6866028405992048
-0.6878160238265991
-0.6878724014386535
-0.6902016801235732
-0.6906783068552613
-0.6912942268665776
-0.6914930182198683
-0.6921367788953441
-0.6941120827104896
-0.6951318420663787
-0.6957188205172619
-0.6961128998082131
-0.6969296406508269
-0.6970714703202248
-0.6972622685134411
-0.6983581578436618
-0.7000605039298534
-0.7001565721972535
-0.7002592444815592
-0.7006743193737098
-0.7011061608791351
-0.7024716418234789
-0.7046614548557305
-0.704881198445542
-0.7054778455931228
-0.7059796846006066
-0.7086387759967087
-0.7087588882467976
-0.7099728435277939
-0.7101002185430844
-0.710544526470585
-0.7109260272894365
-0.7110238450372385
-0.7112367083835933
-0.7114973847443858
-0.7118498548322046
-0.7124772171179453
-0.7151978269219399
-0.7154094732250087
-0.715586756873462
-0.7158104820700828
-0.7209691303782165
-0.720995500072604
-0.7218370247768083
-0.7220866342727926
-0.722299163747165
-0.7230796723493508
-0.7239147788828372
-0.7245378002524376
-0.7252360695145197
-0.7288115212189344
-0.7322441401580969
-0.7327647348865867
-0.7353540600743145
-0.7361219794254339
-0.7369742337614298
-0.7404967024922371
-0.7424245242029428
-0.7426260409078428
-0.7426664600045316
-0.743831220614892
-0.7444975470013256
-0.747070295115312
-0.7475536068280538
-0.7477396669176718
-0.75059597068442
-0.7511138990521431
-0.7516554921555022
-0.7538297937668782
-0.7553203588235192
-0.7555331729352475
-0.7558212447911501
-0.7563166322288453
-0.7578069308772684
-0.7580462798609265
-0.7603153017504761
-0.7605194579809904
-0.7618287455600997
-0.7637723338169357
-0.7647037278860808
-0.7670495959464461
-0.7680994309484959
-0.7706535154332718
-0.7716124691069126
-0.7736356357733408
-0.7739407490007579
-0.7743755593895912
-0.7754118571989238
-0.7786459010094404
-0.7796878106892109
-0.7806267603533342
-0.7824046164751053
-0.7845375432599602
-0.785050206631422
-0.7901011563953944
-0.791702536555628
-0.7958868652349338
-0.7991388961672783
-0.800671773403883
-0.801066682227732
-0.8018520651385188
-0.8030066406354308
-0.8057396316900849
-0.8070892649237067
-0.8072289613385996
-0.8095314282923937
-0.8112440720200539
-0.8156707904068753
-0.8162046605721116
-0.8179587591439486
-0.8193017542362213
-0.8202213495969772
-0.8228324962158998
-0.8258534418419003
-0.8313207443376692
-0.8328333266545087
-0.8337915732311861
-0.8338496026117355
-0.8353315338492393
-0.8404955193400383
-0.8406708746084145
-0.8406844474375248
-0.8418245082721114
-0.842762394779129
-0.8469614082714543
-0.8508647580941519
-0.8514912715181708
-0.8525279355235398
-0.8569618314504623
-0.8586905620060861
-0.8588572606444359
-0.8599516518879682
-0.8609795537777245
-0.8612062875278449
-0.8613219721242785
-0.8627302646636963
-0.8654018276138231
-0.8667488507926464
-0.8729557394981384
-0.8755891518085264
-0.8756442219018936
-0.8764238990843296
-0.8795686674614748
-0.8807703228667378
-0.8834078709284464
-0.8881150338482777
-0.8903567150235177
-0.8942393511533737
-0.8950471520292922
-0.8952148417010903
-0.8978085275739431
-0.9001831412315369
-0.9003421825667223
-0.9025855331149485
-0.9057722818106413
-0.9120252701395657
-0.9126741643995047
-0.9131965138949454
-0.9144917084777262
-0.9149960644759371
-0.919605533281962
-0.9270048877689987
-0.9275163471698761
-0.9284936571493745
-0.9285568023582788
-0.9323814649134874
-0.9327088108236369
-0.9343056579430898
-0.9377501829294488
-0.9384206216782331
-0.9401443377137184
-0.9430892933160067
-0.9446514826267958
-0.9474660596810281
-0.9501079738838598
-0.9533670410513878
-0.9535345124701659
-0.9550613146275282
-0.9555883537977934
-0.9573663106246386
-0.9601663574576378
-0.962506918789586
-0.9627460725605488
-0.9640158981084823
-0.9657652899622917
-0.9666034073379706
-0.977675790588061
-0.9781382779280344
-0.9786187633872032
-0.9817582570016384
-0.9831633269786835
-0.9858235716819763
-0.9893866280617658
-0.9951778389513493
-0.9987705238163471
-0.9989370573312044
-0.9994169608689845
-0.9995435566452215
-1.0001671835780144
-1.000382885336876
-1.0012812204658985
-1.0024467892944813
-1.0088361501693726
-1.0114449581929617
-1.0145143121480942
-1.0184022076427937
-1.019006018837293
-1.023386424407363
-1.0235694736984442
-1.0259492223461468
-1.0278804398258217
-1.0303925275802612
-1.0324996875133365
-1.0344994068145752
-1.0357572461167972
-1.0359241962432861
-1.0371250207535923
-1.0390840917825699
-1.0429940521717072
-1.046686314046383
-1.0478334552026354
-1.0514337159693241
-1.0534065554716758
-1.0535651718576748
-1.0648090094327927
-1.0655225316683452
-1.066210873867385
-1.071689248085022
-1.0741186922765338
-1.0746905437360208
-1.0757038002567632
-1.0848828960830967
-1.0853739778200786
-1.0877103097736835
-1.0900001013069414
-1.1005144849186763
-1.1024224665015936
-1.1027499951887876
-1.1049844622612
-1.1072105367978413
-1.1083285920321941
-1.1106590221635997
-1.1116720636685689
-1.1116752276817958
-1.1119645157208045
-1.1122723056801729
-1.1194811293057032
-1.1219644049803417
-1.125497691333294
-1.1266119082768757
-1.1268987932375498
-1.1376282572746277
-1.1387317068874836
-1.1389178913086653
-1.1470373613493783
-1.15595044195652
-1.15653062860171
-1.159960001707077
-1.1634373193761955
-1.1777934029698371
-1.1785050223891933
-1.1891030967235565
-1.1920915159086387
-1.1937747506890446
-1.200380793151756
-1.2096435934305192
-1.2360217745105426
-1.239340467999379
-1.2404440511018038
-1.2434876896440983
-1.2440893699725468
-1.2494380176067352
-1.2508787016073863
-1.2518281638622284
-1.2564578065648675
-1.2600822200377781
-1.2618205246981233
-1.2640837877988815
-1.2721831500530243
-1.2741007804870605
-1.2876550207535427
-1.2892465367913246
-1.3006160118493426
-1.3337142765522003
-1.3393745190405753
-1.3545861307939049
-1.364551067352295
-1.369069930166006
-1.376426378885905
-1.3850963070678215
-1.4016402269092698
-1.4090525346497695
-1.4200935401022434
-1.4466205124432843
-1.449901665134045
-1.4565784732500713
-1.4735949714668095
-1.4749328196048737
-1.4844410604176421
-1.4897152753546834
-1.4943526005372405
-1.5016611069440842
-1.5123311877250671
-1.5279420427978039
-1.541285767685622
-1.5439231395721436
-1.5641565237601753
-1.5642660160859425
-1.5923253297805786
-1.5999685972929
-1.6253063473850489
-1.6286619305610657
-1.6298915445804596
-1.6399548053741455
-1.6480982725818951
-1.6630735322833061
-1.675293932358424
-1.678294625133276
-1.686920940876007
-1.6921903225593269
-1.6975341439247131
-1.7053575590252876
-1.713489517569542
-1.777879455902924
-1.7984537333250046
-1.807093784213066
-1.8867737501859665
-1.895776242017746
-1.931205227971077
-1.9648557007312775
-1.9681975096464157
-1.9782285392284393
-1.9934724569320679
-1.9974889755249023
-2.0102535039186478
-2.0174283385276794
-2.0239701569080353
-2.0529349694261327
-2.0820242873393
-2.140558660030365
-2.1427665650844574
-2.1577697694301605
-2.1655755043029785
-2.1900802652041116
-2.1998673491179943
-2.218271553516388
-2.2348334789276123
-2.2429964977006116
-2.247134357690811
-2.2708713763859123
-2.2726002484560013
-2.303429961204529
-2.338332176208496
-2.3947861368457475
-2.4606152772903442
-2.4897438287734985
-2.5504971742630005
-2.604864810113213
-2.654039155303811
-2.692902574315667
-2.7257509231567383
-2.8587154261767864
-2.9224560260772705
-2.944824398960918
-3.1819162368774414
-3.290827275486663
-3.435864526545629
-3.466024376451969
-3.4679378271102905
-3.525152564048767
-3.541929602622986
-3.5910759568214417
-3.5919157482712762
-3.8448009490966797
-4.0441359371179715
-4.164021909236908
-9.15056324005127
