-0.00020466140995267779
-0.0009002233855426311
-0.02199490051361863
-0.04857376357540488
-0.07102163518512887
-0.07280551013536751
-0.08445648290216923
-0.11541345664227265
-0.12471469181279342
-0.1251188249249632
-0.12747615919053917
-0.1868029822013341
-0.19990196913879896
-0.22098096888512372
-0.22153759468346834
-0.22203326295129955
-0.22298473841801753
-0.2236924410914071
-0.23526764183770865
-0.24090895056724548
-0.24280472565442324
-0.2512329461053014
-0.2547055443764889
-0.267897243357239
-0.27148616696940736
-0.27397945462367856
-0.27696291473694146
-0.27711825053793965
-0.27719724659229916
-0.28153126491061237
-0.2817609489295417
-0.28413356259465217
-0.2848156561329961
-0.2857013226021081
-0.2861782490508631
-0.28798182487177354
-0.296156341265887
-0.2970600947737694
-0.2977695408792767
-0.29845193306984447
-0.3017644689661329
-0.3023831695318222
-0.30436895627544486
-0.3046702730935067
-0.30650613653207465
-0.30975116387507395
-0.3105005460092798
-0.31255621065716505
-0.31615498502117895
-0.31864245121167706
-0.31888512257486584
-0.31943414779379964
-0.31958786328323185
-0.3215984649345046
-0.321876813552808
-0.32209903608309104
-0.3221393108833581
-0.3237201783036732
-0.32525556724842475
-0.3283836096766052
-0.3284234825469967
-0.3295557668345282
-0.32991386174015996
-0.3306374865351245
-0.3339432447324865
-0.3346510987695573
-0.336369054907118
-0.34066879859456095
-0.3410516874670672
-0.34288142750469536
-0.34459729376249015
-0.34501842896525675
-0.34658124982670413
-0.34924860798346347
-0.3525653362739831
-0.3529270401969552
-0.35309359073065794
-0.3548426139002134
-0.35489299142500386
-0.35496958983795984
-0.35661582959194976
-0.3568128467304632
-0.3572126757935621
-0.359616656966794
-0.36483065291831734
-0.36495824085305567
-0.36602790737136576
-0.3661955526830362
-0.3686982170911506
-0.3725293988051514
-0.372680395655334
-0.373595417663455
-0.37375938360249467
-0.3746921439887956
-0.37813701684353873
-0.378536851330864
-0.38035789858549834
-0.38203420693753287
-0.3847580491953219
-0.384976293228101
-0.38505029360142845
-0.38513037306562947
-0.38942683859568206
-0.3899796247068379
-0.3914873833095448
-0.39378573890361523
-0.39414836108044254
-0.3946918438133948
-0.39865591254171084
-0.39873546531556975
-0.40103068960491906
-0.4012434489559382
-0.4050236029822069
-0.40689558070153
-0.4077309011999104
-0.40928261871967053
-0.4118775250390172
-0.41278937056829984
-0.41881451787194235
-0.4199150021976003
-0.4204488828416086
-0.42208950397749007
-0.42374252711888405
-0.42512631855372873
-0.4271338926628232
-0.4278460673733868
-0.4292662627995014
-0.4314469026614663
-0.432262586944853
-0.43508364500464974
-0.43660274222687195
-0.43920963192067575
-0.43961145175853744
-0.4419937197885969
-0.4424985395744443
-0.4425189570756629
-0.4432670764314632
-0.44720443105325103
-0.44899646352278066
-0.452956466624164
-0.4543352510033098
-0.454432733845897
-0.46039772510162685
-0.4614257365465164
-0.46363570282535094
-0.4640391556546092
-0.464156736774991
-0.4654087717561716
-0.46743246718833686
-0.4689640513776491
-0.4717336536439903
-0.4742280320663537
-0.47448214356388363
-0.4753662374624539
-0.47683689347468317
-0.47974631159255904
-0.481948645086959
-0.48420038912445307
-0.48471649643033743
-0.48549693992494475
-0.486641401797533
-0.4872997991430263
-0.4875884071807377
-0.49501656567251
-0.49617459361130994
-0.4978955234733543
-0.5007386763463728
-0.5015383096677917
-0.5043208185474214
-0.5095068205264397
-0.5100140478461981
-0.5125926461270345
-0.5159979507210665
-0.5174287936999462
-0.517431594314985
-0.5179789240032228
-0.5180863050743938
-0.5183620349649573
-0.5189129845122806
-0.5195643638571104
-0.5220084566972218
-0.5243518630223762
-0.5246088649968442
-0.5249984175719035
-0.5253692641045846
-0.5260520853771595
-0.5260614978149534
-0.5285042610950768
-0.5285860094008967
-0.5293958740574973
-0.5298569137972663
-0.5299755878125628
-0.5307050040923059
-0.5318150536881553
-0.5331952713320789
-0.540123701794073
-0.5410459130588505
-0.5442313953701939
-0.5447273884589473
-0.5451296518216483
-0.546509028179571
-0.5481816024985164
-0.5492180506844306
-0.549416130256658
-0.5496447065845131
-0.5505411507561803
-0.5514956863103982
-0.552371206402313
-0.5526391654607973
-0.5526919687908958
-0.5559374637280902
-0.5560787595342844
-0.5565159967712437
-0.5579453699174337
-0.5591092094779014
-0.5598659694401754
-0.5602432060986757
-0.5631158368455039
-0.566812308552802
-0.5738127591709296
-0.5745578660978936
-0.5755111055865806
-0.5835099170605341
-0.5852868577672375
-0.585446011275053
-0.5871242927387357
-0.5938400269369595
-0.5954409618861973
-0.598902621679008
-0.5999346138909459
-0.602316701435484
-0.6044444469787943
-0.6061810956646999
-0.6069133106244003
-0.6103223587735556
-0.6108878723212651
-0.6122081294840124
-0.6153024122293573
-0.6185956132701702
-0.620877179938058
-0.62353840097785
-0.62414547704005
-0.628997485463818
-0.6298725123328041
-0.6303473623314252
-0.631651863863226
-0.6321919521433301
-0.6379139910374457
-0.6407096378194789
-0.6410335508019974
-0.6436513132814851
-0.6451437353259988
-0.646178757150968
-0.6463338285684586
-0.6522667374461889
-0.6625043048989028
-0.6646903986853431
-0.6648713259026409
-0.6682419964345172
-0.6707344512854304
-0.6783182950069507
-0.6787401661276817
-0.6836846329737455
-0.6848335683811456
-0.6876138736843131
-0.6893754300350944
-0.6896609400088588
-0.6913586581746737
-0.6918793309014291
-0.69296545535326
-0.6940191361005418
-0.6943574719596655
-0.6956148078665138
-0.6962939947843552
-0.700620971952698
-0.703188918530941
-0.7144596658254159
-0.7147779784032277
-0.7192176903287569
-0.7217012517154217
-0.7221700071256945
-0.7253693034872413
-0.725512285701916
-0.7270924159222178
-0.7275713638018715
-0.7317880781677862
-0.7319587507185393
-0.7323415467981249
-0.7374293644330464
-0.7431739894285178
-0.7459635312358538
-0.7503584824236376
-0.7512615014695458
-0.7514757828637812
-0.7528056247990915
-0.7557536987296771
-0.7561903111636639
-0.758796935059945
-0.7588146900137266
-0.7625805673305877
-0.7644741102639172
-0.7655246886308305
-0.7662685224786401
-0.7666124239913188
-0.7668037838690603
-0.7682414245274332
-0.7707466880480448
-0.7728149880255971
-0.7753666788339615
-0.7755503796506673
-0.7782718445031116
-0.7852435525292094
-0.7858115435164008
-0.7865360341966152
-0.7872124769201037
-0.7888328716407058
-0.789417278021574
-0.7918695151805878
-0.792631304846509
-0.7940846523270011
-0.7973955048780356
-0.7989750917768106
-0.8011125357912129
-0.8029692376148887
-0.8040670546586626
-0.8056204325985163
-0.8062709691668195
-0.808865224942565
-0.8126369357574731
-0.8139607008520721
-0.8197192352381535
-0.8197516745920959
-0.8199634691700339
-0.8256403606501408
-0.8262806962593459
-0.8282551664742641
-0.8328953107896572
-0.8348327279090881
-0.8372810538858175
-0.8428860954940319
-0.8439252401391665
-0.8442205522830287
-0.8450598063645884
-0.8495442919433117
-0.8509339014334338
-0.8554596558213234
-0.856861945773874
-0.8596286482716096
-0.8610772795582307
-0.8613771612132647
-0.8675557888695948
-0.8783804427439463
-0.8847247292336154
-0.884734005026985
-0.8879787825668851
-0.8892767810159259
-0.8924069665372372
-0.8983030825620517
-0.9002535864710808
-0.9005408299465975
-0.9031494188432893
-0.9032753511435456
-0.9112418491742573
-0.9172251046657038
-0.9196842387318611
-0.9222264528274536
-0.9262863796320744
-0.927730127104691
-0.9286994766443968
-0.9327082483912819
-0.9352239773018353
-0.9385709774990877
-0.9409567833645269
-0.9431609300896525
-0.9460708923637867
-0.9558701819429795
-0.9596378520131111
-0.9618761201854795
-0.9633344704983756
-0.9665418043732643
-0.9665523458388634
-0.9679972231388092
-0.969732168272862
-0.9707820797339082
-0.9833491230383515
-0.991875380394049
-1.012525200843811
-1.015461646214438
-1.0177845388650895
-1.0223797019737373
-1.0257000761572272
-1.0290372267365455
-1.030553335856114
-1.0344143654386113
-1.052261387530182
-1.0571222729437675
-1.057221585244406
-1.059051205869764
-1.059249340556562
-1.0715964256087318
-1.0731282837688922
-1.0752935079591615
-1.0799708932638168
-1.0905368328094482
-1.0923697047549337
-1.0955571831436828
-1.0959991037845611
-1.1005003754980862
-1.1041246429252038
-1.1189021702157333
-1.121099427714944
-1.1233849706394332
-1.1313416997436434
-1.1422975241439417
-1.1581095904111862
-1.1598282178941492
-1.1836547311561714
-1.1852362126810476
-1.197643183038703
-1.1989743625745177
-1.2026390224695205
-1.2097918511135504
-1.213344960163037
-1.214034149760846
-1.2309982869774103
-1.234904559950034
-1.2569968091944854
-1.257213632679648
-1.258474165131338
-1.261984022334218
-1.300600528717041
-1.3140927858185023
-1.3440246656537056
-1.3733649950590916
-1.3787991404533386
-1.3968672055401838
-1.40227522701025
-1.4112978202423878
-1.4127208764354389
-1.4239393770694733
-1.4298231229186058
-1.4562222585082054
-1.4739023268222808
-1.4996098834089935
-1.5009884373950106
-1.539882595340411
-1.5458997637033463
-1.56232850253582
-1.5688874125480652
-1.6334126591682434
-1.6466776579618454
-1.6994454102324588
-1.7181233664353688
-1.720784326394399
-1.7231545001268387
-1.7360005642154388
-1.7471177130937576
-1.7501373887062073
-1.7568440538016148
-1.8042433361212413
-1.8286518353619612
-1.8363265301813954
-1.8612500317394733
-1.8618774083442986
-1.886013301089406
-1.9169220626354218
-1.9184361298878987
-1.9210995007306337
-1.934963862101237
-1.9402531385421753
-1.9594809412956238
-1.9678417895920575
-2.034138874771694
-2.0532038437668234
-2.053975989421209
-2.126107305288315
-2.1320695425965823
-2.142751219461206
-2.168999875197187
-2.2112962768102684
-2.2670741081237793
-2.3031530351533243
-2.3414474725723267
-2.3420515060424805
-2.3470951914787292
-2.441864848136902
-2.4595338702201843
-2.4980971813201904
-2.523182250171279
-2.6080036958058677
-2.663499434789022
-2.6889745593070984
-2.70111792619961
-2.7560044527053833
-2.7833472192287445
-2.7852041125297546
-2.7903654724359512
-2.8692092895507812
-2.882236851612106
-2.994948070331399
-3.1324340105056763
-3.1356298327445984
-3.2241302132606506
-3.2403249219059944
-3.4585635042749345
-3.503588498185612
-4.1064887046813965
-4.112545967102051
-4.137557029724121
-4.430747032165527
-4.545021414756775
-4.594071626663208
-4.703187218867242
-4.927121319575235
-5.15944694634527
-12.94901180267334
-13.426955223083496
-13.466652870178223
