-0.1755983038955102
-0.1770668012710909
-0.19858154296525754
-0.20528901506809233
-0.21073218388482928
-0.21334322852392992
-0.23144703269463207
-0.2503297062808997
-0.2638721562753845
-0.270465250313282
-0.277737099560909
-0.28221938245567596
-0.29039901047290184
-0.2969391981139779
-0.29700108532172936
-0.3002171581222986
-0.30209740963376436
-0.311668386682868
-0.3149295634997543
-0.3169121360188001
-0.31827448317603235
-0.32541969967969636
-0.32581482334053363
-0.3305877227851722
-0.33723913364374314
-0.3377387625056144
-0.33774980303964447
-0.33776178575094995
-0.3390088862288394
-0.3391548170378276
-0.34337937645614147
-0.34352421580115333
-0.34802270358982024
-0.3513092478711365
-0.3529068164039586
-0.3576263961047516
-0.3611606860789379
-0.3666493786309388
-0.3693018043995835
-0.37025861964039825
-0.3711016142208661
-0.37183689855582464
-0.37375411357393207
-0.37532711898287135
-0.37546106707304716
-0.3773527636464375
-0.3775753637090257
-0.3782147201054613
-0.381294347345829
-0.3833866189184204
-0.38585812683734166
-0.3876602236681113
-0.38779530451111816
-0.3882039012775446
-0.3920363224889722
-0.3926862489475436
-0.39293779808213003
-0.3952583553142631
-0.3970733455098525
-0.4000709728150266
-0.40184857685817404
-0.40392904742642105
-0.4040447411437829
-0.4054094728800754
-0.40560003530829464
-0.40781240732176227
-0.4079819648904959
-0.4089838452928234
-0.4100782607615924
-0.4131902354176993
-0.41344839334487915
-0.41384252497750823
-0.41418885543234035
-0.4148057363467267
-0.4153857969213277
-0.4166909621562809
-0.41765896467404673
-0.4179969353699562
-0.4190878850815352
-0.42147896994138134
-0.4215440936416638
-0.4217936076373527
-0.4219258468656335
-0.42541781205363804
-0.4257385760138277
-0.4305055690411892
-0.4316351660114985
-0.4360433433709356
-0.436120767803661
-0.43621918474673294
-0.436882394880854
-0.4378128058410117
-0.44066176108307525
-0.4414900138908706
-0.44206619777419703
-0.4432542384577876
-0.44583474732759276
-0.44621658463600194
-0.4470146723816697
-0.4483821612886661
-0.44860273849946297
-0.4499689388612751
-0.4503489919297863
-0.4508130932750646
-0.45180712822669494
-0.4520912475573924
-0.4522765821644238
-0.45274737682193517
-0.45281362290390664
-0.45505783530825283
-0.45749400309277916
-0.46016993621945707
-0.46058556726784444
-0.4618197778739462
-0.46381348063651884
-0.46397945010683445
-0.46533188915313267
-0.4664122683979157
-0.46641656473123777
-0.46659560181433335
-0.46665324399364183
-0.4687120714224875
-0.4688328175507195
-0.46978257800340845
-0.47035699457628655
-0.47189889827536213
-0.4725722281833869
-0.4736737872472986
-0.4750878310795607
-0.4758091639002184
-0.47662075857321423
-0.4772245932603255
-0.4777128358061115
-0.47819103961801374
-0.47891961374054
-0.4797100089425739
-0.48008135656294015
-0.48030703855817447
-0.481989219377283
-0.48450905217500156
-0.48517809559901554
-0.4885940713104087
-0.4886658683353744
-0.48933366483025664
-0.4899696244498473
-0.4905489993689116
-0.49063791848311666
-0.4910153091623215
-0.49175268523928634
-0.4923333240052064
-0.49267212162376384
-0.4929297938348043
-0.4937006117863348
-0.4944234900176525
-0.4947757422665341
-0.49511798471212387
-0.49600952271319565
-0.4968674686620943
-0.4971248035186103
-0.4972027941340847
-0.49837920020800086
-0.5028059819181051
-0.5039948449120857
-0.505121078796219
-0.5065561303636059
-0.5071556875029475
-0.5087700639439087
-0.5095655990153318
-0.5097130120266229
-0.512442319188267
-0.5136557425139472
-0.51434541468916
-0.5159150585968746
-0.5204084762190178
-0.5207137013086367
-0.5217246340645942
-0.5223835647775559
-0.5231659644087974
-0.5233531813469848
-0.5235011667245999
-0.523676727481984
-0.5251887426680589
-0.525328200051768
-0.5257175024453318
-0.5270420843185598
-0.528968531327943
-0.5306299991248774
-0.531572290789336
-0.5318576450393137
-0.5346393075742526
-0.5348340958428
-0.5376041667165866
-0.5378213363500046
-0.5383351906694998
-0.5384185386938043
-0.5385526421741815
-0.5391551045904635
-0.5403210478834808
-0.5408652207503716
-0.5415407691209111
-0.5425615420963368
-0.5443077212199569
-0.545131792128086
-0.54859261986308
-0.5490356527859278
-0.54957273124528
-0.5498089265031674
-0.5504301395267248
-0.5507842292801277
-0.5517638364556606
-0.5537101222684474
-0.5539048621809343
-0.554450638283015
-0.5549606728988389
-0.5562064926489256
-0.5574771089678896
-0.5590273082925705
-0.5601959062274545
-0.5603804410347948
-0.5605703050969169
-0.5607417042083398
-0.5618490209363927
-0.5618957406055415
-0.5621662502759136
-0.5622946604853496
-0.5629731473600259
-0.5643948132870719
-0.5646715349284932
-0.5647097425535321
-0.5649626278189115
-0.5658467387159666
-0.5673450973517902
-0.5722755772527307
-0.5723171019331801
-0.574733961885795
-0.5766717602899816
-0.5779323591721348
-0.5830558761954308
-0.5838351924030576
-0.5841769652324729
-0.5841826104093343
-0.5846310053020716
-0.5890298568701837
-0.5896839137745297
-0.5928756294306368
-0.5932625440681087
-0.5950373393586941
-0.5954573109680495
-0.5954930912557757
-0.5958755821080154
-0.597900909332869
-0.5980310787646366
-0.5995286305551417
-0.6018853511661291
-0.6031271970520417
-0.6049989282360507
-0.6069320038659498
-0.6101999854824195
-0.6125527894473635
-0.6138581813623508
-0.6140338555414928
-0.6152071393080405
-0.6153054929964128
-0.6155124905781122
-0.6169109777911217
-0.6181053235777654
-0.6185803959767023
-0.6219521280339299
-0.622194939551668
-0.6234787551686167
-0.6235008141569173
-0.6235031747990953
-0.6237041784450412
-0.6239935051416978
-0.6259859312946597
-0.6275275285754885
-0.6291189774249991
-0.629940647783852
-0.6305466840110187
-0.6315074741840363
-0.6317601681997379
-0.6340488891416628
-0.6347800253683494
-0.637275460321689
-0.6391249084845185
-0.6391547551727854
-0.639202769994477
-0.639954224228859
-0.6404872988787247
-0.6423228146907475
-0.6423564571111152
-0.6440592185099376
-0.6448154633399099
-0.6454934593988583
-0.6457465946053466
-0.6480819274826596
-0.6489520509882519
-0.6498312556170815
-0.6499630589969456
-0.6504926525754854
-0.6508071819941202
-0.6521218093112111
-0.6555756102316082
-0.6559108446701429
-0.658270435041881
-0.658414883642561
-0.6626921484841861
-0.6640486203961902
-0.6645260257646441
-0.6659660688019358
-0.6663259558586611
-0.6667882721871138
-0.6690770729910582
-0.6699805801035836
-0.6710756711661816
-0.6720209791325032
-0.673401695000939
-0.6750498968952646
-0.6753769534906107
-0.6767816121457144
-0.6793203573075256
-0.6799396223388612
-0.680088133945699
-0.6810740788583644
-0.6819986875828666
-0.6852830539121189
-0.6855635129743152
-0.6858174167185401
-0.6883304775110446
-0.6893077620188706
-0.6900676595313209
-0.6908989737799857
-0.6910984986825497
-0.6941230536128083
-0.6969506054431096
-0.6983797813762067
-0.6989661189723847
-0.6995921051711775
-0.6999449206050485
-0.7003725724443312
-0.700824568846396
-0.7028966105491337
-0.7033740511022708
-0.7044261457631364
-0.7044516215100884
-0.7054579349633059
-0.7055209203172126
-0.7056296842638403
-0.7070560451596976
-0.7097667762776837
-0.7099574531894177
-0.7106938365641691
-0.7116052629426122
-0.7136594957410125
-0.7142677746920122
-0.7144149968167767
-0.7144353529050326
-0.7177962267538532
-0.7179112968500704
-0.7182757835835218
-0.7194982521235943
-0.7213488049805165
-0.7232152362378201
-0.7232895815512166
-0.7234878079761984
-0.7235901045594073
-0.7238179368820662
-0.7240417289015438
-0.7250366294756532
-0.7259958863258362
-0.7265296665718779
-0.7284126749611459
-0.7288738995104924
-0.7329679200691837
-0.7342263539438136
-0.7344607902424676
-0.7355367589209761
-0.7357968073920347
-0.7374683599919081
-0.7375858797575348
-0.7405492107250861
-0.7431476097553968
-0.7435740244545741
-0.7444281209286095
-0.745168666488358
-0.7457259650109336
-0.7473790582967922
-0.755516471962134
-0.763879838003777
-0.7640996392816305
-0.7650055335883129
-0.7652725005256278
-0.7690708298857013
-0.7696843782818178
-0.7721093028787812
-0.7762689284793817
-0.7783375795464963
-0.7786733110745748
-0.7817587804311188
-0.7822934878703715
-0.7854856007033959
-0.785957233607769
-0.7884063157252967
-0.7893378721782938
-0.791329280805907
-0.7936186677543446
-0.7978507434683186
-0.7985055609994257
-0.7992566827360187
-0.8017596318386495
-0.8031086821574718
-0.8032552650464433
-0.8037119073560461
-0.8055845154594863
-0.806425486425204
-0.8077678460394964
-0.8084346111863852
-0.8116269572768803
-0.8157953526824713
-0.8188191344961524
-0.8205697173252702
-0.8228602370557686
-0.8246929149739887
-0.8291217647492886
-0.8292079580423888
-0.8300160788930953
-0.831526958349059
-0.8331470185890794
-0.8332978816511408
-0.8350098431110382
-0.8380420854082331
-0.8392052552145388
-0.8398438638440616
-0.8410903107433114
-0.8418033819438683
-0.84187059400414
-0.85071878723611
-0.8513927816945527
-0.8514144521738801
-0.8522511677195629
-0.853382978355512
-0.8533992575481534
-0.8539116501808166
-0.8589135707459516
-0.8633324913680553
-0.8643563446821645
-0.8644932930950414
-0.8651800006628036
-0.8658964774305267
-0.8659282779488422
-0.8661020199457804
-0.870237838748532
-0.870994918876224
-0.8716080328449607
-0.8723630985089889
-0.87458825773663
-0.8753188139759004
-0.8757677890826017
-0.8784714379302946
-0.8792527029290795
-0.8822785809636116
-0.8840600152810415
-0.887284590064415
-0.8881308910411982
-0.8886905504485605
-0.8900571465492249
-0.8914655447006226
-0.8928936764669533
-0.8933299835106092
-0.8988967795545856
-0.9033737331628799
-0.9043886879105981
-0.9090201339373986
-0.909263818222098
-0.9095867455005646
-0.9097805706163248
-0.9208637823661169
-0.9222060493193567
-0.9230635006679222
-0.9249965459108352
-0.9258515952154994
-0.9312698236400527
-0.9325476877857
-0.9356859970679839
-0.9385503903031349
-0.9395967128337361
-0.9398591493566831
-0.9427802687967651
-0.9454635065048933
-0.9456013299596424
-0.9483603009333214
-0.9486701960364977
-0.9548512248011927
-0.9559234492480755
-0.9585858742989923
-0.9598995988102009
-0.9670054599764231
-0.9681297332281247
-0.9701988902608198
-0.970672701084292
-0.97211800259538
-0.9723788930568844
-0.972805891816582
-0.9740588134154677
-0.9758925133792218
-0.978598004140492
-0.980593335560777
-0.9811656726524234
-0.9820995474389443
-0.9824008345603943
-0.9842675887048244
-0.9846786907485997
-0.9864317830651999
-0.9871080831878565
-0.9872264485107735
-0.9898085737756143
-0.9900289866574374
-0.9903974626213312
-0.9905036948621273
-0.9920033416089912
-0.9923430237519953
-0.9925707182130561
-0.9996177578141214
-0.9997255179498877
-1.005719733890146
-1.0068629002198577
-1.0096109768686194
-1.0146963540561653
-1.0148865663213655
-1.014949941386779
-1.015117379464209
-1.0165004491806031
-1.0188575606249894
-1.023178162239492
-1.023608963404383
-1.0238918878138066
-1.0252064764499664
-1.025346961404596
-1.0311000033558078
-1.0367332958719797
-1.0404713812022237
-1.0428260922431947
-1.0432684915986927
-1.0440630118052165
-1.047313863489156
-1.0517628168066342
-1.052628624252975
-1.0540533534118108
-1.055360762332566
-1.0558984211113835
-1.0584798853844404
-1.0613485621288419
-1.0621670230757445
-1.0623364076018333
-1.0629478245973587
-1.0700522139668465
-1.0731548201292753
-1.0736237342158954
-1.076743523279826
-1.0842866998165845
-1.0845896903691548
-1.088622866996697
-1.0913353725694692
-1.0954674233037691
-1.0957269088054697
-1.1048505544662475
-1.105598550910751
-1.109255098272115
-1.1132627818733454
-1.1165214264765382
-1.117186685403188
-1.1186375220616658
-1.1208551973104477
-1.1210261384646099
-1.1228675316087902
-1.1249503592650096
-1.1251372372110684
-1.1271348176524043
-1.1333281348148982
-1.1334036787350972
-1.1334997812906902
-1.1359789768854778
-1.1360916665622167
-1.1364716663956642
-1.1365048289299011
-1.1408500572045643
-1.1430339440703392
-1.1436499903599422
-1.1458904324099422
-1.146233612154093
-1.1527498077678804
-1.155420184135437
-1.1574291269191437
-1.1597596406936646
-1.1608566947979853
-1.163672685623169
-1.1659393996621172
-1.1678810358047484
-1.1724766619503497
-1.1786291911266744
-1.1796589344739914
-1.1799459476023912
-1.1952071860432625
-1.1953298052151997
-1.1999304701806977
-1.2052779258228838
-1.2103943009860814
-1.225894522666931
-1.230814553797245
-1.2373074813745917
-1.239427937194705
-1.2408576072193682
-1.2478550363448448
-1.250188896432519
-1.2531563140959903
-1.254298706849416
-1.2552003436721861
-1.2606149390339851
-1.2636359184980392
-1.2684901386499405
-1.2743265833705664
-1.275180051724116
-1.276132645830512
-1.2785207778215408
-1.2790539890527726
-1.2873979173600674
-1.288283305708319
-1.2884711772203445
-1.2896801996976137
-1.2937746147314708
-1.2940501645207405
-1.2993493974208832
-1.3004684756909097
-1.3036015801131726
-1.310394898056984
-1.3122727711285864
-1.327133666568746
-1.336510717868805
-1.3375191887219746
-1.3416494575018685
-1.3454805811246235
-1.3557356372475624
-1.360911637544632
-1.364037361368537
-1.3641419410705566
-1.3787464300791423
-1.3788612365722657
-1.3790371957584284
-1.3797556698322295
-1.3806559866759927
-1.3812538832426071
-1.3813052892684936
-1.3834926094859838
-1.3867805944755673
-1.3877861708402635
-1.390979344646136
-1.3915357999503613
-1.3916602407892544
-1.3921065827831627
-1.3923130830128987
-1.3949944728187151
-1.4011059800783794
-1.4080878027847834
-1.4108237570617348
-1.4180828439226996
-1.4210230623637992
-1.4226195245449031
-1.423193633556366
-1.4246846139431
-1.428766013256141
-1.4306827932596207
-1.4362888562803466
-1.4472830910235643
-1.4548983003944158
-1.4600506778806448
-1.4616196044565488
-1.4625610709190369
-1.4648067553838093
-1.4651631645858287
-1.4687634743750095
-1.479862862577041
-1.484501192967097
-1.4857116142908733
-1.490217924118042
-1.4916242484468967
-1.492349197467168
-1.4975320152938365
-1.4988670732825995
-1.5069311459859211
-1.5111806076020002
-1.5329614244401455
-1.5381832122802734
-1.5391933619976044
-1.5424011548360188
-1.5427590012550354
-1.5441195922903717
-1.5470291723807652
-1.5522300481796265
-1.5531718954443932
-1.558295115828514
-1.560468316078186
-1.568963173776865
-1.5722177743911743
-1.5824188043673832
-1.5828609665234883
-1.5901614129543304
-1.5949634164571762
-1.5960766077041626
-1.5991057008504868
-1.602972686290741
-1.607356866200765
-1.6092123985290527
-1.613669216632843
-1.6188457757234573
-1.6192793130874634
-1.6296069622039795
-1.6347321629524232
-1.6364435721188784
-1.653606504201889
-1.6652493625879288
-1.666343815624714
-1.66786390542984
-1.6719207763671875
-1.6746344168980916
-1.6748498727877934
-1.6792980035146077
-1.6802078187465668
-1.6831074655056
-1.6865168412526448
-1.7046749526634812
-1.704924512654543
-1.7054898142814636
-1.7102894981702168
-1.7141560912132263
-1.7176942229270935
-1.7232237197458744
-1.7243669827779133
-1.7245347201824188
-1.7270578940709431
-1.7369850277900696
-1.7482783397038777
-1.7561485370000203
-1.763142355659511
-1.7695777534196775
-1.7712469100952148
-1.773836374282837
-1.774216566234827
-1.777660995721817
-1.7787625938653946
-1.779935245712598
-1.7841668650507927
-1.7879608472188313
-1.7978515904396772
-1.799528181552887
-1.8097010254859924
-1.8163513541221619
-1.816889484723409
-1.823363073170185
-1.8353752084076405
-1.8441492021083832
-1.8495542854070663
-1.852193534374237
-1.85755954682827
-1.8601949512958527
-1.8605659504731495
-1.8670536242425442
-1.87038853764534
-1.8714250102639198
-1.8731837272644043
-1.8808304071426392
-1.8842816203832626
-1.8874479532241821
-1.890498399734497
-1.8906846940517426
-1.8961451053619385
-1.9020633300145466
-1.9184401830037434
-1.9291388280689716
-1.95572296778361
-1.957272281870246
-2.0293696522712708
-2.054157555103302
-2.0566784739494324
-2.05812007188797
-2.0814970433712006
-2.1326882243156433
-2.1420224457979202
-2.156256318092346
-2.1583844423294067
-2.2287884801626205
-2.2337374687194824
-2.2581221498548985
-2.2825208976864815
-2.315889373421669
-2.327473856508732
-2.365385890007019
-2.365623950958252
-2.389467239379883
-2.392688035964966
-2.436947613954544
-2.4471340775489807
-2.470473349094391
-2.511646032333374
-2.5157889127731323
-2.5190795063972473
-2.5383703410625458
-2.596440017223358
-2.652922511100769
-2.6692334413528442
-2.8306522369384766
-2.934398889541626
-3.122429847717285
-3.285785436630249
-3.699019432067871
-4.078889846801758
-4.378308296203613
